0
641
671
698
1728
366120
366216
366246
366276
366306
366334
366494
366619
366637
367006
367550
367644
367967
367995
368023
368050
368106
368141
368175
368757
368825
368893
368961
369029
369097
369165
369233
369301
369369
369437
369505
369573
369642
369711
369780
369849
369901
369937
369967
370004
370332
370385
370412
389033
389080
391671
391793
391916
392132
392164
392190
393280
393353
393423
393445
393463
393515
393551
394361
394783
394818
394865
394912
394945
395002
395040
395069
395134
395281
395330
395384
395503
395531
395594
395621
395652
395728
395757
395834
396132
396479
396508
396532
396550
396970
397094
397197
397234
397259
397276
397326
397367
397407
397558
397585
397715
398206
398647
399440
399456
399485
399514
399529
399584
399616
399650
399686
399722
399758
399792
399827
399863
399899
399933
399968
400000
400034
400062
400117
400156
400627
401199
401294
401325
401354
401383
401440
401471
401543
402845
403820
404590
404945
405323
405337
405370
405404
405819
405952
405982
406069
410106
410134
410204
415047
415178
415223
415289
415353
420651
420706
420765
420823
420909
420937
420965
420995
421029
421195
421361
421424
421544
421607
421782
421869
422148
422195
428468
428976
429232
429296
429380
429548
429601
430207
430235
430442
430538
430619
430648
430850
430879
431236
431265
431339
431874
432011
432161
432715
432940
433725
434448
480857
480945
481027
481091
481144
481172
481670
481871
483415
485186
485850
485882
485980
485998
486026
486059
486118
486293
486658
486692
488577
488594
488829
488853
488876
488932
489046
489087
489155
489187
489419
489446
489707
489784
489812
489836
492346
492626
492646
492669
493379
493407
493663
493765
493799
493818
493833
493861
493922
493961
494182
494216
494309
494432
494464
494489
494559
494646
494680
494715
494750
494785
494812
494905
495119
495139
495212
495240
495270
495310
495341
495369
495517
495976
496003
496114
496232
496250
496336
496366
496431
496483
496571
496835
496876
496893
496942
497011
497028
497098
497283
497413
497579
497697
498141
498250
498269
498301
498333
499349
499368
499387
499406
499976
500255
500835
500872
500909
500937
500980
501012
501044
501170
501190
501267
501297
501331
501358
501387
501435
501468
502391
505238
505520
505553
505750
505814
505829
505854
505916
506053
506079
506180
506353
506397
506590
506618
562688
562804
563224
563351
563425
563534
563656
563720
563979
564008
564043
564410
564438
565987
566022
566077
566110
566145
566188
566221
569021
569140
569260
569380
569500
569620
569740
569860
569980
570100
570219
570338
570457
570576
570695
571188
571217
572909
572944
572963
573015
573033
573052
573071
573090
573108
573128
573148
573168
573188
573209
573229
573250
573278
573609
573628
580486
580667
580725
580794
580922
580962
580993
581011
581193
581252
581316
582437
582494
582562
582613
582698
582754
582820
582881
582936
582953
582980
583042
583093
583123
583193
583224
583250
583509
583981
584007
584133
584190
584219
584272
584286
584419
585265
585408
796390
796420
796450
796484
796538
796650
796700
796731
796771
796802
796835
796852
797133
797152
797777
797901
798001
798129
798216
798362
798426
798453
798481
798556
799194
799243
799437
799883
799915
800314
800346
800432
800661
800712
805821
805844
806055
806084
806118
806625
806682
806741
806796
806921
807058
807093
807125
807158
807192
807218
807254
807424
817376
818344
818374
818486
818520
818558
818617
819374
819441
819465
819500
819568
819624
819698
819726
819917
819958
820028
820098
820151
820222
820319
820585
820603
820858
821239
821366
821443
821573
821593
821739
821767
821794
821823
821912
821943
821973
822038
822056
822237
822266
822304
822331
822431
822459
822492
822531
822586
822605
822623
822678
822744
823069
823339
823577
823819
823966
823983
824112
824165
824370
836389
836405
836523
836679
836722
836859
836877
836907
836938
838989
839304
840048
840095
842142
842186
842443
842467
842496
842997
843028
843056
843113
843189
843531
843992
844186
844214
844293
845487
845552
845580
845646
845707
845736
845769
845877
845906
846305
846333
847967
848760
848794
849153
849234
850578
850632
850667
850721
850986
851018
851078
851532
851562
851584
851618
851631
854899
854968
856264
856565
856589
856636
857640
857659
857690
857708
857775
857794
857813
858211
858248
858285
858462
858673
859193
859223
859655
859679
860150
860172
861938
862780
863710
863742
863771
864102
864168
864198
865124
865143
865707
865877
866256
866366
866408
866622
866800
866846
866902
866946
866992
867025
867059
867081
867159
867179
867201
867223
867245
867267
867289
867339
867361
867395
867429
867451
867484
867506
867528
867550
867608
867640
867698
867720
867742
867764
867798
867820
867842
867886
867908
867942
867964
868010
868030
868052
868085
868107
868141
868186
868218
868275
868309
868342
868374
868395
868417
868450
868472
868506
868527
868561
868583
868617
868661
868694
868716
868749
868781
868815
868837
868871
868905
868948
868993
869015
869049
869081
869115
869149
869170
869192
869214
869236
869258
869292
869314
869336
869382
869415
869461
869495
869529
869551
869597
869657
869691
869713
869735
869757
869779
869813
869835
869857
869879
869912
869953
870019
870073
872299
872327
874332
874904
878031
878062
878091
878123
878154
878569
878596
878615
879037
879061
879271
879300
879588
1273491
1273522
1273553
1273655
1273694
1273733
1273918
1273952
1274073
1274217
1274622
1274653
1274691
1274725
1274741
1274814
1274938
1275108
1275162
1275260
1275800
1275822
1275847
1275876
1276355
1276451
1276484
1276520
1276558
1276597
1276635
1276668
1276697
1276762
1277114
1277176
1277995
1278027
1278054
1278088
1278120
1278171
1278253
1278289
1278323
1278378
1278429
1278461
1278494
1278664
1278784
1278843
1278882
1278921
1278960
1278989
1279082
1279248
1279323
1279385
1279458
1279485
1279519
1279704
1279869
1279942
1279973
1279995
1280029
1280065
1284432
1284489
1284506
1284621
1284709
1284830
1284859
1285706
1285753
1286235
1286855
1286918
1286979
1287042
1287101
1288014
1289692
1289711
1289730
1289801
1289881
1289915
1290306
1290334
1290389
1290465
1290484
1290510
1290964
1290996
1291047
1291082
1292272
1292293
1292350
1292379
1292413
1292442
1293111
1293699
1293769
1293797
1293918
1294372
1294715
1294746
1295123
1295465
1295606
1296103
1296323
1296433
1296462
1296707
1296923
1296998
1297964
1298319
1298789
1298829
1298880
1298997
1299380
1299669
1299916
1299944
1299971
1300002
1300212
1301177
1301229
1301261
1301293
1301328
1301871
1301903
1301940
1302252
1302293
1302509
1302537
1302588
1302715
1302857
1304016
1304104
1305415
1305726
1305921
1306002
1306048
1306100
1306137
1306161
1306185
1306210
1306234
1306268
1306302
1306336
1306417
1306447
1309202
1309223
1309253
1309321
1309514
1311012
1311043
1311074
1311100
1311149
1311278
1311295
1311368
1312150
1312175
1312202
1312247
1312316
1320651
1320678
1320707
1322152
1322274
1322293
1322355
1322450
1322594
1323163
1323783
1324133
1324185
1340026
1340074
1340805
1341004
1341233
1341251
1341296
1341329
1341788
1341817
1342202
1342228
1342256
1342286
1342323
1342455
1345732
1345993
1346044
1346187
1346239
1346298
1346349
1346630
1346663
1346968
1347685
1347815
1347857
1348164
1349171
1349196
1349906
1349935
1350147
1350286
1350301
1350758
1350773
1350806
1350839
1350871
1350909
1350950
1352200
1352220
1352494
1353137
1353614
1353650
1353723
1353834
1353865
1353924
1354168
1354249
1354277
1354546
1356961
1357986
1358015
1358130
1358168
1358447
1358551
1358641
1358847
1358865
1359212
1359262
1359289
1359324
1359342
1359950
1360284
1360302
1360342
1360376
1360404
1360914
1360983
1361585
1362176
1362205
1362233
1362392
1362869
1363899
1364239
1364265
1364307
1364438
1365157
1365261
1365287
1365662
1365690
1365742
1365784
1365842
1365900
1365975
1366138
1366188
1366263
1366349
1366657
1366673
1366727
1367179
1367656
1367860
1368575
1368656
1368674
1368858
1368875
1368891
1370268
1370328
1370414
1370600
1370738
1371035
1371292
1372315
1372507
1372765
1372866
1373230
1373247
1373278
1373762
1373790
1373913
1373931
1374769
1375696
1376213
1377208
1377260
1377366
1377396
1377426
1377456
1377486
1377515
1377544
1377575
1377699
1377719
1378252
1378467
1378785
1378816
1378906
1378949
1378968
1379035
1379130
1379149
1379167
1379198
1379217
1379237
1379260
1379295
1379316
1379385
1379431
1379453
1379488
1379508
1379530
1379549
1379853
1380114
1380445
1380952
1380983
1381260
1381352
1381825
1381869
1381902
1382101
1382119
1382414
1382628
1382716
1383073
1383208
1383273
1383329
1383347
1383378
1383609
1383641
1383803
1384027
1384210
1384384
1384413
1384776
1384829
1385127
1385149
1385630
1385709
1385895
1386179
1386247
1386275
1386328
1386347
1386365
1386602
1386700
1386755
1387329
1387350
1387400
1387892
1387927
1387953
1388041
1388304
1388588
1388736
1389472
1389503
1389532
1390024
1390562
1391222
1391380
1392056
1392500
1392862
1393217
1393311
1393348
1393376
1393440
1393470
1393499
1393798
1394615
1394692
1395315
2254289
2254316
2254356
2254585
2254601
2254636
2254672
2254701
2254732
2255064
2255082
2255585
2255736
2255858
2255893
2255922
2255949
2255965
2256112
2256457
2256476
2256504
2256532
2256620
2257861
2257888
2257916
2258778
2259970
2261397
2261528
2261554
2261777
2261847
2261873
2261957
2261985
2262012
2262063
2262092
2262678
2262704
2262784
2262800
2262830
2262912
2264018
2264048
2264197
2265076
2265107
2265176
2265191
2265646
2265676
2265705
2265768
2265797
2265906
2265989
2266013
2266042
2266106
2266122
2266146
2266205
2266241
2266276
2266311
2266382
2266409
2266460
2266509
2266558
2266733
2266762
2266795
2266822
2266852
2266882
2267005
2267049
2267068
2267086
2267105
2267927
2267956
2268031
2268080
2268106
2268363
2268412
2268444
2268481
2268509
2268595
2268643
2268673
2268927
2269209
2269266
2269415
2269451
2269486
2269520
2270646
2270726
2270778
2270820
2270873
2271807
2271828
2272269
2272351
2272381
2272429
2272563
2272652
2272789
2272876
2272914
2272949
2273272
2273324
2273374
2273437
2273558
2273636
2273683
2273803
2273844
2273876
2273909
2274184
2274245
2274279
2274307
2274336
2274368
2274419
2274506
2274604
2275267
2276036
2276054
2276084
