0
47
91
570
637
671
740
979
1049
1218
1274
1428
1649
1668
1878
1956
2282
2313
2389
2849
2882
2966
3013
3152
3247
3282
3765
4249
4300
4347
4393
4465
4533
4607
4640
4688
4715
4742
4769
4795
4822
4861
4900
4939
4978
5016
5055
5161
5457
5752
5786
5921
5949
5977
6005
6033
6061
6089
6141
6169
6197
6225
6843
6871
7485
7518
7555
7585
7621
7677
7707
7739
7752
7781
7809
8339
8357
8391
8466
8483
8500
8527
8582
9086
9150
9211
9239
9264
9722
9787
9933
10113
10147
10234
10297
10367
10389
10423
10481
10518
10558
10587
10636
11035
11144
11177
11208
11418
11434
11507
11531
11652
11841
11918
11989
12055
12468
12497
12528
12644
12675
12702
12727
13150
14553
14962
14996
15073
15496
15930
15968
16011
16066
16150
16179
16195
16249
16412
16467
16539
16564
16590
16607
16636
16663
16698
16734
16777
16820
16953
16968
16983
17013
17088
17113
17239
17329
17355
17540
17694
17725
17823
17880
17979
18033
18212
18263
18487
18515
18935
18952
19011
19040
19213
20013
20123
20196
21338
21368
21398
21428
21462
21498
21533
21566
21599
21632
21667
21706
21744
21783
21826
21868
21910
21948
21982
22019
22065
22099
22137
22177
22212
22250
22286
22320
22355
22391
22431
22466
22500
22534
22569
22606
22660
22693
22732
22764
22794
23041
23186
23269
23333
23634
23652
23683
23938
23968
24115
24214
24257
24314
25841
26451
26475
26499
26915
26940
27120
27185
27214
35505
35575
35646
35717
35788
35859
35930
36001
36072
36143
36214
36286
36358
36429
36501
36573
36645
36717
36789
39587
42312
42342
42372
42402
42452
42482
42512
42542
42572
42602
42621
42688
42719
42757
42837
42955
46001
46020
46095
46157
46464
46494
46523
46635
46707
46882
46908
46983
47000
47062
47130
47179
47218
47857
48343
48366
48413
48489
48636
48739
49004
49037
49764
49818
50255
50294
51053
51106
51136
51166
51218
51246
51277
51308
51433
51487
51518
51545
51578
51609
52942
52969
53353
54326
54356
54620
54800
54928
54979
55017
55055
55114
55149
55205
55240
55316
55378
55449
55477
55723
56329
56360
56380
56403
56426
56447
56469
56514
56535
56595
56879
57089
57118
57238
57395
57460
57524
57554
57587
57637
57953
57982
58013
58142
58214
58535
59370
59811
59857
60347
60365
60876
60932
60961
61075
61106
61541
61566
61653
61897
61935
61972
61995
62022
62102
62172
62384
66683
66714
66891
67053
67107
71298
71330
71365
71414
71687
71718
71814
72212
72240
72942
74064
74096
74500
74594
74854
75065
75219
75249
75852
75984
76282
76316
76359
76671
76699
76718
76999
77526
79133
80740
80824
80908
80961
81019
81046
81363
81807
82045
82743
82802
83173
85375
89926
89953
89983
90243
90330
90885
90938
91101
91804
91835
91898
91918
91978
92336
92769
92802
92832
92851
93124
93256
93317
93375
93406
93435
93454
93606
94259
94314
94379
94670
94699
94728
95042
95072
95361
96621
96691
96708
96806
97453
97701
97742
97899
97927
97956
97976
98052
98080
98153
98614
98692
98790
98816
98847
100720
100872
100909
103587
103607
103623
103696
103725
103755
104116
105373
105402
105432
105452
105479
105507
105583
106470
106591
106715
107049
107226
107256
156882
156911
156977
157031
157089
157149
157303
157359
157386
157417
157442
160665
160721
160750
207230
207293
207314
207381
207460
207530
207845
207911
207985
208059
208128
208198
209417
209555
209823
209894
212223
212296
212408
215563
215663
218783
218807
218884
218954
219022
219089
219157
219227
219341
219368
219398
219438
219454
219484
219787
219889
221236
221271
221512
221736
221765
222672
222792
222810
222878
223048
223804
223822
223854
224306
224324
224342
224360
224390
224753
224788
225292
225344
225642
226030
226064
226300
226316
248160
248892
249011
250351
250405
250449
250520
251586
251689
251739
251773
251865
251964
252362
252575
252605
253510
253656
253686
253714
254110
254248
254537
254579
254731
254767
254991
255006
255036
255524
255580
255635
255822
255905
255966
255983
256267
256556
256720
256749
256871
258003
258056
258235
258776
258865
259599
260000
260111
260139
260674
261170
261556
261585
261616
261649
261682
262050
262149
262513
262572
262613
262704
262733
263023
264164
265137
265168
265187
265228
265244
265278
265682
265839
265868
266617
266649
266677
266706
266951
269342
269479
269509
269527
269546
269627
269652
269678
282291
282350
282414
282481
282519
282554
282593
282669
282793
282851
283092
283154
283517
283540
283567
283597
284392
285014
286254
286282
286769
286824
286844
286955
287231
287261
287291
287322
288270
288300
288974
289620
290208
290238
290270
290304
290338
291272
291688
291969
292657
293207
294161
294884
294914
294943
295997
296085
296115
296145
296176
296205
296240
296890
297558
297755
298114
298458
299371
299445
299481
299510
299545
299769
299797
299917
300170
303037
303113
303234
303306
304700
304728
304783
304815
304855
304913
305231
305273
305292
305471
308376
308430
308460
308490
308516
308547
308606
308659
308692
308725
311486
311600
311629
311660
311690
312576
312606
312715
312835
312902
312956
312982
313011
313037
314913
314986
315040
316072
316103
316238
316303
316331
316632
316682
317359
317430
317459
323235
323268
323300
323339
323526
323587
323662
323929
324026
324060
324119
324155
324194
329951
330105
330217
330256
330463
330488
330562
330593
330624
330654
330683
330714
330850
330913
330980
331054
331129
331243
331334
331713
332060
332079
332120
332278
332735
332995
333221
333335
333535
333793
333823
334219
334781
334823
335866
336085
336338
338189
338469
338552
338584
338620
338647
338715
339099
339309
339531
339692
340136
349236
349302
349415
349482
349512
349632
349660
350090
350124
350187
350214
350411
351456
351654
351961
352535
352646
353096
353600
353665
355097
355813
357728
357806
357915
358425
358590
358844
360852
360870
360925
360944
360975
361047
361743
361857
361974
362342
362758
362793
363188
363253
363285
363344
363814
363845
363862
363896
364006
364126
364349
364399
364533
364671
364817
365402
365613
366200
366756
367134
367444
367911
367931
367951
368040
368454
375043
375074
375104
375134
375164
376125
376155
399870
399903
399937
470766
834695
835480
835517
835559
835626
836110
836142
836162
836183
836258
836333
836408
836483
836558
836633
836708
836783
836858
836933
837009
837085
837161
837237
837475
837504
837523
837825
838113
838244
838278
838489
838544
844783
844842
845278
845530
845561
845824
845879
846190
846510
846565
846601
847168
847203
847623
847891
848105
848183
848257
848278
848299
848331
848352
848492
848526
848584
848720
848836
848974
848996
849028
849083
849102
849162
849195
849502
849523
849655
850186
850265
850316
850393
850492
850590
850633
850791
850829
850866
850903
852290
857268
858113
858150
858388
858429
858619
859703
859735
859788
859820
859957
868840
868894
868934
868974
869004
869037
869064
869092
869163
869222
869835
870487
870778
871818
871940
872006
872425
872443
872980
873204
873219
873276
873445
873596
873658
873676
873695
873714
873732
873785
873804
873872
873937
874159
874472
877837
877856
878156
878296
878326
882577
882787
882954
883024
883326
884619
885007
885807
885833
886416
887818
888331
888866
889080
889120
889502
889532
889575
889954
890377
890395
890675
890938
890974
891002
891100
891344
891366
891392
891608
892208
892238
893129
893180
893231
893359
893377
894258
894727
895407
895474
895504
895522
895553
895583
895613
895667
895778
896293
896361
896518
897801
897827
897878
898125
898151
898168
899935
899949
899979
900122
900153
900183
900798
901518
901534
901835
901854
901948
901998
902073
902138
902669
903022
903284
903337
903379
903424
903664
903722
904011
904846
904875
905081
905114
905429
905481
905517
906115
906189
906219
907256
907286
907412
907430
907462
907492
907781
907812
907900
907919
907937
907968
908017
908047
908077
908106
908136
908202
908430
908535
908832
908898
908984
909022
909322
909378
909423
909489
909519
909538
909559
909580
909807
909840
910338
911604
912446
912687
912796
912959
913102
913146
913425
913444
913630
913724
913786
913821
913878
913909
914688
914715
914745
914938
914976
915075
915142
915195
915220
915298
915348
915364
915387
915424
915453
915487
915531
915695
915719
915796
915857
915924
915950
916052
916541
916584
916832
916860
916928
916957
917072
917092
917577
919049
919246
921419
921474
921553
922146
923761
923796
923814
923886
924195
924212
924292
924353
924389
924425
924492
924714
924731
924879
929203
929255
929401
929533
929553
929587
929678
931451
931617
931643
931703
931775
931793
931824
931860
931918
931982
932008
932055
932118
932176
932204
932223
932294
932315
932435
932461
932500
932519
932541
932566
932594
933193
933398
935606
935630
936164
936197
936530
941062
941136
941250
941472
941490
941573
941598
941624
941653
941717
941838
941881
941912
941928
941968
942074
942104
942123
942178
942418
942451
942482
942770
942884
942912
943369
943385
943437
943501
943655
943881
943933
944672
945342
945404
945433
945463
945539
945666
945725
946535
946834
948881
948908
948955
949029
949077
949120
949233
949456
950674
950702
950733
951204
951252
951299
951347
951375
961340
961358
962322
962470
962531
963033
963145
963173
963788
963817
963843
963869
963920
963948
963976
964004
964032
964059
964086
964113
964142
964185
964369
964487
964530
964562
964709
964775
964843
964909
965046
965082
965118
965169
965287
965460
965664
965691
965841
965870
966081
966112
966342
966439
966536
966684
966755
966770
966821
966859
966875
966892
966935
966969
966986
967003
967020
967037
967054
967071
967088
967106
967124
967296
967324
967386
967974
968174
968210
968273
968304
968344
968822
968850
968924
969826
969893
969927
970022
970102
970306
970375
970401
970417
970584
970604
970927
970958
971003
971023
971045
971064
971128
971170
971722
971818
971834
971854
972115
972485
973566
987687
987720
987755
987789
989262
989290
989320
992173
992920
992948
992976
993022
993072
993140
993352
993536
993591
994117
994591
994617
994645
994662
994692
994793
994930
995132
995157
995221
995316
995333
995478
995532
995573
995615
998941
1000152
1000378
1000604
1000830
1001036
1001230
1001402
1001574
1001706
1001816
1001926
1002687
1002797
1002867
1002937
1003007
1003077
1003127
1003157
1003854
1004425
1004954
1005399
1005844
1006246
1006566
1006644
1006775
1006822
1007000
1008788
1008900
1008954
1009199
1009407
1009460
1012943
1013137
1013185
1013272
1013304
1013336
1013373
1014523
1014553
1015080
1015697
1015727
1015902
1015930
1016699
1016829
1017569
1061221
1061247
1061282
1061311
1061330
1061383
1061416
1061456
1061570
1061951
1062295
1062563
1062599
1062635
1062651
1062667
1062702
1064403
1064484
1064498
1064514
1064558
1064587
1064651
1064668
1064774
1064834
1064864
1064893
1065175
1065194
1065218
1066180
1066798
1066840
1066870
1066911
1067515
1068205
1068236
1068255
1068315
1068381
1068444
1068515
1068577
1069811
1069832
1069880
1069897
1080821
1081554
1081629
1081659
1082768
1082854
1082880
1082894
1082912
1082940
1083314
1083377
1083394
1084000
1084233
1084265
1084490
1084614
1084908
1085057
1085158
1085212
1085348
1085410
1090072
1090130
1090549
1090634
1090719
1091121
1091454
1092111
1092126
1092140
1092175
1092273
1092487
1092813
1092886
1092939
1093242
1093274
1093693
1093740
1093768
1093963
1093992
1094007
1094259
1094302
1094363
1094395
1094448
1094473
1094756
1094880
1094977
1094996
1121572
1121605
1121761
1122890
1123225
1123256
1123274
1123298
1123341
1123375
1123436
1123454
1123696
1123729
1124351
1125580
1125644
1125675
1125739
1125766
1125790
1126572
1126771
1126801
1127094
1127450
1127479
1127498
1127529
1127673
1127757
1127786
1128706
1128744
1128820
1128839
1128943
1128987
1129006
1129073
1129321
1129727
1129756
1130020
1130476
1130580
1130822
1131740
1131925
1131955
1132087
1132119
1132151
1132171
1132212
1132232
1132264
1132428
1132838
1133012
1133164
1133243
1133264
1133298
1133529
1133583
1133663
1133684
1133749
1133781
1133871
1133901
1133920
1133939
1134471
1134538
1134654
1134686
1134753
1134868
1135128
1135148
1135698
1135961
1136121
1136358
1136834
1136853
1137579
1137683
1137824
1137857
1138530
1138809
1138830
1139050
1139070
1139101
1139134
1139447
1139621
1139686
1139706
1139887
1139905
1139965
1139995
1140107
1140233
1141075
1141740
1142208
1142865
1142909
1143114
1143473
1143790
1144065
1144085
1144646
1144703
1144723
1145600
1146313
1146602
1147132
1147200
1147358
1147584
1147716
1148434
1148489
1148534
1148692
1148896
1149179
1149374
1149691
1151269
1151664
1151763
1152088
1152109
1152442
1152727
1153012
1153033
1153079
1153132
1153186
1153268
1153299
1153319
1153412
1153445
1153870
1153984
1154004
1154156
1154539
1154605
1154814
1154846
1154878
1154898
1155574
1155850
1155882
1156329
1156433
1156667
1156687
1156707
1156725
1156960
1157877
1158071
1158349
1158713
1158743
1159113
1159154
1159185
1159335
1159632
1159946
1160167
1160633
1160985
1161015
1161270
1161289
1161320
1161642
1161686
1161826
1162036
1162218
1162702
1163029
1163109
1163313
1163474
1163856
1163972
1164168
1164240
1164350
1164381
1164433
1164476
1164507
1164551
1164607
1164627
1164731
1164798
1164828
1164884
1164938
1165054
1165172
1165202
1165222
1165494
1165885
1166451
1167234
1167600
1167668
1167747
1167815
1167895
1168007
1168037
1168281
1168323
1168518
1168632
1168653
1168707
1168863
1168883
1169068
1169358
1169722
1169766
1169784
1171160
1171193
1171237
1171339
1171381
1171539
1171667
1171877
1171933
1172326
1172524
1172543
1172563
1172615
1172647
1172679
1172711
1172850
1172880
1172954
1173102
1173145
1173389
1173862
1174596
1174891
1175110
1175494
1175525
1175543
1175848
1175880
1176174
1176194
1176212
1176327
1176346
1176660
1176691
1176802
1176847
1176867
1176897
1177043
1177274
1177585
1177653
1178058
1178263
1178562
1178677
1178721
1179036
1179056
1179075
1179260
1179327
1179476
1179584
1179626
1180153
1180336
1180355
1180386
1180405
1180670
1180925
1181015
1182024
1182043
1182073
1182094
1182229
1182248
1182338
1182627
1182646
1182935
1182990
1183116
1183136
1183156
1183176
1183208
1183273
1183329
1183409
1183633
1183653
1183709
1183737
1183766
1183795
1183826
1183842
1184044
1184095
1184281
1184299
1184367
1184430
1184493
1184524
1184554
1184584
1184602
1184713
1184778
1184828
1184843
1185789
1186944
1186991
1187021
1187049
1187077
1187105
1187135
1187164
1187194
1187224
1187254
1187277
1187358
1187583
1187636
1187846
1188996
1189013
1189032
1189052
1189081
1189101
1189229
1189707
1189730
1190448
1190540
1191005
1191029
1191771
1191932
1192138
1192286
1192345
1192372
1192540
1193348
1193600
1193654
1193980
1194245
1194287
1195063
1195094
1195125
1195156
1195187
1195217
1195249
1195280
1195310
1195341
1195372
1195403
1195434
1195465
1195495
1195526
1195557
1195587
1195617
1195647
1195678
1195709
1195739
1195770
1195800
1195831
1195862
1195892
1195924
1195955
1195986
1196017
1196048
1196079
1196111
1196143
1196174
1196204
1196235
1196265
1196295
1196325
1196355
1196385
1196415
1196446
1196477
1196508
1196539
1196569
1196599
1196629
1196659
1196690
1196720
1196751
1196782
1196812
1196842
1196874
1196905
1196936
1196968
1196999
1197030
1197061
1197093
1197123
1197154
1197184
1197214
1197245
1197275
1197306
1197337
1197367
1197398
1197429
1197460
1197491
1197521
1197552
1197582
1197612
1197643
1197673
1197703
1197734
1197764
1197796
1197826
1197858
1197889
1197919
1197949
1197979
1198009
1198041
1198071
1198101
1198132
1198162
1198192
1198223
1198255
1198285
1198315
1198346
1198376
1198406
1198436
1198466
1198497
1198527
1198558
1198589
1198620
1198651
1198681
1198711
1198742
1198773
1198803
1198833
1198863
1198893
1198923
1198953
1198983
1199014
1199044
1199074
1199105
1199135
1199165
1199195
1199225
1199255
1199285
1199315
1199345
1199375
1199405
1199436
1199467
1199498
1199528
1199558
1199588
1199618
1199649
1199679
1199710
1199741
1199772
1199804
1199835
1199865
1199896
1199926
1199957
1199988
1200019
1200050
1200081
1200112
1200143
1200174
1200205
1200237
1200268
1200299
1200330
1200361
1200391
1200422
1200453
1200485
1200516
1200546
1200576
1200606
1200636
1200667
1200698
1200728
1200758
1200788
1200818
1200848
1200878
1200909
1200939
1200969
1200999
1201030
1201060
1201090
1201121
1201151
1201183
1201214
1201244
1201274
1201305
1201335
1201366
1201396
1201426
1201456
1201486
1201516
1201546
1201577
1201608
1201638
1201668
1201698
1201728
1201758
1201788
1201819
1201849
1201879
1201909
1201939
1201969
1201999
1202029
1202059
1202089
1202120
1202151
1202181
1202211
1202242
1202272
1202304
1202336
1202366
1202396
1202427
1202457
1202487
1202517
1202547
1202578
1202608
1202638
1202668
1202698
1202728
1202758
1202788
1202819
1202850
1202881
1202911
1202942
1202973
1203003
1203033
1203063
1203093
1203123
1203153
1203183
1203213
1203244
1203270
1203301
1203331
1203361
1203391
1203421
1203451
1203482
1203513
1203544
1203574
1203604
1203634
1203664
1203694
1203724
1203753
1203783
1203813
1203843
1203873
1203901
1203931
1203962
1203993
1204023
1204051
1204081
1204111
1204141
1204171
1204200
1204230
1204260
1204290
1204320
1204351
1204380
1204410
1204440
1204470
1204500
1204531
1204562
1204592
1204622
1204652
1204682
1204712
1204742
1204772
1204802
1204832
1204862
1204892
1204922
1204953
1204984
1205015
1205045
1205075
1205105
1205136
1205166
1205197
1205227
1205258
1205288
1205318
1205348
1205378
1205408
1205438
1205468
1205498
1205529
1205560
1205590
1205620
1205650
1205680
1205712
1205742
1205772
1205804
1205834
1205864
1205894
1205924
1205954
1205984
1206014
1206046
1206076
1206106
1206138
1206168
1206198
1206228
1206258
1206288
1206318
1206348
1206378
1206408
1206439
1206469
1206499
1206529
1206559
1206589
1206619
1206649
1206679
1206709
1206739
1206768
1206798
1206826
1206856
1206887
1206918
1206948
1206978
1207008
1207038
1207068
1207098
1207128
1207158
1207188
1207218
1207248
1207278
1207308
1207338
1207368
1207398
1207428
1207459
1207490
1207520
1207550
1207580
1207610
1207640
1207670
1207701
1207731
1207761
1207791
1207821
1207851
1207881
1207911
1207941
1207971
1208001
1208031
1208061
1208091
1208121
1208151
1208181
1208211
1208241
1208271
1208301
1208331
1208362
1208393
1208423
1208453
1208483
1208514
1208544
1208574
1208604
1208634
1208664
1208694
1208724
1208754
1208784
1208814
1208844
1208875
1208905
1208935
1208965
1208995
1209025
1209055
1209085
1209115
1209145
1209175
1209205
1209235
1209265
1209295
1209325
1209355
1209386
1209416
1209446
1209476
1209506
1209536
1209566
1209596
1209626
1209657
1209687
1209717
1209748
1209779
1209811
1209842
1209874
1209904
1209934
1209964
1209994
1210024
1210054
1210084
1210114
1210144
1210175
1210205
1210235
1210265
1210295
1210325
1210355
1210385
1210415
1210445
1210475
1210505
1210535
1210565
1210595
1210625
1210655
1210685
1210715
1210745
1210775
1210805
1210835
1210865
1210895
1210925
1210956
1210986
1211016
1211047
1211077
1211107
1211137
1211167
1211197
1211227
1211257
1211287
1211317
1211347
1211378
1211408
1211438
1211469
1211499
1211529
1211559
1211589
1211619
1211649
1211679
1211709
1211739
1211770
1211800
1211830
1211860
1211890
1211921
1211951
1211982
1212012
1212042
1212072
1212103
1212134
1212164
1212194
1212224
1212255
1212285
1212316
1212346
1212377
1212407
1212438
1212468
1212498
1212528
1212558
1212589
1212619
1212649
1212679
1212709
1212739
1212769
1212799
1212829
1212860
1212890
1212920
1212951
1212982
1213012
1213042
1213072
1213102
1213133
1213164
1213194
1213224
1213254
1213286
1213317
1213347
1213377
1213408
1213438
1213468
1213498
1213528
1213558
1213588
1213618
1213649
1213679
1213710
1213740
1213770
1213800
1213830
1213860
1213891
1213921
1213951
1213982
1214012
1214042
1214072
1214102
1214133
1214164
1214194
1214224
1214254
1214284
1214314
1214344
1214374
1214404
1214434
1214465
1214495
1214526
1214556
1214586
1214617
1214647
1214679
1214709
1214740
1214771
1214801
1214831
1214861
1214891
1214922
1214952
1214982
1215012
1215042
1215073
1215103
1215133
1215163
1215193
1215223
1215253
1215283
1215313
1215343
1215373
1215403
1215433
1215463
1215493
1215524
1215555
1215585
1215615
1215645
1215675
1215705
1215735
1215765
1215795
1215825
1215855
1215885
1215916
1215946
1215976
1216006
1216036
1216066
1216096
1216126
1216156
1216186
1216217
1216247
1216277
1216307
1216337
1216367
1216397
1216428
1216458
1216488
1216519
1216550
1216580
1216610
1216640
1216670
1216700
1216730
1216760
1216791
1216822
1216852
1216883
1216913
1216944
1216975
1217006
1217036
1217066
1217096
1217127
1217158
1217188
1217219
1217250
1217281
1217311
1217342
1217373
1217403
1217433
1217464
1217494
1217524
1217554
1217584
1217614
1217645
1217675
1217705
1217737
1217768
1217798
1217828
1217859
1217889
1217919
1217949
1217984
1218061
1218096
1218169
1218596
1220405
1220457
1220501
1220537
1221825
1223738
1224669
1225147
1225596
1225638
1225669
1227832
1227875
1227919
1227954
1228186
1228213
1228578
1228606
1229110
1229206
1229502
1230900
1232173
1232651
1233236
1233775
1234377
1234827
1235901
1236065
1236562
1237494
1238402
1239073
1239092
1239120
1239189
1239415
1239434
1239464
1239494
1240515
1240828
1241287
1241946
1242244
1242412
1242466
1242495
1242528
1242593
1243109
1243151
1243384
1243403
1243442
1243472
1243502
1243532
1243562
1243616
1243630
1243662
1243937
1244407
1244668
1244687
1244706
1244725
1244758
1244942
1245184
1245422
1245493
1245723
1245779
1245809
1245852
1245874
1245906
1245982
1246073
1246126
1246181
1246310
1246389
1246435
1246546
1246840
1246892
1246998
1247025
1247042
1247070
1247605
1247686
1248014
1248042
1248356
1248384
1248682
1249098
1249133
1249194
1249333
1250416
1250447
1250478
1250509
1250540
1250571
1250602
1250633
1250664
1250695
1250726
1250757
1250789
1250820
1250851
1250882
1250913
1250944
1250975
1251006
1251035
1251066
1251097
1251128
1251160
1251191
1251222
1251252
1251283
1251314
1251345
1251376
1251408
1251438
1251469
1251500
1251531
1251562
1251594
1251625
1251656
1251687
1251718
1251749
1251780
1251811
1251842
1251873
1251902
1251933
1251964
1251995
1252026
1252057
1252088
1252119
1252150
1252182
1252213
1252244
1252275
1252306
1252337
1252368
1252399
1252430
1252461
1252490
1252521
1252552
1252581
1252612
1252643
1252674
1252705
1252736
1252767
1252796
1252827
1252858
1252886
1252917
1252948
1252977
1253009
1253040
1253071
1253100
1253131
1253162
1253193
1253224
1253255
1253286
1253317
1253346
1253377
1253408
1253439
1253468
1253497
1253528
1253559
1253590
1253621
1253650
1253681
1253710
1253741
1253772
1253803
1253833
1253864
1253896
1253927
1253958
1253988
1254020
1254049
1254080
1254111
1254142
1254173
1254204
1254235
1254266
1254297
1254328
1254359
1254390
1254421
1254453
1254485
1254517
1254549
1254581
1254613
1254645
1254677
1254709
1254741
1254773
1254805
1254837
1254869
1254901
1254933
1254965
1254997
1255029
1255061
1255093
1255124
1255155
1255186
1255218
1255249
1255280
1255311
1255342
1255373
1255404
1255435
1255466
1255497
1255528
1255559
1255590
1255620
1255651
1255682
1255713
1255744
1255776
1255807
1255838
1255869
1255900
1255931
1255962
1255993
1256024
1256055
1256085
1256116
1256147
1256178
1256209
1256238
1256269
1256300
1256331
1256362
1256393
1256424
1256455
1256486
1256517
1256548
1256579
1256611
1256643
1256675
1256707
1256739
1256771
1256803
1256835
1256867
1256898
1256929
1256960
1256991
1257021
1257052
1257083
1257114
1257145
1257176
1257208
1257240
1257272
1257303
1257334
1257366
1257398
1257430
1257462
1257494
1257526
1257558
1257590
1257622
1257654
1257686
1257718
1257750
1257782
1257814
1257846
1257878
1257910
1257942
1257974
1258006
1258038
1258070
1258102
1258133
1258164
1258195
1258226
1258257
1258288
1258319
1258350
1258381
1258412
1258443
1258474
1258505
1258536
1258567
1258598
1258629
1258660
1258691
1258722
1258753
1258784
1258815
1258846
1258875
1258906
1258937
1258968
1258999
1259030
1259061
1259092
1259123
1259154
1259185
1259216
1259247
1259278
1259309
1259340
1259371
1259402
1259433
1259464
1259495
1259526
1259557
1259588
1259619
1259650
1259681
1259712
1259743
1259774
1259805
1259836
1259867
1259898
1259929
1259960
1259989
1260021
1260052
1260083
1260114
1260145
1260176
1260207
1260238
1260269
1260300
1260331
1260362
1260393
1260424
1260455
1260486
1260517
1260549
1260580
1260611
1260642
1260673
1260704
1260735
1260766
1260797
1260828
1260859
1260890
1260919
1260947
1260976
1261005
1261036
1261065
1261096
1261128
1261160
1261192
1261224
1261256
1261288
1261319
1261351
1261383
1261415
1261447
1261478
1261510
1261541
1261573
1261605
1261637
1261668
1261699
1261731
1261763
1261795
1261827
1261859
1261890
1261921
1261953
1261985
1262017
1262049
1262080
1262112
1262143
1262173
1262205
1262236
1262268
1262299
1262330
1262361
1262392
1262423
1262454
1262485
1262516
1262548
1262579
1262610
1262641
1262672
1262703
1262732
1262764
1262796
1262827
1262858
1262889
1262919
1262951
1262983
1263014
1263045
1263076
1263107
1263138
1263170
1263202
1263233
1263264
1263295
1263326
1263356
1263387
1263418
1263449
1263480
1263512
1263543
1263575
1263607
1263639
1263671
1263702
1263733
1263764
1263795
1263826
1263857
1263888
1263919
1263950
1263981
1264012
1264043
1264074
1264105
1264136
1264167
1264198
1264229
1264260
1264292
1264323
1264354
1264385
1264416
1264447
1264478
1264509
1264540
1264571
1264602
1264630
1264659
1264687
1264716
1264747
1264778
1264809
1264840
1264871
1264902
1264932
1264962
1264992
1265023
1265054
1265085
1265116
1265147
1265178
1265208
1265238
1265269
1265300
1265331
1265362
1265393
1265424
1265455
1265486
1265517
1265548
1265579
1265610
1265641
1265672
1265703
1265734
1265765
1265794
1265823
1265852
1265881
1265910
1265939
1265970
1266001
1266032
1266063
1266094
1266125
1266156
1266187
1266218
1266249
1266280
1266311
1266342
1266374
1266405
1266436
1266467
1266498
1266529
1266559
1266590
1266621
1266652
1266683
1266714
1266745
1266777
1266808
1266839
1266870
1266901
1266932
1266963
1266995
1267027
1267058
1267090
1267121
1267153
1267185
1267217
1267249
1267281
1267313
1267345
1267377
1267409
1267440
1267471
1267502
1267531
1267563
1267595
1267627
1267658
1267689
1267720
1267752
1267784
1267816
1267848
1267880
1267912
1267944
1267976
1268007
1268039
1268070
1268102
1268133
1268165
1268197
1268229
1268261
1268293
1268325
1268356
1268387
1268419
1268450
1268482
1268513
1268544
1268576
1268608
1268640
1268672
1268703
1268735
1268766
1268798
1268829
1268861
1268892
1268923
1268954
1268985
1269017
1269048
1269080
1269108
1269140
1269172
1269203
1269234
1269265
1269296
1269327
1269358
1269389
1269420
1269451
1269482
1269513
1269544
1269575
1269606
1269638
1269669
1269701
1269732
1269763
1269795
1269827
1269859
1269890
1269922
1269953
1269984
1270016
1270047
1270079
1270110
1270141
1270173
1270204
1270235
1270267
1270298
1270329
1270360
1270391
1270422
1270453
1270484
1270515
1270546
1270577
1270608
1270639
1270670
1270701
1270732
1270763
1270794
1270825
1270856
1270887
1270918
1270950
1270980
1271011
1271042
1271073
1271104
1271135
1271166
1271198
1271230
1271262
1271294
1271326
1271360
1271390
1271704
1271948
1272152
1273249
1273273
1273393
1273495
1273571
1273601
1273627
1274072
1274463
1274721
1275526
1276255
1276709
1276840
1277031
1279699
1279765
1279793
1279973
1280152
1280170
1280198
1280475
1281463
1281563
1281946
1281979
1282796
1283002
1283034
1283453
1284138
1284464
1284657
1284693
1284730
1284779
1284896
1285380
1285418
1285533
1285655
1285685
1285712
1286284
1286409
1286448
1286565
1286603
1287682
1290969
1297779
1297922
1297948
1297976
1298005
1298034
1298063
1298092
1299228
1299696
1299739
1299844
1300121
1300172
1300507
1300535
1300599
1300629
1300660
1300746
1300787
1300917
1300947
1301300
1301625
1301679
1302044
1302085
1302344
1302468
1302506
1302541
1302579
1302599
1302620
1302674
1302694
1302714
1302768
1302793
1302895
1304245
1304261
1304373
1304389
1304406
1304457
1304599
1304657
1304687
1305438
1305737
1305878
1306004
1306381
1306538
1307552
1307571
1308226
1309344
1309796
1310182
1310450
1310675
1311152
1311304
1312612
1312632
1312887
1313568
1313589
1314151
1314217
1314259
1314930
1314960
1315126
1315156
1315186
1315222
1315397
1315781
1316167
1316388
1316696
1317073
1317481
1317890
1318260
1318569
1320141
1320242
1320262
1320294
1320381
1320647
1320665
1320707
1320737
1320965
1321143
1321636
1321801
1321820
1322221
1322367
1322444
1322498
1322652
1323769
1323965
1324121
1324162
1324226
1326219
1326247
1326573
1326603
1326720
1327352
1327417
1328141
1333921
1335031
1335213
1335285
1335385
1335712
1335734
1335861
1335888
1336039
1336170
1337650
1338330
1339156
1339414
1339919
1340009
1340484
1340538
1340741
1340963
1341379
1341410
1341446
1341482
1341515
1341548
1341579
1341776
1341789
1341818
1342002
1342099
1342128
1342157
1342174
1362234
1362262
1362290
1362401
1362430
1362487
1362587
1362603
1362632
1362647
1362701
1362766
1364562
1364620
1364636
1364879
1367461
1367500
1369612
1369675
1369706
1369823
1369892
1369930
1369967
1370004
1370040
1370075
1370110
1370146
1370181
1370217
1370254
1370293
1370332
1374588
1374614
1374642
1374820
1375188
1375517
1375544
1375573
1375647
1377382
1377439
1377472
1377498
1377718
1377757
1377799
1377820
1377859
1378308
1378349
1378374
1378398
1378422
1378449
1378468
1378491
1378655
1378687
1378738
1378769
1379910
1381043
1381260
1381366
1381406
1381664
1381683
1381711
1381829
1381855
1381897
1381929
1382367
2136343
2137053
2137083
2137244
2137406
2137571
2137604
2137942
2138348
2138381
2138416
2138454
2141364
2142571
2142601
2142631
2142658
2142781
2142810
2142873
2142993
2143060
2821399
2821508
2821977
2822589
2822656
2824277
2824441
2824472
2824513
2824657
2824707
2824730
2824989
2825110
2825185
2825291
2825437
2825466
2825695
2825781
2825930
2826228
2826675
2826824
2826916
2827413
2827443
2827473
2827502
2827549
2829172
2829674
2829881
2829912
2830054
2830073
2830595
2830798
2830833
2831358
2831569
2831598
2831832
2831920
2831957
2832044
2832105
2832208
2832237
2832338
2832357
2832388
2832419
2836037
2836058
2836076
2836201
2836373
2836691
2836841
2837429
2837483
2839426
2839454
2839541
2839817
2842014
2842084
2842115
2842331
2842368
2842400
2842507
2842534
2845330
2845557
2845701
2845735
2845769
2846382
2846413
2846595
2846615
2846647
2846720
2846824
2846904
2846936
2847003
2847046
2847077
2847145
2847175
2847469
2847641
2847744
2847898
2847929
2847965
2848044
2849765
2849999
2850072
2850223
2850240
2850271
2850301
2850331
2850954
2851553
2851588
2852000
2852179
2852452
2852578
2852617
2852657
2852676
2852696
2852716
2852745
2854113
2858904
2858935
2858965
2859032
2859062
2859189
2859321
2860488
2862059
2862125
2868709
2869568
2871054
2871633
2871666
2871700
2871735
2871902
2872071
2872849
2873052
2874011
2874488
2874518
2874546
2874720
2874806
2874984
2875072
2875100
2875130
2875538
2875610
2875851
2876357
2876393
2876429
2876465
2876519
2876556
2876676
2876794
2876825
2876856
2876897
2877068
2877130
2877160
2878006
2878189
2878359
2878694
2878730
2878807
2879412
2880297
2880571
2880601
2880740
2880791
2880928
2880955
2882399
2882463
2882988
2883065
2883129
2883181
2883234
2883696
2883751
2883789
2883929
2883985
2884109
2884337
2884636
2885360
2885395
2885451
2885804
2885904
2885951
2885987
2886302
2886397
3636302
3636353
3636402
3639926
3639996
3640037
3640057
3640080
3640098
3641392
3641462
3641830
3641925
3642537
3642638
3642666
3642700
3642735
3642765
3642816
3642859
3643019
3643250
3643381
3643412
3643481
3643499
3643516
3643548
3643580
3643722
3648408
3648467
3649020
3649261
3649351
3649475
3649507
3649625
3649662
3649722
3649750
3649778
3649911
3649989
3650054
3650107
3650316
3650525
3650554
3650737
3650771
3652581
3654405
3654554
3654584
3654659
3656860
3657290
3657435
3657485
3657516
3657546
3657597
3657743
3657877
3658487
3658537
3658817
3658975
3659054
3659206
3659350
3660198
3660256
3660286
3660321
3660372
3660402
3660431
3660460
3660491
3660525
3662770
3662787
3663812
3663831
3663873
3663903
3664242
3665001
3665064
3665221
3665281
3665332
3665361
3665386
3665773
3666039
3666062
3666093
3667302
3667347
3667392
3667446
3667523
3667573
3667593
3667728
3667754
3667819
3667894
3667978
3668370
3668643
3668690
3668719
3669170
3669978
3670288
3670309
3670417
3670470
3670501
3670532
3670574
3670594
3670613
3670689
3671042
3671922
3674197
3674479
3674513
3674540
3674636
3674964
3674998
3675028
3675050
3675476
3675723
3676573
3676615
3677140
3677582
3677729
3677749
3677781
3678278
3678470
3678524
3679200
3679271
3679292
3679457
3679534
3679670
3680270
3680320
3680908
3681838
3681870
3682338
3682390
3682457
3682516
3682685
3683234
3684052
3684528
3684570
3684601
3684638
3684942
3685432
3685553
3686168
3686342
3686359
3686388
3686950
3686979
3686999
3687019
3687230
3688613
3689773
3689934
3689952
3689994
3690025
3690504
3691659
3692727
3693548
3693603
3694775
3695869
3696394
3698353
3699128
3700846
3701260
3701309
3701339
3701403
3701865
3701896
3701959
3702066
3702129
3703054
3703983
3704804
3705831
3706708
3706726
3706778
3706805
3706832
3706864
3708546
3708574
3708638
3708670
3708724
3708791
3708981
3709295
3709324
3709378
3709730
3709754
3709879
3710272
3710793
3711196
3712040
3712072
3712104
3712155
3713155
3713823
3713842
3713870
3713899
3713916
3713974
3714213
3714368
3714386
3714672
3714689
3714719
3714747
3715386
3715412
3715809
3715828
3715847
3715912
3715969
3716032
3716431
3716781
3717650
3718409
3718467
3718595
3718665
3718717
3719312
3719346
3719488
3719689
3719747
3719794
3719889
3720880
3721285
3721447
3721489
3721586
3721605
3721632
3721684
3722679
3723370
3723438
3723463
3723493
3723523
3724596
3724620
3724807
3725366
3725429
3725538
3727384
3728015
3728189
3728219
3728285
3728708
3728776
3728802
3728873
3729883
3730191
3730365
3730386
3730560
3730589
3730612
3730735
3740793
3740822
3742051
3742167
3742246
3742284
3742350
3742380
3742442
3742468
3744191
3744224
3744293
3744397
3744847
3745026
3745240
3745429
3745698
3745947
3746256
3746549
3746756
3746772
3746830
3746864
3757284
3757305
3757454
3757682
3757715
3757765
3757793
3758265
3758303
3758733
3759221
3759663
3759750
3759866
3759907
3760133
3760274
3760352
3760583
3760745
3762602
3764081
3764120
3765356
3765387
3768778
3768988
3769126
3770187
3772135
3773348
3773380
3773413
3773445
3773498
3773547
3780357
3780385
3780419
3780475
3780510
3780545
3780580
3781154
3781439
3781505
3781680
3788586
3788654
3789045
3789109
3791274
3792473
3793276
3793309
3793462
3793494
3793534
3793586
3793614
3793690
3793739
3793812
3793899
3794062
3794128
3794164
3794200
3794236
3794272
3794300
3794331
3794348
3794400
3794424
3794792
3794810
3794902
3794933
3795067
3795317
3795347
3795471
3795561
3797155
3797207
3798429
3798627
3799309
3799502
3799533
3799963
3800175
3800210
3800296
3800375
3800414
3800453
3800761
3801225
3801248
3801276
3801302
3801330
3801384
3801404
3801431
3801553
3801581
3801611
3801687
3801826
3801857
3802297
3802774
3803009
3803340
3803526
3803556
3803619
3804072
3804092
3804210
3804225
3804433
3805245
3805542
3806272
3806368
3806543
3806711
3806762
3807342
3807484
3807734
3807752
3807770
3807969
3808063
3808160
3808562
3809190
3809381
3809619
3809862
3810236
3810299
3811085
3811117
3811262
3812244
3812275
3812313
3817580
3817758
3817944
3817972
3818003
3818122
3818158
3818371
3818429
3818487
3818514
3818546
3818682
3818713
3818960
3820029
3820047
3820141
3820157
3820191
3820666
3820692
3821431
3821493
3822282
3824253
3824287
3824313
3824340
3824412
3824440
3824787
3824975
3825028
3825057
3825089
3825122
3825156
3825856
3826169
3826203
3826625
3826930
3826981
3827078
3827198
3827213
3827229
3839525
3848545
3849169
3849246
3849417
3849449
3851642
3851707
3852029
3852058
3852090
3852552
3852579
3852898
3853115
3853151
3853487
3853515
3853568
3853601
3853665
3853800
3853829
3853856
3854153
3854215
3854279
3854426
3854443
3854566
3854742
3855126
3855158
3855371
3857289
3857360
3857493
3858012
3858178
3858227
3866379
3866402
3866544
3866580
3866595
3866665
3866693
3867245
3867512
3867571
3868810
3868866
3881528
3881596
3882602
3882671
3882746
3882810
3882845
3882912
3882982
3889993
3892776
3892802
3892829
3893003
3893051
3893249
3893472
3894014
3894191
3894701
3894840
3894901
3894942
3894995
3895670
3896225
3896649
3896703
3896946
3897216
3897678
3898009
3898376
3898523
3898542
3898671
3898848
3898865
3900440
3900502
3900679
3900869
3901046
3901085
3901489
3901902
3902134
3902204
3902226
3902278
3902696
3902746
3902843
3902904
3903293
3903402
3903470
3903529
3903592
3903619
3905231
3905250
3906066
3906097
3907668
3907731
3907797
3907840
3907901
3908812
3908840
3908999
3911913
3912020
3912841
3913121
3913179
3913236
3913329
3913848
3913962
3913980
3914018
3914055
3914091
3914124
3914185
3914261
3914300
3914358
3914386
3914503
3917459
3917526
3917577
3917650
3917692
3917734
3917777
3928269
3928327
3928388
3928758
3929826
3930321
3930431
3930460
3930603
3930975
3931074
3931365
3932112
3932142
3932162
3932186
3932623
3932712
3932748
3932776
3932803
3932836
3932959
3933465
3933658
3933689
3933899
3933932
3933974
3934016
3934879
3934921
3935779
3935814
3936494
3936513
3936604
3936657
3936760
3937203
3937373
3937403
3937535
3937577
3937601
3937923
3938334
3939101
3939157
3939193
3939229
3939268
3939321
3939416
3939449
3939483
3939519
3939594
3939634
3939674
3939979
3940014
3940045
3940072
3940140
3940216
3940259
3940315
3940382
3940425
3940445
3940681
3941099
3941320
3943464
3945609
3947754
3949899
3950168
3950710
3951029
3951051
3951345
4029568
4029627
4030321
4030363
4030556
4030681
4031942
4031962
4032328
4032348
4033121
4033222
4033596
4033921
4034209
4034270
4034623
4034739
4034754
4034782
4034800
4034824
4034890
4034917
4035560
4035598
4035661
4035725
4035831
4035878
4035911
4035947
4036019
4036197
4036313
4036345
4037105
4037138
4037892
4038844
4039499
4039568
4040381
4040466
4045674
4045702
4045733
4046021
6225406
6225423
6225489
6225555
6225594
6225651
6225682
6226063
6226177
6226635
6227217
6228118
6228387
6228618
6228891
6229222
6229287
6229314
6229329
6230225
6230769
6231155
6231426
6231881
6231914
6232066
6232108
6232168
6232230
6232279
6232344
6232498
6232669
6232832
6232954
6234780
6234938
6234973
6236122
6237136
6238445
6239505
6239571
6239629
6239673
6239867
6239884
6239914
6240112
6240130
6240160
6241126
6241158
6241204
6241308
6242351
6242385
6242411
6243078
6243582
6243613
6243813
6244209
6244284
6245041
6245096
6245284
6245408
6245436
6245453
6245481
6245506
6245534
6245564
6245590
6245629
6245672
6245738
6245752
6245783
6245807
6245832
6246200
6246242
6249450
6249789
6249819
6249876
6250181
6250229
6250254
6250318
6250437
6250463
6250513
6250637
6250762
6250823
6251091
6251118
6251147
6251379
6251429
6251458
6253315
6253434
6253461
6253588
6254005
6254035
6254074
6254125
6254216
6254242
6254268
6254294
6254320
6254346
6254432
6254465
6254596
6254626
6254665
6254897
6254950
6254968
6254996
6255141
6255170
6255303
6255637
6255668
6255695
6255712
6255762
6255784
6255862
6257026
6257250
6257311
6258062
6258090
6258126
6261670
6261908
6261964
6261993
6262086
6262135
6262168
6262599
6262631
6262687
6262722
6262757
6262792
6262827
6263228
6263290
6263325
6263364
6263397
6263433
6263468
6263533
6263752
6263814
6263848
6265155
6265346
6265387
6265428
6265469
6265510
6265549
6265574
6265628
6266735
6266811
6267515
6267545
6267851
6267882
6268383
6268625
6269254
6269642
6269793
6269885
6269927
6270591
6270633
6270838
6270997
6271036
6271063
6271081
6271122
6271142
6271288
6271534
6271587
6271641
6271672
6271704
6271735
6271769
6271801
6271833
6271864
6271895
6271925
6271955
6271986
6272019
6272052
6272088
6272122
6272153
6272232
6272263
6272297
6272329
6272360
6272392
6272423
6272454
6272479
6272515
6272694
6272820
6272850
6272946
6273274
6278572
6278604
6279007
6279083
6279161
6279442
6279740
6279905
6279957
6279983
6280011
6280178
6280208
6280245
6280281
6280313
6280344
6280377
6280431
6282346
6323530
6325758
6325833
6325863
6326293
6326723
6326790
6326858
6326926
6326991
6327134
6327768
6328017
6328185
6328203
6328365
6328393
6328528
6328544
6328583
6328600
6328616
6328669
6328722
6328812
6328854
6328896
6328938
6329930
6329957
6330033
6330168
6330202
6330225
