0
118
164
196
270
344
411
1928
1945
1990
2085
8619
8672
8982
9079
9106
10146
10186
10267
10726
11182
11209
11312
11325
11340
11574
11619
11666
11717
11753
11787
12248
12264
12293
12422
12453
12570
12587
12637
12686
12717
12772
14015
19244
19307
19328
19349
19369
19400
19421
19444
19502
19524
19551
19579
20287
20362
20981
21207
21917
21943
21970
21998
22023
22081
22253
22434
22495
22604
22622
23344
24256
24285
24304
24499
24516
24594
24659
24737
24828
24925
24959
25804
25823
27341
27370
27432
27509
27930
27965
28158
28193
28223
28355
28388
28445
28462
28509
28584
28598
28741
28802
29076
31703
31897
31923
32827
32893
32943
33328
33401
33623
33714
33757
33840
33870
33905
34066
35796
35862
35909
35939
35986
36021
36071
36238
36280
36312
36347
36381
36419
36773
36790
37385
37426
37634
37727
37830
37945
38396
38980
39022
39299
39329
39347
39680
39981
40014
40351
40433
41162
41243
41400
41489
41857
42191
42548
42794
43103
43533
43577
43594
43901
44120
44587
44954
45173
45630
45869
46456
46475
46529
46706
47094
47245
47534
47694
47854
48600
48651
48699
48717
48914
49138
49156
49693
50064
50845
51019
51708
51764
52164
52452
52971
54776
54875
54998
55135
55203
55573
55715
55945
56139
56421
56510
83984
84058
84220
84327
84560
84585
85559
85589
85659
89143
89168
89197
89214
90175
90204
91458
95807
95859
95893
95992
96760
97798
97826
98437
98464
98491
98639
98698
98726
98753
98781
101150
101172
101199
101217
101235
101292
101323
101443
101504
101565
102888
102933
108216
108294
108318
111213
111256
111614
111651
111694
112596
112668
115176
115210
115236
115694
115779
115894
116352
116379
116614
116641
116666
116686
117186
117205
117257
117335
117410
117430
117504
117752
117782
117829
118010
118071
118130
118190
118250
118310
118373
118436
118500
118564
118628
118692
118755
118819
118883
118947
119011
119076
119142
119208
119272
119336
119401
119466
119531
119597
119663
119724
119785
119846
119907
119971
120035
120100
120165
120230
120295
120359
120423
120487
120551
120615
120679
120744
120809
120872
120935
121000
121065
121125
121185
121245
121305
121368
121431
121495
121559
121623
121687
121750
121813
121876
121939
122003
122067
122129
122191
122255
122319
122378
122437
122499
122561
122624
122687
122750
122813
122875
122937
122999
123061
123123
123185
123246
123307
123370
123433
123492
123551
123610
123669
123731
123793
123856
123919
123982
124045
124107
124169
124231
124293
124355
124417
124480
124543
124604
124665
124727
124789
124852
124915
124975
125036
125097
125158
125222
125286
125351
125416
125480
125544
125608
125672
125736
125800
125865
125930
125993
126056
126121
126186
126247
126308
126369
126433
126497
126561
126626
126691
126756
126821
126886
126950
127014
127078
127142
127206
127270
127334
127398
127461
127524
127587
127652
127717
127782
127842
127902
127962
128022
128085
128148
128212
128276
128340
128404
128467
128530
128593
128656
128719
128783
128847
128910
128973
129037
129101
129166
129231
129292
129353
129414
129478
129542
129606
129671
129736
129801
129866
129931
129996
130060
130124
130188
130252
130316
130380
130444
130508
130572
130635
130698
130761
130826
130891
130956
131017
131078
131142
131206
131271
131336
131401
131466
131530
131594
131658
131722
131786
131850
131913
131976
132041
132106
132130
132158
132215
132265
132335
132407
132552
132572
135160
135196
135225
135256
135288
135306
135334
139043
139104
139154
139188
139222
143423
143535
144130
144676
154013
154030
157357
157386
157414
157465
157493
157523
157540
158788
158817
159114
159184
159303
159374
162232
162942
162968
163097
164150
164397
165549
165989
166040
166064
173076
173095
173119
173182
174179
174195
178638
178682
178707
178821
178884
178909
178938
179012
179119
179152
179174
179192
179217
179303
179457
179515
179545
179670
179727
179786
180145
180183
180221
180507
180737
180765
201450
201478
201848
201892
201968
202436
202484
202533
202567
202596
203858
204019
204635
204694
204719
204747
205483
205502
207054
207104
207596
207728
208035
208112
208568
208714
208784
208908
208926
209207
209264
209529
209560
209596
254297
256373
256407
257970
258002
258036
258141
258634
258710
258826
259005
260287
261528
261545
261560
262073
262125
262562
263059
263094
263507
263542
263578
263613
263648
263677
263712
263729
263763
264363
264380
264415
264696
264731
264749
264784
264831
264875
264922
264966
265026
265059
265087
265149
265514
265724
265781
265839
265872
266002
266034
266081
266292
266990
268708
269004
269049
269076
269100
269351
269391
269409
272838
273012
284178
296026
296066
296286
296511
296530
296921
296988
297025
302006
302037
302088
308594
308623
308834
308851
308938
308953
308971
308999
309183
309396
309423
309451
309518
310555
310584
310610
310624
311495
311521
311549
311578
311607
311636
311664
311691
311720
311746
311774
311801
311829
311858
311887
311915
311944
311973
312001
312029
312056
312085
312114
312143
312172
312200
312229
312258
312287
312316
312345
312374
312403
312430
312459
312488
312517
312546
312575
312604
312633
312662
312691
312720
312749
312778
312807
312836
312865
312894
312923
312951
312979
313008
313036
313065
313090
313116
313144
313172
313201
313229
313256
313285
313314
313342
313370
313399
313428
313457
313486
313515
313544
313573
313601
313630
313659
313687
313716
313744
313773
313801
313830
313859
313888
313917
313946
313975
314002
314031
314060
314089
314118
314147
314176
314205
314234
314262
314291
314320
314347
314372
314401
314430
314459
314488
314517
314546
314575
314603
314632
314661
314689
314718
314747
314776
314805
314832
314861
314889
314918
314947
314975
315002
315031
315059
315088
315117
315146
315174
315202
315229
315257
315285
315313
315340
315368
315396
315424
315452
315478
315506
315534
315562
315590
315618
315646
315674
315702
315729
315756
315784
315812
315839
315867
315895
315923
315951
315979
316007
316035
316063
316091
316119
316146
316174
316202
316227
316255
316283
316310
316338
316364
316392
316418
316446
316474
316502
316529
316556
316584
316610
316638
316665
316693
316721
316749
316777
316804
316832
316860
316888
316916
316943
316971
316998
317026
317054
317082
317110
317138
317166
317194
317222
317249
317277
317305
317332
317360
317388
317415
317443
317471
317499
317527
317554
317582
317610
317638
317666
317694
317722
317750
317778
317806
317834
317862
317890
317918
317946
317974
318002
318030
318058
318085
318112
318139
318166
318190
318217
318712
319246
319451
319678
319953
320106
320358
320512
320546
320587
320622
320680
320738
320796
320854
320914
321068
321346
321402
321580
321854
321934
321967
322243
322300
322574
322611
322645
322684
322716
322757
322794
322949
322988
323046
323085
323122
323421
323456
323496
323555
323711
323794
323997
324270
324544
324698
325748
326020
326046
326072
326101
326190
327197
327234
327312
327957
327973
328128
328514
328560
328587
328630
329505
329927
330002
330112
330179
330207
355899
438101
438132
520252
520283
602412
602443
684590
684631
684664
684700
684736
685325
685438
685480
685529
685557
686772
686852
686941
686958
686974
687251
687279
687349
687383
687417
687444
687587
687639
687664
687735
687764
688319
688786
689116
689182
703760
703815
703861
703890
703925
703951
