0
28
79
259
368
405
427
449
471
532
582
601
627
645
671
702
733
1109
1136
1162
2169
2196
2546
2594
2739
2807
4006
4077
4104
4224
4250
5493
5520
6188
6630
6657
6673
6694
6977
7014
7331
7361
7779
7796
7809
7890
8220
9044
9063
9103
9529
9550
9605
9628
9678
9707
9725
9780
9834
9861
9921
10500
10516
10547
13985
14123
25985
26057
26167
26200
26241
26292
26732
27073
27104
27477
27555
27595
27618
27635
27674
28104
28133
28157
28198
29006
29022
29037
29661
29678
29699
29771
29821
29840
29865
29919
30039
30091
30189
30333
30368
30397
31569
31585
32132
32550
33043
33488
33619
33647
33696
33732
33787
34192
34243
34260
34279
34296
34370
34399
35197
35382
35898
35987
36087
36153
36183
36242
36275
36330
36507
37352
37386
37438
37515
37745
37795
38380
38587
38629
38689
38718
39943
40144
40740
40858
40988
41061
41088
41133
41658
41687
41717
41779
41795
42251
42277
56240
56269
56295
56322
56351
56381
57379
57409
57428
57461
64483
64509
64540
64599
64832
64865
64895
64924
64952
64982
65026
65052
65277
65303
65332
65913
66325
66343
66577
66903
67013
67074
67175
67204
67232
67345
67388
67529
67902
67932
67967
67986
68043
68091
68142
68195
68244
68803
69383
69633
69828
70189
70259
70877
70934
71542
71561
71583
71652
71717
71778
71794
71819
71839
71895
71921
71968
72092
72116
72153
72177
72203
72228
72244
72303
72362
72384
72657
75067
76729
78226
80192
82390
82421
82439
82458
82476
82496
82530
82566
82596
82623
83093
83135
83665
83778
