0
33
59
262
291
310
513
543
802
845
1077
1237
1280
1779
1821
1890
1916
1946
1978
2043
2157
2229
2301
2373
2445
2517
2556
2590
2269347
2269380
2269415
2269460
2269505
2269542
2269571
2269615
2269659
2269703
2269740
2269780
2269820
2269860
2269892
2269930
2269969
2270009
2270920
2270973
2271062
2271796
2272167
2272546
2273616
2273870
2274116
2274408
2274513
2274684
2274702
2274757
2274788
2274833
2275088
2275183
2275239
2275262
2275323
2275478
2275522
2275575
2275729
2275761
2275789
2275819
2276287
2276305
2276336
2276458
2276493
2276528
2276549
2276568
2276598
2276675
2276708
2276741
2276774
2276808
2276841
2276871
2276905
2276933
2276968
2277148
2277186
2277224
2277261
2277299
2277337
2277375
2277413
2277447
2277485
2277523
2277555
2277591
2277754
2277895
2277949
2277986
2278022
2278058
2278083
2278929
2279154
2279216
2279246
2279324
2279674
2280526
2280557
2280684
2280748
2280871
2280921
2280937
2281225
2281270
2281301
2281322
2281382
2281399
2281630
2281669
2281696
2281724
2281754
2281781
2281813
2282414
2282466
2282498
2282530
2282575
2282771
2282834
2282889
2282925
2282958
2282992
2283027
2283062
2283096
2283166
2283191
2283208
2283238
2283415
2283603
2283678
2283739
2283807
2283880
2283916
2283951
2283987
2284020
2284048
2284657
2284698
2284718
2284742
2284770
2284793
2284815
2284839
2284862
2284886
2284906
2284930
2284953
2284977
2285011
2285031
2285053
2285077
2285101
2285123
2285143
2285166
2285189
2285221
2285242
2285384
2285449
2285480
2285512
2285552
2482285
2482586
2482696
2482728
2483704
2483750
2483843
2483944
2483978
2484051
2484148
2484411
2484440
2484553
2484627
2484728
2484756
2485729
2485788
2485831
2486603
2486633
2487871
2488246
2488550
2488967
2488996
2489027
2489366
2489649
2489681
2489759
2490486
2490511
2490922
2490974
2490994
2491265
2491483
2491498
2491578
2491610
2491640
2491721
2491792
2491927
2492154
2492311
2492365
2492471
2493774
2493789
2493950
2494001
2494049
2494077
2494458
2495018
2495184
2495604
2495785
2495815
2496068
2496098
2496115
2496143
2496178
2496212
2496235
2496257
2496321
2500407
2500471
2500567
2503720
2503775
2503810
2503864
2503907
2503928
2503956
2503984
2504043
2511198
2511276
2511354
2511432
2511510
2511588
2511666
2511744
2512173
2512601
2512626
2512806
2513381
2513647
2513786
2513922
2514183
2514227
2514288
2518388
2518438
2518533
2518975
2519005
2519200
2519231
2519255
2519350
2519378
2519681
2520026
2520447
2520478
2520786
2520826
2520890
2520932
2520961
2521038
2521069
2521100
2521131
2521149
2521215
2521245
2523246
2523277
2523309
2523372
2523419
2523451
2523482
2523559
2523580
2523619
2523644
2523969
2523998
2524646
2524678
2524712
2524844
2525051
2525398
2525779
2526011
2526063
2527634
2528152
2528616
2529400
2530355
2530396
2530448
2530473
2530501
2530529
2530559
2530785
2530824
2530890
2531063
2531080
2531097
2531126
2531191
2531213
2532759
2532892
2533889
2533921
2533961
2534062
2534234
2534730
2534889
2535103
2535244
2535983
2536403
2537204
2537948
2538152
2540481
2542275
2542292
2542309
2542328
2542760
2542799
2544224
2544259
2544287
2544362
2544415
2544441
2544481
2544496
2544522
2544632
2544647
2544776
2544808
2544836
2544870
2545573
2545836
2546095
2546426
2546449
2546477
2546525
2546542
2546761
2547306
2547338
2547365
2547573
2547879
2548408
2549007
2549212
2549600
2549996
2550028
2550046
2550076
2550111
2550144
2550176
2550208
2550240
2550272
2550304
2550336
2550753
2551743
2552191
2552899
2553406
2553670
2554624
2555065
2555789
2556627
2557054
2557361
2557787
2558427
2558506
2558674
2558927
2559155
2559266
2559353
2559474
2559553
2560133
2560462
2561221
2561668
2562042
2562752
2563488
2564003
2564632
2564959
2565303
2565432
2565942
2567092
2567698
2568408
2568825
2569124
2569822
2570256
2571312
2572205
2572226
2573015
2573550
2573871
2573923
2574010
2574222
2574242
2574559
2574590
2574651
2574704
2574729
2574781
2574813
2574829
2574980
2575007
2575086
2575152
2575170
2575201
2575610
2575829
2576485
2576722
2576856
2576946
2576979
2577082
2577111
2577213
2577247
2577303
2577356
2577393
2577898
2578351
2579463
2580014
2580250
2583791
2583824
2584018
2584055
2584084
2584181
2584280
2584479
2586426
2586484
2586562
2586579
2586703
2586730
2586876
2586929
2587487
2587701
2587903
2587963
2589186
2589275
2589362
2589503
2589521
2589594
2590066
2590096
2590177
2590347
2590402
2590819
2591294
2591727
2591746
2593623
2593963
2594322
2594800
2595019
2595236
2595573
2595602
2595653
2595682
2595884
2595918
2597074
2597109
2597166
2597223
2597252
2597305
2597357
2597389
2597417
2597471
2597515
2597576
2597816
2597872
2597906
2598125
2598179
2598210
2600158
2600518
2600724
2600947
2601107
2601137
2601216
2601242
2601268
2601298
2625523
2625601
2625666
2625733
2626212
2626739
2626768
2626941
2626973
2627108
2627146
2627185
2641444
2641484
2641538
2641597
2641655
2641693
2641724
2641753
2642041
2642116
2642145
2643085
2643111
2643146
2643203
2643406
2643560
2643597
2643657
2643738
2644201
2644349
2644385
2644417
2644459
2644559
2644597
2644640
2645473
2645507
2645543
2645578
2645614
2645650
2645687
2645722
2645756
2645791
2645874
2645910
2645946
2645981
2646017
2646055
2646115
2646154
2646193
2646232
2647647
2650091
2650168
2650204
2650242
2650278
2650313
2650344
2650899
2651020
2651055
2651091
2651126
2651162
2651309
2651342
2651386
2651641
2651674
2651755
2651791
2651827
2651959
2652062
2652089
2652166
2652557
2652652
2652728
2676765
2676811
2676871
2677141
2677380
2678386
2678843
2679863
2679975
2680346
2680502
2700442
2700471
2700499
2700526
2700598
2700638
2700687
2700713
2700742
2700806
2700840
2700871
2724348
2724376
2724401
2725366
2727827
2729457
2730095
2730256
2730457
2730493
2730530
2730747
2730774
2730941
2731019
2731757
2731923
2732592
2732882
2732991
2733019
2733137
2733172
2734704
2735743
2736350
2736883
2737055
2738035
2738068
2738117
2738163
2738209
2738428
2738528
2740649
2740719
2741695
2741912
2741955
2742063
2742206
2742240
2742618
2742653
2743437
2744030
2744083
2744477
2744679
2745187
2745223
2745259
2745762
2745796
2746728
2746863
2746936
2747017
2747034
2747059
2747081
2747146
2747171
2747364
2747430
2747464
2747658
2747688
2747718
2747748
2747788
2748288
2748336
2748355
2748625
2748675
2748735
2748749
2748765
2748795
2749213
2749268
2749492
2749545
2749568
2749633
2749656
2750134
2750161
2750258
2750310
2750340
2750412
2750445
2750479
2750532
2750698
2750754
2750806
2750837
2750890
2751106
2751125
2751372
2751728
2751747
2751774
2751803
2751887
2751917
2751950
2752008
2752026
2752055
2752119
2752158
2752188
2752221
2752790
2752895
2753136
2753550
2753579
2753631
2753752
2756060
2756086
2756111
2756701
2756807
2756841
2756902
2756957
2756985
2757002
2757386
2757461
2757496
2758753
2758827
2758946
2758973
2759002
2759317
2759371
2759541
2759570
2759601
2759687
2760823
2760851
2760940
2773652
2773709
2773745
2773807
2773892
2773955
2774040
2774075
2774265
2774293
2774358
2774640
2774682
2774714
2774803
2774829
2774857
2775049
2775082
2775256
2776296
2776556
2776622
2776947
2777038
2777057
2777158
2777520
2777576
2777608
2777941
2777986
2778190
2780282
2780299
2780332
2780397
2780412
2781113
2781357
2781384
2781418
2781539
2781596
2781634
2781699
2781727
2781760
2781914
2781943
2781973
2782236
2782255
2782314
2782863
2782937
2782956
2783089
2783129
2783158
2783322
2783898
2784173
2784248
2784402
2784441
2785126
2785599
2785786
2785982
2786010
2786643
2786706
2786911
2787289
2787733
2788250
2788492
2789508
2789558
2789588
2789618
2789741
2789795
2789897
2789939
2790074
2790102
2790126
2790161
2790186
2790210
2790234
2790269
2790293
2790316
2790363
2790387
2790446
2790470
2790505
2790529
2790553
2790614
2790649
2790674
2790699
2790722
2790746
2790781
2790806
2790831
2790855
2790901
2790926
2790951
2790975
2791008
2791032
2791091
2791114
2791173
2791208
2791233
2791258
2791293
2791317
2791354
2791378
2791402
2791439
2791464
2791511
2791535
2791559
2791584
2791608
2791654
2791678
2791702
2791726
2791750
2791775
2791799
2791823
2791858
2791883
2791907
2791942
2791979
2792003
2792036
2792060
2792095
2792165
2792200
2792224
2792248
2792270
2792305
2792329
2792353
2792377
2792401
2792437
2792461
2792484
2792541
2792626
2792675
2792712
2792736
2792773
2792797
2792821
2792845
2792870
2792907
2792942
2793012
2793036
2793061
2793107
2793131
2793167
2793191
2793215
2793240
2793264
2793301
2793338
2793375
2793399
2793422
2793446
2793483
2793507
2793566
2793589
2793612
2793647
2793681
2793705
2793740
2793765
2793789
2793813
2793838
2793862
2793897
2793943
2793978
2794003
2794026
2794050
2794075
2794099
2794124
2794148
2794173
2794197
2794222
2794246
2794271
2794295
2794320
2794344
2794381
2794405
2794429
2794453
2794484
2794509
2794534
2794558
2794582
2794619
2794654
2794679
2794703
2794728
2794753
2794778
2794815
2794839
2794863
2794900
2794946
2794970
2795003
2795026
2795050
2795087
2795142
2795166
2795190
2795226
2795259
2795282
2795318
2795342
2795366
2795403
2795428
2795452
2795476
2795501
2795525
2795549
2795574
2795609
2795633
2795690
2795727
2795762
2795808
2795867
2795891
2795916
2795941
2795965
2795989
2796014
2796039
2796074
2796099
2796124
2796149
2796173
2796197
2796233
2796257
2796279
2796303
2796327
2796352
2796377
2796412
2796449
2796473
2796496
2796521
2796545
2796568
2796592
2796617
2796641
2796666
2796701
2796725
2796760
2796785
2796809
2796833
2796857
2796881
2796916
2796940
2796964
2796989
2797026
2797061
2797098
2797133
2797168
2797192
2797217
2797242
2797267
2797291
2797316
2797340
2797364
2797388
2797413
2797450
2797474
2797499
2797524
2797549
2797584
2797609
2797634
2797659
2797696
2797755
2797779
2797814
2797838
2797873
2797898
2797923
2797947
2797971
2797995
2798019
2798044
2798081
2798106
2798131
2798190
2798236
2798260
2798285
2798309
2798334
2798371
2798396
2798445
2798469
2798494
2798519
2798544
2798569
2798604
2798629
2798666
2798691
2798726
2798750
2798775
2798800
2798837
2798874
2798899
2798924
2798948
2798973
2798997
2799032
2799067
2799092
2799115
2799150
2799185
2799207
2799232
2799256
2799293
2799328
2799353
2799378
2799413
2799437
2799461
2799498
2799531
2799555
2799592
2799616
2799641
2799665
2799690
2799727
2799764
2799799
2799822
2799881
2799905
2799930
2799954
2799978
2800024
2800047
2800072
2800107
2800131
2800168
2800192
2800216
2800240
2800275
2800310
2800345
2800391
2800428
2800452
2800476
2800501
2800526
2800550
2800575
2800599
2800623
2800646
2800669
2800693
2800717
2800741
2800765
2800800
2800837
2800862
2800887
2800922
2800971
2800995
2801032
2801067
2801091
2801115
2801140
2801163
2801187
2801211
2801260
2801285
2801310
2801335
2801372
2801430
2801454
2801477
2801514
2801538
2801597
2801621
2801658
2801683
2801719
2801756
2801793
2801817
2801841
2801866
2801891
2801926
2801985
2802010
2802034
2802069
2802093
2802117
2802151
2802175
2802199
2802233
2802258
2802305
2802330
2802354
2802379
2802404
2802428
2802453
2802500
2802524
2802560
2802619
2802667
2802692
2802729
2802764
2802788
2802813
2802836
2802873
2802898
2802922
2802968
2802992
2803016
2803040
2803075
2803111
2803148
2803185
2803210
2803259
2803296
2803321
2803358
2803395
2803420
2803455
2803479
2803503
2803527
2803551
2803636
2803704
2803739
2803763
2803786
2803829
2803853
2803888
2803912
2803936
2803971
2803995
2804019
2804068
2804092
2804117
2804163
2804188
2804234
2804258
2804282
2804307
2804331
2804366
2804390
2804414
2804449
2804473
2804498
2804522
2804559
2804583
2804607
2804631
2804656
2804680
2804704
2804728
2804752
2804777
2804802
2804826
2804851
2804888
2804923
2804957
2804982
2805007
2805031
2805055
2805079
2805103
2805140
2805164
2805188
2805213
2805237
2805272
2805307
2805331
2805355
2805380
2805437
2805496
2805521
2805556
2805593
2805628
2805661
2805707
2805766
2805801
2805825
2805862
2805897
2805921
2805958
2805981
2806016
2806052
2806076
2806101
2806125
2806149
2806173
2806198
2806222
2806246
2806271
2806306
2806331
2806354
2806391
2806426
2806451
2806476
2806511
2806570
2806594
2806618
2806642
2806685
2806710
2806743
2806779
2806804
2806828
2806853
2806888
2806912
2806936
2806961
2806985
2807010
2807035
2807060
2807095
2807130
2807165
2807211
2807246
2807269
2807306
2807330
2807389
2807413
2807438
2807462
2807499
2807536
2807573
2807610
2807647
2807672
2807709
2807733
2807757
2807782
2807819
2807856
2807889
2807914
2807939
2807963
2807998
2808035
2808070
2808095
2808120
2808157
2808182
2808219
2808243
2808279
2808304
2808341
2808396
2808421
2808444
2808481
2808506
2808543
2808591
2808626
2808661
2808696
2808733
2808757
2808793
2808818
2808853
2808878
2808902
2808927
2808952
2808989
2809025
2809058
2809094
2809131
2809156
2809193
2809230
2809289
2809314
2809351
2809388
2809425
2809450
2809474
2809498
2809523
2809548
2809583
2809618
2809643
2809668
2809693
2809730
2809767
2809792
2809827
2809852
2809885
2809920
2809945
2809982
2810007
2810044
2810079
2810116
2810141
2810166
2810191
2810216
2810241
2810278
2810303
2810338
2810363
2810400
2810425
2810450
2810475
2810511
2810548
2810573
2810598
2810635
2810660
2810684
2810709
2810734
2810758
2810793
2810830
2810855
2810903
2810962
2810999
2811058
2811095
2811120
2811157
2811181
2811218
2811243
2811280
2811305
2811330
2811389
2811414
2811438
2811473
2811494
2811537
2811558
2811579
2811600
2811622
2811643
2811665
2811686
2811720
2811763
2811784
2811805
2811847
2811868
2811889
2811910
2811944
2811975
2812007
2812050
2812072
2812094
2812115
2812136
2812156
2812178
2812210
2812274
2812296
2812317
2812338
2812358
2812390
2812422
2812443
2812477
2812499
2812521
2812542
2812564
2812585
2812617
2812671
2812712
2812733
2812754
2812797
2812819
2812840
2812861
2812882
2812934
2812968
2813000
2813021
2813043
2813065
2813099
2813141
2813162
2813183
2813204
2813226
2813247
2813268
2813289
2813332
2813353
2813385
2813406
2813427
2813459
2813480
2813501
2813522
2813543
2813588
2813609
2813641
2813662
2813694
2813726
2813756
2813778
2813821
2813842
2813864
2813886
2813907
2813939
2813993
2814014
2814035
2814056
2814076
2814097
2814118
2814163
2814195
2814216
2814250
2814272
2814292
2814326
2814347
2814392
2814413
2814435
2814457
2814479
2814557
2814579
2814600
2814622
2814667
2814701
2814722
2814743
2814764
2814798
2814820
2814840
2814862
2814883
2814939
2814960
2814982
2815015
2815036
2815057
2815089
2815110
2815143
2815175
2815207
2815247
2815269
2815291
2815312
2815345
2815366
2815387
2815407
2815428
2815449
2815503
2815524
2815545
2815566
2815599
2815631
2815686
2815708
2815729
2815784
2815814
2815848
2815870
2815892
2815914
2815935
2815956
2815978
2816012
2816033
2816067
2816088
2816110
2816131
2816187
2816232
2816253
2816275
2816318
2816340
2816374
2816417
2816439
2816460
2816494
2816528
2816562
2816584
2816606
2816638
2816659
2816680
2816701
2816722
2816754
2816784
2816806
2816838
2816881
2816900
2816921
2816965
2816997
2817031
2817052
2817072
2817093
2817114
2817135
2817157
2817189
2817210
2817232
2817265
2817287
2817308
2817340
2817362
2817407
2817429
2817451
2817473
2817495
2817525
2817545
2817567
2817589
2817621
2817653
2817687
2817752
2817784
2817806
2817827
2817847
2817868
2817889
2817909
2817931
2817965
2817987
2818007
2818041
2818063
2818083
2818104
2818126
2818147
2818167
2818187
2818220
2818254
2818308
2818330
2818352
2818370
2818392
2818424
2818446
2818477
2818499
2818532
2818554
2818599
2818621
2818642
2818664
2818685
2818707
2818729
2818751
2818783
2818839
2818860
2818882
2818903
2818925
2818957
2818991
2819025
2819047
2819068
2819089
2819123
2819143
2819164
2819196
2819230
2819251
2819271
2819292
2819326
2819369
2819403
2819424
2819446
2819467
2819489
2819511
2819532
2819553
2819575
2819596
2819630
2819686
2819707
2819727
2819759
2819791
2819825
2819847
2819869
2819891
2819913
2819935
2819957
2819978
2820008
2820030
2820052
2820073
2820094
2820116
2820148
2820169
2820189
2820210
2820243
2820264
2820286
2820307
2820341
2820374
2820417
2820438
2820470
2820526
2820548
2820570
2820604
2820625
2820645
2820679
2820701
2820723
2820756
2820777
2820807
2820828
2820850
2820880
2820901
2820922
2820943
2820965
2820987
2821032
2821066
2821087
2821108
2821129
2821162
2821195
2821227
2821248
2821269
2821291
2821312
2821334
2821356
2821377
2821399
2821420
2821442
2821463
2821497
2821519
2821575
2821596
2821617
2821650
2821684
2821705
2821737
2821758
2821780
2821869
2821890
2821911
2821933
2821965
2822030
2822075
2822096
2822128
2822160
2822192
2822247
2822269
2822290
2822311
2822333
2822355
2822387
2822408
2822442
2822463
2822485
2822505
2822526
2822546
2822567
2822589
2822633
2822655
2822689
2822732
2822753
2822775
2822796
2822817
2822851
2822872
2822894
2822915
2822959
2822981
2823013
2823034
2823056
2823077
2823099
2823119
2823140
2823196
2823229
2823250
2823271
2823304
2823326
2823348
2823412
2823433
2823454
2823475
2823496
2823517
2823549
2823570
2823591
2823623
2823644
2823676
2823708
2823729
2823750
2823780
2823801
2823822
2823843
2823875
2823909
2823943
2823964
2823985
2824006
2824027
2824048
2824080
2824101
2824122
2824156
2824188
2824218
2824239
2824260
2824282
2824304
2824347
2824368
2824389
2824410
2824431
2824452
2824482
2824525
2824577
2824609
2824630
2824652
2824673
2824705
2824726
2824746
2824767
2824799
2824831
2824874
2824895
2824929
2824961
2824982
2825004
2825025
2825090
2825122
2825143
2825165
2825187
2825219
2825260
2825281
2825300
2825321
2825341
2825373
2825394
2825415
2825436
2825468
2825490
2825511
2825543
2825564
2825585
2825607
2825653
2825687
2825743
2825775
2825796
2825817
2825850
2825870
2825902
2825923
2825945
2825979
2826013
2826045
2826066
2826099
2826120
2826142
2826163
2826185
2826217
2826249
2826271
2826293
2826358
2826392
2826424
2826446
2826467
2826499
2826533
2826555
2826577
2826598
2826619
2826639
2826673
2826694
2826715
2826745
2826788
2826828
2826850
2826871
2826903
2826925
2826958
2827014
2827035
2827057
2827079
2827101
2827135
2827157
2827212
2827233
2827267
2827312
2827345
2827366
2827387
2827409
2827443
2827465
2827487
2827509
2827543
2827564
2827598
2827620
2827676
2827697
2827718
2827750
2827782
2827816
2827838
2827872
2827894
2827938
2827959
2827979
2828001
2828022
2828041
2828062
2828095
2828116
2828138
2828158
2828179
2828200
2828222
2828243
2828286
2828342
2828364
2828386
2828407
2828428
2828461
2828482
2828514
2828535
2828556
2828576
2828608
2828630
2828652
2828674
2828695
2828729
2828750
2828771
2828792
2828824
2828856
2828877
2828897
2828919
2828973
2828995
2829016
2829072
2829093
2829114
2829135
2829169
2829190
2829223
2829244
2829287
2829309
2829331
2829352
2829373
2829394
2829415
2829447
2829468
2829490
2829511
2829555
2829611
2829633
2829687
2829727
2829761
2829782
2829804
2829844
2829878
2829899
2829933
2829954
2830008
2830029
2830062
2830083
2830104
2830138
2830160
2830182
2830214
2830248
2830269
2830291
2830312
2830344
2830378
2830412
2830433
2830467
2830534
2830568
2830588
2830609
2830629
2830651
2830672
2830694
2830728
2830806
2830840
2830870
2830892
2830914
2830935
2830956
2830978
2831012
2831033
2831066
2831087
2831108
2831130
2831195
2831217
2831249
2831270
2831291
2831313
2831334
2831368
2831401
2831435
2831457
2831502
2831536
2831594
2831616
2831648
2831680
2831702
2831724
2831746
2831767
2831812
2831834
2831855
2831887
2831909
2831930
2831964
2831985
2832006
2832040
2832074
2832095
2832127
2832149
2832171
2832203
2832224
2832256
2832277
2832298
2832330
2832352
2832373
2832394
2832415
2832436
2832457
2832489
2832510
2832530
2832551
2832585
2832607
2832671
2832714
2832757
2832789
2832843
2832899
2832932
2832953
2833009
2833031
2833085
2833106
2833128
2833149
2833183
2833217
2833251
2833284
2833306
2833328
2833372
2833393
2833414
2833446
2833467
2833489
2833511
2833532
2833566
2833588
2833622
2833654
2833675
2833709
2833730
2833752
2833774
2833808
2833830
2833851
2833873
2833895
2833951
2833996
2834029
2834050
2834072
2834106
2834128
2834150
2834172
2834217
2834249
2834301
2834322
2834352
2834373
2834394
2834428
2834449
2834471
2834514
2834535
2834556
2834578
2834612
2834633
2834665
2834686
2834708
2834729
2834750
2834771
2834792
2834814
2834835
2834856
2834877
2834935
2834979
2835000
2835021
2835054
2835075
2835095
2835117
2835138
2835171
2835193
2835214
2835244
2835276
2835297
2835331
2835376
2835398
2835419
2835440
2835462
2835484
2835505
2835526
2835547
2835568
2835590
2835612
2835634
2835656
2835678
2835711
2835743
2835777
2835798
2835819
2835840
2835874
2835926
2835958
2835979
2836000
2836032
2836053
2836074
2836108
2836142
2836174
2836195
2836216
2836238
2836259
2836281
2836302
2836324
2836345
2836366
2836387
2836409
2836430
2836451
2836473
2836495
2836529
2836550
2836572
2836604
2836637
2836658
2836691
2836735
2836757
2836778
2836800
2836821
2836843
2836876
2836896
2836917
2836938
2836970
2836992
2837036
2837080
2837113
2837145
2837167
2837212
2837233
2837255
2837277
2837298
2837319
2837364
2837386
2837407
2837428
2837450
2837471
2837493
2837514
2837536
2837557
2837591
2837612
2837633
2837654
2837675
2837696
2837717
2837773
2837795
2837815
2837858
2837879
2837911
2837943
2837999
2838031
2838052
2838096
2838130
2838164
2838197
2838219
2838241
2838275
2838307
2838329
2838351
2838372
2838403
2838424
2838445
2838490
2838511
2838533
2838554
2838575
2838597
2838630
2838652
2838673
2838705
2838726
2838747
2838781
2838802
2838823
2838866
2838887
2838921
2838943
2838964
2838998
2839054
2839076
2839097
2839129
2839150
2839182
2839216
2839238
2839271
2839305
2839326
2839382
2839404
2839425
2839457
2839522
2839555
2839599
2839620
2839654
2839686
2839707
2839728
2839749
2839783
2839804
2839825
2839847
2839869
2839890
2839911
2839943
2839964
2839985
2840007
2840028
2840060
2840081
2840115
2840136
2840158
2840180
2840202
2840224
2840256
2840288
2840308
2840330
2840363
2840383
2840417
2840462
2840483
2840504
2840549
2840571
2840627
2840649
2840671
2840693
2840727
2840749
2840770
2840791
2840812
2840834
2840855
2840889
2840921
2840943
2840964
2840985
2841017
2841036
2841057
2841077
2841098
2841120
2841141
2841175
2841196
2841230
2841262
2841284
2841327
2841361
2841405
2841426
2841460
2841481
2841502
2841523
2841545
2841577
2841599
2841621
2841655
2841677
2841722
2841754
2841775
2841809
2841831
2841863
2841885
2841918
2841939
2841961
2841995
2842016
2842037
2842058
2842092
2842113
2842135
2842178
2842199
2842233
2842255
2842277
2842298
2842320
2842387
2842433
2842467
2842501
2842533
2842554
2842587
2842609
2842630
2842652
2842673
2842705
2842737
2842771
2842814
2842844
2842878
2842899
2842932
2842953
2843009
2843041
2843095
2843129
2843150
2843170
2843202
2843224
2843246
2843267
2843288
2843322
2843343
2843364
2843386
2843418
2843451
2843494
2843516
2843548
2843582
2843615
2843637
2843659
2843691
2843712
2843744
2843765
2843799
2843820
2843854
2843910
2843944
2843965
2843987
2844009
2844043
2844077
2844114
2844135
2844169
2844190
2844211
2844233
2844254
2844275
2844297
2844318
2844339
2844371
2844392
2844413
2844434
2844456
2844488
2844510
2844531
2844553
2844575
2844596
2844617
2844639
2844661
2844683
2844704
2844726
2844747
2844769
2844803
2844824
2844856
2844901
2844922
2844954
2844975
2844996
2845017
2845038
2845068
2845102
2845123
2845157
2845179
2845201
2845222
2845244
2845265
2845287
2845308
2845329
2845363
2845395
2845417
2845451
2845485
2845505
2845526
2845548
2845569
2845591
2845612
2845657
2845678
2845700
2845721
2845753
2845774
2845795
2845816
2845837
2845858
2845892
2845937
2845971
2846005
2846027
2846083
2846105
2846127
2846149
2846170
2846191
2846234
2846255
2846277
2846298
2846342
2846376
2846397
2846430
2846464
2846485
2846540
2846574
2846596
2846617
2846639
2846661
2846682
2846715
2846749
2846770
2846791
2846825
2846859
2846880
2846902
2846945
2846979
2847000
2847021
2847042
2847076
2847098
2847154
2847176
2847198
2847240
2847272
2847293
2847314
2847336
2847358
2847379
2847400
2847422
2847443
2847475
2847496
2847530
2847552
2847574
2847606
2847638
2847660
2847690
2847711
2847733
2847754
2847788
2847822
2847878
2847898
2847932
2847964
2848016
2848046
2848104
2848125
2848159
2848192
2848226
2848260
2848292
2848313
2848358
2848379
2848401
2848423
2848444
2848522
2848554
2848575
2848597
2848627
2848648
2848669
2848690
2848734
2848756
2848777
2848823
2848869
2848890
2848933
2848955
2849011
2849032
2849086
2849106
2849138
2849170
2849192
2849213
2849256
2849277
2849311
2849332
2849366
2849387
2849408
2849430
2849451
2849470
2849491
2849513
2849535
2849556
2849590
2849611
2849632
2849666
2849698
2849741
2849762
2849832
2849866
2849900
2849922
2849968
2850000
2850021
2850043
2850077
2850098
2850148
2850169
2850190
2850224
2850254
2850274
2850326
2850346
2850378
2850412
2850445
2850479
2850535
2850568
2850602
2850648
2850670
2850703
2850725
2850759
2850780
2850801
2850822
2850843
2850864
2850886
2850907
2850929
2850950
2850972
2851006
2851049
2851070
2851092
2851126
2851160
2851203
2851224
2851244
2851266
2851288
2851310
2851332
2851353
2851385
2851417
2851438
2851472
2851515
2851537
2851571
2851592
2851613
2851633
2851667
2851701
2851735
2851769
2851801
2851822
2851856
2851877
2851899
2851920
2851942
2851963
2852007
2852039
2852060
2852081
2852103
2852148
2852182
2852202
2852232
2852264
2852285
2852307
2852328
2852350
2852382
2852416
2852437
2852459
2852480
2852502
2852524
2852546
2852568
2852589
2852611
2852632
2852664
2852686
2852719
2852740
2852785
2852806
2852827
2852849
2852883
2852917
2852938
2852970
2853002
2853022
2853043
2853065
2853087
2853109
2853131
2853153
2853175
2853196
2853216
2853238
2853270
2853292
2853314
2853347
2853368
2853390
2853410
2853431
2853463
2853484
2853506
2853528
2853550
2853572
2853604
2853638
2853671
2853692
2853713
2853735
2853757
2853778
2853812
2853846
2853867
2853888
2853910
2853931
2853953
2853987
2854008
2854053
2854109
2854165
2854186
2854208
2854230
2854251
2854285
2854317
2854351
2854372
2854412
2854446
2854480
2854501
2854523
2854544
2854565
2854587
2854619
2854652
2854686
2854716
2854737
2854793
2854815
2854837
2854871
2854892
2854926
2854959
2854993
2855027
2855061
2855082
2855104
2855182
2855214
2855235
2855267
2855289
2855311
2855343
2855365
2855399
2855421
2855442
2855464
2855486
2855518
2855550
2855572
2855606
2855640
2855720
2855741
2855762
2855783
2855804
2855825
2855847
2855869
2855925
2855959
2855981
2856031
2856053
2856087
2856108
2856130
2856164
2856185
2856230
2856264
2856285
2856306
2856339
2856361
2856395
2856429
2856462
2856483
2856527
2856559
2856581
2856603
2856623
2856668
2856689
2856711
2856732
2856764
2856796
2856817
2856851
2856881
2856915
2856947
2856979
2857011
2857043
2857077
2857120
2857141
2857174
2857208
2857240
2857272
2857317
2857351
2857372
2857405
2857426
2857448
2857469
2857491
2857512
2857533
2857554
2857586
2857642
2857685
2857719
2857753
2857774
2857804
2857838
2857859
2857880
2857901
2857944
2857976
2858008
2858030
2858050
2858070
2858091
2858125
2858171
2858193
2858226
2858270
2858316
2858337
2858359
2858404
2858435
2858467
2858501
2858523
2858545
2858579
2858625
2858646
2858668
2858713
2858734
2858790
2858812
2858833
2858867
2858900
2858933
2858967
2858989
2859021
2859042
2859073
2859105
2859137
2859158
2859179
2859201
2859221
2859243
2859264
2859286
2859318
2859350
2859395
2859417
2859438
2859459
2859502
2859536
2859558
2859579
2859601
2859633
2859665
2859686
2859708
2859729
2859750
2859772
2859806
2859828
2859849
2859870
2859903
2859924
2859945
2859979
2860000
2860021
2860051
2860072
2860104
2860126
2860158
2860192
2860213
2860235
2860255
2860289
2860311
2860332
2860353
2860407
2860429
2860451
2860471
2860491
2860513
2860545
2860601
2860622
2860643
2860664
2860685
2860706
2860727
2860748
2860769
2860791
2860821
2860855
2860876
2860910
2860932
2860953
2860987
2861019
2861040
2861062
2861084
2861104
2861126
2861160
2861182
2861214
2861248
2861269
2861299
2861321
2861342
2861410
2861442
2861461
2861482
2861504
2861537
2861559
2861580
2861612
2861646
2861668
2861689
2861721
2861743
2861764
2861797
2861818
2861840
2861874
2861906
2861940
2861962
2861984
2862006
2862038
2862094
2862115
2862149
2862170
2862192
2862226
2862247
2862269
2862303
2862324
2862345
2862375
2862431
2862452
2862474
2862494
2862516
2862537
2862559
2862591
2862634
2862668
2862690
2862712
2862746
2862767
2862810
2862866
2862887
2862921
2862942
2862964
2862984
2863016
2863048
2863093
2863127
2863149
2863181
2863213
2863235
2863269
2863303
2863324
2863346
2863378
2863399
2863433
2863454
2863476
2863498
2863518
2863540
2863561
2863582
2863603
2863624
2863656
2863677
2863699
2863755
2863811
2863833
2863855
2863877
2863920
2863941
2863975
2864007
2864028
2864049
2864083
2864104
2864126
2864147
2864169
2864202
2864223
2864277
2864311
2864332
2864353
2864374
2864406
2864427
2864449
2864471
2864504
2864525
2864546
2864567
2864588
2864609
2864654
2864687
2864709
2864731
2864750
2864772
2864794
2864816
2864838
2864872
2864904
2864925
2864946
2864968
2865000
2865020
2865041
2865074
2865095
2865165
2865197
2865231
2865252
2865274
2865308
2865340
2865361
2865382
2865403
2865424
2865445
2865466
2865487
2865509
2865529
2865551
2865585
2865619
2865640
2865660
2865682
2865704
2865726
2865760
2865781
2865802
2865824
2865844
2865876
2865908
2865930
2865951
2865972
2866018
2866039
2866073
2866094
2866116
2866148
2866169
2866191
2866225
2866246
2866268
2866289
2866311
2866332
2866353
2866385
2866417
2866438
2866459
2866481
2866513
2866543
2866565
2866586
2866608
2866630
2866664
2866686
2866707
2866728
2866773
2866794
2866816
2866847
2866881
2866903
2866924
2866945
2866978
2866999
2867020
2867041
2867075
2867096
2867130
2867173
2867205
2867226
2867247
2867268
2867289
2867321
2867355
2867375
2867397
2867418
2867438
2867482
2867501
2867533
2867555
2867576
2867610
2867653
2867674
2867718
2867752
2867784
2867805
2867826
2867848
2867870
2867892
2867913
2867947
2867980
2868035
2868067
2868088
2868110
2868131
2868152
2868174
2868196
2868218
2868239
2868259
2868281
2868303
2868324
2868357
2868389
2868411
2868443
2868464
2868486
2868520
2868554
2868575
2868597
2868631
2868665
2868699
2868720
2868741
2868762
2868783
2868804
2868836
2868857
2868879
2868901
2868922
2868944
2868976
2868996
2869028
2869049
2869081
2869103
2869137
2869193
2869227
2869259
2869280
2869312
2869333
2869354
2869388
2869409
2869463
2869495
2869516
2869537
2869558
2869579
2869600
2869634
2869668
2869689
2869710
2869731
2869753
2869774
2869806
2869828
2869860
2869882
2869914
2869947
2869969
2870003
2870024
2870058
2870091
2870125
2870147
2870168
2870189
2870245
2870277
2870317
2870338
2870372
2870394
2870426
2870448
2870482
2870503
2870535
2870556
2870599
2870620
2870641
2870684
2870716
2870750
2870771
2870792
2870813
2870834
2870854
2870875
2870896
2870930
2870952
2870973
2871006
2871027
2871081
2871102
2871123
2871144
2871189
2871211
2871245
2871266
2871310
2871331
2871365
2871386
2871405
2871426
2871447
2871479
2871500
2871521
2871542
2871594
2871614
2871646
2871711
2871732
2871775
2871796
2871817
2871838
2871860
2871881
2871902
2871924
2871957
2871978
2872000
2872021
2872043
2872077
2872111
2872132
2872166
2872185
2872205
2872227
2872272
2872306
2872328
2872361
2872407
2872441
2872462
2872484
2872518
2872540
2872561
2872582
2872604
2872625
2872645
2872667
2872689
2872711
2872732
2872764
2872785
2872819
2872841
2872862
2872894
2872915
2872937
2872958
2872979
2873011
2873054
2873075
2873109
2873142
2873163
2873183
2873205
2873227
2873272
2873306
2873339
2873360
2873394
2873416
2873448
2873482
2873504
2873526
2873548
2873580
2873612
2873632
2873688
2873709
2873730
2873751
2873783
2873804
2873826
2873847
2873879
2873913
2873935
2873956
2873978
2873998
2874020
2874042
2874064
2874085
2874106
2874127
2874183
2874204
2874225
2874279
2874300
2874322
2874356
2874377
2874398
2874419
2874441
2874461
2874483
2874503
2874537
2874557
2874579
2874599
2874633
2874667
2874686
2874708
2874729
2874750
2874784
2874806
2874827
2874849
2874870
2874891
2874912
2874945
2874966
2874999
2875020
2875041
2875062
2875107
2875129
2875160
2875194
2875215
2875236
2875270
2875304
2875326
2875348
2875370
2875404
2875426
2875448
2875469
2875489
2875510
2875532
2875577
2875610
2875631
2875653
2875674
2875695
2875729
2875761
2875793
2875841
2875873
2875916
2875948
2875969
2875990
2876011
2876045
2876066
2876087
2876109
2876130
2876151
2876173
2876194
2876215
2876247
2876269
2876290
2876311
2876341
2876363
2876382
2876403
2876437
2876471
2876493
2876536
2876570
2876604
2876625
2876646
2876667
2876699
2876742
2876764
2876786
2876829
2876851
2876873
2876905
2876950
2876982
2877004
2877025
2877047
2877079
2877100
2877122
2877144
2877166
2877198
2877219
2877240
2877261
2877282
2877303
2877324
2877346
2877380
2877401
2877422
2877456
2877499
2877533
2877554
2877575
2877621
2877655
2877676
2877710
2877742
2877764
2877786
2877808
2877828
2877849
2877871
2877892
2877924
2877944
2877965
2877986
2878018
2878038
2878058
2878079
2878124
2878169
2878212
2878233
2878265
2878297
2878318
2878339
2878373
2878416
2878450
2878471
2878505
2878526
2878548
2878570
2878615
2878647
2878668
2878702
2878745
2878766
2878787
2878821
2878842
2878863
2878897
2878919
2878940
2878961
2878982
2879002
2879036
2879092
2879113
2879147
2879168
2879190
2879222
2879254
2879275
2879296
2879317
2879338
2879392
2879426
2879447
2879479
2879535
2879557
2879578
2879600
2879634
2879656
2879690
2879711
2879732
2879764
2879786
2879808
2879829
2879850
2879872
2879894
2879915
2879949
2879993
2880025
2880068
2880089
2880132
2880153
2880174
2880208
2880240
2880260
2880282
2880304
2880323
2880344
2880365
2880386
2880407
2880429
2880450
2880482
2880514
2880568
2880590
2880612
2880646
2880680
2880702
2880736
2880758
2880789
2880811
2880845
2880891
2880947
2880969
2880990
2881010
2881031
2881052
2881110
2881132
2881154
2881186
2881208
2881240
2881261
2881282
2881303
2881337
2881358
2881379
2881400
2881422
2881443
2881499
2881531
2881552
2881586
2881619
2881640
2881662
2881683
2881704
2881724
2881746
2881804
2881837
2881871
2881892
2881913
2881947
2881968
2881990
2882011
2882043
2882064
2882085
2882107
2882141
2882162
2882184
2882227
2882260
2882281
2882302
2882323
2882344
2882374
2882394
2882414
2882435
2882456
2882477
2882499
2882531
2882565
2882586
2882607
2882639
2882660
2882694
2882715
2882747
2882781
2882813
2882835
2882857
2882879
2882901
2882923
2882945
2882991
2883012
2883044
2883078
2883100
2883121
2883143
2883164
2883185
2883206
2883227
2883261
2883305
2883337
2883358
2883380
2883402
2883423
2883457
2883477
2883511
2883543
2883586
2883618
2883661
2883682
2883714
2883748
2883769
2883790
2883811
2883832
2883853
2883887
2883919
2883940
2883974
2884006
2884028
2884061
2884095
2884116
2884148
2884170
2884192
2884226
2884248
2884282
2884304
2884326
2884347
2884368
2884401
2884434
2884455
2884477
2884521
2884543
2884564
2884609
2884641
2884663
2884685
2884730
2884751
2884785
2884828
2884860
2884892
2884913
2884933
2884966
2884988
2885009
2885030
2885075
2885118
2885140
2885161
2885193
2885221
2885242
2885263
2885284
2885327
2885348
2885382
2885404
2885426
2885458
2885479
2885501
2885533
2885566
2885600
2885621
2885642
2885663
2885697
2885718
2885740
2885760
2885794
2885816
2885838
2885859
2885913
2885945
2885977
2885998
2886030
2886062
2886096
2886117
2886139
2886171
2886192
2886214
2886248
2886269
2886290
2886324
2886345
2886379
2886400
2886421
2886461
2886493
2886515
2886545
2886566
2886587
2886608
2886629
2886674
2886708
2886730
2886751
2886772
2886806
2886840
2886861
2886882
2886915
2886936
2886958
2886991
2887023
2887055
2887076
2887097
2887129
2887150
2887172
2887193
2887225
2887257
2887289
2887310
2887330
2887352
2887373
2887407
2887429
2887461
2887493
2887537
2887559
2887580
2887613
2887647
2887725
2887758
2887791
2887813
2887834
2887866
2887900
2887954
2887988
2888022
2888044
2888078
2888100
2888146
2888168
2888190
2888223
2888245
2888279
2888301
2888323
2888345
2888379
2888435
2888456
2888477
2888498
2888520
2888554
2888575
2888618
2888639
2888660
2888692
2888713
2888767
2888799
2888819
2888840
2888861
2888882
2888903
2888935
2888956
2888977
2888998
2889019
2889041
2889075
2889097
2889119
2889151
2889207
2889239
2889261
2889293
2889315
2889348
2889370
2889392
2889414
2889435
2889457
2889479
2889499
2889533
2889554
2889575
2889609
2889630
2889663
2889684
2889705
2889738
2889759
2889792
2889836
2889858
2889880
2889914
2889936
2889957
2889979
2890000
2890021
2890075
2890097
2890119
2890141
2890163
2890197
2890218
2890240
2890261
2890292
2890323
2890368
2890438
2890459
2890493
2890525
2890547
2890581
2890603
2890625
2890659
2890693
2890725
2890746
2890767
2890801
2890847
2890869
2890891
2890912
2890932
2890954
2890975
2891018
2891052
2891074
2891096
2891118
2891164
2891185
2891206
2891228
2891250
2891270
2891303
2891325
2891347
2891369
2891391
2891423
2891445
2891466
2891500
2891534
2891555
2891576
2891598
2891620
2891641
2891662
2891696
2891718
2891750
2891784
2891805
2891826
2891847
2891879
2891912
2891934
2891955
2891987
2892008
2892029
2892051
2892081
2892124
2892145
2892166
2892186
2892242
2892276
2892310
2892366
2892400
2892430
2892452
2892473
2892493
2892514
2892535
2892568
2892589
2892610
2892631
2892663
2892684
2892716
2892737
2892771
2892803
2892825
2892846
2892867
2892888
2892922
2892954
2892988
2893008
2893042
2893063
2893084
2893106
2893127
2893160
2893181
2893202
2893224
2893244
2893276
2893307
2893341
2893363
2893385
2893417
2893438
2893459
2893493
2893525
2893557
2893578
2893599
2893631
2893652
2893684
2893705
2893726
2893747
2893768
2893788
2893809
2893843
2893877
2893898
2893920
2893941
2893962
2893996
2894028
2894049
2894081
2894103
2894123
2894145
2894166
2894188
2894222
2894256
2894321
2894343
2894365
2894399
2894420
2894442
2894463
2894484
2894518
2894539
2894571
2894612
2894646
2894680
2894724
2894745
2894779
2894800
2894822
2894844
2894866
2894887
2894909
2894930
2894962
2894994
2895015
2895036
2895055
2895076
2895097
2895118
2895139
2895160
2895181
2895203
2895224
2895245
2895267
2895288
2895308
2895342
2895363
2895397
2895418
2895439
2895471
2895503
2895523
2895545
2895566
2895587
2895609
2895667
2895701
2895734
2895755
2895776
2895797
2895819
2895840
2895861
2895881
2895903
2895935
2895957
2895979
2896013
2896035
2896069
2896090
2896111
2896133
2896155
2896187
2896208
2896230
2896251
2896291
2896323
2896355
2896376
2896397
2896419
2896440
2896461
2896493
2896527
2896549
2896592
2896613
2896647
2896665
2896686
2896706
2896738
2896759
2896780
2896814
2896848
2896903
2896924
2896967
2896988
2897033
2897055
2897076
2897098
2897132
2897178
2897199
2897221
2897279
2897300
2897334
2897368
2897389
2897411
2897432
2897466
2897520
2897554
2897588
2897609
2897630
2897651
2897672
2897706
2897740
2897761
2897782
2897804
2897826
2897847
2897868
2897902
2897936
2897956
2898000
2898040
2898062
2898094
2898116
2898138
2898159
2898180
2898201
2898235
2898256
2898299
2898355
2898376
2898398
2898443
2898465
2898497
2898519
2898541
2898562
2898583
2898605
2898627
2898649
2898683
2898729
2898750
2898782
2898814
2898870
2898915
2898949
2898970
2898992
2899014
2899035
2899056
2899089
2899123
2899144
2899165
2899187
2899208
2899230
2899250
2899271
2899292
2899313
2899333
2899354
2899388
2899409
2899431
2899465
2899487
2899508
2899529
2899551
2899572
2899593
2899614
2899635
2899669
2899736
2899758
2899779
2899801
2899823
2899856
2899888
2899910
2899929
2899950
2899982
2900004
2900038
2900070
2900091
2900111
2900133
2900154
2900175
2900196
2900217
2900239
2900260
2900281
2900302
2900334
2900368
2900389
2900421
2900443
2900464
2900485
2900507
2900541
2900584
2900606
2900627
2900648
2900669
2900703
2900725
2900746
2900767
2900801
2900822
2900843
2900864
2900885
2900906
2900927
2900959
2900980
2901011
2901032
2901062
2901095
2901127
2901148
2901180
2901260
2901282
2901314
2901357
2901379
2901401
2901422
2901444
2901465
2901497
2901518
2901550
2901572
2901592
2901624
2901658
2901679
2901711
2901732
2901753
2901785
2901828
2901850
2901871
2901903
2901924
2901956
2901978
2902000
2902021
2902043
2902075
2902107
2902140
2902173
2902194
2902215
2902236
2902258
2902279
2902301
2902323
2902368
2902389
2902410
2902431
2902451
2902471
2902501
2902523
2902557
2902591
2902623
2902645
2902666
2902688
2902709
2902752
2902774
2902795
2902815
2902835
2902856
2902890
2902912
2902944
2902966
2902998
2903019
2903040
2903083
2903105
2903126
2903159
2903217
2903239
2903271
2903292
2903324
2903358
2903380
2903401
2903433
2903454
2903475
2903496
2903560
2903668
2903738
2904278
2904379
2904412
2904449
2906038
2907997
2908016
2909045
2909382
2909449
2910720
2911464
2911568
2911596
2911647
2911872
2912025
2912054
2912600
2912719
2912737
2912764
2913457
2913729
2913757
2913785
2913814
2913911
2913979
2914044
2914069
2914095
2914129
2914166
2914204
2914232
2915293
2915347
2915373
2915426
2915447
2915473
2915500
2915565
2915594
2915616
2915638
2915660
2915695
2915730
2915757
2915772
2915804
2915973
2916036
2916064
2916090
2916118
2916146
2916174
2916234
2916261
2916288
2916353
2916403
2916441
2916468
2916505
2916533
2916561
2916669
2916695
2916721
2916759
2916796
2916834
2916872
2916899
2916960
2917240
2917295
2917320
2917350
2917377
2917433
2917454
2917482
2917510
2917578
2917600
2917627
2917655
2917676
2917703
2917760
2917815
2923970
2923989
2924015
2924114
2924213
2924248
2924367
2924397
2924631
2925039
2925076
2925189
2925264
2925323
2925352
2925466
2925564
2925594
2925766
2925878
2925999
2926095
2926638
2926692
2927759
2927805
2927851
2927883
2927957
2927987
2928016
2928529
2928560
2932907
2933172
2933201
2933230
2933300
2933328
2933648
2933941
2934034
2934398
2935042
2935078
2935114
2935308
2935547
2935728
2935860
2935889
2936138
2936405
2936445
2936472
2936615
2936686
2936752
2936770
2936800
2940507
2940610
2940689
2941598
2941614
2941829
2941912
2945327
2945377
2945411
2945443
2945478
2945498
2947286
2947322
2947762
2948421
2948496
2948587
2948661
2948810
2948850
2948887
2948914
2948973
2949049
2949182
2949213
2949337
2949603
2949957
2949987
2950017
2950047
2951173
2951193
2951579
2951610
2951627
2951658
2951724
2951749
2951830
2951849
2951872
2951991
2952063
2952140
2952412
2952485
2952515
2952723
2952761
2952982
2953200
2954785
2954814
2954877
2954929
2954987
2955079
2955114
2955148
2955296
2955419
2955454
2955473
2955580
2955627
2955667
2955710
2955727
2955755
2955782
2955810
2956708
2956818
2956861
2963100
2963129
2963160
2963188
2963305
2963337
2963403
2963774
2964732
2964958
2965083
2965197
2965233
2971419
2971534
2971585
2971684
2971862
2972096
2972291
2972803
2972817
2972892
2973001
2974850
2975436
2975581
2975610
2975632
2978584
2978817
2978895
2985273
2985347
2986834
2986885
2987117
2989211
2989241
2989474
2989501
2989518
2989547
2989576
2989616
2989724
2989744
2989878
2989907
2989924
2990030
2990181
2990277
2990489
2990520
2990652
2990681
2991331
2991890
2991921
2991963
2992249
2992514
2992614
2993811
2994118
2995442
2995638
2995674
2995709
2995745
2996243
2996309
2996549
2996603
2996785
2996802
2996832
2996851
2996882
2996924
2996966
2996985
2997004
2997047
2997142
2997215
2997234
2997253
2997272
2997303
2997356
2997878
2998980
2999012
2999032
2999064
2999084
2999116
2999148
2999168
2999199
2999218
2999238
2999281
2999298
2999604
2999818
2999846
2999943
2999967
3000303
3000778
3001016
3001880
3002452
3002470
3002894
3002968
3002985
3003106
3003122
3003150
3003227
3003405
3003722
3003796
3005733
3005761
3006153
3006217
3007357
3007923
3007962
3008004
3008243
3008643
3008823
3008930
3008958
3009570
3010039
3010468
3010495
3011174
3012234
3014000
3014394
3014643
3014660
3014851
3015045
3015079
3015113
3015147
3015169
3015191
3015225
3015247
3015281
3015313
3015344
3015364
3015396
3015416
3015448
3015504
3015536
3015557
3015591
3015623
3015657
3015689
3015719
3015740
3015774
3016334
3016397
3016427
3016481
3016511
3016551
3016671
3016871
3016891
3018095
3018205
3019145
3020146
3020285
3020314
3020332
3020384
3020671
3021340
3021379
3021412
3021543
3021560
3022650
3022749
3022810
3022863
3022899
3023164
3023201
3023238
3023275
3023312
3023524
3023542
3023576
3023706
3023871
3023907
3024445
3025044
3025079
3025114
3025150
3025185
3025221
3025257
3025312
3025383
3025476
3025999
3026525
3026557
3026586
3026615
3026959
3028437
3028606
3028654
3028712
3028783
3028811
3028839
3028913
3028986
3029003
3029027
3029835
3030338
3030371
3030400
3030431
3033813
3033849
3034540
3034556
3034817
3035050
3035877
3036227
3037139
3037723
3038184
3038574
3038862
3038891
3038943
3038969
3039367
3039385
3039520
3039897
3040037
3040149
3040390
3040418
3040455
3041689
3041708
3042016
3042378
3042625
3042669
3042987
3043712
3043731
3044271
3044447
3044861
3044899
3044929
3044981
3045045
3045064
3045083
3045112
3046510
3046565
3046590
3046610
3046636
3046662
3046697
3046732
3046748
3046769
3046809
3046836
3046870
3046890
3046910
3046928
3047316
3047550
3047585
3047622
3047657
3047692
3047930
3048099
3048156
3048362
3048390
3048454
3048564
3048880
3048906
3048934
3048949
3048986
3049022
3049060
3049093
3049126
3049463
3049584
3049664
3049694
3050190
3050274
3050304
3050466
3050516
3050544
3050572
3050594
3050609
3050635
3050666
3050695
3050725
3050890
3050916
3051097
3051935
3052354
3052532
3052558
3052589
3052624
3052654
3052685
3052716
3052747
3052778
3052818
3052853
3052887
3052926
3052953
3053186
3053310
3053341
3053375
3053410
3053675
3054284
3054325
3054366
3054400
3054432
3054473
3054499
3055822
3055859
3055894
3055934
3055971
3056008
3056046
3056085
3056124
3056204
3056244
3056302
3057365
3057401
3057792
3058377
3058406
3058449
3059099
3059483
3059513
3059624
3059699
3059730
3059762
3059794
3059827
3059861
3059893
3059922
3060242
3060285
3060387
3060405
3060457
3060772
3060802
3061096
3061524
3061553
3061802
3061911
3062274
3062736
3062858
3063082
3063351
3063383
3064347
3064377
3064395
3064538
3064769
3064964
3065019
3065060
3065165
3065187
3065253
3065282
3066017
3066650
3118512
3118561
3118589
3118841
3119516
3119543
3119747
3119765
3120212
3120269
3120329
3121256
3122148
3123878
3125466
3125555
3127198
3127229
3129106
3129187
3129275
3131342
3133193
3133226
3133332
3134267
3134553
3135438
3136180
3137803
3137869
3137906
3139329
3140656
3140698
3140728
3140982
3141012
3141052
3141086
3141231
3141321
3141390
3141426
3141567
3141632
3141662
3141692
3142237
3143147
3143175
3143359
3143390
3143418
3143436
3143459
3143514
3143548
3143659
3143911
3144134
3144191
3144277
3144304
3144360
3145092
3145109
3145127
3145144
3145222
3145409
3145445
3145544
3145597
3145629
3145647
3145984
3146184
3146382
3146413
3146466
3146518
3146542
3146570
3146598
3146640
3146704
3146725
3146780
3147210
3147239
