0
65
103
131
147
178
250
328
400
436
473
1565
3781
4650
4683
4907
4942
4977
5006
5033
5062
5081
5110
5151
5176
5204
5656
5688
6427
6450
7030
7172
7268
8290
8941
8972
9386
10010
18277
18713
18730
18760
18791
18829
20092
20110
20161
20204
20680
20859
22072
22092
22214
30334
30375
30417
38329
38358
38391
38407
38785
39024
39359
40472
40504
41728
43287
44930
45252
45875
46235
46638
47227
47821
48479
49299
50287
51317
51996
52590
53036
53805
55367
55479
55856
56254
56274
56295
56316
56337
56369
56744
56775
56807
57160
57178
58542
59486
60041
60178
60481
60968
61291
61321
61990
62975
63477
63530
63705
63735
63765
63805
63833
63862
63902
63980
64058
64320
64579
64613
64670
64704
64746
64789
64832
64875
64910
64961
64990
65438
65565
65604
67304
67757
68010
68191
68540
68571
68598
68640
68667
69406
69432
69847
70118
70149
70170
70196
70532
70696
71194
71887
72668
72697
72782
72812
74358
74430
74816
75050
75237
75382
75575
76089
76511
76660
76695
82299
82330
82351
82371
82399
82451
82481
82682
83053
83411
83431
114402
114418
114442
114686
114727
115824
116297
116343
116372
116399
116951
116992
117015
117048
117078
117111
117142
117181
117210
117224
465490
465929
465958
466052
466166
466240
466289
466604
466674
466724
466761
466821
466859
466891
466920
466974
467022
467275
468046
468075
468797
468831
468998
469224
469338
469379
469724
469747
469991
471120
471856
472106
473195
473222
473266
473283
473312
473612
473658
474134
474266
474389
475021
490126
490211
490282
490798
490832
490910
491141
492810
492832
492857
492882
492907
492932
492957
493002
493027
493052
493077
493102
493124
493149
493174
493199
493224
493249
493274
493319
493344
493369
493394
493416
493441
493466
493491
493516
493541
493566
493591
493616
493641
493666
493688
493713
493738
493763
493788
493813
493838
493863
493888
493913
493938
493964
493988
494013
494038
494063
494088
494113
494138
494163
494187
494211
494235
494259
494477
494576
494782
495158
495186
495470
495629
496131
496290
496363
496398
496732
496810
496836
496898
496949
496973
496992
497785
497814
497843
497872
497904
498010
498119
498663
498726
498759
498777
498806
498838
498954
498986
499011
499044
499156
499770
499805
499860
500309
500828
501024
501054
501442
501719
501835
501865
501923
501941
502121
502151
502254
503574
503698
504896
504966
504997
505028
505048
505312
505478
505524
505624
505699
505885
506046
506248
510773
510841
510864
510927
510975
511111
511250
512787
512820
513458
513585
513649
513780
513836
514852
519153
519487
519608
519627
521689
521828
521880
521940
521998
522018
522115
522142
522357
522388
522948
523055
523439
523483
523511
523574
523637
523665
525363
525423
525495
525547
525659
525733
526694
528738
528753
528821
572916
572934
572966
573011
573040
573072
573193
573257
573613
573703
574221
574321
574539
574602
574715
574811
574840
574905
574932
574990
575082
575146
575217
575265
575315
575826
576261
576382
576497
576599
576658
576764
576888
576948
577067
577208
577324
577433
578213
578243
578269
578299
578329
578390
578514
578578
578674
578721
578749
578780
578795
578824
581012
581041
581074
581114
581376
581483
582337
582377
582414
582558
582606
582638
582668
582699
582754
582786
582840
582871
582903
582935
582966
583022
583053
583108
583140
583172
583203
583235
583267
583299
583331
583363
583395
583427
583459
583491
583522
583554
583586
583618
583650
583681
583713
583745
583777
583809
583841
583873
583905
583937
583969
584001
584033
584065
584097
584128
584160
584190
584222
584254
584286
584318
584350
584382
584414
584446
584654
584678
584702
584739
585141
585304
585324
585356
586069
586086
586191
586256
586296
586313
586352
586987
587540
588061
588096
588562
588595
588673
589121
589194
589475
589694
589984
591077
591299
591314
591481
591509
592506
592587
592648
593141
593657
594248
594953
595886
596208
596241
596950
596969
597810
597879
597930
598309
598340
598441
598505
598571
598691
598856
598916
599026
599048
599180
599365
599399
599426
599576
610308
614824
614980
615564
616097
616114
616171
617248
617279
617310
617342
617379
617418
617453
617513
626432
626456
626483
626510
626537
626561
626585
626609
626633
626657
626681
626707
626734
626760
632972
633815
634658
634720
635966
636176
636193
637261
668599
669314
669345
669374
674230
674440
674481
674513
674547
675180
675200
675889
676412
677399
677416
677606
677622
677665
678060
678080
678544
678580
678619
678660
679051
679835
680356
680686
680902
681400
681964
682308
682633
683379
683444
683680
684586
684950
685066
685243
685382
686135
686165
686336
687254
687285
687316
687336
688071
688525
688621
688778
689002
689218
689504
690454
690568
690586
691034
691158
691176
691360
691647
692189
693354
693723
694212
694337
694768
695547
695579
695617
696387
696419
696457
696475
697142
697171
697200
697229
697499
697533
697620
698161
698216
698283
698332
698391
698454
698478
698505
700260
700275
700333
700400
700536
700566
700830
700859
700888
700918
701295
701337
701497
701529
701862
701947
701977
702162
702192
702302
702380
702590
703045
703084
703232
703249
703279
703307
703323
703367
703380
703408
703632
703661
703692
703724
703855
703878
703942
704025
704463
704494
704986
705019
705060
