_0 4455,9040|4508,9040|4594,94888|4606,9154|4610,94888
__kernel__ 5145,11340|5145,11691
_acct 1614,19318|1614,19685|3220,19318|3220,19685|3256,19318|3256,19685
_class 2073,682|3439,678|3518,934|3551,1195|3748,1902|3944,1577|3944,2258
_coverd 1614,19191|1614,19558|3220,19191|3220,19558|3256,19191|3256,19558
_densiti 2376,126|2376,268|2376,416|2376,564|2376,706|2376,848|2376,996|2376,1144|2376,1286|2376,1428|2376,1570|2376,1712|2376,1860|2376,2008|2376,2150|2376,2292|2376,2441|2376,2590|2376,2734|2376,2878|2376,3028|2376,3178|2376,3321|2376,3464|2376,3614|2376,3764|2376,3903|2376,4042|2376,4187|2376,4332|2376,4473|2376,4614|2376,4759|2376,4904|2376,5056|2376,5208|3345,195|3345,227|3345,259|3345,291|3345,323|3345,355|3345,387|3345,419|3345,451|3345,483|3345,515|3345,547|3345,580|3345,613|3345,645|3345,677|3345,709|3345,741|3345,773|3345,805|3345,837|3345,869|3345,902|3345,935
_docanchor 1614,19291|1614,19658|3220,19291|3220,19658|3256,19291|3256,19658
_eland_multi 1401,2000|1477,881|1489,1800|1568,1577|1649,1458|2003,881|2142,510|2172,2046|2303,2018|2554,1279|2927,2075|2979,437|3074,881|3335,2018|3339,921|3494,921|3570,2021|3796,2075|3797,1459|3821,881|3881,921|4039,2075
_fmt 1614,19229|1614,19596|3220,19229|3220,19596|3256,19229|3256,19596
_fullpap 4800,89
_method 1614,21410|1614,21715|3220,21410|3220,21715|3256,21410|3256,21715
_ob 1614,19134|1614,19501|1614,21367|1614,21672|3220,19134|3220,19501|3220,21367|3220,21672|3256,19134|3256,19501|3256,21367|3256,21672
_orig 1614,19243|1614,19610|3220,19243|3220,19610|3256,19243|3256,19610
_origin 1614,19260|1614,19627|1614,21386|1614,21691|3220,19260|3220,19627|3220,21386|3220,21691|3256,19260|3256,19627|3256,21386|3256,21691
_pathwayv5 4800,106
_piikey 1614,21437|1614,21742|3220,21437|3220,21742|3256,21437|3256,21742
_rdoc 1614,19217|1614,19584|3220,19217|3220,19584|3256,19217|3256,19584
_sequenc 1401,1944|1477,825|1489,1744|1568,1521|1649,1402|2003,825|2142,454|2172,1990|2303,1962|2554,1223|2927,2019|2979,381|3074,825|3335,1962|3339,865|3494,865|3570,1965|3796,2019|3797,1403|3821,825|3881,865|4039,2019
_sme_with_sigmech_java1 4744,93
_sort 1614,19279|1614,19646|3220,19279|3220,19646|3256,19279|3256,19646
_stargenom 1318,340|1328,322|1338,89|1338,189|1353,98|1353,207|1364,322|1413,340|1450,89|1450,189|1482,89|1482,189|1487,322|1533,322|1552,340|1615,340|1673,322|1729,78|1729,167|1993,322|2005,322|2007,340|2049,98|2049,207|2076,340|2108,322|2125,89|2125,189|2181,340|2348,322|2418,98|2418,207|2500,98|2500,207|2649,89|2649,189|2701,322|2702,322|2751,89|2751,189|2781,89|2781,189|2787,322|2807,89|2807,189|2879,300|2881,78|2881,167|2894,98|2894,207|2929,78|2929,167|3011,300|3035,89|3035,189|3041,340|3046,98|3046,207|3107,322|3194,98|3194,207|3249,98|3249,207|3298,98|3298,207|3365,340|3378,89|3378,189|3395,340|3480,340|3607,340|3659,98|3659,207|3690,322|3702,89|3702,189|3769,98|3769,207|3774,89|3774,189|3784,89|3784,189|3809,89|3809,189|3822,340|3855,300|3908,98|3908,207|3925,98|3925,207|3949,89|3949,189|4011,340|4049,300|4057,322|4117,98|4117,207|4141,340|4161,322|4165,89|4165,189|4206,98|4206,207|4211,98|4211,207|4233,340|4334,78|4334,167
_startmp 3467,4193
_thisweekinpna 4800,122
_udi 1614,19153|1614,19520|3220,19153|3220,19520|3256,19153|3256,19520
_urlvers 1614,19354|1614,19721|3220,19354|3220,19721|3256,19354|3256,19721
_user 1614,19178|1614,19545|3220,19178|3220,19545|3256,19178|3256,19545
_userid 1614,19372|1614,19739|3220,19372|3220,19739|3256,19372|3256,19739
_version 1614,19339|1614,19706|1614,21467|1614,21772|3220,19339|3220,19706|3220,21467|3220,21772|3256,19339|3256,19706|3256,21467|3256,21772
