0
45
124
203
256
305
401
512
599
646
698
767
937
1020
1115
1197
1242
1269
1594
2320
2550
366467
366562
366798
366827
367202
368715
368770
369291
369621
369723
369778
369870
370291
370727
372170
372809
372946
372970
373362
373780
374055
374231
374469
374866
375516
375586
375625
375807
375960
376621
377121
377195
377380
377895
378127
378540
378654
378753
378796
379006
379379
379440
379776
380288
380317
380525
380670
380810
380829
381004
381410
381575
381642
381696
381724
381832
381851
382276
382398
382541
382636
382786
382947
382981
383048
383586
383706
384243
384273
384350
384380
384410
385109
385137
385753
386194
387017
387048
387437
387725
387949
388497
388564
389359
389694
389775
389924
389942
389975
390009
390193
390248
390278
391036
391340
391603
391660
391692
391723
392157
392856
392886
392919
393153
393191
393451
394022
394081
394099
394749
394799
394840
394945
394997
398196
398231
398270
398289
399132
399165
399215
399234
399340
400039
400086
400145
400977
401235
401644
401675
401708
401770
401805
401842
401908
402435
403323
403939
403973
404002
404069
404107
404636
404675
404848
405495
405514
405579
405613
406186
406222
406510
406952
406996
407026
407165
407653
407855
407882
408005
408032
408049
408085
408124
408183
408229
408263
408301
408462
408626
409188
409405
411544
411586
411617
411693
418878
418983
419012
419044
419097
419126
419159
419186
419202
419265
419314
421241
421494
421902
422236
422266
422283
422341
422366
422416
422441
422501
422712
422739
422809
422834
422854
422926
423444
423468
423492
423515
423564
423613
423661
424070
424432
425009
425025
425240
425261
425404
426062
428041
428248
428860
430065
430081
430103
430261
430308
430343
430366
430407
430443
430483
430684
430716
430779
430805
431033
431088
431117
431195
431625
431655
431685
431701
432894
432926
432954
432985
433013
433515
433911
433931
436136
436172
436518
436603
436907
436923
438791
439039
439074
439220
441653
442454
442488
442883
443435
443468
443905
443932
453162
453232
453260
453990
454041
454088
454144
454218
454295
454326
455838
457334
457680
457741
458071
458244
458328
458416
458448
458486
458517
459200
459266
459908
460485
460516
461098
461212
461409
462091
462130
462282
462335
462368
462401
463247
463990
464699
464880
465232
465266
465621
465664
465707
467117
467227
467564
467868
467887
467907
468985
470185
470310
470419
470437
470455
470508
470541
470618
470673
470880
470912
470947
470980
471015
471049
471079
471134
471154
471332
471352
471432
471481
471636
471656
471687
471762
471792
472153
472172
472293
472336
472599
472796
472815
472842
472868
472898
475550
475645
475713
476129
477961
477988
478016
478084
478111
478143
478298
478361
479522
479573
479818
479848
480161
480184
480235
480949
480983
481012
481041
481070
481179
481209
481585
481605
481625
481958
482566
483683
483816
484061
484875
484970
485026
485184
485919
487032
487403
487685
488146
488222
488538
488908
488926
489132
489985
490104
490310
490354
490844
491389
491547
491579
491597
491846
491981
491999
492503
492953
493360
493600
494889
495113
495208
495611
497737
497771
498209
498275
498761
498814
498892
499029
499145
499194
499428
500126
500327
500412
501124
501142
501180
501643
501839
502293
502353
503325
503410
503453
503510
503629
503646
503663
503713
503754
503876
504837
505032
505097
505116
505134
505168
505580
507521
508335
508375
509218
509248
509303
509576
509789
510025
510056
510963
512890
513259
513290
513319
513348
513784
513840
513895
514441
514480
514509
514542
514591
514809
514939
514956
514987
515018
515049
515131
515150
515642
515671
516043
516199
516434
516452
516481
516509
516617
516732
516760
516861
516895
516940
516968
517033
517049
517343
517898
518000
518240
518465
518493
518510
518526
518561
518589
518775
518808
519065
519992
520018
520044
520070
520096
520122
520148
520300
520761
520807
520915
521965
522477
522503
534170
534407
534685
535092
535227
535376
535450
535641
535720
535738
535756
535813
535939
536015
536227
536978
537200
540162
540344
540623
540847
541366
541955
542084
542113
542174
542199
544307
544341
544369
544509
544540
544581
544611
544640
544670
544696
544715
544741
544811
554553
566158
566197
566336
570377
570414
570450
570494
570539
570584
570629
570673
571765
571830
571870
571925
571943
573334
576670
576851
577096
578173
578201
578228
578309
578834
579419
579492
580587
580727
581216
581417
581446
581483
581733
582472
582837
582887
583271
583298
583354
586388
586448
586699
587015
587045
587099
587686
587713
587732
587758
587804
587848
587906
590597
590767
590796
590934
590966
592111
592145
593891
593966
594002
594072
594134
594165
594218
594254
594362
594528
594581
594968
595031
595063
595097
595110
599697
599728
599953
601787
601846
601876
601898
601941
602003
602029
602053
602077
602100
602131
602158
602618
602999
603031
603062
603091
603111
603170
603242
603271
603297
603323
603341
603359
603396
603429
603460
603863
604173
604215
604232
604255
604687
604705
606787
607329
607764
608388
608455
608618
608655
608689
615577
617523
617542
622516
622670
622750
623259
623305
623352
624278
624390
624835
624917
624946
624998
625141
625167
625195
631711
631739
631767
636679
642760
642792
644196
645132
645200
645255
645287
645349
645777
645814
645854
646981
647012
647036
647625
648066
649222
649303
649367
649394
649463
649542
649849
650511
650736
650763
650780
650925
650941
651024
651489
651506
651932
651965
651983
652583
652640
652676
652702
652902
653843
654154
654325
654411
654426
655020
655064
655108
655218
655581
656295
656397
656428
656445
656470
656485
656556
656666
656718
656747
656912
657079
657246
658352
659402
660288
661174
661296
661352
661384
661418
661452
662361
662386
665419
665470
665532
665698
666017
666075
666178
666418
666438
666455
672421
673212
673231
673370
673480
673572
673664
673721
673749
673928
673984
674260
678209
678226
678468
679800
682937
683061
683177
683243
683262
683370
683405
683423
684060
684419
684597
684652
684833
684867
688194
688661
689573
689613
689678
689713
690052
723285
723354
723419
723495
723564
723628
723700
723835
723900
723972
724043
724133
724457
724484
724626
724770
724926
725387
725415
725619
725643
725665
725687
725710
725733
725756
725778
725964
726129
726158
726525
727060
727139
727893
727909
729414
729548
729689
729715
729774
739513
739700
740761
740896
741043
741267
745176
745196
745361
746029
746216
746419
746736
768712
768738
768797
768879
768913
768942
769169
769218
769324
769356
769410
769465
769563
769659
769782
769923
769960
770004
770109
770142
770312
770348
770448
770498
770517
770552
770584
770613
771037
771105
771211
771299
771863
772236
772272
772328
772682
773832
774128
774159
774693
774719
778562
778588
778639
778691
786490
786665
790704
790739
793200
796314
796620
796722
796837
796926
797086
797147
797176
797224
797308
797593
798088
798125
798141
798174
798193
798231
799770
801222
802618
804148
804403
804431
804552
804648
804673
804687
805143
805607
805728
805746
805774
805987
806051
806081
806445
806637
806683
806869
806906
807137
807543
807600
808051
808088
808219
808249
808286
808326
808607
808649
808754
808786
808818
808928
809054
809331
809816
809857
809907
809958
810009
810066
810129
810186
810247
810300
810446
811554
811702
811731
811761
811791
811924
811976
811991
812019
812195
812212
812229
812246
812262
812280
812298
812315
812331
812392
812469
812749
812887
813610
813685
813905
813923
814686
815261
815417
815832
816127
816338
816355
816374
816405
816494
816524
816557
817462
817521
817562
817660
818049
818305
818557
818706
818910
818928
819048
819101
819423
819456
819492
820766
820827
821287
821317
821351
822002
822032
822061
822113
822143
822171
822308
822716
822748
822780
824898
824932
824971
825370
825681
825973
826170
826715
826764
826795
826830
826865
826899
826935
827014
827050
827090
827290
827645
827720
827749
827802
827829
827886
827918
827954
827988
828447
829204
829789
829822
829850
830049
830074
830504
830570
830751
830780
832917
832946
833593
833616
833647
833677
833715
833755
833811
833844
833909
833938
833971
833999
834102
834134
834168
834202
834239
834279
834319
834357
834393
834433
834472
834512
834552
834618
834832
835018
835055
835093
835128
835164
835199
835336
835376
835410
835564
835603
835686
835747
835809
835849
835886
835926
836034
836117
836201
836238
836276
836338
836378
836417
836455
836540
836598
836635
836696
836735
836819
836880
836919
836999
837036
837121
837182
837267
837304
837362
837420
837459
837499
837539
837600
837661
837700
837738
837824
837887
837926
838011
838096
838135
838173
838234
838271
838309
838347
838405
838464
838502
838541
838625
838663
838703
838761
838800
838860
838918
838978
839016
839055
839094
839133
839192
839252
839290
839397
839437
839499
839607
839643
839728
839789
839827
839888
839973
840035
840072
840110
840146
840207
840315
840376
840415
840499
840603
840710
840770
840806
840841
840876
840911
840946
840980
841015
841050
841085
841120
841155
841189
841223
841258
841297
841340
841383
841457
841578
841758
841807
841900
841924
842681
842713
842816
842840
843001
843119
843143
843200
843230
843258
843321
843416
843444
844976
845009
845042
845081
845114
845129
845153
845274
845348
845566
845791
846474
846505
846649
851772
851954
852013
852042
852171
852212
852244
852396
852454
853902
853936
853974
854025
854207
854248
854303
854461
854477
854506
854669
855260
855288
855476
855505
855523
855551
855729
855792
855856
856190
856824
857354
857385
857414
857445
857476
857510
857561
857614
857896
857931
857967
858124
858153
858184
858286
858404
858482
858601
858722
859179
859231
859260
859436
860211
860499
860530
860550
860621
860785
860814
860839
860884
862144
862319
862347
863583
863718
863747
863788
863820
863845
864274
864303
865495
865535
865562
865708
865807
865903
866091
866149
866177
866395
866423
866464
866673
866818
867130
867166
886065
886628
886749
886767
886840
887121
887349
887380
887410
887439
887477
887507
887605
887797
888134
888162
888191
888219
888249
888268
888287
888309
891879
891896
891953
891988
892024
892056
892096
892133
892168
892205
892243
892281
892322
892361
892394
892433
892494
892528
892566
892606
892646
892684
892723
892761
892799
892837
892875
892913
892951
892990
893028
893066
893104
893142
893180
893218
893256
893294
893330
893368
893406
893443
893480
893517
893554
893592
893629
893650
893685
893743
893878
893898
893977
894008
894042
894076
894131
894164
894201
894235
894271
894308
894347
894379
894409
894442
894472
894507
894542
894580
894611
894810
895401
895453
895610
896198
896345
897452
898127
898287
898320
898341
898544
898662
898758
898786
899642
899962
900083
900758
900790
900889
900921
900942
901254
901389
901538
901705
902751
902803
903497
903595
903972
904263
904491
905185
905282
906273
906428
906471
906758
907174
907484
907527
907576
908721
908795
908838
909714
910126
910198
910309
911201
911220
911239
911385
911537
911746
912048
912123
912660
912860
912879
913021
913769
913940
914109
914209
915122
915140
915214
915232
915371
915494
915561
915656
916134
916296
916516
917071
917101
917492
917644
918141
918208
918845
919224
919389
919777
920584
920717
920879
921145
921338
921366
922034
922155
922273
922301
922632
923139
923194
923223
924251
924280
924307
924437
924465
925211
925291
925345
925422
926355
927016
927536
927734
929794
929864
931434
931460
931533
931603
931631
931792
932902
932934
935045
935352
935384
935426
935482
935532
935923
935952
935991
936050
936162
936209
936239
936271
936595
936628
936942
937016
937085
937118
937196
937215
937243
937273
939988
940213
940332
940399
940416
940594
940644
940671
940873
940896
941021
941105
941122
941146
941204
941654
941742
942115
942148
942165
942182
942249
942311
942328
942444
942480
942495
943071
943158
943240
943332
943422
943588
943656
943692
943801
943820
943851
943870
943889
943921
943953
943976
944004
944058
944088
944116
944171
944335
944368
944401
944430
944573
944599
944678
944806
944836
945057
945090
945193
946098
946738
958802
959106
959121
960064
960481
960510
960825
961433
961932
962059
962234
962287
962604
963782
963844
963874
963913
963952
963991
964608
964774
964806
964838
965063
965098
965309
965341
965359
965409
965892
965922
965997
966031
966116
966260
967003
967050
967069
967578
969709
971216
971237
971258
971279
971298
972291
973354
973374
973418
973463
973483
973503
975045
977850
977884
977906
977939
977972
978004
978792
978812
979587
979608
979640
979661
979681
981027
981670
982563
982595
982640
983423
983930
983950
983971
983993
984015
984037
984058
984079
984100
985685
985818
986804
987714
987736
987769
987803
987837
987859
987893
987939
987960
987982
988004
988869
988889
988909
990114
990464
990485
990506
991761
992088
993180
993924
993956
993989
994010
994043
994999
996201
996645
996690
997172
998043
998064
998085
998928
999536
999567
999598
999617
1000500
1001470
1001697
1001719
1001741
1001763
1001785
1002318
1003343
1003363
1004171
1004699
1004775
1004795
1004826
1004857
1005515
1006506
1006526
1006546
1006565
1006584
1006603
1006622
1007609
1007640
1007660
1007680
1007699
1007730
1008360
1008380
1009289
1010711
1010755
1010787
1010818
1010861
1011066
1011085
1011105
1011125
1011145
1011165
1011185
1011217
1011249
1011269
1011288
1011307
1011326
1012519
1013630
1013662
1013681
1013701
1013720
1014792
1014812
1014856
1015377
1016327
1016362
1016556
1016588
1017878
1017909
1017938
1017954
1017983
1018013
1018041
1018072
1018102
1018131
1018159
1018190
1018333
1018903
1019052
1019170
1019459
1019501
1019543
1019573
1019599
1019628
1020039
1020662
1020914
1020986
1021028
1021691
1021710
1021731
1021752
1021784
1023225
1023269
1024113
1025147
1026201
1027239
1028209
1028242
1028273
1029640
1030261
1030292
1031526
1031547
1031567
1032640
1032837
1034146
1035381
1035402
1035422
1035443
1037138
1037622
1037642
1038736
1038756
1039176
1040174
1040195
1040216
1040235
1040256
1040276
1040296
1040315
1041482
1049785
1049806
1050190
1050211
1051292
1051311
1052242
1052286
1052341
1052360
1052380
1052400
1052430
1052461
1054239
1055207
1055228
1055249
1055269
1055525
1055546
1055567
1055610
1055653
1055672
1056663
1058469
1058575
1060327
1061204
1061655
1063310
1063947
1066111
1068906
1069176
1069368
1069388
1069957
1069977
1071149
1072653
1073662
1073705
1073724
1073768
1073811
1073854
1073885
1073913
1075343
1075516
1075618
1075831
1075945
1075995
1076345
1076396
1076427
1077374
1077402
1077432
1077807
1078272
1078654
1078971
1079282
1079339
1079448
1079639
1079667
1079713
1081007
1082826
1083301
1083332
1083381
1083410
1083439
1083468
1083501
1083774
1083793
1083812
1083841
1083918
1083955
1083988
1084025
1084056
1084842
1085635
1085809
1086017
1086047
1086243
1086295
1086324
1086768
1086787
1086990
1087390
1087489
1087543
1087624
1087645
1087675
1087693
1087743
1087777
1087882
1087983
1088036
1088868
1088905
1088933
1088950
1089227
1089459
1089488
1089518
1089551
1090039
1090080
1090100
1090131
1090185
1090217
1090258
1090290
1090472
1091184
1092049
1092112
1098147
1098746
1098793
1098824
1098916
1098965
1099078
1099130
1099165
1099276
1099331
1099383
1099494
1099513
1099684
1099778
1100539
1100733
1100762
1100949
1100977
1101202
1101220
1103258
1103285
1103540
1103647
1104020
1104038
1105403
1105482
1105536
1105627
1105697
1105729
1105761
1105789
1105822
1105871
1105902
1106012
1106043
1106100
1106145
1106264
1106293
1106771
1106797
1106822
1107050
1107336
1107772
1107788
1107848
1107947
1107964
1109272
1113290
1113318
1113413
1114257
1114595
1114612
1114644
1114674
1115118
1115519
1117933
1118138
1118817
1118981
1119186
1119372
1119402
1119902
1120729
1120970
1121877
1121936
1122163
1122562
1122619
1123084
1123758
1123804
1123839
1125504
1125534
1125593
1125664
1125971
1126045
1126168
1126302
1126435
1126490
1126510
1126557
1126642
1126669
1126686
1126869
1127093
1127131
1128135
1128658
1129594
1129635
1129660
1129692
1129796
1129830
1130241
1130269
1130296
1130347
