0
51
80
500
550
580
610
646
672
708
946
981
1191
1241
1382
1424
1452
2219
2901
2936
2961
2987
3015
3056
4392
4845
4876
4907
4943
5071
5105
5156
5208
5239
5269
5298
5329
5356
5392
5428
5459
5489
5524
5556
5596
5640
5671
5701
5729
5781
5821
5861
5906
5951
5996
6041
6086
6131
6176
6221
6266
6311
6343
6372
6401
6431
6462
7238
7652
7681
7721
7739
7820
7886
7941
8024
8106
8188
8270
8352
8402
8484
8566
8648
8730
8813
8896
8979
9061
9079
9161
9243
9325
9408
9490
9573
9601
9683
9766
9791
9840
9891
11075
11192
11455
11491
11526
11562
11597
11633
11668
11703
11737
11771
11807
11842
11877
11912
11948
11983
12015
12048
12081
12115
12149
12179
12214
12249
12305
13238
13411
13493
14884
14913
15089
15118
16442
17250
17580
18103
18390
18445
18464
18627
18875
18953
19408
19429
19469
19498
19581
19664
19747
19829
19990
20019
20100
20136
20217
20299
20381
20397
20479
20561
20643
20725
20808
20890
20972
21055
21137
21219
21301
21383
21465
21548
21630
21711
21793
21875
21957
22040
22122
22204
22286
22369
22451
22533
22615
22697
22779
22861
22911
22993
23044
23094
23176
23204
23980
23997
24348
24747
25111
25257
25275
25301
25351
25381
25409
25597
25628
25709
25734
25816
25899
25917
26000
26018
26101
26119
26200
26218
26236
26254
26299
26328
26354
26370
26452
26534
26617
26699
26782
26864
26929
27011
27028
27110
27192
27274
27292
27310
27392
27474
27503
27586
27668
27749
27832
27915
27996
28015
28096
28178
28237
28255
28274
28303
28334
28389
28417
28499
28582
28631
28714
28796
28843
28926
28982
29064
29146
29228
29246
29264
29331
30145
30203
30298
30319
31091
31118
31427
31458
31502
31537
31577
31620
31656
31825
31903
31982
32019
32119
32152
32184
32218
32250
32266
32293
32324
32358
33108
33141
33168
33246
33557
33597
33653
34214
34271
34306
34340
34376
34447
35066
35436
35829
35907
35939
35959
36015
36210
36805
36848
37077
37130
37337
37356
37394
37434
37500
38280
38408
38460
40500
40618
40737
40767
41513
41544
41579
41615
41704
41760
42108
42703
42814
42843
42911
42962
43040
43076
43104
43170
43192
43220
43233
43830
44026
46148
46215
46279
46308
47563
47613
48273
48631
48657
49096
49169
49224
49469
49545
49585
49600
49745
49772
49797
49894
50005
50243
50661
50678
50709
50740
50771
51557
51617
51818
51869
52282
52301
52449
56324
56387
56564
56859
56908
56942
57149
57276
57308
57343
57502
57537
57573
57609
57792
57914
58246
58775
59254
59392
59636
59676
59716
59799
59816
59899
60021
60707
61173
61203
61236
61274
61310
61393
61427
61640
61671
61727
61821
61839
61904
61986
62016
62098
62181
62263
62280
62362
62444
62526
62608
63192
63208
63348
63425
63498
63520
63575
63596
63650
63733
63815
63898
63980
64062
64145
64227
64724
64758
64860
64879
64910
64945
64962
65035
65116
65207
65258
65275
65353
65811
66558
67985
68040
68115
68149
69220
70207
70238
70327
70358
70733
70763
71231
71259
71323
72176
72330
72843
72871
72888
72935
72974
72991
73008
73037
73054
73084
73105
73234
73349
73700
73719
73801
73883
73901
73921
74002
74022
74104
74187
74268
74350
74432
74514
74596
74679
74742
74825
74850
74932
75014
75075
75154
75236
75318
75337
75419
75501
75583
75665
75747
75830
75913
75995
76078
76137
76156
76480
76613
76647
76729
76811
76831
76871
77015
77345
77379
77425
77507
77589
77671
77753
77835
77918
110244
110352
110382
110410
110438
110467
110492
110575
110626
110708
110790
110813
110835
110888
110970
111052
111135
111217
111268
111351
111406
111489
111504
111586
111669
111750
111833
111916
111999
112081
112164
112247
112329
112411
112494
112577
112659
112741
112823
112904
112986
113068
113151
113232
113315
113397
113479
113561
113642
113725
113768
113802
113851
113934
114016
114049
114132
114214
114296
114379
114462
114544
114626
114708
114791
114873
114956
115039
115065
115148
115228
115310
115392
115475
115557
115638
115720
115803
115854
115937
116019
116101
116183
116266
116393
116418
116447
116473
116523
116569
116652
116799
116826
116908
116930
117012
117040
117122
117205
117288
117370
117453
117536
117554
117582
117608
117691
117773
117856
117938
118021
118052
118081
119167
119267
119295
119741
119805
119849
119931
120014
120037
120119
120257
120291
120324
120407
120489
120571
120589
120671
120753
120835
120991
121074
121091
121173
121255
121337
121419
121501
121524
121547
121630
121713
121795
121877
121957
122039
122121
122203
122286
122369
122390
122473
122555
122638
122721
122804
122886
122966
123049
123131
123148
123230
123337
123428
123510
123560
123642
123725
123808
123891
123973
124056
124138
124220
124303
124385
124423
124506
124588
124670
124752
124834
124917
124999
125082
125165
125248
125331
125411
125493
125574
125657
125740
125822
125904
125986
126068
126150
126232
126315
126397
126414
126463
126547
126630
126712
126795
126877
126959
127008
127091
127173
127255
127337
127419
127502
127585
127667
127713
127795
127877
127959
128042
128092
128142
128191
128552
128964
129016
129045
129827
130015
130067
130106
130130
130247
130936
130967
131043
131096
131347
131365
131393
131426
131529
131547
131576
132417
132446
132490
132538
132599
132681
132763
132793
132843
132873
132930
132987
133008
133026
133109
133191
133274
133356
133438
133460
133543
133625
133707
133762
133844
133926
134008
134090
134172
134254
134337
134419
134502
134584
134603
134622
134652
134681
134763
134845
134928
135070
135088
135170
135236
135256
135311
135332
135382
135465
135547
135630
135716
135799
135831
135859
135889
135921
136080
136115
136129
136181
136209
136242
136281
136357
136677
136813
136841
136998
137028
137154
137277
137294
137311
137328
137379
137491
137520
137548
138638
139042
139061
139148
139183
139217
139252
139289
139471
139509
139538
139556
139622
139675
139692
139734
139764
139827
139853
139884
139918
139951
139978
140009
140083
140108
140176
140209
140235
140298
140325
140381
140487
140630
140740
140872
141078
141378
141502
141669
141702
141734
141782
141993
142847
143062
555371
555385
555427
555444
555461
555478
555495
555512
555529
555566
555583
555600
555617
555632
555649
555666
555683
555700
555717
555734
555751
555768
555785
555802
555817
555834
555851
555868
555885
555902
555919
555936
555953
555970
555987
556012
556027
556044
556061
556078
556095
556112
556129
556146
556163
556180
556197
556212
556229
556246
556263
556280
556297
556314
556331
556348
556365
556382
556398
556445
556462
556479
556496
556513
556530
556547
556564
556581
556598
556614
556631
556649
556667
556685
556703
556721
556739
556755
556771
557553
557633
557715
557736
557757
557778
557839
557867
558147
558178
558511
558550
558588
558618
558640
568042
568176
568193
568613
568950
593101
593172
593600
593670
593723
593780
593808
593835
615705
615782
615804
615873
615952
615992
616392
616985
617446
617814
617881
617979
618059
618094
618120
618167
618217
618345
618371
618430
619303
619419
619821
620081
620116
620844
621300
621939
622686
622818
623163
623313
623590
623608
623626
623655
623692
623779
623798
623895
623972
625243
625366
625437
625465
625923
625972
626286
629908
630199
630256
630305
630354
630405
630442
630495
630549
630582
630625
630669
630723
630775
630817
630865
630907
630956
630992
631041
631091
631137
631188
631225
631299
631411
631479
631509
631539
631567
631606
631634
631674
631819
631833
631867
631959
632111
632203
632450
632666
632702
632741
632782
633112
634422
635312
635556
635677
635771
635837
635865
635947
635981
636140
636180
636573
636908
637393
637438
637520
637603
637684
637739
637821
637904
637985
638068
638150
638233
638316
638398
638453
638536
638582
638632
638714
638796
638878
638960
639043
639125
639208
639250
639333
639378
639402
639535
639618
639639
639661
639744
639790
639872
639954
640037
640059
640081
640163
640245
640277
640319
640402
640423
640506
640588
640620
640652
640735
640785
640868
640950
641032
641114
641146
641229
641273
641355
641371
641454
641475
641558
641574
641657
641739
641821
641904
641986
642068
642150
642175
642257
642339
642439
642462
642545
642571
642654
642705
642787
642869
642952
643035
643118
643200
643282
643364
643447
643529
643611
643693
643775
643857
643940
644022
644105
644188
644270
644352
644435
644517
644600
644682
644732
644814
644897
644979
645061
645143
645226
645308
645390
645487
645536
645618
645640
645722
645805
645888
645970
646053
646135
646217
646300
646328
646411
646493
646576
646742
646791
646874
646956
647039
647121
647204
647286
647368
647451
647521
647583
647665
647747
647830
647912
647995
648078
648303
648342
648382
648421
648465
648506
648545
648627
648709
648792
648874
648957
649038
649120
649202
649285
649368
649451
649533
649615
649697
650170
650235
650251
650334
650416
650497
650579
650615
650698
650781
650827
650909
650978
651993
652027
652071
652153
652235
652256
652272
652354
652436
652519
652602
652684
652765
652846
652928
652956
653037
653058
653140
653168
653251
653279
653361
653443
653525
653545
653560
653626
653708
653790
653873
653955
654038
654120
654203
654284
654311
654360
654443
654525
654608
654691
654717
654799
654881
654964
655046
655096
655179
655269
655301
655383
655466
655548
655630
655660
655742
655824
655906
655988
656013
656095
656177
656259
656342
656424
656507
656587
656670
656753
656777
656859
656941
657024
657106
657189
657271
657353
657436
657496
657578
657635
657717
657798
657880
657962
658045
658126
658167
658247
658329
658412
658494
658574
658656
658739
658821
658902
658985
659068
659151
659200
659283
659365
659419
659502
659584
659667
659750
659833
659859
659921
660003
660085
660168
660249
660265
660348
660431
660514
660596
660679
660761
660843
660926
661009
661091
661174
661204
661286
661368
661437
661566
661596
661935
661960
661987
662052
662102
662948
662974
664215
664231
664275
664364
664393
664410
664505
664588
664670
664752
664833
664848
664869
664891
664912
664932
664963
664984
665044
665126
665208
665289
665371
665454
665537
665620
665703
665734
665766
665789
665871
665952
666009
666034
666116
666198
666280
666362
666444
666526
666608
666691
666774
666856
666938
667021
667103
667186
667241
667270
667306
667364
667447
667506
667588
667670
667752
667834
667916
667974
667999
668064
668091
668119
668146
668220
668294
668358
668425
668451
668480
668530
668691
668754
668782
668849
668911
668927
669097
669138
669177
669215
669270
669288
669325
669360
669445
670359
670386
670847
670905
671017
671110
671138
671167
671198
671229
671264
671293
671343
672701
673438
674320
674477
675003
675072
675125
675204
675233
675252
675319
675386
675441
675459
675549
675666
675709
675839
675910
675939
676299
676547
676609
677005
677042
677104
677127
677155
677322
677340
677366
677401
677471
677497
677517
677586
677682
677729
678099
678130
678625
678656
678688
681425
681455
683637
686170
686231
686259
686291
686308
686327
686344
686362
686530
686613
686759
686848
687087
687114
687267
687302
687857
687873
687902
688188
688222
688718
688736
688787
688843
690548
691118
691148
691178
691209
691239
691294
691325
691708
692175
692373
692438
692481
692524
692842
693185
693220
693587
693615
693735
693764
693800
693842
694385
694421
694457
694492
694528
694564
694600
694635
694671
694708
694743
694778
694814
694863
695145
695269
695686
695716
695851
695903
695939
695972
696051
696342
696593
696716
696925
697117
697145
697545
697562
697686
697726
697778
697809
697842
698462
703281
703307
703479
704418
704473
704527
704557
704656
704769
705290
705356
705597
705624
705652
705681
705698
706102
706130
706240
706257
706482
706643
706709
707053
707391
707411
707489
707553
707656
707708
707937
708094
708125
708167
708285
708306
708700
708728
708760
708815
708873
708902
708938
708971
709193
709226
709375
709434
709609
710364
710443
710482
710515
710568
710603
710638
710674
710709
710745
710894
710951
711409
711449
711478
712117
712136
712166
712199
712250
712280
712795
712836
712896
713089
713124
713291
713332
713382
713486
713524
713563
713659
713962
714008
714054
714100
714134
714183
714218
714256
714294
714333
714350
714380
714885
715072
715101
715244
715327
715418
715452
715953
715984
716029
716074
716119
716164
716209
716247
716285
716324
716362
716401
716441
716481
716520
716559
716598
716637
716677
716716
716755
716794
716833
716872
716912
716952
716992
717031
717070
717110
717150
717190
717230
717270
717310
717350
717389
717429
717469
717509
717549
717589
717628
717668
717708
717748
717787
717827
717888
718223
718260
718298
718464
718499
718539
718709
718786
718824
718860
718943
718983
719022
719062
719102
719142
719400
719586
719827
719872
719917
719961
720005
720051
720097
720141
720185
720268
720365
720726
720761
720795
720832
720870
720908
720984
721129
721169
721209
721249
721287
721712
721746
721780
721813
721846
721879
721930
722424
722458
722518
722549
722567
722587
722607
722783
722817
722835
722869
722901
722933
723045
723077
723109
723129
723181
723237
723257
723274
723308
723328
723432
723463
723483
723515
723547
723621
723675
723695
723729
724369
724399
724681
724701
724757
724789
724821
724927
724957
725013
725177
725206
725226
725246
725290
725346
725446
725502
725522
725554
725654
725686
725718
725738
725756
726150
726194
726462
726542
726562
726594
726653
726713
726745
727065
727097
727148
727167
727199
727252
727284
727421
727438
727815
727949
728058
728091
728224
728255
728286
728317
728334
728365
728384
728443
728472
728491
728510
728539
728570
728589
728620
728638
728693
728796
728815
728846
728861
728880
728897
728999
729027
729046
729065
729094
729113
729132
729187
729215
729234
729265
729293
729324
729379
729478
729497
729525
729564
729623
729690
729720
729753
729772
729790
729821
729876
729942
729971
730006
730041
730077
730112
730127
730414
730448
730521
730623
730796
730903
731074
731279
731308
731644
732163
732201
732236
732992
733720
733795
734115
734153
734172
734194
734212
734246
736516
737195
738161
738671
738701
738736
740045
743041
745521
745716
746633
746810
746837
746891
746931
746965
746998
747032
747478
749421
749545
752674
754338
754510
756729
757846
757898
757973
758695
758942
758972
759035
760000
760481
761489
761506
762681
763682
763700
763734
764191
764265
764510
764858
765316
765343
765444
765470
765497
765524
765552
766040
766310
766775
767187
767510
768218
768319
768338
768370
768397
768514
768541
768568
768597
768626
768639
770392
772310
772337
772551
772578
772595
772625
772684
772701
772720
773003
773033
773097
773148
773198
773731
774297
774341
774374
774408
774429
774635
774856
774945
774965
774985
775006
775027
775048
775070
775134
775163
775219
775273
775293
775312
775344
775364
775384
775416
775448
775468
775575
775893
775925
776096
776121
776207
776240
776354
776431
776874
777112
777131
777291
777748
777822
777838
778113
778165
778450
778487
778547
778620
778686
778712
778741
780385
780520
780579
780793
784889
784911
784932
784994
785023
785296
785322
785918
786059
786187
786542
786745
786776
786809
786882
787028
787456
789297
790497
791175
791331
791357
791392
791506
791533
792230
792276
792576
792627
792882
792991
793023
793156
793185
793428
793458
793536
793552
793585
793617
793671
793702
794375
794454
795235
795431
795641
796040
796243
796288
796321
796664
796718
796829
797011
797336
797895
797999
798167
799820
799837
799854
799870
800445
800720
800758
800790
800820
800855
800891
800926
800953
801242
801561
802166
802201
802408
802547
802576
802871
802902
803226
803357
803386
803415
803710
803741
803758
803846
804510
804875
804949
805192
805236
805264
805498
805747
805766
805832
805875
805894
805912
805929
805947
805982
806013
806032
806050
806310
806354
806374
806452
806504
806540
806616
806635
806701
806742
807015
807059
807086
807105
807169
807315
807346
807434
807469
807521
807629
807659
807677
807717
807753
807994
808028
808058
808093
808130
808189
808349
808385
808460
808494
808523
808737
808845
809431
809656
809711
809930
810177
810196
810215
810249
810278
810332
810366
810399
810433
810464
810495
811218
811991
812029
812060
812784
813172
813293
813355
813690
814396
814427
814456
815536
815576
815616
815789
816998
817014
817598
817689
817779
818338
818363
818440
818467
818495
818683
818817
823213
823235
823357
828627
828681
828766
829181
830161
830830
831058
831113
831188
831348
831599
832034
832898
832968
832996
833810
833862
833893
833927
833961
838090
838411
838467
838493
838511
841501
841664
844730
844790
844821
844883
844918
844950
845002
845029
845180
845239
845266
845326
845434
845463
845522
845577
846361
846509
850219
850985
851120
851185
851321
852861
852961
852990
853284
853314
853333
853361
853474
853532
853697
853723
853777
854462
854497
854537
854566
854622
855442
855582
855716
855734
855764
855880
855908
856557
856635
857324
857460
857514
858199
858217
858248
858276
858395
858505
858537
858647
858675
858880
858898
858929
858960
859039
859072
859102
859380
859516
859700
859836
859876
860453
860484
860518
860534
860585
861163
861349
861376
861405
861462
861513
861530
861872
862634
862710
862793
862822
862835
862870
863635
863667
863698
880195
880324
880456
880518
880584
880609
880646
881465
881518
882647
882696
882905
883197
883230
883575
883601
883667
883707
884101
884121
884163
884193
884213
884233
884254
884275
884333
884531
884562
884587
884736
884841
884990
885035
885133
885456
885502
885559
885587
885616
885646
885664
885813
886123
886514
886566
887259
887478
887553
887628
887828
887926
887987
888040
888225
888278
888579
888654
888788
888852
888916
888987
889062
889143
889217
889291
889440
889846
889928
890523
890671
890724
890788
890907
891063
891200
891253
891425
891523
891644
891697
891761
891890
891952
892016
892079
892154
892294
892400
892453
892515
892578
892736
893003
893078
893148
893251
893346
893421
893833
893924
893987
894133
894232
894285
894338
894391
894473
894526
894620
894809
896382
896457
897188
897251
897371
897424
897486
897539
897621
897700
897775
897857
897921
898034
898087
898169
898407
898460
898628
898701
898844
898925
899045
899117
899207
899278
899342
899395
899470
899617
899739
899947
900040
900103
900174
900245
900298
900408
900472
900525
900604
900668
900912
900986
901121
901394
901457
901510
901574
901693
901784
901837
901912
901984
902056
902130
902344
902452
902558
903810
903899
903998
904051
904115
904187
904250
904303
904374
904463
904516
904588
904641
904694
904811
904875
904928
904992
905045
905109
905171
905224
905239
905264
905292
905442
905480
905516
905546
905572
907301
911717
911750
911768
911806
911844
911878
911910
911949
911979
912015
912056
912093
912146
912188
912227
912273
912303
912332
912361
912391
912420
912453
912482
912510
912540
912569
912599
912620
912641
912669
912698
912728
912756
912779
912802
912825
912867
912909
912951
912993
913037
913078
913119
913160
913201
913242
913283
913324
913365
913397
913429
913462
913493
913544
913577
913628
913680
913733
913786
913822
913875
913911
913965
914001
914054
914090
914143
914178
914231
914284
914338
914382
914425
914472
914518
914563
914607
914652
914696
915055
915635
915670
915724
915749
916855
916885
916916
916949
916979
917010
917043
917058
917076
917398
918164
918259
918372
918427
918764
919082
919184
919320
919458
920196
920420
920457
920493
920528
920564
920875
920968
920995
921025
921876
921911
922181
922210
922250
922333
922371
922390
922472
922555
922637
922719
922801
922849
922900
922983
923066
923148
923230
923312
923395
923481
923563
923612
923703
923785
923867
923911
923952
924034
924117
924175
924331
924352
924373
924436
924457
924479
924560
924629
924656
924738
924820
924836
924855
924937
925019
925076
925159
925204
925254
925336
925418
925501
925583
925665
925747
925829
925911
925994
926049
926132
926182
926264
926314
926396
926478
926561
926643
926726
926809
926891
926973
927055
927138
927220
927302
927385
927467
927550
927633
927681
927836
927857
927940
927990
928072
928155
928238
928320
928402
928484
928502
928584
928612
928630
928712
928794
928812
928894
929012
929094
929119
929147
929173
929200
929282
929364
929445
929476
929559
929641
929701
929821
929859
931399
931749
933110
933771
934141
934172
935361
936459
937381
938010
938030
938144
938175
939097
939867
941575
942466
942564
943194
943640
944932
945122
945661
946013
946149
946193
946239
946320
946402
946448
946471
946553
946571
946590
946609
946638
946720
946802
946884
946904
946924
946944
946960
947043
947125
947207
947229
947312
947394
947429
947512
947594
947676
947758
947840
947923
948005
948087
948106
948125
948154
948237
948319
948401
948456
948539
948622
948704
948786
948869
948952
949034
949115
949197
949279
949361
949443
949527
949858
949976
950030
950058
950098
950142
950186
950219
950254
950597
950632
950665
950700
950782
951133
951655
952059
952327
952512
952960
953035
953067
953100
953161
953210
953238
953282
953365
953386
953469
953551
953633
953716
953737
953786
953868
953918
954000
954036
954094
954176
954258
954340
954422
954504
954586
954668
954749
954831
954877
954959
955010
955092
955141
955223
955305
955386
955435
955486
955569
955620
955703
955801
955828
955859
955888
955914
955944
955971
956053
956100
956177
956211
956247
956268
956326
956458
956698
956729
956767
956807
956851
956895
956931
956972
957013
957069
959106
959164
959218
959249
959276
959307
959327
959347
959367
959386
959452
959478
959662
959726
960314
961158
961203
961257
961271
961669
962112
962267
962338
962354
962416
962441
962469
963510
963537
963566
963700
963753
963777
963794
963815
963845
963878
963902
964002
965426
965456
965489
965511
965534
965567
965590
965612
965635
965658
965684
965707
965736
965752
965811
966407
966448
966467
966486
966505
966619
967060
967383
967685
967762
967894
968071
968099
968117
968269
968295
968337
968366
968440
968622
968704
968761
968779
968852
968931
968960
968985
969168
969221
969251
969290
969307
969348
969376
969787
969828
970074
970170
970432
970484
970499
