0
26
225
311
553
787
809
842
874
959
1068
1108
1134
1159
1425
1484
1517
1540
1628
1672
1798
2134
2179
2196
2219
2438
2563
2594
2732
2766
2802
3278
3364
3792
3951
4665
4721
4747
4875
4890
4941
4963
5069
5153
5245
5329
5372
5497
5519
6811
6823
6867
6901
7031
7043
7087
7118
7161
7329
7362
7374
7412
7456
7478
7490
7534
7568
7600
7662
7800
7890
7915
7953
8040
8085
8130
8174
8194
8219
8259
8557
8600
8684
9081
9111
9138
10001
10659
11706
11752
13245
13288
13332
13718
13736
13906
13935
13986
14355
14384
14402
15321
15370
15493
15508
15557
15633
16335
16372
16433
16463
16492
16525
16558
16587
16615
16633
17089
17117
17151
17204
17645
19114
19166
19272
19299
19451
19480
19509
19543
19558
20014
20083
20136
21093
21892
21906
22044
22068
22091
22141
22195
22212
22259
22306
22328
22345
23791
23811
23835
24544
24611
24638
25490
25514
25574
25626
25656
25685
25767
25797
25851
27154
27184
27212
27533
27599
28131
28159
28177
28208
28378
28402
28427
28670
28724
28749
29023
29091
29151
29228
29447
29481
29567
29771
77680
77709
77729
77759
77775
77792
77809
77867
80360
80423
80485
80583
80658
80689
80821
80880
80938
80995
81056
83788
83852
83906
84064
84103
84136
97982
99949
100001
100065
100088
100116
100139
100188
100234
100264
100314
100529
100749
104586
104663
104678
104704
105382
108801
108834
108848
109354
109710
110192
110214
110266
110294
110315
110337
110363
110888
111063
111094
111254
111759
111812
120700
120735
120843
121768
121889
121980
122595
122769
122801
122901
123995
124012
124029
124143
124345
124403
124447
124480
124546
124576
124841
125699
125806
125865
126005
126060
126212
126278
126332
126626
126811
127243
127389
127406
127433
127706
128034
128248
128279
128310
128328
128366
128425
128491
128546
128740
128768
129057
129931
130777
130819
131012
131044
131084
131203
131229
131247
131288
131311
131330
131347
131364
131384
131843
131871
132045
132478
132820
132848
132899
132937
133308
134069
134514
135207
135664
136174
137016
137191
137220
137497
137740
138295
138664
139486
140825
140891
140948
141063
141106
141904
142081
142644
142704
143559
144291
144415
144455
144569
144598
144627
144661
144697
144731
144757
144774
144792
144866
144907
144936
144989
145130
145366
145417
145467
146123
146503
146548
146587
146603
146621
147241
147276
147316
147342
148263
148297
148313
148343
148853
149042
149079
149177
149423
149618
149753
150298
150765
150969
151154
151260
151557
152103
152393
152423
152594
152883
152923
153323
153833
154817
154835
156036
156680
156720
156738
157409
158199
159149
161027
161653
162163
162472
162624
162936
163552
163728
163768
163798
164013
164043
164062
166995
167034
167108
167141
167173
167204
167229
167260
167299
167355
167860
167935
168672
168711
169228
170493
170525
170543
170598
170651
170823
170840
171177
171214
171249
171362
171406
171432
171485
171547
171625
171652
171678
172369
172398
172726
172783
172816
172955
173059
173202
177814
177841
178178
178380
178434
180869
180942
181061
181738
181906
182782
182803
183227
183647
184399
184509
184570
184600
184836
184950
185053
185127
185357
185430
185485
185558
185701
185738
195202
195230
195262
195314
195543
195648
195963
196024
196145
196233
196284
196395
196853
196880
197941
197980
201697
203267
203319
203424
203459
203497
203537
203577
203592
203622
203647
206312
206750
207768
208066
208282
208311
208337
208496
208543
208592
209164
209213
209280
214698
214731
216703
216973
217016
217082
217762
217793
217860
217912
217967
218433
218462
218486
219178
219467
219495
219518
219538
219564
219798
219857
219920
220065
220117
220193
220212
220572
220600
220703
220729
220754
220851
224489
224622
224658
228833
231981
233629
233665
233682
233711
234307
234325
234494
234551
234622
235880
235952
236066
239086
239108
239133
239198
239228
239255
239287
239317
239351
239403
239840
239867
239891
240079
240152
240781
240947
241025
241068
241303
241333
241564
241901
242287
242559
243210
243230
243273
243386
243645
243674
243733
243749
244309
244584
244651
247078
247129
247157
247186
247215
247247
247275
247511
247778
247851
295472
295542
295612
295676
295742
295808
295925
296023
296181
296477
296541
297091
297227
297242
301245
301295
301464
301593
301622
303015
303047
303083
303115
303141
303170
303200
303614
304234
304957
304988
305020
305047
305083
305103
305225
305255
305281
305316
306866
306982
307631
307740
307793
308008
308042
308070
308100
308185
308285
310133
310211
310272
310302
313751
315445
315622
315655
315684
315704
315732
315819
333916
333989
334051
334108
334314
334339
334366
334402
334436
334488
334523
334552
334894
335118
335146
335355
335594
337978
338027
342781
343124
343153
344406
344766
344947
345179
345229
345247
345583
345771
345811
345840
360276
362450
362467
365845
366010
366074
366092
366120
366135
366168
366187
366214
366243
366352
366387
366439
366491
366518
366549
366583
366610
366638
366666
366743
366771
366801
367059
367076
367092
367108
367158
367300
367319
367348
367376
367393
367424
399888
399929
400613
400854
400886
401054
402108
402138
402501
402588
402888
402946
402997
403242
404149
404303
404368
404385
404402
404932
405795
405814
405830
405887
405936
406041
406839
408214
408243
408272
408301
408330
408370
408388
408419
408450
408887
409722
410569
410727
410756
410788
410804
410821
410896
410925
411439
411493
411522
411908
411927
411955
411984
412014
412042
412081
412108
412176
412247
412277
412312
412347
412914
413459
413486
413521
413548
413576
413606
413636
413913
414001
414043
414096
414198
414674
414716
414841
415002
415019
415190
415218
415248
415461
416105
416493
416546
419192
419481
419661
419897
420445
421063
421117
421437
422166
422185
422500
422530
422905
423683
423701
423790
423819
426323
426981
427038
427087
427251
427484
427615
427666
427966
428013
428814
428897
428951
429255
429285
429363
429392
429944
429974
430398
430471
430611
430643
430698
431209
431243
431279
431376
431411
431430
431463
431497
431522
431555
431845
431873
431909
432306
432348
432383
433824
433904
433989
434372
438048
440025
440062
440094
440128
440198
440216
441022
441300
441645
441676
441969
444526
444634
444692
444729
444770
444811
444850
444891
444937
444995
445023
445121
445137
445153
445185
445215
445262
445290
447408
449702
449800
449838
449876
449935
449977
450006
450220
450284
450312
450433
450464
450481
450512
450552
450572
450600
450632
450661
451076
451103
451145
451172
451251
451286
451312
451498
451717
451780
451873
451906
452025
452060
452105
452145
452202
452240
452275
452307
452332
452413
452479
452513
454257
454287
454327
454499
458782
458812
459246
461451
461521
465133
465458
465617
465646
465867
465918
466006
466777
466829
466875
467007
467075
467134
467193
467383
467657
467699
467819
468141
468240
468259
468425
468476
468733
468798
469205
471179
475557
476691
477328
482217
490551
490617
490690
490745
490780
490816
490844
490879
490938
490976
491014
491075
491146
491180
493615
493646
493711
493834
494037
494056
494144
494172
494306
497387
497663
497810
497837
497927
497983
498227
499126
499155
499352
499443
499471
499577
499923
500075
500825
505706
505737
505794
514319
514392
514427
514461
514509
514564
514594
527044
527119
527230
528649
528714
529152
529218
529962
530025
530077
530542
530604
530631
530684
531362
531392
531411
531437
531462
531489
531931
531959
532128
532156
532751
532767
532853
532902
534222
534239
534258
534276
534306
535395
535516
536478
540094
540575
540669
540688
540799
541554
541717
541745
541765
541794
541825
542134
542269
542286
542380
542832
542862
542898
542915
543947
544057
544115
544249
544266
544469
544524
544713
544850
544900
544927
544954
544980
545009
545038
545743
545759
546133
546167
546195
546821
546850
546866
546925
546949
547196
547211
547252
547275
547292
547331
547375
547400
548125
548165
548194
548585
548619
548648
548777
548806
548836
548930
548973
549085
549104
549123
549142
549195
550686
550710
550734
551578
551619
551710
551731
551751
551778
552169
552375
552970
552993
557684
558133
558166
558204
558240
558277
558314
558351
558389
558427
558465
558503
558542
558587
558631
558667
558704
558736
558769
558808
558847
558879
558916
558955
558995
559035
559070
559110
559146
559185
559224
559265
559302
559342
559381
559419
559438
559479
559603
559699
559731
559772
559813
559856
559964
559994
560024
560042
560162
560271
560303
560321
560339
560417
560447
560550
560599
560629
560658
560688
560725
561690
562039
562736
562791
563380
563831
563910
564132
564746
564978
565275
565808
565950
566312
566389
567455
567571
567924
568099
568349
568478
568660
568782
569455
569760
569964
570482
570663
570683
570827
571172
571216
571431
572568
572609
573547
574812
574907
574958
575080
575255
575494
575522
575552
575583
575613
575647
575681
575716
575812
575932
576110
576296
576317
576440
576472
576503
576535
576567
576600
576629
576659
577699
577800
577838
577975
578148
578175
578203
578226
578468
579321
580039
580082
580114
582424
583239
583689
584027
584912
584943
586076
586092
586128
586237
586370
586425
586876
586954
586979
590955
590995
591010
591061
591093
591227
591315
591465
591497
591536
591578
591621
591664
591866
592238
592268
592501
593546
593612
593665
593696
593754
594183
2771230
2771255
2772056
4944305
4944760
4944786
4945177
4966351
4966584
4966600
4966629
4966655
4966798
4966846
4966913
4966990
4979267
4979464
4979514
4979590
4979714
4979895
4979922
4980167
4980655
4986493
4986550
4986615
4987073
4987534
4987562
4987870
4987896
4987950
4987975
4988958
4992444
4992502
4992822
4995432
4995488
4995519
4995538
4995566
4995619
4996535
4996994
4997386
4997464
4998430
4998480
4998574
4998599
4998668
4998717
4998771
4999033
4999069
4999106
4999140
4999175
4999209
4999290
4999317
4999632
4999651
4999683
4999714
4999732
4999768
4999796
4999824
4999840
4999868
4999918
4999992
5000046
5000100
5000245
5000992
5001045
5001499
5001513
5002155
5002195
5002220
5002269
5002299
5002325
5002345
5002412
5002428
5002465
5003203
5003232
5005728
5006346
5006962
5006990
5007282
5007313
5007347
5007416
5007529
5007732
5007778
5007795
5008081
5008102
5008142
5008156
5008343
5008372
5008414
5009447
5010176
5010207
5010492
5010673
5011158
5011207
5011304
5011398
5011417
5011478
5012051
5012372
5012600
5012632
5012674
5012694
5012748
5012968
5012985
5013068
5013590
5013849
5014212
5014242
5014274
5014302
5014334
5014356
5014376
5014396
5014488
5014580
5014672
5014763
5014854
5014945
5015036
5015128
5015217
5015311
5015327
5015356
5015588
5015610
5015642
5015686
5015730
5015752
5015881
5016039
5016656
5017147
5017483
5017935
5018491
5018822
5018860
5018877
5018930
5018970
5018986
5021216
5021665
5021713
5021761
5021864
5021967
5022026
5022958
5023040
5023076
5023091
5023128
5023155
5023208
5023235
5023264
5023713
5023849
5024463
5024488
5024528
5024556
5024812
5024888
5024931
5024948
5024989
5025018
5025035
5025064
5025079
5025103
5025120
5025408
5025438
5025477
5025518
5025536
5027629
5027648
5027741
5027758
5027787
5027930
5027961
5027993
5028024
5028055
5032272
5032995
5033451
5033545
5033603
5033690
5033719
5033817
5035001
5036432
5036873
5036907
5036936
5036966
5037037
5037131
5037337
5037360
5037917
5038273
5038290
5038605
5038658
5038933
5038958
5038973
5039019
5039050
5039077
5039158
5039188
5039380
5039418
5039438
5039467
5039540
5039577
5039697
5039717
5039865
5040220
5040596
5040631
5040647
5040767
5040826
5040843
5041108
5041125
5041155
5041184
5041258
5041276
5041844
5041875
5042593
5042678
5042729
5042748
5042766
5042793
5042848
5042899
5042933
5044441
5044533
5044829
5044848
5045044
5045064
5045116
5045661
5045862
5045946
5045976
5045996
5046211
5046237
5046314
5046960
5047274
5047742
5047760
5047781
5047802
5047829
5047857
5047979
5048300
5048535
5048994
5049036
5049610
5050013
5050040
5050112
5050378
5051166
5051279
5051326
5051560
5051613
5053989
5054150
5054218
5054250
5054282
5054314
5054346
5054377
5054409
5054441
5054472
5054504
5054536
5054568
5054600
5054631
5054663
5054695
5054727
5054759
5054790
5054822
5054854
5054886
5054918
5054950
5054980
5055012
5055044
5055076
5055107
5055139
5055170
5055202
5055234
5055266
5055298
5055330
5055362
5055394
5055426
5055457
5055489
5055521
5055553
5055585
5055617
5055649
5055680
5055712
5055744
5055775
5055807
5055837
5055869
5055900
5055932
5055964
5055996
5056028
5056059
5056091
5056123
5056155
5056187
5056219
5056251
5056283
5056315
5056347
5056379
5056411
5056443
5056475
5056505
5056537
5056569
5056601
5056633
5056665
5056697
5056728
5056760
5056791
5056823
5056855
5056887
5056919
5056951
5056983
5057015
5057047
5057079
5057111
5057142
5057174
5057206
5057238
5057270
5057302
5057331
5057362
5057394
5057426
5057458
5057490
5057521
5057553
5057583
5057614
5057646
5057678
5057710
5057742
5057774
5057806
5057838
5057870
5057902
5057934
5057966
5057998
5058030
5058062
5058094
5058126
5058158
5058190
5058222
5058254
5058286
5058318
5058350
5058382
5058414
5058445
5058477
5058508
5058540
5058572
5058604
5058636
5058668
5058700
5058731
5058763
5058795
5058827
5058858
5058890
5058922
5058953
5058985
5059017
5059049
5059081
5059113
5059145
5059176
5059208
5059240
5059272
5059304
5059336
5059368
5059400
5059432
5059464
5059496
5059528
5059560
5059592
5059624
5059656
5059688
5059720
5059752
5059784
5059816
5059847
5059879
5059911
5059943
5059975
5060006
5060038
5060070
5060102
5060134
5060166
5060198
5060229
5060261
5060293
5060324
5060356
5060388
5060420
5060452
5060483
5060515
5060546
5060578
5060609
5060641
5060672
5060704
5060736
5060768
5060800
5060831
5060863
5060894
5060926
5060958
5060990
5061022
5061054
5061086
5061118
5061150
5061182
5061214
5061246
5061278
5061309
5061340
5061372
5061402
5061434
5061466
5061498
5061530
5061562
5061594
5061626
5061658
5061690
5061722
5061754
5061786
5061818
5061849
5061879
5061911
5061942
5061973
5062005
5062037
5062069
5062101
5062133
5062165
5062197
5062228
5062260
5062292
5062324
5062356
5062388
5062420
5062452
5062484
5062515
5062547
5062579
5062611
5062643
5062675
5062707
5062738
5062769
5062801
5062833
5062864
5062896
5062927
5062959
5062991
5063023
5063054
5063085
5063117
5063149
5063181
5063213
5063245
5063277
5063309
5063341
5063373
5063405
5063437
5063469
5063501
5063533
5063565
5063597
5063629
5063661
5063693
5063725
5063756
5063788
5063820
5063852
5063884
5063915
5063947
5063979
5064011
5064043
5064075
5064107
5064139
5064171
5064203
5064235
5064267
5064299
5064331
5064362
5064394
5064426
5064458
5064489
5064521
5064553
5064585
5064617
5064649
5064681
5064713
5064745
5064777
5064809
5064841
5064873
5064905
5064937
5064969
5065001
5065033
5065065
5065097
5065129
5065161
5065193
5065225
5065257
5065289
5065321
5065353
5065385
5065417
5065449
5065481
5065513
5065545
5065577
5065609
5065641
5065673
5065704
5065736
5065768
5065800
5065832
5065864
5065896
5065928
5065960
5065992
5066024
5066056
5066088
5066120
5066152
5066184
5066216
5066248
5066280
5066312
5066344
5066376
5066408
5066440
5066472
5066504
5066536
5066567
5066599
5066631
5066663
5066695
5066727
5066759
5066791
5066823
5066855
5066887
5066919
5066951
5066983
5067015
5067047
5067079
5067111
5067143
5067175
5067207
5067239
5067271
5067303
5067335
5067367
5067399
5067431
5067463
5067495
5067527
5067559
5067591
5067623
5067655
5067687
5067719
5067751
5067783
5067815
5067847
5067879
5067911
5067943
5067975
5068007
5068039
5068071
5068103
5068135
5068167
5068199
5068230
5068262
5068294
5068326
5068358
5068390
5068422
5068454
5068486
5068518
5068550
5068582
5068614
5068646
5068678
5068710
5068742
5068774
5068806
5068838
5068870
5068902
5068934
5068966
5068998
5069030
5069062
5069094
5069126
5069158
5069190
5069222
5069254
5069286
5069318
5069350
5069382
5069414
5069446
5069478
5069510
5069542
5069574
5069606
5069638
5069670
5069702
5069734
5069766
5069798
5069830
5069862
5069894
5069926
5069958
5069990
5070022
5070054
5070086
5070118
5070150
5070182
5070214
5070245
5070277
5070309
5070340
5070370
5070402
5070432
5070463
5070494
5070525
5070554
5070582
5070613
5070644
5070674
5070705
5070736
5070766
5070797
5070828
5070858
5070889
5070920
5070951
5070982
5071013
5071044
5071075
5071106
5071136
5071167
5071198
5071229
5071260
5071290
5071321
5071352
5071383
5071413
5071443
5071473
5071504
5071535
5071565
5071596
5071627
5071657
5071688
5071719
5071750
5071786
5071810
5071859
5071885
5071910
5071959
5071987
5072038
5072485
5072511
5072564
5072674
5072715
5072745
5072764
5072781
5072806
5072862
5073106
5074436
5074462
5074514
5075220
5075249
5075267
5075492
5075554
5075580
5075651
5077859
5078884
5079309
5079723
5080025
5080056
5081223
5081429
5081486
5082474
5082609
5082694
5082831
5082874
5083330
5084586
5086558
5087855
5087987
5088107
5088149
5088206
5088927
5088958
5106696
5106713
5106731
5106759
5106799
5106818
5106837
5106855
5106873
5106891
5106909
5106932
5106954
5106973
5106992
5107011
5107030
5107052
5107075
5107597
5107617
5107637
5107657
5107699
5107718
5107737
5107780
5107800
5107836
5107878
5107899
5107919
5107938
5107957
5107998
5108022
5108041
5108092
5108323
5108341
5108367
5108385
5108881
5108951
5108968
5108988
5109005
5109081
5110938
5112321
5113381
5113516
5113553
5113593
5113700
5113756
5113863
5113889
5113947
5113973
5114025
5114088
5114131
5114227
5114243
5114330
5114343
5114370
5114532
5114850
5114922
5114962
5114999
5115039
5115076
5115155
5115186
5115230
5115271
5115309
5115348
5115380
5115417
5115453
5123687
5123717
5123751
5125019
5125101
5125134
5125173
5125217
5125324
5125371
5125402
5125440
5125535
5125571
5125598
5125637
5125673
5125712
5125809
5125839
5125880
5125917
5125962
5126002
5126024
5126141
5126172
5126213
5126250
5126291
5126318
5126713
5126833
5128157
5128179
5128340
5128780
5129106
5129240
5129420
5129460
5129497
5129532
5129569
5129607
5129732
5130781
5130802
5130823
5131094
5131393
5131539
5131558
5131674
5132098
5132290
5132451
5132612
5132751
5132785
5132813
5132841
5133126
5133185
5133242
5133276
5133307
5133376
5133430
5133504
5134257
5134305
5134783
