0
19
126
216
339
364
425
454
502
564
592
663
691
721
787
846
871
907
952
1041
1131
1149
1167
1187
1216
1390
1503
1533
1705
1869
2211
2409
2452
3497
3815
4089
4254
4429
4483
4736
4972
5206
5233
5555
6080
6195
6214
6244
6456
6665
6708
6899
7089
7334
7353
7455
7794
7908
8132
8343
8403
8931
9035
9086
9145
10134
10311
10343
10363
10552
10596
10616
10647
10667
10733
10787
11158
12224
12789
13347
13487
13833
13997
14246
14577
14819
14927
14960
15579
15769
15923
16530
16639
16867
17606
17670
17852
17950
18079
18258
18517
18987
19107
19295
19933
20033
20168
20219
20239
20281
20549
20799
20875
20895
21174
21549
21645
21665
21746
21941
22053
22085
22219
22744
23321
23467
23610
23738
23793
23838
24171
24185
24333
24580
24902
24929
24956
25081
25111
25177
25638
25905
25934
25966
26031
26490
26524
32376
32405
32434
32466
32497
32528
32558
32588
32619
32648
32681
32711
32742
32778
32814
32844
32874
32905
32936
32965
32998
33030
33060
33090
33123
33156
33189
33221
33252
33283
33315
33349
33383
33415
33447
33479
33513
33545
33576
33610
33640
33670
33701
33735
33769
33799
33831
33861
33890
33921
33952
34151
34434
34745
35512
35753
36471
36717
36944
37141
37253
37452
37683
37753
37780
38553
38673
38726
39578
39597
39616
39634
39719
39823
39856
39959
40078
40109
40128
40187
40218
40514
40697
40730
40760
40871
40902
40956
41200
42185
42216
42457
42590
42731
42762
43223
43595
43870
43949
43980
44010
44043
44158
44191
44209
44239
44475
44504
44535
44592
44623
44769
44989
45154
45402
45513
45636
45809
45840
45924
45981
46713
46952
47767
47798
47985
48015
48275
48294
48356
48571
48615
48656
48689
48734
49041
49117
49354
50097
50140
50483
50514
50545
50576
50594
50625
50692
50873
51080
51267
51286
51345
51736
51919
51938
51997
52104
52207
52560
52774
52992
53023
53054
53073
53104
53497
53682
53851
53893
53924
53978
54074
54567
54586
54949
54979
54998
55031
55272
55303
55322
55389
56359
56390
56409
56466
56497
56515
56594
56625
56644
56663
56694
56908
57014
57073
57104
57343
57374
57405
57604
57809
57840
57974
58513
58674
58864
58895
58913
58946
58977
59320
59351
59382
59485
59516
59668
60097
60224
60367
60385
60551
60582
60613
60655
60674
60692
60725
60936
60993
61012
61402
61421
61452
61495
61514
61532
61563
61934
61965
61984
62003
62106
62124
62221
62253
62284
62315
62346
62509
62528
62547
62566
62733
62869
62967
63354
63411
63454
63485
63515
63534
63564
63595
63704
63905
63938
63968
64020
64155
64186
64218
64250
64269
64371
64389
64420
64451
64664
64683
64726
64804
64933
64964
64983
65014
65043
65062
65081
65114
65132
65654
65792
65822
66699
66892
67271
67307
67545
67725
68097
68391
68433
68467
68554
68812
68843
69277
69295
69507
70088
70148
70201
71659
71720
71962
72025
72042
72071
72098
72971
73047
73064
73132
73189
73208
73246
73388
73451
75322
75371
75433
75451
75647
75876
75930
75978
76272
76397
76487
76590
76631
76649
76676
76691
76708
76749
76772
76876
76896
76922
76988
77065
77103
77142
77179
77218
77257
77295
78468
78498
78525
78553
78918
78997
79238
79535
79875
80029
80221
80265
80578
80604
80732
80877
81013
81069
81420
82173
82725
82950
83145
83223
84306
84751
84944
85180
85199
85243
86703
86866
86886
87174
88414
88440
88476
88508
88538
88800
88819
88993
89198
89404
89559
89704
89723
89866
89949
90162
90193
90453
90559
90578
90902
91153
91282
91405
91424
91591
91986
92026
92149
92168
92198
92454
92623
92812
92937
93084
93185
93457
93611
93859
94092
94300
94432
94555
94702
94720
94872
94961
95150
95468
95556
95575
95606
95881
96057
96179
96348
96366
96397
96427
96562
96811
96956
97112
97258
97541
97560
97790
97809
97875
98124
98154
98185
98204
98272
98420
98670
98804
99053
99262
99403
99536
99578
99681
99803
99873
100291
100534
100782
101019
101039
101081
101181
101230
101351
101424
101455
101475
101557
101576
101677
101789
101830
101988
102134
102228
102486
102605
102855
102992
103263
103408
103532
103651
103712
103742
103924
103945
104181
104303
104391
104422
104559
104831
104976
105005
105100
105237
105393
105423
105719
105738
105860
105891
105952
106021
106040
106173
106203
106222
106356
106627
106658
106785
106828
107006
107038
107070
107101
107403
107463
107565
107784
107917
107959
107978
108048
108268
108379
108473
108586
109032
109168
109429
109690
109709
109947
110193
110276
110421
110540
110559
110797
111035
111066
111085
111168
111209
111352
111507
111661
111692
111806
111962
112282
112396
112666
112728
112991
113022
113051
113253
113272
113302
113697
113777
113841
113860
114098
114219
114341
114402
114493
114637
114705
114850
114981
115012
115197
115240
115299
115594
115717
115788
116826
116949
116992
117136
117269
117301
117396
117427
117456
117597
117817
117924
118188
118331
118362
118381
118640
118772
118905
119027
119186
119204
119371
119414
119662
119898
120134
120369
120388
120507
120638
120797
121031
121291
121410
121646
121790
122074
122093
122284
122303
122564
122694
122931
123072
123205
123371
123402
123466
123622
123704
123758
123789
124038
124287
124536
124668
124812
124832
124956
125076
125213
125293
125417
125447
125650
126055
126176
126290
126435
126454
126577
126596
126615
126749
126872
127146
127385
127506
127537
127627
127874
127981
128049
128283
128377
128395
128426
128456
128577
128807
128955
129022
129155
129267
129441
129460
129746
129777
129807
129858
129974
130218
130378
130459
130571
130809
130840
130871
130992
131021
131144
131246
131301
131535
131756
132117
132277
132307
132494
132513
132659
132748
132903
133025
133217
133236
133587
133732
133751
133769
133860
134140
134180
134306
134452
134584
134653
134716
134736
135010
135029
135172
135287
135306
135522
135739
135758
135958
136091
136325
136449
136645
136735
136982
137011
137144
137303
137322
137424
137620
137662
137681
137920
138126
138262
138383
138513
138594
138830
138951
139117
139303
139517
139649
139885
139904
139923
140020
140039
140082
140311
140412
140619
140647
140665
140684
140703
140875
140894
140925
140964
141155
141175
141206
141360
141521
141644
141725
141833
141945
142138
142260
142383
142621
142719
142749
142768
142933
143045
143147
143293
143405
143435
143465
143495
143526
143555
143586
143617
143646
143678
143708
143739
143769
143800
143832
143862
143892
143922
143951
143981
144012
144041
144095
144199
144272
144524
144611
144639
145116
146054
146304
146348
146481
146536
146977
147006
147031
147060
147099
147381
147400
147433
147468
147503
147538
147599
147674
147725
147777
147810
147837
147853
148010
148039
148068
148085
148119
148752
149035
149885
150255
150407
150576
150701
150825
151069
151112
151275
151399
151944
152158
152178
152523
152722
152861
152976
153121
153141
153338
153592
153623
153700
153900
154036
154256
154330
154360
154427
154483
154900
154936
155006
155446
155822
156012
157031
157066
157215
157321
157400
157591
157791
157818
157833
158103
158158
158852
158878
159058
