0
6948
6967
6985
7878
7897
7915
8799
8818
8836
9363
9382
9400
9927
9946
9964
10987
11006
11024
12047
12066
12084
12261
12280
12298
12494
12513
12531
14049
14155
14230
67263
77130
77147
77166
77184
86043
86062
86080
94498
94528
94547
94565
97594
97625
97644
97662
100076
100095
100113
102340
102372
102403
102422
102440
106355
106374
106392
110149
114864
119474
119507
119541
119581
119614
119650
119683
119719
119759
119835
119911
341826
343163
343681
344155
344575
344697
344748
344782
344822
344855
344891
344924
344960
344976
345052
345067
345142
345218
345236
345386
345575
345613
345643
345672
345689
345706
345760
345863
346152
346182
346217
346253
346289
346324
346359
346394
346430
346491
346527
346564
346600
346636
346671
346706
346741
379050
379117
379643
379791
379824
380152
380438
380471
381017
381345
381721
381969
382005
382045
382096
382138
382181
382213
382249
382284
382324
382341
382393
382526
382566
382642
382718
408452
408482
408697
408732
408762
408796
408836
408852
409136
409305
409323
409354
410619
410646
410858
410928
411014
411058
411134
411210
411357
411449
411497
412279
412311
412346
412389
412430
412466
412501
412542
412569
412603
412700
412776
412852
428273
428365
428577
428606
428636
428671
428712
428788
428864
445836
445886
446037
446073
446108
446149
446186
446262
446338
446404
446470
446565
446611
446657
446703
446736
446773
446804
446836
446872
446908
447328
447380
447409
447444
447478
447510
447541
447570
448179
448291
448669
448701
448736
448763
448804
448842
448871
448919
448959
449006
449044
449086
449123
449148
449182
449226
449252
449292
449315
449336
449363
449391
449424
449453
450880
450947
450992
451010
451686
451706
452368
452398
452428
452788
452817
452846
452875
452904
452939
453166
453710
453725
455091
455107
455123
455156
455185
455370
455515
455968
456011
456327
456572
456599
456637
461797
461827
461857
461889
463942
464018
464036
464066
464094
464264
464329
464401
464620
464646
464672
464702
465921
466160
467014
467124
467159
467597
467636
467667
467700
467731
492474
492506
492562
492642
493325
493691
496126
496222
496307
496379
496455
497588
497635
499148
499334
500088
500534
500646
508538
508571
508604
508637
508806
508930
510571
510978
512060
512481
513028
513123
513276
513313
513341
513370
513644
513679
513707
513780
514037
514274
514343
514432
514469
514510
514561
514663
514692
514846
514872
515377
515545
515572
515861
515890
515926
515944
516066
516629
516936
516966
516996
517237
517271
517305
517391
517836
517881
517926
517955
518411
518436
518457
518477
518506
518526
518546
518567
518587
518641
518673
518694
518719
518752
518774
518801
519299
519331
519381
519416
519705
520356
520596
521092
521121
521154
521191
521219
521277
521381
521450
521992
522046
522074
522103
522236
522261
522306
522358
522387
522418
522451
522485
522517
522546
522615
522645
522681
522754
522817
522893
522910
522985
523262
523456
547118
547146
547180
547197
547224
549343
549570
549600
549690
549725
550346
550377
551269
551342
551384
551554
551620
551649
551679
552059
552087
553220
553293
553363
553559
553876
553911
556963
557079
557107
557167
557261
557294
561061
561377
561411
562032
562104
562133
562166
562201
562236
562296
562317
562377
562407
562448
562477
562527
563045
563213
563256
563506
563575
567684
567794
567812
568448
568481
568500
568916
568943
570275
570547
571748
571791
571833
571856
571923
571944
571987
572063
572846
572906
572927
572948
572969
572993
573015
573766
573786
573815
573857
574113
574165
574255
574329
574682
574711
574874
574925
575303
575597
575863
575883
576433
576612
576650
576686
576719
576760
576801
576843
576878
576909
577038
577057
577126
580571
580588
580605
580890
581191
581963
583873
583923
585123
585191
585209
585242
587009
587713
588984
589061
589565
590247
590277
590351
590729
591073
591104
591134
591164
591181
591204
591227
591262
591277
591539
591867
591885
592738
592981
593773
593796
593817
593851
593886
593909
593933
593956
593980
594005
594030
594064
594088
594112
594138
594164
594188
594213
594238
594263
594781
594809
594834
594862
595066
595232
595301
595521
595592
595640
595785
595820
595838
597427
598517
598584
598613
598645
599049
599081
599500
599526
600270
600303
602097
602133
602320
617031
617053
617092
617111
617141
618056
618267
618318
618784
618945
622052
622261
622329
623113
623438
623456
623597
623691
623707
623736
623783
623857
623883
624087
624138
624165
624366
624397
624513
624537
624748
625769
626060
626173
626275
626351
626476
626509
626540
626569
626931
627091
627136
627163
627191
627220
627247
627321
627348
627393
627429
627446
627463
627480
627496
627513
627530
627547
627563
627599
627616
627661
627678
627704
627720
627737
627764
627791
627808
627825
627872
627917
627953
627999
628026
628053
628080
628116
628133
628169
628245
628262
628279
628305
628321
628338
628355
628372
628388
628405
628422
628438
628455
628481
628498
628514
628580
628637
628654
628671
628697
628714
628740
628767
628784
628820
628837
628853
628880
628906
628933
628960
628987
629004
629030
629057
629073
629099
629125
629152
629189
629226
629253
629269
629322
629339
629356
629373
629390
629425
629490
629507
629524
629541
629558
629575
629602
629619
629636
629653
629724
629752
629802
629895
629915
629942
630260
630287
630346
630398
630431
630449
630478
631626
631756
632532
632585
633346
633479
633545
635987
636014
636045
636174
636205
636246
636270
636326
636421
636755
638365
638668
639321
639350
639579
640454
640559
640602
640622
640642
640705
640724
640767
640786
640804
640834
640919
640939
640958
640978
640998
641018
641049
641079
641252
641273
641303
641345
641398
641439
641458
641965
642079
642542
642914
643049
643206
643248
643273
643835
644103
644136
644787
645258
645452
645478
646403
646434
646487
647269
647394
647573
649789
649819
649849
649879
649910
649943
650386
650797
650947
651092
651578
651643
651778
651829
651882
651911
651937
651988
652042
652082
652203
652576
652650
652918
653193
653210
653226
653286
653325
653772
653887
654454
654485
654924
655020
655273
655385
655720
655937
656238
656268
656524
656859
657494
658052
658304
658326
658488
658517
658922
658974
658994
659607
659635
659704
659964
660087
660104
660362
660625
660947
661060
661637
661751
661805
662928
663296
663718
663753
663771
663788
664375
664918
665270
665299
665547
665576
666910
666966
667001
667035
694656
694819
694860
694957
694988
695019
695050
695186
695227
695269
695297
695347
695378
695414
695450
695493
695521
696813
696830
697050
697078
697145
697562
697626
698402
698445
698751
698791
699207
699242
699389
700214
700746
701059
701258
701277
701401
701582
701841
703220
703742
703895
708115
708340
708577
708904
709207
709725
710054
710206
710310
710973
711026
711251
711303
712279
712309
712342
712965
712983
713073
713283
713347
713563
713582
713641
713732
713772
714139
714208
714244
716413
716476
716537
716817
717153
717215
718352
718511
718544
718728
718744
718897
718948
719107
719182
719206
719280
719306
719667
719871
719961
720001
720600
720628
720643
721138
721190
721471
721521
721553
721587
721797
721824
722101
722425
722814
722862
722970
723020
723053
723082
723112
723220
723247
723304
723339
723374
744878
744914
744953
745009
745042
745297
745326
757430
757456
757491
757530
757570
757600
757629
757662
757844
757879
757906
757936
757968
758008
758050
758407
758444
758483
758520
758558
758595
758633
758670
758708
758747
758784
758822
758863
758901
758939
758975
759013
759051
759089
759126
759164
759201
759239
759277
759317
759355
759392
759431
759469
759507
759547
759585
759623
759660
759698
759736
759774
759812
759852
759890
759926
759963
760001
760038
760078
760116
760154
760215
760253
760289
760327
760365
760403
760441
760479
760515
760552
760591
1110877
1111459
1111669
1112018
1112046
1114977
1115217
1115280
1115521
1115693
1115769
1136864
1136974
1144189
1144215
1144294
1144333
1144369
1144395
1144451
1144524
1144558
1144593
1145232
1145264
1145322
1145420
1145455
1145524
1145548
1145577
1145645
1145663
1147997
1148100
1148134
1148287
1148341
1148817
1149216
1149293
1149400
1149461
1149493
1149530
1149567
1149622
1149792
1149844
1149874
1149919
1150555
1157916
1158019
1159159
1159176
1159623
1159680
1159843
1160221
1160258
1160675
1160776
1160828
1161085
1161104
1161171
1161213
1161246
1162357
1162381
1162408
1162460
1162659
1162905
1162935
1163238
1163257
1163344
1163532
1164091
1164389
1164421
1164869
1165341
1165478
1165508
1165653
1165686
1166113
1166430
1166695
1166853
1166876
1166908
1166940
1166972
1167001
1167033
1167064
1167096
1167128
1167160
1167192
1167222
1167252
1167284
1167316
1167348
1167380
1167412
1167444
1167476
1167508
1167540
1167570
1167602
1167634
1167666
1167698
1167730
1167762
1167794
1167826
1167858
1167890
1167922
1167954
1167986
1168018
1168050
1168082
1168114
1168146
1168178
1168210
1168242
1168274
1168306
1168338
1168370
1168402
1168434
1168466
1168498
1168530
1168562
1168594
1168626
1168658
1168690
1168722
1168754
1168786
1168818
1168847
1168877
1168909
1168941
1168970
1169002
1169034
1169066
1169098
1169129
1169161
1169193
1169223
1169255
1169287
1169319
1169351
1169383
1169415
1169447
1169479
1169511
1169539
1169570
1169601
1169633
1169665
1169697
1169728
1169759
1169791
1169823
1169854
1169886
1169918
1169950
1169982
1170013
1170045
1170075
1170107
1170139
1170171
1170203
1170234
1170266
1170297
1170329
1170361
1170391
1170423
1170454
1170486
1170516
1170548
1170580
1170612
1170644
1170676
1170708
1170740
1170770
1170802
1170833
1170865
1170897
1170927
1170959
1170991
1171022
1171054
1171086
1171118
1171147
1171179
1171210
1171242
1171274
1171304
1171334
1171366
1171395
1171426
1171456
1171486
1171518
1171550
1171581
1171613
1171645
1171677
1171709
1171740
1171772
1171804
1171836
1171868
1171900
1171932
1171964
1171996
1172028
1172060
1172092
1172124
1172156
1172188
1172220
1172252
1172284
1172316
1172348
1172380
1172412
1172444
1172474
1172504
1172534
1172566
1172598
1172630
1172662
1172694
1172726
1172758
1172790
1172821
1172851
1172883
1172915
1172945
1172977
1173009
1173041
1173071
1173103
1173134
1173164
1173195
1173227
1173258
1173290
1173320
1173351
1173383
1173415
1173445
1173476
1173504
1173531
1173563
1173595
1173627
1173659
1173690
1173721
1173753
1173784
1173816
1173847
1173879
1173911
1173943
1173974
1174005
1174036
1174068
1174098
1174130
1174162
1174193
1174225
1174256
1174288
1174320
1174352
1174383
1174413
1174444
1174476
1174508
1174539
1174571
1174601
1174633
1174665
1174696
1174728
1174758
1174790
1174822
1174853
1174885
1174917
1174949
1174981
1175013
1175044
1175076
1175108
1175138
1175170
1175202
1175233
1175264
1175296
1175328
1175360
1175390
1175422
1175452
1175484
1175515
1175547
1175579
1175611
1175643
1175675
1175707
1175739
1175771
1175802
1175834
1175866
1175898
1175929
1175960
1175992
1176024
1176056
1176087
1176119
1176146
1176178
1176210
1176242
1176273
1176305
1176335
1176367
1176399
1176431
1176461
1176493
1176525
1176557
1176589
1176621
1176651
1176683
1176715
1176747
1176777
1176809
1176841
1176873
1176905
1176937
1176969
1176999
1177031
1177062
1177093
1177125
1177157
1177188
1177220
1177252
1177284
1177316
1177348
1177379
1177411
1177443
1177475
1177507
1177539
1177570
1177600
1177632
1177664
1177695
1177726
1177758
1177790
1177821
1177853
1177885
1177917
1177947
1177978
1178008
1178040
1178071
1178103
1178134
1178165
1178197
1178229
1178261
1178293
1178325
1178356
1178387
1178419
1178451
1178483
1178514
1178546
1178578
1178610
1178641
1178673
1178705
1178737
1178768
1178799
1178831
1178863
1178895
1178925
1178956
1178988
1179018
1179050
1179082
1179114
1179145
1179177
1179209
1179241
1179273
1179303
1179334
1179366
1179398
1179429
1179460
1179492
1179524
1179556
1179588
1179619
1179651
1179683
1179715
1179745
1179777
1179809
1179841
1179873
1179905
1179937
1179969
1180001
1180032
1180064
1180096
1180127
1180157
1180189
1180221
1180251
1180283
1180314
1180346
1180377
1180409
1180441
1180473
1180505
1180535
1180567
1180599
1180631
1180661
1180690
1180722
1180753
1180785
1180816
1180848
1180880
1180912
1180942
1180974
1181005
1181037
1181068
1181100
1181132
1181163
1181195
1181227
1181259
1181290
1181322
1181353
1181384
1181414
1181446
1181478
1181510
1181541
1181573
1181605
1181636
1181668
1181700
1181732
1181764
1181795
1181827
1181858
1181890
1181922
1181954
1181986
1182018
1182049
1182081
1182113
1182145
1182177
1182209
1182241
1182273
1182305
1182336
1182368
1182400
1182432
1182464
1182495
1182527
1182558
1182590
1182622
1182653
1182685
1182717
1182748
1182780
1182812
1182843
1182874
1182906
1182938
1182970
1183002
1183034
1183066
1183097
1183129
1183161
1183193
1183225
1183257
1183289
1183321
1183353
1183385
1183417
1183449
1183481
1183513
1183544
1183576
1183608
1183640
1183672
1183704
1183736
1183768
1183800
1183832
1183864
1183896
1183928
1183960
1183992
1184024
1184056
1184088
1184120
1184152
1184183
1184215
1184247
1184279
1184311
1184343
1184375
1184407
1184438
1184470
1184502
1184534
1184566
1184598
1184630
1184661
1184693
1184725
1184757
1184788
1184819
1184851
1184883
1184913
1184945
1184976
1185008
1185040
1185071
1185103
1185135
1185166
1185198
1185230
1185262
1185294
1185326
1185358
1185390
1185422
1185454
1185485
1185516
1185548
1185580
1185612
1185644
1185674
1185706
1185738
1185770
1185802
1185834
1185866
1185898
1185930
1185960
1185992
1186024
1186056
1186086
1186118
1186150
1186181
1186211
1186243
1186275
1186307
1186339
1186371
1186403
1186435
1186467
1186499
1186531
1186563
1186595
1186627
1186659
1186691
1186723
1186755
1186787
1186819
1186851
1186881
1186913
1186945
1186977
1187008
1187040
1187070
1187102
1187134
1187166
1187198
1187228
1187258
1187290
1187322
1187354
1187384
1187416
1187448
1187480
1187512
1187544
1187576
1187608
1187640
1187672
1187704
1187736
1187768
1187799
1187831
1187863
1187895
1187927
1187959
1187991
1188023
1188055
1188087
1188119
1188151
1188182
1188214
1188246
1188278
1188310
1188342
1188374
1188406
1188438
1188470
1188502
1188534
1188566
1188597
1188629
1188661
1188693
1188725
1188757
1188788
1188820
1188850
1188881
1188912
1188944
1188976
1189008
1189040
1189070
1189101
1189133
1189165
1189197
1189229
1189261
1189293
1189324
1189356
1189388
1189419
1189451
1189483
1189515
1189546
1189578
1189610
1189642
1189674
1189703
1189735
1189767
1189799
1189831
1189862
1189894
1189926
1189957
1189989
1190021
1190053
1190085
1190117
1190149
1190181
1190213
1190245
1190275
1190307
1190339
1190371
1190402
1190434
1190466
1190498
1190529
1190561
1190592
1190623
1190655
1190687
1190717
1190748
1190780
1190811
1190843
1190875
1190907
1190939
1190971
1191003
1191035
1191067
1191099
1191131
1191163
1191195
1191227
1191258
1191290
1191322
1191354
1191386
1191418
1191449
1191481
1191513
1191544
1191576
1191608
1191640
1191671
1191703
1191734
1191766
1191797
1191829
1191861
1191893
1191925
1191957
1191989
1192019
1192051
1192080
1192112
1192144
1192175
1192207
1192239
1192271
1192303
1192335
1192367
1192399
1192431
1192463
1192495
1192527
1192558
1192590
1192622
1192654
1192686
1192718
1192750
1192782
1192814
1192846
1192878
1192909
1192941
1192972
1193004
1193036
1193068
1193100
1193132
1193164
1193196
1193227
1193259
1193291
1193323
1193355
1193387
1193419
1193451
1193483
1193515
1193547
1193579
1193611
1193639
1193670
1193701
1193733
1193765
1193797
1193829
1193861
1193892
1193924
1193956
1193988
1194019
1194051
1194083
1194115
1194147
1194178
1194209
1194239
1194268
1194300
1194332
1194364
1194396
1194427
1194457
1194489
1194519
1194551
1194583
1194615
1194647
1194678
1194709
1194741
1194773
1194803
1194833
1194864
1194895
1194925
1194955
1194987
1195019
1195050
1195082
1195113
1195144
1195176
1195208
1195240
1195270
1195302
1195334
1195365
1195395
1195427
1195459
1195491
1195523
1195555
1195587
1195619
1195650
1195681
1195713
1195745
1195776
1195808
1195838
1195870
1195902
1195934
1195965
1195997
1196029
1196059
1196091
1196122
1196153
1196185
1196217
1196247
1196278
1196310
1196341
1196373
1196405
1196437
1196468
1196500
1196531
1196563
1196594
1196626
1196658
1196690
1196720
1196752
1196783
1196815
1196847
1196879
1196911
1196943
1196975
1197007
1197039
1197071
1197103
1197133
1197165
1197197
1197229
1197261
1197293
1197325
1197357
1197388
1197420
1197450
1197482
1197512
1197543
1197575
1197607
1197639
1197671
1197703
1197734
1197766
1197798
1197830
1197862
1197894
1197926
1197958
1197990
1198022
1198054
1198086
1198118
1198150
1198182
1198214
1198245
1198275
1198306
1198338
1198370
1198401
1198433
1198464
1198496
1198528
1198560
1198592
1198624
1198656
1198688
1198720
1198752
1198784
1198816
1198848
1198880
1198910
1198942
1198974
1199005
1199037
1199067
1199099
1199131
1199163
1199195
1199227
1199259
1199291
1199323
1199355
1199387
1199419
1199450
1199482
1199513
1199545
1199577
1199609
1199641
1199673
1199705
1199737
1199769
1199801
1199833
1199863
1199895
1199927
1199959
1199991
1200023
1200055
1200087
1200119
1200151
1200183
1200215
1200247
1200279
1200311
1200343
1200375
1200407
1200439
1200471
1200503
1200535
1200567
1200597
1200627
1200659
1200691
1200721
1200753
1200785
1200816
1200847
1200878
1200910
1200942
1200972
1201004
1201036
1201067
1201099
1201131
1201163
1201195
1201227
1201258
1201290
1201322
1201354
1201384
1201416
1201448
1201479
1201511
1201543
1201575
1201605
1201637
1201669
1201701
1201733
1201765
1201797
1201829
1201861
1201893
1201924
1201956
1201988
1202020
1202052
1202084
1202116
1202148
1202180
1202212
1202243
1202274
1202306
1202338
1202370
1202402
1202431
1202461
1202493
1202525
1202557
1202589
1202621
1202652
1202682
1202714
1202746
1202778
1202810
1202842
1202874
1202906
1202938
1202970
1203001
1203033
1203065
1203097
1203129
1203161
1203193
1203225
1203257
1203289
1203320
1203351
1203383
1203415
1203447
1203479
1203511
1203543
1203575
1203607
1203639
1203671
1203702
1203732
1203763
1203793
1203825
1203856
1203888
1203920
1203952
1203984
1204015
1204047
1204078
1204110
1204141
1204173
1204205
1204237
1204269
1204301
1204333
1204365
1204397
1204429
1204460
1204491
1204523
1204555
1204587
1204619
1204651
1204683
1204715
1204746
1204778
1204810
1204842
1204874
1204906
1204938
1204968
1205000
1205032
1205063
1205095
1205126
1205158
1205190
1205222
1205253
1205285
1205317
1205349
1205379
1205411
1205443
1205475
1205507
1205539
1205571
1205603
1205635
1205667
1205699
1205730
1205760
1205792
1205823
1205855
1205887
1205919
1205951
1205983
1206015
1206046
1206078
1206110
1206142
1206174
1206206
1206238
1206270
1206300
1206332
1206364
1206395
1206427
1206459
1206491
1206523
1206555
1206587
1206619
1206651
1206682
1206714
1206745
1206777
1206808
1206840
1206872
1206902
1206934
1206966
1206998
1207030
1207062
1207094
1207126
1207158
1207190
1207222
1207252
1207284
1207315
1207347
1207379
1207411
1207443
1207475
1207507
1207539
1207571
1207603
1207635
1207667
1207699
1207731
1207763
1207794
1207825
1207857
1207888
1207919
1207951
1207983
1208015
1208047
1208079
1208111
1208143
1208174
1208206
1208237
1208268
1208298
1208330
1208362
1208393
1208425
1208457
1208489
1208521
1208553
1208585
1208617
1208649
1208681
1208713
1208745
1208777
1208809
1208841
1208873
1208904
1208935
1208967
1208998
1209029
1209061
1209093
1209125
1209157
1209189
1209220
1209251
1209283
1209315
1209347
1209379
1209411
1209443
1209475
1209507
1209539
1209571
1209603
1209635
1209666
1209698
1209730
1209761
1209793
1209825
1209857
1209889
1209921
1209953
1209985
1210016
1210048
1210080
1210112
1210144
1210176
1210208
1210238
1210270
1210302
1210334
1210366
1210398
1210430
1210462
1210494
1210526
1210558
1210590
1210622
1210654
1210685
1210717
1210749
1210781
1210812
1210844
1210876
1210908
1210940
1210972
1211004
1211036
1211068
1211099
1211131
1211163
1211194
1211226
1211258
1211289
1211321
1211352
1211384
1211416
1211448
1211480
1211512
1211544
1211576
1211607
1211638
1211670
1211701
1211733
1211765
1211797
1211829
1211861
1211893
1211925
1211957
1211987
1212019
1212049
1212081
1212111
1212141
1212173
1212205
1212237
1212269
1212300
1212332
1212363
1212394
1212425
1212455
1212486
1212516
1212548
1212580
1212612
1212644
1212675
1212706
1212738
1212768
1212800
1212832
1212864
1212896
1212927
1212959
1212991
1213023
1213055
1213087
1213119
1213151
1213183
1213215
1213247
1213279
1213311
1213343
1213375
1213407
1213439
1213471
1213503
1213535
1213566
1213598
1213630
1213661
1213693
1213725
1213757
1213788
1213819
1213850
1213882
1213913
1213945
1213977
1214008
1214040
1214071
1214103
1214135
1214167
1214197
1214229
1214261
1214293
1214324
1214355
1214387
1214419
1214451
1214483
1214515
1214547
1214578
1214610
1214641
1214673
1214705
1214737
1214769
1214801
1214833
1214865
1214897
1214929
1214960
1214992
1215024
1215056
1215088
1215118
1215150
1215181
1215213
1215245
1215277
1215308
1215340
1215372
1215403
1215434
1215466
1215498
1215530
1215561
1215590
1215622
1215654
1215686
1215716
1215748
1215779
1215811
1215841
1215873
1215905
1215935
1215966
1215997
1216029
1216061
1216093
1216124
1216154
1216185
1216217
1216248
1216280
1216312
1216343
1216375
1216407
1216439
1216470
1216502
1216534
1216566
1216598
1216630
1216661
1216693
1216725
1216757
1216789
1216820
1216852
1216884
1216916
1216948
1216979
1217011
1217043
1217074
1217106
1217138
1217170
1217202
1217234
1217266
1217298
1217330
1217360
1217392
1217424
1217456
1217488
1217520
1217552
1217584
1217616
1217646
1217677
1217708
1217740
1217772
1217802
1217833
1217865
1217897
1217929
1217960
1217992
1218024
1218056
1218088
1218120
1218150
1218182
1218214
1218245
1218276
1218308
1218340
1218372
1218404
1218436
1218467
1218498
1218530
1218561
1218592
1218623
1218654
1218685
1218717
1218748
1218779
1218810
1218842
1218874
1218906
1218938
1218970
1219002
1219034
1219065
1219097
1219129
1219161
1219193
1219225
1219257
1219288
1219320
1219351
1219383
1219415
1219447
1219479
1219510
1219542
1219574
1219606
1219638
1219670
1219702
1219734
1219766
1219798
1219830
1219862
1219894
1219926
1219958
1219990
1220021
1220053
1220084
1220116
1220148
1220180
1220212
1220243
1220275
1220307
1220338
1220370
1220402
1220434
1220466
1220498
1220530
1220562
1220594
1220626
1220657
1220689
1220721
1220752
1220784
1220816
1220848
1220880
1220911
1220942
1220972
1221004
1221036
1221067
1221098
1221129
1221161
1221193
1221225
1221255
1221287
1221319
1221350
1221382
1221414
1221446
1221478
1221510
1221542
1221574
1221603
1221635
1221666
1221698
1221730
1221761
1221793
1221825
1221857
1221888
1221920
1221952
1221984
1222016
1222047
1222079
1222111
1222143
1222173
1222205
1222237
1222268
1222299
1222331
1222361
1222393
1222424
1222456
1222487
1222518
1222550
1222581
1222613
1222644
1222676
1222708
1222740
1222772
1222804
1222836
1222868
1222900
1222931
1222963
1222994
1223026
1223058
1223088
1223119
1223151
1223183
1223214
1223246
1223278
1223309
1223341
1223373
1223405
1223437
1223469
1223501
1223533
1223565
1223597
1223629
1223661
1223693
1223725
1223757
1223789
1223819
1223850
1223882
1223914
1223945
1223977
1224009
1224041
1224072
1224103
1224135
1224166
1224197
1224229
1224261
1224293
1224325
1224357
1224387
1224419
1224451
1224482
1224514
1224546
1224578
1224609
1224641
1224672
1224704
1224736
1224768
1224800
1224832
1224864
1224896
1224928
1224960
1224992
1225024
1225056
1225088
1225120
1225152
1225184
1225216
1225248
1225280
1225312
1225344
1225375
1225406
1225438
1225470
1225502
1225534
1225566
1225597
1225629
1225661
1225692
1225723
1225755
1225787
1225818
1225849
1225881
1225913
1225945
1225977
1226008
1226040
1226072
1226104
1226134
1226165
1226197
1226229
1226261
1226293
1226325
1226357
1226389
1226421
1226453
1226485
1226517
1226549
1226581
1226613
1226645
1226675
1226705
1226737
1226769
1226800
1226832
1226864
1226896
1226928
1226960
1226992
1227024
1227056
1227088
1227119
1227151
1227183
1227215
1227247
1227279
1227311
1227343
1227374
1227406
1227438
1227470
1227502
1227534
1227566
1227596
1227626
1227658
1227689
1227721
1227753
1227785
1227817
1227849
1227881
1227911
1227943
1227975
1228006
1228038
1228070
1228102
1228133
1228164
1228196
1228228
1228260
1228292
1228323
1228355
1228385
1228417
1228449
1228481
1228512
1228544
1228576
1228608
1228640
1228672
1228704
1228736
1228767
1228798
1228829
1228861
1228892
1228923
1228954
1228986
1229018
1229050
1229082
1229114
1229146
1229178
1229210
1229240
1229272
1229304
1229336
1229368
1229400
1229432
1229464
1229496
1229527
1229559
1229591
1229623
1229654
1229686
1229718
1229750
1229782
1229814
1229846
1229878
1229909
1229941
1229973
1230004
1230035
1230066
1230097
1230128
1230159
1230191
1230223
1230255
1230287
1230319
1230351
1230383
1230415
1230447
1230478
1230510
1230542
1230572
1230604
1230636
1230668
1230700
1230731
1230763
1230795
1230827
1230858
1230890
1230922
1230953
1230985
1231017
1231049
1231081
1231112
1231144
1231176
1231206
1231237
1231267
1231298
1231330
1231362
1231394
1231425
1231457
1231487
1231519
1231551
1231582
1231614
1231646
1231677
1231709
1231739
1231769
1231801
1231833
1231865
1231895
1231925
1231957
1231989
1232021
1232053
1232085
1232117
1232149
1232181
1232213
1232243
1232275
1232307
1232337
1232369
1232401
1232431
1232463
1232495
1232526
1232558
1232590
1232622
1232654
1232686
1232717
1232748
1232780
1232812
1232844
1232875
1232907
1232939
1232970
1233001
1233033
1233065
1233097
1233129
1233161
1233193
1233225
1233257
1233289
1233321
1233353
1233385
1233417
1233449
1233481
1233513
1233544
1233576
1233608
1233640
1233672
1233704
1233736
1233766
1233798
1233830
1233862
1233893
1233925
1233956
1233988
1234020
1234051
1234082
1234113
1234144
1234175
1234205
1234235
1234267
1234299
1234330
1234362
1234394
1234426
1234457
1234489
1234521
1234553
1234585
1234617
1234649
1234681
1234713
1234745
1234776
1234808
1234840
1234872
1234903
1234935
1234967
1234998
1235029
1235061
1235093
1235125
1235157
1235189
1235220
1235250
1235282
1235314
1235346
1235378
1235410
1235442
1235474
1235506
1235538
1235570
1235602
1235634
1235666
1235698
1235730
1235762
1235794
1235826
1235858
1235889
1235921
1235953
1235985
1236017
1236048
1236080
1236112
1236144
1236176
1236208
1236240
1236272
1236304
1236335
1236367
1236399
1236429
1236461
1236492
1236524
1236555
1236586
1236618
1236650
1236682
1236714
1236746
1236778
1236810
1236842
1236873
1236905
1236937
1236969
1237000
1237032
1237064
1237096
1237128
1237160
1237191
1237222
1237254
1237286
1237318
1237350
1237382
1237414
1237446
1237478
1237510
1237542
1237574
1237606
1237638
1237670
1237702
1237734
1237765
1237797
1237829
1237860
1237892
1237924
1237956
1237987
1238019
1238051
1238081
1238113
1238144
1238174
1238206
1238238
1238270
1238300
1238332
1238364
1238396
1238428
1238460
1238492
1238524
1238556
1238588
1238620
1238652
1238684
1238716
1238748
1238780
1238812
1238844
1238876
1238908
1238939
1238971
1239002
1239033
1239065
1239097
1239129
1239161
1239193
1239225
1239257
1239289
1239321
1239351
1239383
1239415
1239447
1239478
1239510
1239542
1239574
1239606
1239638
1239669
1239701
1239733
1239765
1239797
1239829
1239861
1239893
1239925
1239957
1239987
1240019
1240051
1240083
1240115
1240147
1240179
1240211
1240242
1240274
1240306
1240338
1240370
1240402
1240434
1240466
1240498
1240530
1240562
1240594
1240626
1240658
1240690
1240722
1240754
1240786
1240818
1240850
1240882
1240914
1240946
1240978
1241010
1241041
1241073
1241105
1241136
1241168
1241200
1241230
1241262
1241294
1241326
1241358
1241389
1241421
1241453
1241483
1241515
1241547
1241579
1241611
1241642
1241674
1241705
1241737
1241769
1241801
1241833
1241865
1241897
1241929
1241961
1241993
1242025
1242057
1242089
1242121
1242153
1242185
1242217
1242249
1242281
1242313
1242345
1242377
1242408
1242440
1242472
1242504
1242536
1242567
1242598
1242630
1242662
1242694
1242725
1242757
1242789
1242820
1242852
1242884
1242915
1242947
1242979
1243011
1243043
1243075
1243107
1243139
1243170
1243201
1243233
1243265
1243297
1243329
1243360
1243392
1243424
1243456
1243488
1243519
1243551
1243583
1243615
1243647
1243679
1243711
1243743
1243775
1243807
1243838
1243870
1243902
1243934
1243965
1243997
1244029
1244061
1244093
1244125
1244157
1244189
1244221
1244253
1244285
1244317
1244349
1244380
1244411
1244443
1244475
1244507
1244539
1244571
1244603
1244635
1244667
1244699
1244731
1244763
1244795
1244827
1244858
1244890
1244922
1244953
1244985
1245017
1245049
1245081
1245113
1245145
1245177
1245209
1245241
1245273
1245305
1245337
1245368
1245400
1245430
1245460
1245492
1245524
1245556
1245588
1245620
1245652
1245682
1245713
1245745
1245777
1245809
1245840
1245871
1245903
1245935
1245967
1245998
1246030
1246062
1246094
1246126
1246158
1246190
1246222
1246253
1246284
1246316
1246348
1246380
1246412
1246444
1246476
1246508
1246540
1246572
1246603
1246635
1246667
1246699
1246731
1246763
1246793
1246825
1246857
1246887
1246919
1246951
1246983
1247015
1247046
1247078
1247110
1247141
1247173
1247205
1247237
1247268
1247300
1247332
1247364
1247396
1247428
1247460
1247492
1247524
1247556
1247588
1247620
1247651
1247683
1247714
1247746
1247778
1247810
1247842
1247874
1247906
1247938
1247970
1248002
1248034
1248066
1248098
1248130
1248161
1248193
1248224
1248256
1248288
1248320
1248352
1248384
1248416
1248448
1248480
1248512
1248544
1248574
1248605
1248637
1248669
1248701
1248733
1248765
1248797
1248829
1248860
1248892
1248924
1248955
1248987
1249019
1249051
1249083
1249115
1249145
1249177
1249208
1249239
1249271
1249302
1249334
1249366
1249398
1249430
1249461
1249493
1249525
1249557
1249589
1249621
1249653
1249685
1249717
1249749
1249780
1249810
1249840
1249872
1249903
1249935
1249967
1249999
1250031
1250063
1250095
1250126
1250158
1250190
1250222
1250254
1250286
1250318
1250350
1250382
1250413
1250445
1250477
1250509
1250540
1250572
1250604
1250636
1250668
1250700
1250732
1250764
1250796
1250827
1250859
1250891
1250923
1250955
1250987
1251019
1251051
1251083
1251115
1251147
1251178
1251210
1251242
1251274
1251306
1251337
1251369
1251401
1251433
1251464
1251496
1251528
1251560
1251590
1251621
1251653
1251685
1251717
1251749
1251781
1251813
1251845
1251876
1251908
1251940
1251972
1252004
1252036
1252068
1252100
1252132
1252164
1252196
1252228
1252259
1252291
1252323
1252355
1252387
1252418
1252450
1252480
1252512
1252544
1252576
1252608
1252640
1252672
1252704
1252736
1252768
1252800
1252832
1252864
1252896
1252927
1252959
1252991
1253023
1253055
1253087
1253118
1253150
1253182
1253214
1253245
1253277
1253309
1253339
1253370
1253401
1253433
1253465
1253497
1253528
1253559
1253589
1253621
1253653
1253685
1253717
1253748
1253780
1253812
1253844
1253876
1253908
1253940
1253972
1254004
1254036
1254068
1254100
1254132
1254164
1254196
1254228
1254258
1254290
1254322
1254353
1254385
1254417
1254449
1254481
1254513
1254545
1254577
1254609
1254641
1254673
1254705
1254737
1254769
1254801
1254833
1254865
1254897
1254929
1254961
1254993
1255025
1255057
1255089
1255121
1255153
1255185
1255215
1255246
1255278
1255309
1255341
1255373
1255405
1255437
1255469
1255501
1255533
1255565
1255596
1255628
1255659
1255691
1255723
1255755
1255787
1255817
1255849
1255881
1255913
1255945
1255977
1256009
1256041
1256073
1256105
1256137
1256168
1256200
1256232
1256264
1256296
1256328
1256360
1256391
1256423
1256455
1256487
1256518
1256550
1256582
1256614
1256645
1256677
1256708
1256739
1256771
1256803
1256835
1256867
1256899
1256931
1256962
1256993
1257025
1257057
1257089
1257121
1257153
1257185
1257216
1257248
1257280
1257310
1257342
1257374
1257406
1257438
1257470
1257502
1257534
1257566
1257598
1257630
1257661
1257691
1257723
1257755
1257787
1257818
1257850
1257881
1257913
1257943
1257974
1258006
1258038
1258070
1258102
1258134
1258165
1258196
1258228
1258260
1258292
1258324
1258354
1258386
1258418
1258450
1258482
1258514
1258546
1258578
1258610
1258642
1258674
1258706
1258738
1258770
1258802
1258833
1258865
1258897
1258929
1258961
1258993
1259025
1259056
1259087
1259119
1259151
1259183
1259215
1259247
1259279
1259311
1259343
1259373
1259405
1259437
1259469
1259501
1259532
1259563
1259595
1259627
1259657
1259688
1259720
1259751
1259783
1259815
1259847
1259878
1259910
1259942
1259973
1260005
1260037
1260069
1260101
1260132
1260164
1260196
1260227
1260259
1260290
1260322
1260353
1260385
1260417
1260449
1260481
1260513
1260545
1260577
1260608
1260640
1260672
1260704
1260736
1260767
1260799
1260831
1260863
1260895
1260926
1260957
1260989
1261020
1261052
1261084
1261116
1261148
1261178
1261210
1261241
1261273
1261305
1261337
1261369
1261401
1261433
1261465
1261495
1261527
1261559
1261591
1261623
1261655
1261687
1261719
1261751
1261783
1261815
1261847
1261879
1261911
1261943
1261975
1262006
1262038
1262070
1262102
1262134
1262166
1262198
1262230
1262262
1262294
1262326
1262358
1262390
1262422
1262454
1262486
1262518
1262550
1262582
1262612
1262644
1262676
1262708
1262740
1262772
1262804
1262836
1262868
1262900
1262932
1262962
1262994
1263026
1263058
1263090
1263122
1263154
1263186
1263218
1263250
1263282
1263314
1263346
1263378
1263410
1263442
1263474
1263506
1263538
1263569
1263601
1263633
1263665
1263697
1263729
1263761
1263791
1263823
1263855
1263887
1263919
1263951
1263983
1264015
1264046
1264078
1264110
1264142
1264174
1264206
1264238
1264270
1264302
1264334
1264364
1264396
1264428
1264460
1264492
1264524
1264556
1264588
1264620
1264652
1264684
1264716
1264747
1264779
1264811
1264843
1264875
1264907
1264939
1264971
1265003
1265035
1265067
1265098
1265130
1265162
1265194
1265225
1265257
1265289
1265321
1265353
1265385
1265415
1265447
1265479
1265511
1265543
1265574
1265606
1265638
1265670
1265702
1265734
1265765
1265797
1265828
1265860
1265892
1265924
1265956
1265988
1266020
1266051
1266083
1266115
1266147
1266178
1266210
1266242
1266274
1266306
1266338
1266370
1266402
1266434
1266466
1266498
1266530
1266562
1266594
1266626
1266658
1266689
1266721
1266753
1266785
1266817
1266849
1266881
1266912
1266944
1266976
1267008
1267040
1267072
1267104
1267136
1267168
1267200
1267232
1267264
1267296
1267328
1267359
1267390
1267422
1267454
1267485
1267517
1267549
1267580
1267612
1267644
1267676
1267708
1267739
1267770
1267802
1267834
1267866
1267898
1267930
1267962
1267994
1268026
1268058
1268090
1268122
1268154
1268186
1268218
1268250
1268282
1268314
1268346
1268378
1268410
1268441
1268473
1268505
1268536
1268568
1268600
1268632
1268664
1268696
1268728
1268760
1268792
1268824
1268856
1268888
1268920
1268952
1268984
1269016
1269048
1269080
1269112
1269144
1269176
1269207
1269239
1269271
1269303
1269335
1269367
1269399
1269431
1269461
1269493
1269525
1269557
1269589
1269621
1269652
1269684
1269715
1269747
1269779
1269811
1269843
1269875
1269907
1269939
1269971
1270003
1270035
1270067
1270099
1270131
1270162
1270194
1270226
1270258
1270289
1270321
1270353
1270385
1270417
1270449
1270481
1270512
1270544
1270576
1270608
1270640
1270672
1270704
1270736
1270768
1270800
1270831
1270863
1270895
1270927
1270959
1270991
1271023
1271055
1271087
1271119
1271151
1271183
1271215
1271247
1271278
1271310
1271342
1271374
1271406
1271438
1271469
1271501
1271533
1271565
1271597
1271629
1271661
1271693
1271725
1271757
1271789
1271821
1271853
1271884
1271916
1271948
1271980
1272012
1272044
1272074
1272106
1272137
1272169
1272201
1272233
1272265
1272297
1272329
1272361
1272393
1272425
1272457
1272489
1272521
1272552
1272584
1272616
1272647
1272679
1272711
1272743
1272775
1272807
1272839
1272870
1272902
1272934
1272966
1272998
1273030
1273062
1273093
1273125
1273157
1273188
1273220
1273252
1273284
1273316
1273348
1273380
1273412
1273443
1273474
1273506
1273536
1273568
1273600
1273632
1273664
1273696
1273728
1273760
1273792
1273824
1273856
1273888
1273920
1273952
1273984
1274016
1274047
1274079
1274111
1274142
1274174
1274206
1274238
1274269
1274301
1274333
1274365
1274396
1274427
1274459
1274491
1274523
1274555
1274586
1274617
1274649
1274681
1274713
1274745
1274777
1274809
1274841
1274873
1274904
1274935
1274967
1274999
1275031
1275063
1275095
1275127
1275159
1275191
1275223
1275255
1275287
1275319
1275350
1275382
1275414
1275446
1275478
1275510
1275540
1275572
1275603
1275635
1275667
1275699
1275731
1275762
1275793
1275825
1275857
1275889
1275921
1275953
1275984
1276016
1276048
1276079
1276111
1276142
1276174
1276205
1276237
1276269
1276301
1276333
1276365
1276397
1276429
1276461
1276493
1276525
1276557
1276587
1276619
1276651
1276682
1276714
1276746
1276777
1276809
1276841
1276873
1276905
1276937
1276969
1277001
1277033
1277065
1277097
1277129
1277161
1277193
1277225
1277257
1277289
1277320
1277352
1277384
1277416
1277448
1277480
1277512
1277544
1277575
1277607
1277639
1277671
1277703
1277735
1277767
1277799
1277831
1277863
1277895
1277927
1277959
1277991
1278023
1278055
1278087
1278119
1278150
1278182
1278214
1278246
1278277
1278309
1278341
1278372
1278404
1278436
1278468
1278500
1278532
1278564
1278596
1278628
1278660
1278692
1278724
1278756
1278788
1278820
1278852
1278883
1278915
1278947
1278979
1279011
1279043
1279075
1279107
1279139
1279169
1279201
1279232
1279264
1279296
1279328
1279360
1279391
1279422
1279454
1279486
1279518
1279550
1279582
1279614
1279646
1279678
1279709
1279741
1279773
1279805
1279837
1279868
1279900
1279931
1279963
1279995
1280027
1280059
1280091
1280123
1280155
1280186
1280217
1280248
1280280
1280312
1280344
1280375
1280407
1280439
1280471
1280502
1280534
1280566
1280598
1280630
1280662
1280694
1280726
1280757
1280789
1280821
1280853
1280885
1280917
1280949
1280981
1281012
1281042
1281074
1281106
1281137
1281169
1281201
1281232
1281264
1281296
1281327
1281359
1281391
1281423
1281455
1281487
1281519
1281551
1281583
1281615
1281647
1281679
1281711
1281742
1281774
1281805
1281837
1281869
1281900
1281930
1281962
1281993
1282025
1282057
1282087
1282119
1282151
1282183
1282214
1282245
1282276
1282308
1282339
1282370
1282402
1282432
1282464
1282496
1282528
1282560
1282592
1282624
1282656
1282688
1282720
1282752
1282784
1282816
1282848
1282880
1282912
1282944
1282975
1283007
1283039
1283071
1283103
1283135
1283167
1283198
1283230
1283262
1283294
1283326
1283358
1283390
1283421
1283453
1283485
1283517
1283549
1283581
1283613
1283644
1283676
1283708
1283740
1283772
1283804
1283836
1283868
1283900
1283932
1283964
1283995
1284027
1284059
1284090
1284122
1284153
1284185
1284216
1284248
1284280
1284312
1284344
1284376
1284408
1284440
1284472
1284504
1284536
1284568
1284599
1284629
1284661
1284693
1284725
1284757
1284789
1284821
1284853
1284883
1284915
1284947
1284979
1285011
1285043
1285075
1285107
1285138
1285170
1285201
1285233
1285265
1285297
1285329
1285361
1285393
1285425
1285457
1285489
1285521
1285553
1285585
1285617
1285649
1285681
1285712
1285743
1285774
1285806
1285838
1285869
1285901
1285932
1285964
1285996
1286027
1286059
1286090
1286122
1286154
1286186
1286217
1286249
1286280
1286312
1286344
1286376
1286408
1286440
1286472
1286504
1286536
1286568
1286600
1286632
1286663
1286695
1286727
1286759
1286791
1286822
1286854
1286885
1286917
1286949
1286981
1287013
1287045
1287077
1287109
1287141
1287173
1287205
1287236
1287268
1287300
1287332
1287363
1287395
1287427
1287458
1287490
1287522
1287554
1287586
1287618
1287650
1287682
1287714
1287746
1287778
1287810
1287842
1287874
1287905
1287937
1287968
1288000
1288032
1288063
1288095
1288127
1288159
1288191
1288223
1288254
1288286
1288318
1288350
1288382
1288414
1288446
1288478
1288509
1288541
1288573
1288604
1288636
1288667
1288698
1288730
1288762
1288794
1288826
1288858
1288890
1288922
1288954
1288986
1289017
1289049
1289081
1289113
1289145
1289177
1289208
1289240
1289272
1289304
1289336
1289368
1289398
1289430
1289462
1289494
1289526
1289558
1289589
1289621
1289651
1289683
1289715
1289747
1289779
1289810
1289842
1289874
1289906
1289938
1289970
1290002
1290034
1290066
1290098
1290130
1290162
1290194
1290226
1290258
1290290
1290322
1290354
1290386
1290418
1290450
1290482
1290514
1290546
1290578
1290610
1290642
1290674
1290706
1290738
1290770
1290802
1290834
1290866
1290897
1290929
1290960
1290992
1291024
1291056
1291088
1291120
1291151
1291183
1291215
1291247
1291279
1291311
1291343
1291375
1291407
1291438
1291470
1291501
1291533
1291565
1291597
1291629
1291661
1291693
1291724
1291754
1291786
1291818
1291850
1291882
1291913
1291945
1291977
1292009
1292041
1292073
1292105
1292136
1292168
1292199
1292231
1292262
1292294
1292325
1292357
1292388
1292420
1292452
1292484
1292516
1292548
1292579
1292611
1292642
1292674
1292706
1292738
1292770
1292802
1292834
1292865
1292896
1292928
1292959
1292991
1293023
1293055
1293087
1293119
1293151
1293182
1293214
1293246
1293278
1293310
1293342
1293373
1293405
1293437
1293467
1293498
1293530
1293561
1293593
1293624
1293656
1293688
1293719
1293751
1293783
1293815
1293847
1293879
1293911
1293943
1293975
1294007
1294039
1294071
1294103
1294135
1294167
1294199
1294230
1294261
1294293
1294325
1294357
1294389
1294421
1294453
1294485
1294516
1294548
1294580
1294612
1294644
1294676
1294708
1294740
1294772
1294804
1294836
1294868
1294900
1294932
1294963
1294995
1295027
1295059
1295090
1295122
1295153
1295185
1295217
1295249
1295281
1295313
1295344
1295376
1295408
1295440
1295472
1295504
1295535
1295567
1295599
1295631
1295663
1295695
1295727
1295758
1295790
1295822
1295854
1295885
1295917
1295949
1295981
1296013
1296045
1296077
1296109
1296140
1296172
1296204
1296236
1296268
1296300
1296332
1296362
1296393
1296425
1296457
1296489
1296521
1296553
1296585
1296617
1296649
1296681
1296713
1296745
1296777
1296809
1296841
1296873
1296905
1296937
1296969
1297001
1297033
1297065
1297097
1297129
1297161
1297193
1297225
1297257
1297289
1297321
1297353
1297385
1297417
1297449
1297480
1297512
1297544
1297576
1297607
1297638
1297669
1297701
1297733
1297765
1297797
1297829
1297860
1297892
1297924
1297956
1297987
1298019
1298051
1298082
1298114
1298146
1298177
1298208
1298239
1298271
1298303
1298335
1298367
1298399
1298431
1298463
1298494
1298526
1298558
1298590
1298622
1298654
1298686
1298718
1298750
1298782
1298814
1298846
1298878
1298910
1298942
1298974
1299006
1299038
1299070
1299102
1299134
1299166
1299197
1299229
1299261
1299293
1299325
1299357
1299388
1299420
1299452
1299484
1299516
1299548
1299580
1299612
1299644
1299676
1299707
1299738
1299770
1299802
1299834
1299866
1299897
1299929
1299960
1299992
1300024
1300056
1300088
1300119
1300151
1300183
1300215
1300247
1300279
1300310
1300342
1300374
1300406
1300437
1300469
1300501
1300533
1300565
1300597
1300629
1300661
1300693
1300725
1300757
1300788
1300820
1300852
1300884
1300916
1300946
1300978
1301010
1301041
1301072
1301103
1301135
1301167
1301199
1301231
1301263
1301295
1301327
1301359
1301391
1301423
1301455
1301487
1301519
1301551
1301583
1301615
1301647
1301678
1301710
1301742
1301774
1301806
1301838
1301870
1301902
1301934
1301965
1301997
1302028
1302060
1302092
1302124
1302156
1302188
1302220
1302252
1302284
1302315
1302347
1302379
1302411
1302442
1302474
1302506
1302538
1302568
1302600
1302632
1302664
1302696
1302727
1302759
1302791
1302822
1302853
1302885
1302917
1302949
1302981
1303013
1303045
1303077
1303107
1303139
1303171
1303203
1303235
1303266
1303298
1303330
1303362
1303394
1303426
1303458
1303490
1303522
1303553
1303584
1303616
1303648
1303680
1303712
1303744
1303776
1303808
1303839
1303870
1303902
1303932
1303963
1303995
1304026
1304058
1304089
1304121
1304153
1304185
1304217
1304249
1304281
1304313
1304345
1304376
1304408
1304440
1304472
1304504
1304535
1304567
1304599
1304631
1304663
1304694
1304726
1304757
1304789
1304821
1304852
1304884
1304916
1304948
1304980
1305012
1305043
1305075
1305107
1305139
1305171
1305203
1305235
1305267
1305297
1305329
1305359
1305389
1305421
1305452
1305483
1305515
1305547
1305579
1305611
1305643
1305675
1305707
1305739
1305771
1305801
1305832
1305862
1305894
1305925
1305955
1305987
1306019
1306051
1306083
1306114
1306146
1306178
1306210
1306242
1306272
1306303
1306334
1306366
1306398
1306430
1306462
1306494
1306524
1306556
1306587
1306619
1306651
1306683
1306715
1306747
1306777
1306809
1306840
1306872
1306904
1306936
1306968
1307000
1307032
1307063
1307095
1307127
1307159
1307191
1307223
1307255
1307287
1307319
1307351
1307383
1307415
1307447
1307479
1307511
1307543
1307575
1307607
1307639
1307671
1307702
1307734
1307766
1307798
1307830
1307862
1307894
1307926
1307958
1307988
1308020
1308052
1308084
1308116
1308148
1308180
1308212
1308244
1308275
1308306
1308338
1308370
1308402
1308434
1308466
1308498
1308530
1308560
1308592
1308624
1308656
1308688
1308720
1308752
1308784
1308816
1308848
1308880
1308911
1308943
1308975
1309007
1309039
1309071
1309103
1309135
1309166
1309198
1309230
1309262
1309294
1309326
1309358
1309390
1309422
1309454
1309486
1309518
1309550
1309582
1309614
1309646
1309678
1309710
1309742
1309774
1309806
1309838
1309870
1309902
1309934
1309966
1309998
1310029
1310061
1310093
1310124
1310156
1310188
1310220
1310252
1310284
1310316
1310348
1310380
1310411
1310443
1310475
1310507
1310539
1310571
1310603
1310634
1310664
1310696
1310728
1310760
1310790
1310822
1310854
1310886
1310918
1310950
1310982
1311014
1311046
1311078
1311110
1311142
1311174
1311206
1311238
1311270
1311302
1311334
1311365
1311397
1311429
1311461
1311492
1311524
1311556
1311588
1311619
1311651
1311682
1311714
1311746
1311778
1311810
1311842
1311874
1311906
1311938
1311969
1312001
1312033
1312065
1312097
1312129
1312161
1312193
1312224
1312256
1312288
1312320
1312352
1312384
1312415
1312447
1312479
1312511
1312543
1312574
1312606
1312638
1312669
1312701
1312733
1312765
1312797
1312829
1312861
1312893
1312925
1312957
1312989
1313021
1313053
1313085
1313117
1313149
1313181
1313213
1313245
1313277
1313309
1313341
1313373
1313404
1313436
1313468
1313500
1313532
1313564
1313596
1313627
1313659
1313691
1313723
1313755
1313787
1313819
1313851
1313883
1313915
1313947
1313978
1314010
1314042
1314074
1314106
1314137
1314169
1314201
1314233
1314265
1314296
1314328
1314360
1314392
1314424
1314456
1314488
1314520
1314552
1314584
1314616
1314648
1314679
1314711
1314743
1314775
1314807
1314839
1314871
1314903
1314935
1314967
1314999
1315031
1315063
1315095
1315127
1315157
1315188
1315220
1315252
1315284
1315316
1315348
1315380
1315412
1315444
1315476
1315508
1315540
1315572
1315604
1315636
1315668
1315700
1315732
1315764
1315796
1315828
1315860
1315892
1315924
1315956
1315988
1316020
1316052
1316084
1316116
1316148
1316180
1316212
1316244
1316276
1316308
1316340
1316372
1316404
1316436
1316468
1316500
1316532
1316564
1316596
1316628
1316660
1316692
1316724
1316756
1316788
1316820
1316852
1316884
1316916
1316948
1316980
1317012
1317044
1317075
1317107
1317139
1317171
1317203
1317235
1317267
1317299
1317331
1317363
1317395
1317427
1317458
1317490
1317522
1317554
1317586
1317618
1317650
1317682
1317714
1317746
1317778
1317810
1317842
1317874
1317906
1317938
1317970
1318002
1318034
1318066
1318098
1318130
1318162
1318193
1318225
1318257
1318289
1318321
1318353
1318385
1318417
1318448
1318480
1318512
1318544
1318576
1318608
1318640
1318672
1318704
1318736
1318768
1318800
1318832
1318864
1318896
1318928
1318960
1318992
1319024
1319056
1319088
1319120
1319152
1319184
1319216
1319248
1319280
1319312
1319344
1319376
1319408
1319440
1319472
1319504
1319536
1319568
1319600
1319632
1319664
1319696
1319728
1319760
1319792
1319824
1319856
1319888
1319920
1319952
1319984
1320016
1320048
1320080
1320112
1320144
1320176
1320208
1320240
1320272
1320304
1320336
1320368
1320400
1320432
1320464
1320496
1320528
1320560
1320592
1320624
1320656
1320688
1320720
1320752
1320784
1320816
1320848
1320880
1320912
1320944
1320976
1321007
1321038
1321070
1321102
1321134
1321166
1321198
1321230
1321262
1321294
1321326
1321358
1321390
1321422
1321452
1321484
1321516
1321548
1321580
1321612
1321643
1321675
1321707
1321739
1321771
1321802
1321834
1321866
1321898
1321930
1321961
1321993
1322025
1322057
1322089
1322121
1322153
1322185
1322217
1322249
1322281
1322313
1322345
1322377
1322409
1322441
1322471
1322503
1322535
1322567
1322599
1322631
1322663
1322695
1322727
1322759
1322791
1322823
1322855
1322887
1322919
1322951
1322983
1323015
1323047
1323079
1323111
1323143
1323175
1323207
1323239
1323271
1323303
1323335
1323367
1323399
1323431
1323463
1323495
1323526
1323558
1323590
1323622
1323654
1323686
1323718
1323749
1323781
1323812
1323844
1323876
1323908
1323940
1323972
1324004
1324036
1324068
1324100
1324132
1324164
1324196
1324228
1324260
1324292
1324324
1324356
1324388
1324419
1324450
1324482
1324513
1324545
1324577
1324609
1324641
1324673
1324705
1324737
1324769
1324801
1324833
1324865
1324897
1324929
1324961
1324993
1325025
1325057
1325089
1325121
1325153
1325185
1325216
1325248
1325280
1325312
1325344
1325376
1325408
1325440
1325471
1325503
1325535
1325567
1325599
1325631
1325663
1325695
1325727
1325759
1325791
1325823
1325855
1325887
1325919
1325951
1325983
1326015
1326045
1326077
1326109
1326141
1326173
1326205
1326237
1326269
1326301
1326333
1326365
1326397
1326429
1326461
1326493
1326525
1326557
1326589
1326619
1326649
1326681
1326713
1326745
1326777
1326809
1326841
1326873
1326905
1326937
1326969
1327001
1327033
1327065
1327097
1327129
1327161
1327193
1327225
1327257
1327289
1327321
1327353
1327385
1327417
1327449
1327481
1327513
1327545
1327577
1327609
1327640
1327672
1327704
1327736
1327768
1327800
1327832
1327864
1327895
1327926
1327958
1327989
1328021
1328053
1328085
1328117
1328149
1328181
1328213
1328245
1328277
1328309
1328341
1328373
1328405
1328437
1328469
1328501
1328533
1328564
1328596
1328628
1328660
1328692
1328724
1328756
1328787
1328819
1328851
1328882
1328914
1328946
1328978
1329010
1329042
1329074
1329106
1329138
1329170
1329202
1329234
1329266
1329298
1329330
1329362
1329394
1329426
1329458
1329490
1329522
1329554
1329586
1329618
1329650
1329682
1329714
1329746
1329778
1329810
1329842
1329874
1329906
1329938
1329970
1330002
1330034
1330066
1330098
1330130
1330162
1330194
1330226
1330258
1330290
1330322
1330354
1330386
1330418
1330450
1330482
1330514
1330546
1330578
1330609
1330641
1330673
1330705
1330737
1330769
1330801
1330833
1330865
1330897
1330929
1330961
1330993
1331025
1331057
1331089
1331121
1331153
1331185
1331217
1331249
1331281
1331313
1331345
1331377
1331409
1331441
1331473
1331505
1331537
1331569
1331601
1331633
1331665
1331697
1331729
1331761
1331793
1331825
1331857
1331889
1331921
1331953
1331985
1332017
1332049
1332081
1332113
1332145
1332177
1332208
1332240
1332272
1332304
1332335
1332367
1332399
1332431
1332463
1332495
1332527
1332559
1332591
1332623
1332653
1332685
1332717
1332749
1332781
1332812
1332844
1332876
1332908
1332940
1332972
1333004
1333036
1333068
1333099
1333131
1333163
1333195
1333227
1333259
1333291
1333323
1333355
1333387
1333418
1333450
1333482
1333514
1333546
1333578
1333610
1333642
1333673
1333705
1333737
1333769
1333801
1333833
1333864
1333896
1333928
1333960
1333992
1334024
1334056
1334088
1334119
1334151
1334183
1334215
1334247
1334279
1334311
1334343
1334375
1334407
1334439
1334471
1334503
1334535
1334567
1334599
1334630
1334661
1334693
1334725
1334757
1334789
1334821
1334853
1334885
1334917
1334949
1334981
1335013
1335045
1335077
1335108
1335139
1335171
1335203
1335234
1335266
1335298
1335330
1335362
1335394
1335425
1335457
1335489
1335521
1335552
1335584
1335616
1335648
1335680
1335712
1335744
1335774
1335806
1335837
1335868
1335900
1335932
1335964
1335996
1336028
1336060
1336092
1336124
1336156
1336188
1336220
1336252
1336284
1336316
1336348
1336378
1336410
1336441
1336473
1336504
1336536
1336568
1336600
1336632
1336664
1336696
1336728
1336760
1336791
1336823
1336855
1336887
1336919
1336951
1336983
1337015
1337047
1337079
1337110
1337141
1337173
1337204
1337236
1337268
1337300
1337332
1337364
1337395
1337427
1337457
1337489
1337521
1337553
1337583
1337615
1337645
1337677
1337709
1337740
1337772
1337804
1337836
1337868
1337900
1337932
1337964
1337995
1338027
1338058
1338089
1338121
1338152
1338183
1338215
1338247
1338278
1338310
1338342
1338374
1338406
1338438
1338470
1338502
1338534
1338566
1338598
1338630
1338662
1338694
1338725
1338757
1338789
1338821
1338853
1338885
1338917
1338949
1338981
1339013
1339044
1339076
1339108
1339140
1339171
1339203
1339233
1339265
1339297
1339327
1339359
1339391
1339423
1339453
1339485
1339517
1339548
1339580
1339612
1339644
1339676
1339708
1339740
1339772
1339804
1339834
1339866
1339898
1339930
1339962
1339994
1340025
1340057
1340089
1340121
1340153
1340185
1340217
1340249
1340280
1340312
1340344
1340376
1340408
1340440
1340472
1340504
1340536
1340568
1340600
1340632
1340664
1340696
1340728
1340760
1340792
1340824
1340855
1340887
1340918
1340950
1340982
1341014
1341046
1341078
1341110
1341142
1341174
1341206
1341238
1341270
1341301
1341333
1341365
1341397
1341428
1341460
1341492
1341524
1341556
1341588
1341620
1341652
1341684
1341716
1341748
1341780
1341812
1341844
1341876
1341907
1341939
1341971
1342001
1342033
1342065
1342097
1342129
1342160
1342192
1342224
1342256
1342288
1342320
1342352
1342383
1342415
1342447
1342479
1342511
1342543
1342575
1342607
1342639
1342671
1342703
1342735
1342767
1342799
1342831
1342863
1342895
1342927
1342959
1342989
1343021
1343053
1343085
1343117
1343149
1343181
1343213
1343245
1343277
1343309
1343341
1343373
1343401
1344263
1344286
1344313
1344799
1344980
1345218
1346200
1346312
1346351
1346379
1346407
1346444
1347494
1348122
1348332
1349076
1349235
1349843
1349956
1349986
1350005
1350528
1350557
1350609
1351097
1351134
1351165
1351204
1351231
1351715
1352705
1352991
1353208
1353609
1353685
1353760
1354239
1354275
1355184
1355211
1355229
1355245
1355369
1355397
1355425
1355995
1356809
1356849
1356869
1356889
1357566
1358154
1358853
1359283
1359300
1359331
1359364
1359398
1359433
1359467
1359496
1359531
1359836
1359891
1359911
1360035
1360347
1360388
1360416
1360571
1363675
1363712
1363729
1363746
1363810
1363837
1363854
1363891
1363916
1363952
1363978
1364023
1364050
1364067
1364084
1364101
1364136
1364163
1364190
1364207
1364233
1364250
1364267
1364284
1364300
1364326
1364361
1364377
1364394
1364411
1364437
1364467
1364495
1364526
1364560
1364593
1365225
1365256
1365568
1365919
1365952
1366080
1366185
1366211
1366230
1366261
1367012
1367052
1367265
1369212
1370341
1371043
1371074
1371670
1371771
1371788
1383991
1384021
1384051
1384079
1384111
1384145
1384179
1384399
1384565
1384942
1384979
1385037
1385282
1385318
1385356
1385394
1385470
1385525
1385878
1386365
1386428
1387162
1387198
1387271
1387880
1387908
1387926
1388235
1388373
1389094
1389700
1390229
1390941
1391376
1391692
1391721
1392111
1392467
1392598
1393035
1393069
1393295
1393329
1393784
1393808
1394063
1394128
1394213
1394285
1394684
1394750
1395231
1395437
1395469
1395898
1396264
1396282
1397806
1397916
1398024
1398112
1398743
1398926
1398957
1399643
1399676
1399866
1399944
1400238
1400267
1400296
1400336
1400376
1401052
1401111
1401148
1401204
1401245
1401289
1401333
1402422
1402477
1402518
1402586
1402699
1402805
1402839
1402893
1403227
1403420
1403455
1403492
1403531
1403573
1403609
1403713
1403751
1403791
1403828
1404071
1404244
1404286
1404323
1404370
1404426
1405847
1405930
1405975
1406020
1406054
1406090
1406595
1406624
1406660
1406685
1406716
1406841
1406912
1406942
1407101
1407196
1407214
1407385
1407417
1407454
1407489
1407824
1407852
1407893
1408022
1408039
1408508
1408540
1408572
1408600
1409190
1409280
1409296
1409366
1409613
1409727
1409760
1409872
1410053
1410074
1410201
1410368
1411385
1411717
1416320
1416352
1416636
1416697
1416765
1416832
1416861
1416973
1417041
1417126
1417211
1417296
1417349
1417400
1417458
1417487
1417516
1417892
1417909
1417986
1418022
1418057
1418096
1418135
1418174
1418212
1418563
1418600
1418633
1418712
1418748
1418805
1418885
1418938
1418966
1419001
1419038
1419074
1419108
1419142
1419182
1419853
1419896
1420774
1420806
1420896
1421494
1421570
1421662
1422275
1422772
1423331
1423372
1423464
1424799
1424831
1424913
1425986
1426017
1426054
1432382
1432407
1432481
1432509
1432610
1470201
1470308
1470338
1470427
1470907
1470990
1471331
1471450
1473674
1473771
1473801
1473929
1474016
1474055
1474234
1474251
1474594
1474772
1474881
1474901
1475138
1475155
1475488
1475797
1475942
1475971
1476509
1476744
1476798
1476873
1477180
1477764
1478451
1478478
1479075
1479659
1479780
1479889
1480640
1480670
1480687
1480715
1481513
1481543
1481573
1481680
1481767
1481854
1481874
1481893
1481913
1481933
1482794
1482861
1482928
1483019
1483037
1483273
1487292
1493714
1499111
1500157
1500200
1500219
1500251
1501142
1501173
1501252
1501334
1501364
1501430
1501484
1501645
1501676
1501705
1502079
1502195
1502344
1502373
1502533
1502906
1503058
1503088
1503124
1503150
1503177
1503207
1503238
1503417
1503444
1503617
1503666
1503726
1503765
1503801
1503853
1503882
1503936
1503963
1504037
1504064
1504321
1504338
1504389
1504576
1504700
1504729
1504763
1504792
1504824
1504856
1505040
1505795
1505996
1506024
1507104
1507158
1507882
1508211
1508263
1508926
1508953
1508981
1509020
1509059
1509118
1509157
1509191
1509221
1509253
1509283
1509315
1509362
1509391
1509420
1509513
1510221
1510245
1510444
1510494
1510546
1510933
1511344
1511595
1512439
1513071
1513223
1513254
1513295
1513448
1513967
1514369
1514738
1514918
1514964
1515063
1515243
1515959
1516016
1519024
1519658
1520498
1520536
1520563
1520592
1520622
1520722
1520774
1520802
1520836
1520910
1521069
1521314
1521333
1521375
1521427
1521458
1521511
1521692
1521728
1522025
1522077
1522105
1522250
1522347
1522375
1522493
1522521
1522553
1522589
1522707
1522734
1522918
1523569
1523898
1523927
1524400
1524428
1524953
1525980
1526440
1526727
1526746
1526953
1527011
1527954
1527982
1528000
1528029
1528058
1528092
1528121
1528150
1528181
1528214
1528244
1528276
1529127
1529339
1529694
1529726
1529829
1529932
1529950
1531019
1531063
1531083
1531684
1531727
1531959
1532450
1532526
1532544
1532629
1532659
1535005
1536897
1536928
1536961
1536979
1538020
1538053
1539258
1539443
1539501
1539580
1539711
1543987
1544579
1544637
1545099
1545171
1545247
1545716
1548988
1549045
1549085
1549147
1549269
1550503
1550534
1550662
1550692
1550793
1550985
1551003
1551054
1551108
1551254
1551344
1551385
1551439
1554543
1554585
1554629
1554683
1554701
1554964
1554993
1555047
1555138
1555167
1555197
1555225
1555864
1555964
1556231
1556260
1556416
1556467
1556498
1556796
1558151
1558179
1558855
1558872
1558904
1558931
1558970
1559012
1559590
1559825
1559905
1559925
1560356
1560554
1560586
1560698
1560720
1560778
1560961
1561029
1561288
1561435
1562135
1562271
1562522
1562798
1562968
1563275
1563587
1564157
1564213
1564266
1564614
1564702
1564767
1565121
1565153
1565360
1565389
1565520
1565829
1565861
1565892
1565930
1565960
1565979
1566021
1566398
1566474
1566502
1566530
1566611
1566643
1566864
1567102
1567138
1567701
1567735
1568490
1568530
1568564
1568581
1570347
1570493
1570650
1571387
1571804
1571937
1572415
1572442
1572459
1572748
1573078
1573376
1573427
1573489
1573545
1573972
1574291
1574777
1574804
1574869
1574912
1575251
1575270
1576026
1576297
1576560
1576599
1576615
1577628
1577720
1577809
1577866
1577909
1578165
1578274
1578406
1578665
1578709
1578814
1579034
1579190
1579257
1579326
1579368
1579460
1579712
1579740
1580294
1580308
1580327
1580341
1580360
1580419
1580438
1580470
1580500
1580565
1580823
1580954
1581074
1582256
1582298
1582954
1584023
1584052
1584071
1584394
1595254
1595295
1595339
1595862
1595890
1595941
1595972
1596001
1596181
1596236
1596542
1596572
1596602
1596630
1596658
1596717
1596748
1596779
1596813
1647350
1647366
1647430
1647463
1647489
1648265
1648634
1648847
1648878
1648909
1648947
1648980
1649416
1649975
1650022
1650127
1650364
1650383
1650402
1650421
1650452
1650482
1650511
1650541
1650569
1650602
1651775
1651807
1653816
1653891
1654427
1654462
1685727
1685753
1685886
1685915
1686109
1687251
1687272
1687301
1687319
1687423
1687441
1687458
1687477
1687496
1687525
1687554
1687819
1688042
1688071
1688698
1688731
1688787
1688818
1688836
1688914
1688932
1689147
1689543
1689677
1690310
1690916
1690947
1691474
1691636
1691780
1691807
1691836
1691869
1692804
1692833
1693017
1693155
1693206
1693241
1693373
1693404
1693447
1693518
1693567
1693597
1693632
1693818
1694171
1694186
1694211
1694323
1694449
1694526
1695124
1695238
1696329
1696370
1697981
1698497
1698663
1698848
1698935
1698952
1698998
1699024
1699080
1699124
1699140
1699166
1699252
1699326
1699352
1699881
1700404
1700442
1701608
1702061
1702089
1702160
1702262
1702892
1702920
1704860
1706654
1708462
1709226
1709696
1710160
1711046
1711853
1712189
1712507
1713628
1713807
1714047
1714734
1714842
1716811
1716844
1716877
1716908
1717277
1717296
1717799
1717866
1717942
1718319
1718347
1718406
1718690
1718842
1718893
1718948
1719178
1719761
1720131
1720530
1721370
1722017
1724937
1726932
1727844
1729593
1730366
1730668
1731793
1731828
1732212
1733715
1734011
1734064
1734205
1734282
1736499
1737703
1737803
1737947
1738669
1739568
1739727
1740090
1740769
1740833
1741282
1742194
1743003
1744095
1744127
1744155
2144595
2144629
2146015
2146118
2146230
2146341
2146456
2146580
2146664
2146759
2146794
2146828
2146863
2146951
2146988
2147737
2148191
2148714
2148743
2148778
2148816
2148860
2148904
2148940
2148980
2149014
2149077
2149115
2149900
2149920
2149994
2150029
2150050
2150103
2150130
2150160
2151480
2151509
2151596
2151849
2152208
2152324
2152426
2152835
2152864
2153903
2153954
2154001
2154602
2158822
2158845
2158948
2158978
2159031
2159328
2159957
2160109
2160128
2160158
2160188
2160269
2160299
2162635
2164209
2164276
2164588
2164850
2164951
2164981
2165016
2165055
2165094
2165138
2165214
2165318
2168757
2168845
2168942
2169089
2169126
2169198
2169224
2169263
2171225
2171290
2183446
2183501
2183693
2185957
2198399
2198431
2198628
2199011
2200834
2204302
2205330
2205483
2205832
2206969
2208102
2208133
2208167
2208198
2208228
2208268
2208330
2208644
2208672
2208693
2208788
2208818
2208947
2209000
2209030
2209061
2209263
2209303
2209322
2212433
2213685
2213731
2214196
2214226
2214963
2215151
2215204
2215221
2215263
2215292
2215318
2215337
2215366
2215456
2215474
2216199
2216229
2216259
2216289
2216321
2216398
2216425
2216537
2227003
2227021
2227053
2227251
2234771
2234803
2234841
2234874
2234903
2234952
2234980
2235011
2235039
2235069
2235100
2235128
2235147
2235420
2236184
2236213
2236613
2236742
2236761
2236886
2237357
2237377
2237430
2238060
2238094
2239241
2239290
2239916
2239952
2241008
2241029
2241082
2241124
2241161
2242403
2242421
2242438
2242654
2242707
2242737
2243342
2244013
2244592
2245005
2245317
2245838
2245858
2246671
2247296
2247329
2248525
2248545
2248564
2248584
2248615
2248634
2249574
2249645
2249682
2249719
2250675
2251141
2251637
2251997
2252616
2252937
2253770
2253990
2254387
2254483
2254921
2254947
2254981
2255960
2256584
2256902
2256996
2257128
2257343
2257462
2257491
2257681
2257825
2257980
2257998
2258026
2258054
2258208
2258223
2258258
2258294
2259965
2261004
2262828
2264412
2264981
2265136
2266386
2267218
2268510
2268530
2268827
2268895
2269161
2269184
2269229
2269495
2269778
2270304
2270361
2270426
2270642
2270728
2270784
2270946
2271026
2271057
2271091
2271111
2271191
2271377
2271411
2271431
2271510
2271646
2271863
2271895
2271927
2272087
2272107
2272296
2272613
2273214
2273524
2273694
2273737
2276575
2278884
2279567
2280840
2280986
2281862
2282090
2282133
2282237
2283414
2283492
2285203
2288779
2292691
2295946
2296881
2298303
2299121
2300028
2300713
2301188
2301208
2301623
2301697
2301861
2301880
2301909
2303644
2303747
2304077
2304483
2304911
2305530
2305549
2306096
2306146
2306176
2306205
2306606
2307031
2307316
2307961
2307990
2308019
2308053
2308793
2308915
2308942
2309720
2309748
2310039
2310275
2310508
2310558
2310600
2310637
2310820
2310850
2310881
2310911
2310942
2310973
2311003
2311034
2311064
2311095
2311127
2311158
2311188
2311218
2311249
2311280
2311310
2311340
2311370
2311400
2311429
2311458
2311488
2311517
2311547
2311577
2311607
2311637
2311667
2311696
2311726
2311757
2311787
2311817
2311847
2311877
2311907
2311937
2311967
2311997
2312027
2312057
2312086
2312116
2312146
2312176
2312206
2312237
2312267
2312298
2312328
2312358
2312389
2312418
2312448
2312479
2312509
2312540
2312570
2312600
2312631
2312661
2312692
2312723
2312754
2312782
2312812
2312841
2312873
2312903
2312933
2312965
2312994
2313025
2313056
2313086
2313116
2313147
2313177
2313208
2313238
2313268
2313299
2313329
2313361
2313392
2313424
2313455
2313487
2313518
2313549
2313578
2313608
2313638
2313669
2313699
2313729
2313760
2313788
2313819
2313849
2313879
2313910
2313941
2313972
2314003
2314033
2314064
2314094
2314126
2314157
2314189
2314219
2314248
2314278
2314308
2314338
2314368
2314398
2314426
2314456
2314486
2314517
2314547
2314577
2314607
2314637
2314667
2314697
2314727
2314758
2314788
2314818
2314849
2314880
2314911
2314941
2314972
2315002
2315033
2315063
2315094
2315124
2315154
2315186
2315218
2315248
2315278
2315309
2315339
2315369
2315400
2315431
2315462
2315492
2315523
2315552
2315582
2315613
2315644
2315676
2315706
2315738
2315768
2315799
2315829
2315860
2315890
2315920
2315951
2315982
2316014
2316045
2316076
2316107
2316138
2316169
2316198
2316228
2316258
2316289
2316318
2316346
2316376
2316405
2316433
2316465
2316496
2316525
2316556
2316586
2316613
2316643
2316672
2316701
2316727
2316757
2316787
2316815
2316843
2316872
2316903
2316933
2316963
2316994
2317026
2317057
2317087
2317118
2317148
2317176
2317207
2317237
2317267
2317297
2317328
2317358
2317389
2317420
2317448
2317478
2317509
2317538
2317569
2317599
2317631
2317662
2317692
2317721
2317751
2317781
2317809
2317839
2317869
2317900
2317930
2317961
2317991
2318023
2318054
2318084
2318115
2318145
2318175
2318204
2318234
2318263
2318295
2318323
2318353
2318383
2318413
2318444
2318474
2318504
2318534
2318564
2318594
2318624
2318653
2318683
2318713
2318745
2318776
2318807
2318838
2318868
2318898
2318928
2318958
2318989
2319019
2319049
2319079
2319109
2319139
2319170
2319201
2319231
2319262
2319290
2319319
2319349
2319379
2319411
2319441
2319473
2319504
2319535
2319566
2319596
2319626
2319656
2319686
2319716
2319746
2319777
2319808
2319838
2319867
2319897
2319928
2319958
2319988
2320018
2320048
2320078
2320108
2320139
2320167
2320194
2320224
2320255
2320285
2320316
2320348
2320378
2320409
2320439
2320470
2320501
2320532
2320562
2320592
2320623
2320654
2320685
2320716
2320747
2320778
2320808
2320838
2320868
2320898
2320929
2320959
2320990
2321021
2321051
2321082
2321113
2321144
2321176
2321206
2321237
2321267
2321298
2321328
2321359
2321389
2321419
2321450
2321480
2321510
2321542
2321572
2321603
2321633
2321663
2321694
2321724
2321755
2321786
2321817
2321849
2321879
2321910
2321940
2321970
2322000
2322031
2322061
2322092
2322122
2322153
2322184
2322214
2322245
2322275
2322305
2322335
2322365
2322396
2322426
2322457
2322488
2322518
2322549
2322580
2322610
2322640
2322671
2322701
2322733
2322763
2322793
2322824
2322852
2322881
2322910
2322941
2322972
2323000
2323029
2323059
2323089
2323119
2323150
2323178
2323209
2323239
2323271
2323302
2323332
2323362
2323393
2323425
2323456
2323487
2323517
2323548
2323578
2323608
2323638
2323669
2323700
2323731
2323762
2323793
2323824
2323855
2323885
2323915
2323945
2323976
2324007
2324037
2324068
2324098
2324129
2324160
2324191
2324221
2324250
2324279
2324310
2324341
2324370
2324399
2324427
2324457
2324488
2324518
2324549
2324580
2324611
2324640
2324671
2324702
2324732
2324763
2324793
2324823
2324853
2324882
2324912
2324942
2324972
2325002
2325032
2325062
2325092
2325122
2325152
2325183
2325214
2325245
2325276
2325307
2325339
2325369
2325399
2325430
2325460
2325491
2325521
2325552
2325582
2325612
2325644
2325674
2325705
2325736
2325767
2325796
2325827
2325856
2325887
2325916
2325946
2325976
2326006
2326037
2326067
2326099
2326130
2326161
2326193
2326224
2326254
2326285
2326315
2326347
2326378
2326409
2326439
2326471
2326502
2326533
2326564
2326595
2326625
2326655
2326687
2326718
2326748
2326779
2326810
2326841
2326872
2326904
2326934
2326965
2326995
2327025
2327056
2327086
2327116
2327145
2327175
2327206
2327236
2327267
2327297
2327327
2327357
2327388
2327418
2327448
2327479
2327510
2327539
2327569
2327598
2327628
2327658
2327688
2327719
2327750
2327780
2327811
2327843
2327874
2327905
2327936
2327967
2327995
2328023
2328054
2328082
2328112
2328142
2328172
2328202
2328232
2328262
2328292
2328322
2328352
2328382
2328413
2328443
2328474
2328504
2328534
2328564
2328594
2328624
2328654
2328683
2328713
2328743
2328773
2328803
2328833
2328864
2328894
2328924
2328954
2328984
2329014
2329044
2329074
2329104
2329134
2329164
2329196
2329226
2329257
2329287
2329318
2329349
2329379
2329410
2329441
2329472
2329503
2329534
2329565
2329595
2329624
2329654
2329684
2329715
2329746
2329776
2329806
2329837
2329867
2329897
2329928
2329959
2329990
2330021
2330051
2330082
2330112
2330142
2330172
2330203
2330234
2330264
2330295
2330326
2330357
2330387
2330417
2330447
2330477
2330507
2330538
2330569
2330601
2330631
2330661
2330692
2330723
2330753
2330783
2330814
2330845
2330875
2330906
2330938
2330968
2330999
2331029
2331060
2331091
2331121
2331152
2331183
2331213
2331244
2331275
2331305
2331336
2331366
2331397
2331428
2331458
2331489
2331519
2331550
2331580
2331610
2331640
2331671
2331702
2331733
2331764
2331794
2331824
2331855
2331886
2331917
2331947
2331977
2332008
2332038
2332069
2332099
2332129
2332159
2332190
2332220
2332250
2332281
2332311
2332341
2332372
2332402
2332433
2332465
2332496
2332527
2332558
2332588
2332619
2332649
2332679
2332709
2332740
2332770
2332802
2332832
2332863
2332894
2332925
2332956
2332986
2333016
2333045
2333074
2333104
2333135
2333165
2333195
2333225
2333255
2333285
2333315
2333346
2333376
2333407
2333437
2333468
2333499
2333530
2333561
2333591
2333621
2333652
2333683
2333713
2333744
2333775
2333805
2333836
2333868
2333898
2333928
2333958
2333990
2334021
2334051
2334081
2334111
2334142
2334172
2334202
2334233
2334263
2334295
2334325
2334356
2334386
2334414
2334445
2334475
2334505
2334535
2334565
2334595
2334626
2334656
2334687
2334718
2334748
2334779
2334809
2334840
2334870
2334900
2334930
2334962
2334994
2335025
2335056
2335085
2335115
2335146
2335176
2335205
2335236
2335267
2335297
2335327
2335356
2335386
2335416
2335447
2335476
2335506
2335536
2335566
2335596
2335627
2335657
2335687
2335717
2335749
2335779
2335810
2335841
2335871
2335901
2335931
2335962
2335992
2336024
2336055
2336085
2336116
2336147
2336178
2336208
2336238
2336268
2336299
2336329
2336359
2336390
2336421
2336451
2336482
2336512
2336542
2336572
2336602
2336632
2336663
2336693
2336725
2336756
2336787
2336817
2336848
2336879
2336909
2336941
2336971
2337002
2337033
2337064
2337094
2337125
2337156
2337186
2337217
2337247
2337278
2337308
2337338
2337368
2337398
2337428
2337459
2337488
2337518
2337549
2337580
2337610
2337642
2337673
2337704
2337735
2337765
2337795
2337825
2337856
2337888
2337918
2337949
2337979
2338010
2338040
2338070
2338101
2338132
2338162
2338192
2338223
2338254
2338284
2338316
2338345
2338376
2338407
2338437
2338467
2338497
2338529
2338560
2338590
2338622
2338654
2338685
2338716
2338747
2338778
2338808
2338838
2338869
2338900
2338931
2338961
2338992
2339023
2339053
2339084
2339115
2339146
2339177
2339207
2339238
2339269
2339301
2339331
2339363
2339394
2339425
2339455
2339486
2339518
2339549
2339579
2339609
2339639
2339670
2339701
2339731
2339761
2339792
2339822
2339853
2339883
2339913
2339944
2339974
2340004
2340035
2340066
2340096
2340126
2340156
2340186
2340216
2340246
2340277
2340308
2340340
2340371
2340402
2340433
2340465
2340495
2340525
2340556
2340586
2340617
2340647
2340678
2340708
2340738
2340769
2340800
2340831
2340862
2340892
2340923
2340953
2340985
2341016
2341046
2341077
2341107
2341137
2341167
2341198
2341228
2341259
2341290
2341320
2341351
2341381
2341413
2341444
2341474
2341504
2341535
2341566
2341596
2341626
2341656
2341686
2341717
2341747
2341778
2341809
2341840
2341871
2341901
2341931
2341962
2341992
2342023
2342053
2342084
2342114
2342145
2342175
2342205
2342236
2342266
2342297
2342327
2342358
2342388
2342418
2342448
2342478
2342508
2342540
2342570
2342602
2342633
2342664
2342695
2342725
2342754
2342784
2342815
2342845
2342875
2342906
2342938
2342969
2343000
2343030
2343060
2343090
2343118
2343149
2343179
2343210
2343240
2343270
2343300
2343330
2343360
2343391
2343421
2343452
2343483
2343514
2343544
2343575
2343607
2343638
2343668
2343698
2343730
2343760
2343791
2343822
2343852
2343882
2343913
2343944
2343975
2344006
2344037
2344067
2344099
2344130
2344160
2344189
2344220
2344251
2344281
2344312
2344342
2344372
2344403
2344433
2344464
2344494
2344524
2344554
2344584
2344614
2344644
2344675
2344706
2344736
2344766
2344796
2344827
2344857
2344888
2344920
2344951
2344982
2345012
2345043
2345073
2345103
2345133
2345163
2345193
2345223
2345253
2345284
2345315
2345345
2345375
2345406
2345435
2345466
2345497
2345528
2345560
2345590
2345621
2345651
2345681
2345713
2345743
2345774
2345804
2345835
2345866
2345896
2345926
2345956
2345986
2346016
2346046
2346077
2346107
2346137
2346167
2346197
2346227
2346258
2346288
2346317
2346347
2346378
2346409
2346439
2346471
2346502
2346533
2346563
2346594
2346625
2346656
2346686
2346717
2346747
2346779
2346809
2346840
2346870
2346901
2346932
2346964
2346995
2347025
2347055
2347086
2347117
2347146
2347177
2347208
2347239
2347269
2347300
2347330
2347359
2347389
2347419
2347450
2347480
2347511
2347541
2347571
2347602
2347632
2347663
2347692
2347723
2347753
2347783
2347813
2347843
2347874
2347903
2347933
2347963
2347994
2348025
2348055
2348085
2348115
2348145
2348176
2348207
2348237
2348268
2348298
2348328
2348359
2348389
2348420
2348451
2348482
2348512
2348542
2348573
2348603
2348633
2348664
2348695
2348726
2348756
2348787
2348817
2348848
2348878
2348909
2348939
2348970
2349001
2349031
2349062
2349093
2349123
2349153
2349184
2349214
2349246
2349276
2349307
2349337
2349368
2349398
2349429
2349461
2349491
2349522
2349552
2349583
2349613
2349643
2349674
2349706
2349736
2349766
2349797
2349827
2349857
2349887
2349918
2349948
2349979
2350010
2350040
2350070
2350101
2350131
2350162
2350193
2350224
2350254
2350285
2350316
2350346
2350377
2350407
2350438
2350469
2350499
2350530
2350560
2350590
2350621
2350651
2350682
2350712
2350743
2350774
2350804
2350835
2350866
2350896
2350926
2350956
2350987
2351018
2351049
2351079
2351110
2351138
2351168
2351198
2351228
2351258
2351289
2351320
2351351
2351382
2351412
2351442
2351473
2351504
2351534
2351564
2351594
2351625
2351654
2351684
2351716
2351747
2351778
2351808
2351839
2351869
2351899
2351929
2351960
2351990
2352020
2352050
2352081
2352111
2352141
2352172
2352202
2352232
2352262
2352292
2352323
2352354
2352384
2352416
2352446
2352477
2352507
2352537
2352567
2352598
2352628
2352659
2352689
2352720
2352750
2352781
2352811
2352841
2352871
2352900
2352930
2352961
2352991
2353021
2353051
2353082
2353112
2353144
2353175
2353206
2353236
2353267
2353298
2353332
2353360
2353389
2353958
2353978
2354018
2357305
2357377
2357770
2357802
2357868
2357898
2357974
2358171
2358237
2358255
2358285
2358361
2358383
2358403
2358463
2358492
2358522
2358569
2358612
2358689
2358721
2358750
2360044
2360524
2360720
2360737
2360884
2361273
2361431
2361483
2361589
2361715
2361857
2362149
2362178
2362207
2362257
2362366
2362762
2363096
2363175
2363542
2364215
2364660
2365687
2365718
2366782
2366891
2369566
2369626
2369756
2369791
2369823
2369922
2369993
2374952
2375019
2375081
2375137
2375193
2375227
2375245
2375278
2375354
2375811
2378170
2378649
2378730
2378766
2378833
2378869
2378923
2378951
2378984
2379332
2379354
2379420
2379463
2379561
2379759
2379802
2379863
2379890
2379951
2380238
2380510
2380541
2380568
2380607
2380642
2380679
2380732
2380801
2381132
2381626
2381645
2381758
2384424
2384501
2384864
2385606
2385684
2385718
2385752
2395832
2395867
2396332
2396361
2396900
2397090
2398339
2399249
2399911
2400693
2400720
2400826
2400886
2400947
2401016
2401365
2401424
2401728
2401760
2424487
2426342
2426552
2426570
2426598
2426650
2426679
2426696
2426746
2426785
2426821
2426860
2427044
2427077
2427098
2427343
2427495
2427542
2427871
2427904
2428403
2428924
2428954
2429023
2430276
2430511
2430542
2430707
2472884
2472900
2473515
2473534
2473566
2473621
2473679
2473708
2473969
2474735
2476586
2478020
2478041
2478170
2478218
2478239
2478384
2478416
2478448
2478484
2480522
2480549
2480577
2480957
2481020
2481050
2481076
2481111
2481171
2481247
2483427
2483461
2483963
2483990
2485334
2485362
2486737
2486802
2487535
2488808
2495590
2498209
2499407
2500957
2500998
2502634
2502884
2503076
2503514
2503568
2503777
2503795
2503959
2504015
2506506
2506524
2506564
2507846
2507888
2508641
2509832
2509886
2510371
2510647
2511063
2511093
2511130
2511148
2511691
2512191
2512618
2512638
2512657
2512683
2512709
2512833
2512881
2514266
2514285
2515144
2515408
2516618
2516773
2516949
2516967
2517129
2517173
2517366
2517386
2517478
2517733
2517764
2517795
2517833
2517868
2517904
2517932
2518031
2518066
2518125
2518143
2521959
2525187
2525305
2525375
2525434
2537122
2537282
2537344
2537404
2540846
2540900
2540931
2540965
2540999
2541108
2541630
2546668
2560053
2560124
2560185
2560254
2560310
2561912
2561976
2562004
2562034
2562064
2562113
2562775
2562794
2563927
2565489
2568319
2568818
2579801
2579836
2580115
2581658
2581852
2581982
2582055
2582125
2582193
2582259
2582325
2582455
2582521
2582590
2582650
2584656
2584736
2584771
2584978
2585073
2585111
2585173
2585230
2585264
2585364
2585398
2585416
2585477
2585546
2593186
2594660
2594860
2594920
2595987
2596153
2596229
2596261
2596299
2596352
3017259
3017307
3017325
3017362
3017392
3017493
3017530
3017561
3017879
3017913
3018170
3018211
3018244
3018368
3019100
3019136
3019196
3019303
3019336
3020276
3024307
3024415
3024446
3024593
3025391
3025420
3025498
3025530
3025565
3025624
3025655
3025690
3025724
3025762
3026117
3026311
3028727
3028783
3028813
3028869
3029148
3034158
3034291
3034407
3034441
3034475
3034594
3034805
3034857
3034887
3034919
3035009
3035040
3035086
3035382
3035510
3035552
3035571
3035596
3035824
3035929
3036011
3036046
3036125
3036159
3036911
3036988
3037059
3037095
3037156
3037193
3037228
3037262
3037296
3037331
3037366
3037647
3037686
3037726
3037786
3037827
3037868
3037908
3037948
3038430
3038447
3042691
3043474
3043515
3043556
3043596
3043639
3043673
3043708
3043742
3043778
3043813
3043848
3043883
3043916
3043950
3043985
3044019
3044054
3044137
3044172
3044250
3044308
3044390
3044425
3044463
3045243
3045550
3046376
3046411
3048225
3048497
3048827
3049073
3054625
3054657
3054685
3054717
3054744
3054767
3054902
3054990
3055032
3055660
3056382
3056416
3056451
3056486
3056521
3056558
3056587
3056604
3056631
3056661
3056691
3056722
3056759
3056788
3056820
3056848
3056884
3056913
3056951
3057210
3057744
3058352
3058836
3059164
3059966
3060063
3060472
3061397
3062663
3063368
3063914
3064567
3064750
3064799
3064836
3064871
3065131
3065163
3065183
3065249
3065581
3066079
3066169
3066281
3066498
3066518
3066972
3067025
3067077
3067107
3067137
3067155
3067185
3067251
3067270
3067298
3067447
3067465
3067495
3067536
3067712
3067730
3067844
3067969
3068774
3070039
3071157
3071187
3071277
3071458
3071512
3071658
3071821
3071839
3071965
3071993
3072201
3072289
3072368
3072435
3072615
3072678
3072720
3072739
3072770
3072789
3072808
3072839
3072873
3072908
3072944
3072979
3073015
3073050
3073085
3073119
3073149
3073179
3073208
3073242
3073276
3073529
3073548
3073604
3073728
3073781
3074422
3074454
3074486
3074518
3074548
3074580
3074612
3074644
3074676
3074708
3074740
3074772
3074804
3074836
3074863
3074894
3074926
3074958
3074990
3075022
3075052
3075082
3075112
3075144
3075176
3075207
3075238
3075269
3075300
3075331
3075361
3075392
3075423
3075455
3075486
3075518
3075550
3075582
3075614
3075646
3075678
3075709
3075741
3075771
3075803
3075835
3075866
3075898
3075930
3075962
3075994
3076024
3076056
3076088
3076120
3076152
3076184
3076216
3076248
3076280
3076311
3076343
3076374
3076406
3076438
3076469
3076501
3076532
3076563
3076593
3076625
3076655
3076687
3076718
3076748
3076778
3076810
3076842
3076873
3076905
3076937
3076969
3077000
3077030
3077062
3077094
3077126
3077158
3077190
3077222
3077254
3077286
3077317
3077348
3077380
3077412
3077444
3077476
3077508
3077540
3077572
3077604
3077636
3077668
3077700
3077732
3077764
3077795
3077827
3077859
3077889
3077921
3077952
3077983
3078013
3078045
3078077
3078108
3078139
3078171
3078202
3078233
3078264
3078295
3078326
3078356
3078388
3078420
3078450
3078481
3078512
3078543
3078575
3078607
3078637
3078668
3078700
3078730
3078760
3078790
3078820
3078851
3078883
3078915
3078947
3078979
3079011
3079043
3079075
3079106
3079138
3079170
3079202
3079234
3079266
3079298
3079330
3079362
3079394
3079425
3079457
3079489
3079521
3079553
3079584
3079616
3079648
3079680
3079712
3079744
3079776
3079808
3079840
3079872
3079904
3079936
3079968
3080000
3080032
3080064
3080096
3080128
3080160
3080191
3080223
3080255
3080287
3080319
3080351
3080383
3080415
3080447
3080479
3080511
3080543
3080575
3080607
3080639
3080671
3080703
3080735
3080767
3080799
3080831
3080863
3080895
3080927
3080958
3080989
3081021
3081053
3081084
3081114
3081144
3081174
3081204
3081234
3081266
3081298
3081330
3081362
3081392
3081424
3081456
3081487
3081519
3081551
3081582
3081613
3081643
3081673
3081704
3081736
3081767
3081799
3081831
3081863
3081894
3081925
3081956
3081988
3082020
3082050
3082080
3082111
3082142
3082172
3082204
3082234
3082265
3082296
3082328
3082359
3082390
3082421
3082453
3082483
3082515
3082547
3082579
3082611
3082643
3082674
3082706
3082737
3082769
3082801
3082833
3082865
3082896
3082926
3082958
3082990
3083022
3083054
3083085
3083116
3083148
3083180
3083212
3083244
3083276
3083308
3083338
3083370
3083402
3083434
3083466
3083498
3083530
3083562
3083593
3083625
3083657
3083689
3083721
3083753
3083784
3083816
3083848
3083880
3083912
3083944
3083976
3084006
3084038
3084068
3084098
3084128
3084160
3084192
3084224
3084256
3084287
3084319
3084350
3084382
3084413
3084445
3084476
3084507
3084539
3084569
3084600
3084632
3084664
3084696
3084726
3084758
3084788
3084820
3084852
3084884
3084915
3084947
3084979
3085011
3085043
3085073
3085103
3085135
3085167
3085199
3085231
3085263
3085295
3085327
3085359
3085391
3085423
3085455
3085486
3085518
3085550
3085581
3085612
3085644
3085676
3085706
3085738
3085768
3085800
3085832
3085864
3085895
3085926
3085958
3085989
3086021
3086053
3086084
3086116
3086147
3086177
3086207
3086239
3086271
3086302
3086334
3086366
3086398
3086429
3086460
3086492
3086523
3086555
3086587
3086619
3086651
3086683
3086714
3086746
3086778
3086809
3086841
3086873
3086904
3086935
3086966
3086998
3087028
3087060
3087092
3087123
3087153
3087184
3087215
3087247
3087279
3087310
3087342
3087372
3087403
3087434
3087466
3087498
3087530
3087562
3087594
3087625
3087656
3087687
3087718
3087749
3087781
3087811
3087843
3087874
3087906
3087937
3087968
3087999
3088029
3088059
3088090
3088122
3088154
3088186
3088218
3088250
3088281
3088312
3088343
3088374
3088406
3088438
3088470
3088502
3088534
3088566
3088597
3088629
3088660
3088691
3088723
3088755
3088786
3088816
3088847
3088879
3088909
3088941
3088972
3089004
3089035
3089067
3089099
3089131
3089163
3089193
3089225
3089256
3089287
3089319
3089351
3089383
3089415
3089446
3089477
3089509
3089541
3089573
3089605
3089636
3089668
3089699
3089730
3089760
3089791
3089823
3089855
3089886
3089917
3089947
3089977
3090009
3090041
3090072
3090103
3090134
3090165
3090196
3090228
3090260
3090292
3090323
3090354
3090386
3090418
3090450
3090481
3090513
3090544
3090576
3090606
3090636
3090668
3090700
3090732
3090764
3090795
3090826
3090857
3090888
3090920
3090952
3090984
3091016
3091048
3091078
3091108
3091140
3091171
3091203
3091235
3091265
3091295
3091325
3091357
3091387
3091419
3091451
3091483
3091514
3091545
3091575
3091605
3091637
3091669
3091701
3091733
3091765
3091796
3091827
3091858
3091889
3091921
3091951
3091981
3092013
3092045
3092077
3092109
3092141
3092172
3092204
3092236
3092267
3092299
3092331
3092363
3092394
3092425
3092455
3092487
3092519
3092551
3092581
3092612
3092643
3092675
3092707
3092739
3092771
3092802
3092834
3092865
3092897
3092929
3092961
3092993
3093024
3093055
3093086
3093118
3093150
3093182
3093212
3093242
3093274
3093306
3093338
3093370
3093401
3093432
3093463
3093495
3093527
3093558
3093590
3093620
3093650
3093682
3093714
3093745
3093777
3093809
3093841
3093873
3093903
3093934
3093966
3093996
3094027
3094059
3094090
3094121
3094153
3094185
3094217
3094248
3094279
3094309
3094339
3094370
3094401
3094433
3094465
3094497
3094529
3094560
3094591
3094622
3094653
3094685
3094717
3094749
3094780
3094811
3094842
3094874
3094906
3094937
3094968
3094999
3095030
3095062
3095094
3095126
3095157
3095188
3095219
3095250
3095281
3095312
3095344
3095376
3095408
3095440
3095472
3095504
3095535
3095567
3095597
3095629
3095659
3095691
3095722
3095753
3095783
3095815
3095847
3095879
3095911
3095942
3095973
3096005
3096036
3096068
3096099
3096130
3096161
3096191
3096221
3096253
3096284
3096316
3096348
3096380
3096411
3096443
3096475
3096506
3096537
3096569
3096601
3096632
3096664
3096695
3096727
3096758
3096790
3096821
3096852
3096884
3096916
3096947
3096977
3097008
3097040
3097072
3097104
3097134
3097164
3097195
3097226
3097257
3097289
3097320
3097352
3097384
3097415
3097447
3097478
3097510
3097541
3097572
3097602
3097634
3097665
3097696
3097726
3097757
3097788
3097819
3097851
3097883
3097913
3097944
3097975
3098006
3098036
3098068
3098100
3098132
3098163
3098195
3098227
3098258
3098290
3098322
3098353
3098384
3098416
3098448
3098480
3098512
3098543
3098574
3098605
3098636
3098667
3098698
3098729
3098760
3098792
3098824
3098856
3098887
3098917
3098949
3098981
3099013
3099045
3099077
3099109
3099141
3099173
3099204
3099235
3099266
3099298
3099330
3099361
3099392
3099423
3099455
3099486
3099517
3099548
3099580
3099611
3099642
3099673
3099704
3099734
3099766
3099798
3099829
3099859
3099891
3099923
3099954
3099986
3100018
3100050
3100082
3100113
3100144
3100176
3100208
3100239
3100270
3100301
3100333
3100364
3100395
3100427
3100459
3100491
3100523
3100555
3100587
3100617
3100649
3100681
3100713
3100745
3100777
3100808
3100840
3100872
3100904
3100936
3100966
3100998
3101030
3101062
3101094
3101126
3101158
3101189
3101221
3101252
3101284
3101315
3101347
3101379
3101411
3101442
3101473
3101504
3101536
3101568
3101600
3101631
3101662
3101694
3101726
3101758
3101790
3101822
3101853
3101885
3101917
3101949
3101981
3102013
3102044
3102074
3102104
3102135
3102671
3102703
3102865
3102979
3103093
3103125
3103157
3103188
3103220
3103252
3103282
3103312
3103344
3103376
3103408
3103440
3103470
3103500
3103531
3103561
3103593
3103623
3103655
3103687
3103717
3103749
3103781
3103813
3103845
3103877
3103909
3103941
3103971
3104002
3104034
3104065
3104097
3104129
3104161
3104193
3104225
3104257
3104289
3104321
3104352
3104382
3104412
3104442
3104474
3104505
3104537
3104569
3104600
3104632
3104662
3104693
3104725
3104757
3104788
3104818
3104848
3104880
3104910
3104942
3104974
3105004
3105036
3105066
3105096
3105127
3105159
3105188
3105218
3105250
3105281
3105312
3105342
3105373
3105405
3105437
3105469
3105501
3105531
3105560
3105590
3105622
3105654
3105686
3105717
3105747
3105778
3105810
3105841
3105872
3105903
3105935
3105967
3105998
3106028
3106058
3106090
3106121
3106152
3106183
3106214
3106245
3106276
3106308
3106339
3106370
3106402
3106434
3106466
3106498
3106529
3106557
3106587
3106618
3106649
3106679
3106710
3106742
3106772
3106804
3106835
3106865
3106897
3106927
3106959
3106989
3107019
3107049
3107080
3107110
3107140
3107172
3107203
3107235
3107267
3107298
3107330
3107360
3107391
3107422
3107454
3107484
3107515
3107545
3107577
3107609
3107641
3107671
3107701
3107731
3107762
3107793
3107825
3107857
3107889
3107921
3107951
3107981
3108013
3108045
3108077
3108108
3108140
3108172
3108202
3108234
3108266
3108297
3108327
3108357
3108388
3108420
3108452
3108483
3108515
3108545
3108576
3108608
3108640
3108672
3108704
3108735
3108767
3108799
3108831
3108862
3108892
3108924
3108955
3108987
3109019
3109050
3109082
3109114
3109146
3109178
3109208
3109236
3109268
3109299
3109330
3109361
3109392
3109423
3109455
3109485
3109517
3109549
3109580
3109610
3109642
3109672
3109704
3109734
3109764
3109796
3109828
3109860
3109892
3109924
3109955
3109987
3110019
3110051
3110082
3110114
3110146
3110177
3110209
3110241
3110271
3110301
3110333
3110364
3110395
3110427
3110457
3110487
3110519
3110551
3110583
3110615
3110647
3110679
3110711
3110741
3110773
3110803
3110835
3110867
3110899
3110930
3110960
3110990
3111021
3111053
3111084
3111114
3111145
3111176
3111208
3111238
3111270
3111302
3111334
3111365
3111396
3111428
3111458
3111490
3111522
3111554
3111584
3111616
3111647
3111679
3111709
3111739
3111770
3111802
3111833
3111863
3111895
3111925
3111957
3111989
3112021
3112052
3112084
3112116
3112147
3112177
3112208
3112238
3112270
3112302
3112332
3112364
3112396
3112426
3112457
3112488
3112520
3112551
3112582
3112614
3112645
3112676
3112708
3112738
3112769
3112800
3112830
3112860
3112891
3112921
3112953
3112984
3113015
3113047
3113077
3113108
3113138
3113169
3113201
3113232
3113263
3113294
3113324
3113356
3113388
3113419
3113451
3113483
3113515
3113546
3113578
3113608
3113640
3113672
3113703
3113734
3113765
3113797
3113828
3113859
3113891
3113923
3113955
3113986
3114017
3114047
3114078
3114110
3114141
3114171
3114202
3114232
3114262
3114294
3114326
3114358
3114389
3114421
3114451
3114483
3114515
3114547
3114577
3114608
3114640
3114672
3114703
3114734
3114766
3114796
3114827
3114859
3114890
3114921
3114952
3114984
3115016
3115048
3115080
3115111
3115142
3115173
3115203
3115234
3115264
3115295
3115325
3115357
3115387
3115418
3115450
3115481
3115513
3115545
3115577
3115609
3115640
3115672
3115704
3115736
3115768
3115800
3115831
3115863
3115895
3115927
3115959
3115991
3116023
3116055
3116086
3116116
3116148
3116179
3116210
3116242
3116272
3116302
3116334
3116366
3116398
3116428
3116460
3116491
3116523
3116554
3116584
3116614
3116646
3116678
3116709
3116740
3116772
3116803
3116834
3116866
3116898
3116930
3116962
3116994
3117025
3117055
3117086
3117116
3117147
3117179
3117211
3117239
3117270
3117298
3117328
3117360
3117390
3117422
3117454
3117485
3117517
3117549
3117581
3117613
3117644
3117676
3117708
3117740
3117772
3117804
3117836
3117868
3117898
3117928
3117959
3117991
3118022
3118053
3118085
3118117
3118149
3118181
3118211
3118242
3118274
3118306
3118338
3118370
3118402
3118432
3118464
3118495
3118527
3118559
3118591
3118622
3118652
3118683
3118714
3118745
3118775
3118805
3118835
3118867
3118899
3118930
3118961
3118991
3119021
3119052
3119084
3119116
3119148
3119180
3119212
3119243
3119275
3119307
3119338
3119370
3119402
3119434
3119465
3119497
3119527
3119559
3119590
3119622
3119654
3119685
3119715
3119746
3119778
3119809
3119840
3119872
3119903
3119934
3119966
3119997
3120029
3120061
3120093
3120125
3120155
3120187
3120219
3120251
3120283
3120314
3120346
3120378
3120408
3120440
3120472
3120502
3120532
3120562
3120594
3120626
3120658
3120689
3120720
3120751
3120783
3120815
3120847
3120879
3120911
3120943
3120975
3121007
3121037
3121069
3121101
3121133
3121165
3121197
3121229
3121261
3121293
3121325
3121357
3121387
3121419
3121451
3121483
3121515
3121546
3121578
3121608
3121638
3121670
3121700
3121730
3121761
3121791
3121823
3121855
3121886
3121917
3121949
3121980
3122010
3122042
3122072
3122104
3122136
3122167
3122199
3122229
3122261
3122291
3122323
3122355
3122386
3122418
3122450
3122480
3122512
3122543
3122575
3122606
3122637
3122669
3122701
3122733
3122764
3122795
3122825
3122855
3122885
3122917
3122949
3122981
3123012
3123044
3123075
3123107
3123137
3123168
3123200
3123231
3123263
3123295
3123325
3123355
3123387
3123418
3123449
3123481
3123513
3123545
3123577
3123609
3123641
3123672
3123703
3123734
3123765
3123797
3123829
3123860
3123892
3123924
3123954
3123986
3124018
3124049
3124081
3124113
3124144
3124174
3124204
3124236
3124268
3124300
3124332
3124364
3124396
3124428
3124460
3124491
3124523
3124555
3124587
3124617
3124648
3124680
3124712
3124744
3124775
3124807
3124839
3124871
3124902
3124934
3124965
3124997
3125028
3125060
3125090
3125121
3125152
3125182
3125213
3125244
3125275
3125305
3125337
3125369
3125401
3125431
3125463
3125495
3125527
3125559
3125591
3125623
3125653
3125685
3125717
3125749
3125781
3125813
3125843
3125875
3125905
3125937
3125969
3126001
3126033
3126064
3126094
3126125
3126157
3126188
3126219
3126250
3126281
3126313
3126345
3126377
3126409
3126441
3126473
3126504
3126534
3126566
3126598
3126630
3126662
3126694
3126726
3126757
3126789
3126819
3126849
3126880
3126912
3126942
3126973
3127005
3127037
3127069
3127101
3127132
3127162
3127192
3127222
3127254
3127285
3127315
3127347
3127379
3127409
3127441
3127473
3127505
3127537
3127569
3127607
3128112
3128141
3129062
3129079
3129173
3129393
3129488
3129565
3129646
3129884
3130412
3130576
3130615
3130655
3130709
3202979
3203010
3203026
3203610
3203843
3203902
3206709
3208980
3210322
3213196
3217719
3222274
3222294
3224826
3228886
3228942
3228961
3233191
3237250
3241307
3245482
3249712
3253993
3258262
3258352
3262563
3262583
3262603
3264715
3269473
3269849
3272168
3276694
3279085
3281980
3284206
3289896
3290442
3295392
3297914
3300350
3304724
3310352
3312831
3317070
3321251
3323366
3327532
3330899
3331468
3333922
3336255
3340678
3340908
3340965
3341179
3341625
3341651
3341719
3342078
3342130
3342184
3342257
3342287
3342525
3343155
3343172
3343589
3343616
3343946
3343975
3344127
3344190
3344500
3344563
3344619
3344651
3345316
3345344
3345374
3345833
3345913
3345939
3345965
3345992
3348038
3348353
3348437
3348465
3348658
3348735
3349006
3349382
3349411
3349442
3349495
3349526
3349556
3349749
3350266
3350294
3350355
3350387
3350406
3350435
3350488
3350522
3350581
3350675
3350752
3351336
3351469
3351488
3351519
3352181
3352682
3353890
3353987
3354020
3354053
3354071
3354138
3354156
3354350
3354593
3354623
3357035
3357062
3357080
3357109
3357127
3359506
3360778
3361187
3361264
3361279
3362248
3362280
3362581
3362610
3362763
3362795
3362827
3362860
3362893
3362925
3364752
3364802
3364830
3364865
3365069
3365690
3365847
3365877
3365906
3365934
3365967
3366171
3366417
3366449
3366481
3366498
3366676
3367484
3372054
3372716
3372812
3373053
3373201
3373243
3373300
3373480
3373508
3374079
3375161
3376249
3376302
3376332
3377826
3379203
3379229
3379333
3380133
3380175
3381677
3381961
3381979
3382020
3382060
3382444
3382474
3382588
3382878
3382962
3383043
3383462
3383492
3383522
3383551
3383582
3383613
3383645
3383844
3383878
3384092
3384190
3384279
3384311
3384341
3384358
3385073
3385410
3385487
3385513
3386055
3386091
3386162
3386192
3386899
3399357
3405885
3405951
3405979
3420891
3420931
3420965
3421931
3422009
3422518
3429043
3429087
3429150
3429210
3429238
3429805
3429831
3429860
3429886
3430017
3430069
3430123
3431250
3431355
3431382
3432221
3433368
3433510
3433540
3433593
3433623
3433637
3433666
3433900
3433920
3433941
3433963
3433996
3434012
3434088
3434114
3434154
3434192
3434232
3434375
3434468
3434922
3435113
3435136
3435310
3435906
3435939
3436000
3436417
3436447
3437239
3437584
3437718
3437883
3437996
3438250
3438419
3438483
3438834
3439363
3439631
3439669
3439704
3439846
3439895
3439937
3440211
3440255
3440340
3440376
3440647
3440677
3440740
3441343
3441389
3441533
3441606
3442007
3444354
3444597
3444875
3444912
3444985
3445073
3445113
3445634
3445706
3445778
3445854
3446119
3446187
3446265
3446525
3446717
3446782
3447103
3447132
3447174
3447245
3448158
3448245
3448287
3448320
3448375
3448404
3448774
3449193
3449601
3449708
3449809
3450208
3450353
3450637
3450656
3451472
3451522
3451575
3451714
3451767
3451797
3451832
3451870
3451982
3452016
3452051
3452086
3452114
3452153
3452229
3452291
3452329
3452360
3453157
3453187
3453222
3453301
3453340
3453445
3453513
3453933
3453968
3454007
3454054
3454088
3454134
3455135
3455205
3455261
3455346
3455468
3455573
3455783
3457288
