0
21
109
158
269
369
385
413
668
729
754
794
914
953
981
1033
1072
1112
1169
1294
1337
1419
1501
1528
1565
1592
1748
1793
1875
1920
2002
2084
2167
2218
2246
2297
2452
2498
2553
2616
2698
2719
2776
2818
2870
2893
5968
7781
8859
10116
10131
12583
12602
12630
12670
12794
12876
12959
13041
13069
13087
13105
13134
13209
13835
14582
14665
14691
14773
14794
14876
14959
15005
15054
15115
15207
15288
15371
15399
15481
15564
15647
15696
15778
15870
15978
16005
16035
16061
16089
16118
16164
16182
16233
16284
16391
16420
16900
16935
17258
17591
17610
17659
17742
17760
17929
17957
17986
18200
18506
19145
19167
19197
19472
19522
20692
21483
21960
22616
23168
24753
24795
25163
25318
25892
26415
26870
27538
27639
28377
29096
29126
30027
30058
30088
30240
30505
30536
30790
30856
30885
30916
30990
31022
31056
32559
32677
32718
32749
32831
32913
32959
33087
33111
33146
33172
33254
33336
33401
33630
33712
33794
33949
34031
34059
34105
34136
34167
34223
34254
34282
34328
34387
34469
34550
34632
34663
34715
35003
35024
35051
35102
35185
35267
35392
35418
35446
35474
35556
35740
35766
35793
35867
36163
36326
36487
36510
36828
36857
36885
37046
37071
37170
37231
37499
37542
37587
37608
37757
37786
38105
41011
41416
41448
41477
41516
41576
41734
42225
42328
42355
42391
52840
52909
52942
52967
53025
53057
53237
53289
53367
53493
53632
53708
53762
53932
54011
54151
54835
54863
54889
54967
55064
55088
55223
55246
55279
56060
56093
56124
56299
56374
56676
56926
56954
57587
57910
57944
57974
58049
58075
58106
58250
58425
58497
58573
58748
58803
58934
59949
60857
60912
61040
745263
745303
745435
745569
745599
745647
745677
745707
745737
745767
745797
745827
745857
745887
745917
745947
745995
746043
746073
746103
746133
746163
746193
746223
746253
746283
746313
746343
746373
746403
746433
746463
746493
746523
746553
746582
746719
746892
747137
747274
747321
747350
747379
747408
747437
747466
747513
747531
747557
747572
747967
748024
748052
748416
748446
748467
748487
748506
752504
752541
752577
752613
752635
752670
752688
752716
752783
752941
752959
753183
753216
753263
753344
753425
753507
753535
753553
753571
753653
753704
753754
753803
753885
753916
753947
753978
754012
754423
754742
754763
754792
754822
754904
754987
755044
755126
755208
755231
755313
755395
755532
755560
755589
755672
755689
755771
755823
755877
755907
755940
755973
756002
756109
756142
756263
756298
756348
756410
756546
757064
757593
757624
757757
757805
757823
758003
758906
758957
758995
759019
759048
759355
759405
759587
759889
760078
760099
760213
760551
761328
761474
761705
762413
762479
762693
763044
763190
763302
763511
763906
764101
764121
764139
764159
764203
764269
764354
764398
764418
764438
764458
764921
764952
765229
765260
765632
766075
766835
766869
767187
767786
767940
767971
768116
768649
769639
769822
770148
770176
770269
770321
770334
770951
771190
772289
772378
772634
773444
773538
773569
773600
773631
775646
775676
776457
776474
777127
777491
777519
777581
777623
777675
777789
777971
778072
778305
778323
779121
779482
779508
779623
779664
779906
779926
780008
780090
780110
780192
780222
780240
780270
780300
780382
780412
780494
780519
780565
780593
780676
780758
780779
780798
780819
780840
780861
780892
781729
781828
781858
781877
781960
782042
782124
782143
782225
782307
782404
782433
782516
782599
782681
782763
782845
782885
782967
783049
783131
783213
783296
783326
783366
783448
783530
783612
783694
783714
783797
783880
783963
784045
784127
784209
784291
784374
784456
784537
784619
784701
784784
784799
784881
784962
784987
785069
785150
785232
785314
785397
785480
785563
785645
785727
785809
785830
785913
785995
786025
786107
786189
786271
786354
786436
786517
786599
787801
787830
788349
788514
788533
788652
788719
788761
789050
790106
790126
790794
790848
790884
790916
791656
791690
791858
792691
793215
793243
793446
794221
794347
794364
794382
795059
796648
797715
797778
798101
800691
800709
800739
800899
800929
800947
801106
801220
801705
801755
801934
801978
802029
802111
802194
802276
802358
802441
802524
802606
802688
802771
802853
802935
803018
803100
803183
803266
803349
803398
803425
803581
803663
803820
803902
803984
804066
804148
804199
804282
804364
804446
804528
804610
804693
804775
804857
804939
805021
805104
805186
805268
805350
805432
805514
805596
805678
805760
805842
805925
806007
806033
806116
806198
806280
806362
806475
807292
807321
807356
807374
807391
807472
807549
807576
807613
807843
807877
808809
808839
808871
808901
809136
809176
809206
809236
809266
809296
809324
809360
809592
809626
809663
809703
809739
809768
809804
809833
809877
809976
810132
810214
810241
810268
810309
810391
810474
810556
810607
810689
810720
810802
810843
810925
810966
810982
811063
811128
811158
811178
811695
811750
811863
811887
811910
811934
811960
812041
812123
812172
812255
812337
812419
812501
812584
812600
812683
812765
812902
813110
813193
813222
813252
813282
813315
813331
813382
813465
813547
813629
813711
813739
813762
813785
813808
813885
814634
814726
814780
815623
815641
815740
815923
815954
816460
816478
816571
816776
816794
817047
817096
817122
817486
817791
817820
817849
822805
823000
823077
823704
824615
824772
825178
825713
825745
830503
830562
830627
830721
831062
831099
831316
831344
833376
833544
838383
838434
848882
848950
849564
849595
849613
849778
849850
849878
850958
851073
852655
852684
852702
852719
852746
852797
852864
852935
852987
853056
853139
853218
853233
853393
853411
853431
853448
853479
853603
853628
853759
853838
853909
853944
853988
854167
854202
854784
854817
855133
855187
855249
855287
855322
855359
855397
855430
855487
860247
860404
860502
860657
860685
860969
862012
862034
862060
862320
862561
862683
862714
862744
862771
862843
863136
863201
863236
863271
863412
863466
863507
863630
863660
863692
863724
863834
865845
865916
866053
866383
866433
866488
866545
866618
866730
866893
866921
866948
867287
867307
867339
867991
868024
868415
871363
871566
872002
872032
872072
872172
872202
872404
872466
872527
872586
872658
872697
872789
873139
873323
873623
873641
878393
878430
878468
878503
878704
878901
878923
878964
879070
879159
879233
879366
879398
879429
879536
879646
879704
879807
879863
879902
879939
879973
880159
880258
880288
880317
880394
880447
880560
880602
880686
881048
881090
881199
881229
881296
881325
881358
881783
881800
881841
888393
888678
889285
889302
889361
889392
889729
889788
891513
891543
891574
891610
891802
891854
892107
892124
892260
892521
892686
892715
893242
893271
893300
893331
893480
893511
894635
895092
895407
895457
895474
896986
897024
897062
897115
897190
897225
897260
897295
897330
897383
897419
897454
897491
897527
897562
897592
897629
897664
897695
897731
897763
897794
897974
898171
898374
898463
898497
899116
899144
899172
899389
899429
899511
899589
899671
899753
899781
899831
899913
899962
900044
953050
953066
953148
953168
953219
953277
953344
953424
953473
953556
953638
953721
953870
953955
953984
954005
954030
954113
954135
954183
954202
954284
954305
954388
954408
954428
954447
954498
954549
954594
954676
954758
954840
954922
955005
955038
955095
955143
955211
955294
955377
955396
955414
955433
955462
955527
955610
955660
955742
955765
955847
955929
956011
956093
956175
956257
956339
956421
956503
956525
956553
956635
956717
956797
956880
956962
957045
957127
957209
957231
957286
957368
957451
957533
957606
957659
957741
957823
957905
957987
958036
958272
958305
958340
958375
958410
958807
958835
958889
959914
959958
959975
960014
960455
960486
960517
960548
960580
960673
960788
960911
960954
961032
961158
961193
961237
961319
961402
961483
961558
961639
961688
961771
961853
961935
962018
962101
962183
962268
962350
962371
962454
962537
962619
962701
962784
962833
962915
962948
963031
963080
963099
963224
963251
963334
963361
963384
963466
963549
963632
963714
963797
963834
963891
963973
964055
964138
964221
964302
964384
964465
964547
964630
964712
964795
964878
964961
965012
965094
965175
965256
965338
965420
965502
965585
965667
965750
965771
966415
966906
967320
967349
967415
967466
967509
967538
967755
967823
967854
967936
967964
968046
968099
968182
968265
968347
968429
968457
968477
968560
968642
968724
968806
968888
968970
968990
969010
969030
969113
969194
969220
969246
969267
969349
969431
969513
969595
969678
969760
969774
982115
982193
982337
982612
982646
982686
982716
982756
982831
983128
983179
983237
983491
986342
986758
988239
988303
988418
988467
988585
988660
988800
988896
989162
989218
989327
989504
989826
989942
990081
1022668
1022699
1022732
1022760
1022790
1022815
1022846
1022877
1022903
1023064
1023109
1023126
1023887
1024606
1024946
1252410
1252439
1252465
1252494
1252526
1252594
1252658
1252774
1252826
1252856
1261531
1261561
1261592
1261619
1263522
1264282
1264334
1267443
1267627
1267693
1267725
1267929
1270539
1270570
1270844
1273606
1278933
1278980
1279046
1279081
1279636
1282822
1282853
1282991
1283659
1283688
1283798
1284064
1293903
1293932
1294553
1294580
1298402
1298418
1298444
1298496
1298527
1298555
1298585
1302753
1302788
1302817
1302847
1302873
1302896
1302931
1302967
1303003
1303040
1303074
1303103
1303133
1303331
1303380
3502386
3502508
3502698
3502725
3502754
3502789
3502862
3505162
3505562
3505655
3505712
3505748
3505803
3505833
3505876
3505918
3505960
3505994
3506028
3506062
3506096
3506130
3506664
3506703
3506759
3506795
3506831
3506868
3507340
3507367
3507436
3507483
3507506
3507686
3507705
3507734
3508131
3508881
3508913
3509077
3509302
3509909
3510856
3511050
3511380
3511411
3511544
3511989
3512044
3512110
3513458
3513701
3514370
3514937
3514973
3515854
3516872
3516909
3516930
3517161
3517615
3517633
3518030
3518443
3520964
3520989
3521017
3521135
3522272
3522299
3522423
3522456
3522495
3522528
3522681
3522790
3522824
3522927
3522954
3530096
3530202
3530908
3530943
3530967
3530985
3531003
3531046
3531135
3531163
3532259
3532313
3532388
3532456
3532556
3532843
3532874
3533381
3533415
3533454
3533483
3533517
3533560
3533600
3533642
3533686
3533796
3533878
3533915
3533948
3533984
3534504
3534544
3534586
3534628
3535262
3535298
3535333
3535388
3535443
3537448
3537466
3538490
3539824
3539856
3539964
3540027
3540059
3540600
3540744
3540792
3541055
3541112
3541141
3541263
3541374
3541425
3541440
3541458
3541564
3541597
3541630
3541658
3542019
3542037
3542067
3542266
3542307
3542496
3542681
3542811
3542923
3542986
3543016
3543039
3543198
3543252
3543365
3543429
3543457
3543486
3543557
3543624
3543684
3543717
3543746
3543776
3543828
3543858
3543888
3543906
3552691
3552938
3552973
3553000
3553063
3553102
3553120
3553168
3553198
3553228
3553286
3553507
3553572
3553697
3554009
3554160
3554286
3554535
3554913
3555325
3555648
3555782
3555814
3556007
3556320
3556619
3556649
3557079
3557132
3557299
3557431
3557641
3557769
3557787
3558234
3558265
3558438
3558463
3558657
3558688
3558718
3558748
3558778
3558808
3559007
3559147
3559353
3559428
3559458
3559808
3559841
3559867
3559900
3561407
3561446
3561481
3561518
3561553
3561585
3574794
3574869
3574898
3574927
3575072
3576429
3576445
3576652
3577153
3577780
3578066
3578102
3578141
3578157
3578537
3578568
3578593
3578609
3578625
3578654
3578704
3578848
3578900
3578927
3578954
3579029
3579044
3580128
3580959
3582454
3583447
3583487
3583517
3584264
3585104
3585665
3585944
3587385
3587610
3587710
3587763
3587793
3587811
3587960
3588073
3588209
3588286
3588718
3588867
3588896
3588929
3588977
3589240
3589287
3589317
3589345
3589375
3589908
3589985
3590197
3590226
3590279
3590321
3590340
3590431
3591470
3591639
3592275
3592597
3592638
3593028
3593057
3593192
3593325
3593498
3593939
3594139
3594271
3594287
3594424
3594524
3594576
3594603
3594621
3594897
3594950
3594982
3595088
3595189
3595264
3595305
3595379
3595416
3595559
3595890
3596455
3596473
3596890
3597086
3597104
3597295
3597368
3597619
3598031
3598231
3598263
3598462
3598506
3598573
3598640
3598768
3599111
3599574
3599756
3599800
3599928
3599972
3600038
3600104
3600181
3600213
3600751
3600818
3600874
3600969
3601001
3601309
3601401
3601562
3601910
3601989
3602021
3602118
3602153
3602197
3602358
3602391
3602426
3602461
3602496
3602527
3603542
3603749
3603788
3603842
3604152
3604196
3604354
3604434
3604466
3604628
3605163
3605195
3605283
3605652
3606016
3606099
3606131
3606152
3606208
3606227
3606259
3606279
3606299
3606351
3606826
3606939
3606959
3607054
3607467
3607782
3607954
3608080
3608169
3608225
3608279
3608319
3608422
3608479
3608511
3608611
3608713
3608758
3609027
3609131
3609164
3609183
3609365
3609468
3609550
3609707
3609737
3610093
3610137
3610158
3610551
3610574
3610631
3610709
3610764
3611547
3611602
3611642
3611708
3611786
3611917
3612827
3613020
3613100
3613120
3613153
3613207
3613287
3613384
3613473
3613491
3613552
3613585
3613716
3613760
3613919
3614011
3614828
3615228
3615260
3615279
3615299
3615331
3616184
3616227
3616295
3616410
3616547
3616624
3616644
3616885
3616951
3616972
3617349
3617562
3617628
3617754
3617833
3617925
3617957
3617989
3618021
3618041
3618144
3618279
3618299
3618331
3618398
3618454
3618495
3618527
3618547
3618579
3618612
3618656
3618770
3618918
3619326
3619380
3619434
3619512
3619626
3619869
3620166
3620885
3620951
3620992
3621048
3621412
3621467
3621498
3621554
3622150
3622240
3622541
3622782
3622836
3622992
3623175
3623193
3623418
3623706
3624125
3624226
3624350
3624370
3624457
3624476
3624588
3625514
3625579
3626267
3626859
3626903
3626956
3626987
3627088
3627177
3627659
3627725
3627825
3627985
3628166
3628264
3628691
3628817
3629040
3629095
3629126
3629167
3629263
3629316
3629373
3629416
3629551
3629617
3629661
3629743
3629944
3629975
3630006
3630517
3630893
3631017
3631048
3631124
3631155
3631254
3631367
3631386
3631527
3631559
3631594
3631628
3631663
3631696
3631728
3631762
3631794
3631828
3632056
3632091
3632127
3632155
3632184
3632329
3632359
3632429
3632494
3632512
3632946
3632975
3633004
3634375
3634407
3634437
3634458
3634652
3634672
3634716
3634921
3635337
3635370
3635391
3635561
3635605
3635800
3635888
3636680
3636931
3637216
3637489
3638088
3638107
3638424
3638606
3638665
3638692
3638743
3638769
3638800
3638831
3638906
3639121
3639146
3639169
3639197
3639234
3639605
3639635
3639665
3639700
3639735
3639770
3639806
3639840
3639875
3639911
3639945
3639980
3640015
3640050
3640084
3640120
3640154
3640189
3640224
3640258
3640293
3640327
3640360
3640393
3640427
3640461
3640495
3640528
3640824
3640900
3641884
3641904
3641997
3642019
3642053
3642075
3642106
3642137
3642164
3642196
3642224
3642326
3642356
3642388
3642424
3642460
3642490
3642569
3642603
3642870
3642890
3643088
3643110
3643343
3643364
3643384
3643441
3643785
3643880
3643956
3644210
3644325
3644357
3644401
3644669
3644712
3644756
3644786
3645197
3645229
3645273
3645317
3645338
3645473
3646733
3646853
3647414
3647444
3648049
3648078
3648931
3649311
3649990
3650020
3650096
3650245
3650275
3650305
3650332
3650359
3650374
3650403
3650821
3651369
3651825
3652328
3652349
3652379
3652964
3654461
3654886
3654970
3655184
3655370
3655398
3655435
3655462
3655479
3815532
3815713
3815986
3816035
3816163
3816189
3816479
3816514
3816595
3816676
3816707
3816739
3816793
3816849
3816904
3816933
3817013
3817230
3817260
3817740
3817955
3818008
3818209
3820382
3822603
3822633
3822658
3822715
3822903
3822933
3823270
3823347
3823710
3823741
3823796
3824066
3824147
3824216
3824990
3825019
3825049
3825081
3825111
3825140
3825172
3825249
3825471
3825494
3825517
3825541
3825565
3825790
3826187
3826220
3826253
3826412
3826705
3827584
3827809
3828235
3828538
3828838
3829133
3829249
3829312
3829342
3829507
3829784
3829808
3829875
3829931
3830242
3830787
3830814
3830841
3830954
3838683
3838883
3838911
3839815
3840006
3840034
3840288
3840350
3840402
3840590
3845942
3846502
3846532
3846562
3846617
3848027
3848599
3848627
3849146
3850013
3850044
3850072
3850107
3850575
3850604
3850985
3851112
3856987
3857024
3857054
3857090
3857125
3857162
3857205
3857249
3857289
3857630
3857695
3857771
3857804
3857830
3858078
3858339
3858678
3858979
3859172
3859213
3859305
3859336
3859367
3859398
3859413
3859750
3859775
3859806
3859835
3859849
3859906
3859976
3861554
3861582
3861615
3861644
3861669
3862457
3862526
3862552
3862666
3862718
3862799
3864497
3864527
3864652
3864996
3865102
3865204
3865347
3865659
3865997
3866056
3866100
3866227
3866332
3866384
3866412
3866442
3866472
3868286
3868762
3869077
3869097
3869188
3869309
3869396
3869452
3869484
3869515
3869581
3869612
3869665
3869701
3869962
3869990
3870102
3870130
3870357
3870574
3870602
3870868
3871116
3871964
3872014
3872097
3872114
3872781
3872800
3872833
3872863
3873258
3873316
3873352
3873384
3874276
3874305
3874414
3876654
3878433
3879657
3879675
3879694
3880271
3880537
3889525
3889842
3890390
3890424
3890461
3890498
3890535
3890565
3890606
3890624
3890725
3897251
3898758
3898787
3898816
3898846
3898876
3898906
3898934
3898969
3899002
3899641
3899679
3899697
3899728
3900124
3900384
3900505
3900524
3900542
3900582
3900660
3900734
3900760
3901587
3901606
3901625
3902117
3902155
3903734
3903797
3903866
3903923
3904026
3904055
3904142
3904172
3904972
3905378
3905413
3905442
3905976
3906031
3906051
3906381
3906415
3906451
3909947
3910119
3910477
3910503
3910553
3910835
3910888
3910920
3911419
3912180
3912254
3913825
3913854
3914285
3916325
3916429
3916554
3916690
3916975
3917541
3917727
3918574
3918605
3918642
3919092
3919362
3919752
3919933
3919969
3923472
3923508
3923547
3923616
3924644
3924840
3926474
3926673
3927033
3927399
3927458
3927644
3927664
3927679
3927718
3927773
3930673
3930732
3930764
3931802
3931909
3931967
3932007
3932047
3932081
3932185
3932223
3932299
3932378
3932415
3932453
3936121
3936460
3936886
3936944
3937570
3937633
3937652
3938900
3939071
3939153
3939196
3939239
3939282
3939325
3939361
3940631
3940680
3940716
3940754
3940790
3940830
3940862
3940915
3941886
3941944
3941984
3942024
3942064
3942104
3944454
3944562
3944584
3944617
3944651
3944673
3944741
3944894
3944927
3944990
3945287
3945320
3945357
3945466
3945766
3945953
3946034
3947619
3947701
3950233
3950693
3950730
3950769
3950807
3950847
3950887
3950940
3951416
3951451
3951481
3951512
3951874
3952039
3952107
3952208
3952300
3952500
3952533
3952802
3953081
3953768
3953899
3954468
3954697
3954762
3955197
3955247
3955282
3955311
3955396
3955551
3955709
3955775
3955841
3955870
3955900
3955918
3956054
3956080
3956105
3956133
3956185
3956204
3956258
3956316
3956371
3956397
3956740
3957520
3961550
3961714
3961747
3961778
3961849
3961961
3961993
3962034
3962063
3962096
3962132
3962168
3962221
3962250
3962285
3962303
3962321
3962391
3962410
3962477
3962508
3962563
3963434
3963460
3963488
3963513
3963736
3963766
3963804
3963921
3964011
3964150
3964167
3964319
3964347
3964415
3964448
3965021
3965059
3965166
3965199
3965515
3965605
3965732
3965875
3966664
3966813
3966853
3967033
3967086
3967117
3967443
3968099
3968118
3968189
3968275
3968306
3968554
3968585
3968765
3968783
3968814
3968834
3968853
3969417
3969785
3969816
3970119
3971401
3971807
3972296
3972774
3974265
3974320
3974937
3974955
3975021
3975989
3976193
3976213
3976648
3976933
3977872
3977901
3978442
3978632
3979252
3979271
3979291
3979628
3980110
3980610
3980774
3981187
3981318
3981360
3981390
3981419
3981448
3981539
3981559
3981878
3981921
3982004
3982254
3982285
3982531
3982550
3982569
3982611
3982653
3982685
3982716
3982750
3982787
3983654
3983854
3983889
3983923
3984000
3984200
3984400
3985003
3985109
3985371
3985774
3985830
3985958
3986044
3986077
3986264
3986294
3986334
3986505
3986617
3986686
3986787
3986818
3986852
3986879
3986911
3986941
3986976
3987007
3988777
3988932
3988973
3989070
3989178
3989742
3989764
3989897
3990128
3990282
3991824
3992208
3992238
3992448
3992738
3992873
3993151
3993604
3993638
3993672
3993708
3993748
3993785
3993825
3993859
3993912
3993952
3993992
3994024
3994056
3994090
3994125
3994160
3994194
3994229
3994264
3994298
3994333
3994367
3994403
3994439
3994472
3994507
3994542
3994578
3994612
3995665
3995682
3995717
3995753
3995788
3996089
3996553
3996850
3996869
3996894
3996926
3998163
3998255
3998291
3998328
3998404
3998461
3998618
3998666
3998720
3999012
3999112
3999542
4001479
4001512
4002073
4002117
4002149
4002542
4002585
4002602
4002764
4002794
4002833
4003135
4003289
4003318
4003372
4003970
4004010
4004044
4004078
4004113
4004149
4004184
4004219
4004333
4004503
4004556
4004658
4004853
4004879
4004914
4005167
4005197
4005677
4005706
4005724
4005766
4005803
4006404
4006435
4006465
4006519
4006606
4006771
4006801
4006853
4040183
4040373
4040601
4040629
4045613
4045633
4045687
4045896
4045974
4046002
4046036
4046068
4046179
4046211
4046247
4046282
4046316
4046370
4046765
4046790
4049048
4049064
4049092
4049123
4049154
4049205
4049224
4049243
4049258
4049286
4049881
4051699
4051729
4051779
4052511
4052647
4053013
4053408
4053438
4053726
4053857
4054309
4054544
4054856
4054884
4055984
4056051
4056093
4056119
4056153
4056309
4056327
4056353
4056431
4056627
4056644
4056672
4056817
4056868
4057000
4057064
4057130
4057247
4057274
4057326
4057355
4057385
4057415
4057445
4057478
4057549
4057623
4057643
4057734
4058056
4058121
4058208
4058478
4058562
4058581
4058841
4058988
4059056
4059112
4059298
4059513
4059613
4059880
4060097
4060356
4060384
4060426
4060454
4060644
4060677
4060696
4060714
4060733
4060810
4061245
4061276
4061367
4061395
4062332
4062759
4062833
4062878
4063055
4063083
4063383
4063401
4063491
4063750
4064107
4073098
4073272
4073472
4073524
4073540
4073726
4073787
4074285
4074325
4074447
4074529
4074553
4074579
4074603
4074623
4074642
4074660
4074679
4074724
4074806
4074889
4074916
4074966
4074985
4075006
4075056
4075080
4075162
4075227
4075264
4075315
4075365
4075447
4075530
4075612
4075631
4075653
4075734
4075815
4075897
4076191
4076235
4076546
4076776
4076926
4077290
4077360
4077377
4077505
4077522
4077642
4077877
4078105
4078122
4078209
4078238
4078356
4078535
4078642
4079173
4082136
4082246
4082278
4082376
4082646
4082731
4082841
4082869
4083084
4083113
4083240
4083294
4083348
4083367
4084293
4084376
4084408
4084437
4084633
4084663
4084784
4084801
4085108
4085190
4085273
4085355
4085437
4085519
4085540
4085623
4085706
4085828
4085910
4085961
4086016
4086099
4086182
4086264
4086347
4086430
4086512
4086527
4086573
4086655
4086687
4086733
4086815
4086897
4086979
4087030
4087081
4087127
4087284
4087367
4087427
4087509
4087556
4087583
4088205
4088515
4088559
4088597
4088623
4088706
4088788
4088870
4088901
4088983
4089066
4089149
4089231
4089277
4089359
4089440
4089459
4089509
4089591
4089673
4089709
4089791
4089841
4089923
4090006
4090088
4090137
4090219
4090268
4090350
4090507
4090590
4090673
4090755
4090837
4090898
4090949
4091014
4091308
4091342
4091569
4092076
4092386
4092404
4092709
4093082
4093199
4093229
4093318
4093335
4093386
4093414
4093442
4093791
4094003
4094066
4094113
4094167
4094211
4094294
4094344
4094387
4094473
4094556
4094579
4094628
4094710
4094792
4094875
4094905
4094953
4095036
4095118
4095139
4095294
4095376
4095459
4095480
4095503
4095586
4095668
4095705
4095758
4095779
4095797
4095832
4095915
4095937
4096018
4096100
4096181
4096210
4096239
4096268
4096288
4096308
4096455
4096481
4096564
4096647
4096679
4096711
4096731
4096763
4096795
4097747
4097857
4098130
4098792
4098908
4098938
4098968
4098998
4099311
4099462
4099493
4099618
4100372
4100390
4100782
4100904
4101572
4102525
4102877
4102919
4102950
4102968
4102988
4103008
4103039
4103058
4103093
4103135
4103213
4103341
4103395
4103461
4103512
4103746
4104595
4105476
4105614
4106058
4106112
4106308
4106342
4106384
4106440
4106469
4106566
4106734
4106762
4107334
4107351
4107379
4107409
4107511
4107799
4108107
4109041
4110208
4110235
4110261
4110275
4110334
4110461
4110520
4110586
4110621
4111754
4112174
4112239
4112256
4112285
4112431
4113658
4113829
4113875
4116260
4116465
4116499
4117512
4117565
4117605
4117654
4117701
4117742
4117770
4117908
4117939
4118167
4118391
4118608
4118626
4118724
4118784
4118844
4118884
4118963
4119088
4119123
4119158
4119192
4119225
4119256
4119378
4119917
4120152
4120294
4127324
4127372
4127402
4127675
4128028
4128062
4128441
4128459
4128805
4128897
4128961
4128988
4130115
4130133
4130450
4130682
4130701
4130744
4131190
4131452
4131827
4131973
4132684
4133016
4133490
4133555
4134579
4134832
4135078
4143673
4143720
4143735
4143786
4145230
4146278
4146328
4147109
4539730
4539765
4539800
4539831
4539862
4539893
4539910
4540938
4540961
4540989
4541026
4541068
4541109
4541150
4541194
4541222
4541252
4541499
4541518
4541847
4541904
4541941
4541978
4542078
4542246
4542310
4542336
4542654
4542858
4543137
4543233
4543317
4543363
