0
74
151
285
311
349
500
938
976
1020
1064
1133
1176
1285
1342
1363
1396
1418
1439
1461
1503
1524
1555
1678
1699
1779
1835
1892
1935
1991
2054
2097
2241
2262
2283
2506
2584
2617
2650
2908
2985
3006
3039
3060
3305
3405
3544
3565
3596
3628
3648
3681
3700
3768
3821
3934
3999
4020
4072
4116
4191
4223
4244
4472
4529
4561
4650
4804
4825
4845
5019
5043
5081
5106
5143
5233
5266
5300
5358
5439
5611
5665
5961
5993
6014
6057
6101
6349
6382
6437
6470
6526
6581
6614
6668
6748
6802
6823
7181
7238
7293
7314
7335
7412
7573
7616
7649
7717
7749
7794
7838
7880
7958
8061
8140
8188
8220
8242
8659
8680
8701
8734
8913
8967
8988
9009
9030
9051
9106
9307
9340
9443
9587
9619
9639
9737
9781
10034
10102
10252
10273
10293
10427
10504
10607
10641
10662
10763
10806
10893
11070
11113
11284
11317
11350
11393
11603
11690
11799
11842
11899
11942
11971
12023
12301
12673
12943
12965
13054
13097
13118
13139
13183
13215
13349
13370
13402
13507
13538
13582
13614
13635
13679
13710
13779
13800
13833
13908
14107
14268
14370
14455
14510
14530
14608
14640
14744
14775
14831
14896
14925
15001
15077
15118
15134
15152
15181
15201
15254
15286
15330
15386
15431
15909
15926
16107
16828
16876
16920
16942
16975
17053
17302
17490
17582
17754
17917
18102
18254
18319
18385
18476
18509
18564
18585
18628
18690
18884
18922
18947
18976
19010
19035
19275
19374
19763
20041
20071
20182
20252
20283
20314
20339
20369
20400
20432
20461
20491
20520
20540
20595
20626
20681
20711
20731
20751
20931
20962
20994
21050
21082
21137
21178
21209
21252
21338
21498
21536
21602
21749
21779
21815
21966
22001
22044
22073
22102
22133
22162
22182
22285
22305
22325
22413
22469
22489
22521
22541
22585
22703
22932
22994
23029
23043
23117
23149
23320
23400
23429
23459
23486
23517
23594
23669
23697
23772
23814
24948
24988
25013
25048
25083
25119
25147
25177
25212
25231
25297
25340
25382
25481
25582
25649
25762
25829
25861
25904
25972
26011
26345
26370
26401
26427
26471
26500
26560
26590
26666
26743
26774
26807
26851
26872
26893
26937
26981
27012
27165
27209
27229
27362
27418
27448
27492
27523
27541
27597
27665
27709
27776
27874
28091
28169
28235
28255
28357
28408
28437
28478
28504
28548
28684
28716
28759
28810
28830
28908
28938
28982
29260
29292
29416
29448
29483
29521
29598
29618
29639
29672
30016
30117
30149
30204
30408
30461
30527
30558
30637
30713
30836
30911
30931
31136
31201
31243
31294
31322
31362
31392
31432
31472
36739
36847
36972
36989
37006
37188
37311
37340
37366
37380
37394
37452
37487
37527
37675
37700
37782
37808
37844
37926
37961
38043
38125
38180
38211
38248
38331
38413
38496
38638
38720
38769
38792
38874
38892
38938
39020
39102
39135
39217
39299
39381
39433
39451
39533
39570
39653
39725
39743
39826
39863
39881
39963
39989
40053
40357
40383
40830
40860
40875
41029
41447
41477
41505
41535
41575
41607
41690
41772
41803
41860
41942
42025
42043
42061
42144
42175
42240
42322
42404
42486
42568
42650
42732
42814
42896
42979
43060
43143
43226
43308
43391
43474
43556
43645
43727
43809
43892
43975
44057
44139
44221
44303
44386
44412
44494
44576
44601
44720
44802
44829
44855
44884
44966
44992
45075
45155
45237
45320
45403
45454
45537
45619
45747
45773
45796
45821
45840
45859
45878
46762
46795
47049
47081
47212
47428
47627
47647
47691
48691
49191
49221
49666
49923
49968
50001
50464
51422
52808
53188
53206
53236
53479
53497
54176
54194
54222
54305
54323
54351
54461
54495
54533
54554
54583
54666
54707
54735
55109
55130
56113
56427
56451
56491
56531
56553
56572
56591
56614
56644
56676
56748
56818
56919
56946
57134
57169
57228
57263
57300
57360
57398
58262
58461
58675
58797
58878
59377
59430
59458
59534
59563
59596
59640
59809
59833
59877
59959
60041
60067
60108
60131
60213
60295
60336
60359
60430
60463
60484
85673
85755
85838
85920
86002
86057
86139
86155
86237
86319
86401
86483
86565
86648
86729
86811
86893
86975
87057
87139
87221
87304
87323
87400
87449
87531
87613
87695
87712
87794
87876
87902
87984
88067
88149
88231
88314
88344
88374
88424
88470
88552
88635
88717
88799
88881
88963
89045
89127
89210
89255
89338
89356
89438
89521
89538
89621
89704
89755
89837
89919
89945
90428
90665
90722
90747
90843
90872
90929
90953
90970
91080
91107
91146
91176
91192
91240
91337
91372
91428
91465
91547
91582
91617
91652
92036
92371
92422
97417
97871
97946
97978
98478
98507
98564
98651
99146
99189
99242
99290
99491
118229
118254
118943
121430
121459
121517
121535
121806
124816
124836
127969
128004
128061
128076
128107
128143
128202
128240
128288
128343
128378
128413
129615
129696
129713
129818
129855
129892
129934
129968
130006
130046
130086
130122
131150
132425
132451
132908
132937
132969
132997
133121
133156
133180
133232
134041
134063
134093
134339
134761
134786
134839
136067
136136
136349
136486
138322
141901
142857
142937
143950
144081
144115
144145
144636
144739
144856
145030
145058
145108
145878
145999
146076
146293
146322
146350
146382
146961
146978
147053
147955
148199
148427
148482
148517
148551
148608
149878
150216
163960
163996
164032
164598
164659
164689
164753
166200
172054
172088
172117
172322
172357
174300
174778
176101
176171
176232
176259
176370
176420
176456
176806
176834
177076
177504
177533
177560
2349966
2350761
2351235
2351873
2352415
2352443
2352475
2352504
2352533
2352562
2352592
2352645
2352678
2352711
2352741
2353498
2354024
2354124
2354344
2354372
2354468
2354493
2354529
2354553
2354655
2355052
2355387
2355406
2355449
2355467
2356041
2356143
2356323
2356670
2357145
2357161
2357196
2357226
2358265
2358449
2358475
2358598
2358646
2358854
2358883
2358916
2360183
2360747
2361505
2362040
2364146
2364175
2364245
2364394
2364452
2364480
2364657
2364686
2364716
2364732
2364748
2364789
2364850
2364885
2364920
2364952
2364996
2365057
2365211
2365552
2365588
2365623
2365822
2365860
2365961
2366006
2366051
2366196
2366239
2366281
2366322
2366363
2366399
2366428
2366534
2366586
2367126
2367320
2367338
2367468
2367486
2367528
2367682
2367736
2367767
2367784
2368134
2368190
2368273
2368498
2368653
2368682
2373425
2375382
2375408
2375634
2376365
2376438
2376511
2376546
2376595
2376697
2376831
2376880
2377237
2377339
2377366
2378609
2378681
2378793
2379013
2379149
2379173
2379197
2379221
2380355
2380388
2380428
2381253
2381462
2381539
2381592
2381627
2381662
2381715
2381817
2381975
2382030
2382128
2382155
2382205
2382237
2382711
2382738
2382799
2383138
2383172
2383324
2383349
2383674
2383725
2383757
2383952
2383982
2384015
2384085
2384118
2384184
2384217
2384252
2384285
2384312
2384402
2384456
2384488
2384506
2384748
2385353
2385776
2385794
2387119
2387292
2391623
2391725
2391756
2391798
2391835
2391972
2391999
2393634
2393665
2393852
2394106
2394142
2394192
2394222
2394241
2395090
2396493
2396987
2397308
2398643
2399965
2400329
2403373
2403404
2403601
2403634
2403667
2403701
2403735
2403773
2403789
2403807
2404248
2404296
2404398
2404466
2404497
2404539
2405300
2405333
2405361
2405705
2405733
2405815
2405897
2405997
2406032
2406067
2406102
2406219
2406277
2406306
2406371
2406401
2406447
2406478
2406560
2406641
2406717
2406800
2406825
2406929
2407008
2411366
2411659
2411742
2411825
2411907
2411990
2412073
2412124
2412206
2412243
2412283
2412323
2412362
2412423
2412449
2412496
2412599
2412639
2412701
2412738
2412782
2412815
2412965
2413215
2413306
2413388
2413438
2413520
2413569
2413651
2413830
2413854
2413878
2413961
2414044
2414061
2414096
2414149
2414178
2414209
2415483
2415656
2415688
2415716
2415747
2415825
2417050
2417077
2417104
2417161
2417463
2417506
2417550
2417579
2417909
2417964
2828203
2828262
2828312
2828345
2828815
2828948
2829526
2829560
2829598
2829626
2829768
2829798
2829829
2829860
2829892
2829921
2830808
2830873
2830902
2830931
2830982
2831307
2831337
2831367
2831398
2831427
2831458
2831489
2831520
2831556
2831586
2831807
2832022
2832138
2832186
2832216
2832318
2832802
2832992
2833693
2833975
2834167
2834830
2834936
2835240
2835363
2835683
2835771
2835799
2836042
2836419
2836478
2836510
2836550
2836635
2836681
2836764
2836846
2836927
2837009
2837092
2837174
2837257
2837496
2837515
2837565
2837716
2837749
2837780
2837808
2837835
2837860
2837943
2838025
2838060
2838079
2838114
2838196
2838277
2838304
2838386
2838468
2838551
2838568
2838650
2838733
2838816
2838899
2838981
2838997
2839080
2839163
2839245
2839327
2839344
2839426
2839509
2839592
2839674
2839756
2839838
2839855
2839875
2839890
2839972
2839991
2840012
2840095
2840177
2840260
2840281
2840327
2840380
2840462
2840544
2840584
2840625
2840681
2840763
2840845
2840927
2841523
2841702
2841784
2841867
2841949
2842006
2842034
2842117
2842200
2842282
2842300
2842382
2842464
2842547
2842630
2842713
2842796
2842879
2842899
2842949
2843009
2843064
2843094
2843112
2843138
2843848
2844370
2845490
2845572
2845655
2845738
2845819
2845900
2845983
2846065
2846151
2846233
2846316
2846346
2846429
2846512
2846537
2846620
2846703
2846785
2846868
2846950
2847033
2847116
2847198
2847280
2847363
2847445
2847527
2847609
2847692
2847774
2847857
2847940
2848022
2848104
2848185
2848267
2848321
2848403
2848485
2848568
2848604
2848686
2848768
2848850
2848932
2849014
2849095
2849176
2849257
2849338
2849419
2849501
2849584
2849667
2849750
2849833
2849915
2849998
2850081
2850164
2850246
2850328
2850410
2850491
2850574
2850656
2850739
2850820
2850845
2850927
2851010
2851093
2851175
2851257
2851340
2851423
2851473
2851555
2851637
2851720
2851803
2851885
2851968
2852051
2852134
2852217
2852273
2852355
2852437
2852520
2852602
2852684
2852767
2852850
2852933
2853014
2853097
2853178
2853260
2853343
2853425
2853451
2853485
2853568
2853650
2853733
2853816
2853899
2853981
2854063
2854109
2854190
2854273
2854356
2854438
2854520
2854603
2854685
2854734
2854817
2854847
2855412
2855700
2855756
2855880
2856300
2856603
2856719
2856754
2856841
2856861
2856987
2857042
2857097
2857138
2857169
2857296
2857423
2857478
2857507
2857538
2857802
2857922
2857990
2858033
2858237
2858410
2859131
2859267
2859554
2859792
2859896
2860078
2860218
2860251
2860296
2860330
2860349
2860379
2860445
2860534
2860556
2860586
2860629
2860649
2860669
2860748
2860792
2860947
2861003
2861023
2861149
2861181
2861246
2861302
2861320
2861339
2861371
2861426
2861446
2861547
2861614
2861657
2861711
2861757
2861777
2861908
2861997
2862400
2862682
2862848
2862936
2863248
2863278
2863297
2863352
2863383
2863842
2864089
2864141
2864244
2864451
2864516
2864608
2864627
2864646
2864807
2865081
2865114
2865157
2865650
2865781
2865902
2866107
2866364
2866508
2866622
2866651
2866824
2866855
2866958
2867012
2867031
2867074
2867106
2867148
2867179
2867212
2867268
2867394
2867425
2867517
2867731
2867793
2867848
2867867
2867885
2868164
2868229
2868457
2868580
2868995
2869129
2869352
2869383
2869797
2869851
2870325
2870832
2871047
2871230
2871335
2871365
2871603
2871634
2871663
2871693
2871944
2871988
2872034
2872161
2872190
2872217
2872246
2872329
2872411
2872547
2872573
2872598
2872680
2872763
2872846
2872872
2872955
2873037
2873120
2873169
2873194
2873229
2873311
2873393
2873475
2873557
2873583
2873666
2873692
2873773
2873855
2873936
2874018
2874101
2874182
2874265
2874348
2874430
2874512
2874594
2874677
2874759
2874842
2874925
2875007
2875090
2875173
2875254
2875336
2875418
2875500
2875582
2875664
2875745
2875828
2875911
2875994
2876076
2876159
2876242
2876324
2876406
2876488
2876571
2876654
2876679
2876762
2876845
2876972
2877000
2877028
2877090
2877119
2877201
2877283
2877365
2877447
2877529
2877555
2877638
2877718
2877801
2877883
2877965
2878048
2878131
2878213
2878296
2878378
2878434
2878517
2878599
2878682
2878764
2878890
2878916
2878997
2879027
2879055
2879137
2879220
2879302
2879384
2879467
2879549
2879631
2879713
2879795
2879876
2879899
2879981
2880064
2880147
2880229
2880280
2880295
2880341
2880390
2880473
2880556
2880639
2880721
2897701
2897784
2897867
2897885
2897967
2897993
2898075
2898157
2898174
2898256
2898338
2898420
2898466
2898548
2898631
2898680
2898730
2898758
2898788
2898859
2898967
2898996
2899012
2899068
2899086
2899116
2899145
2899174
2899192
2899692
2899803
2899830
2899909
2899925
2899954
2899971
2900022
2900072
2900961
2900992
2901008
2902813
2904079
2904112
2905136
2905154
2905589
2907129
2907201
2907834
2908533
2909398
2909452
2909602
2909970
2910573
2911870
2912528
2912580
2912642
2912843
2913804
2914276
2914304
2914377
2914419
2914863
2915007
2915038
2915065
2915242
2915411
2915429
2915445
2915462
2915479
2915495
2915533
2915550
2915589
2915634
2915663
2915761
2915803
2915868
2915923
2915969
2916133
2916766
2918381
2919409
2920014
2920252
2920270
2920289
2920643
2921265
2921284
2921329
2921375
2921532
2921614
2921697
2921779
2921811
2921894
2921936
2922018
2922100
2922152
2922222
2922304
2922387
2922469
2922552
2922635
2922716
2922798
2922880
2922962
2922984
2923010
2923092
2923174
2923256
2923338
2923421
2923504
2923526
2923609
2923691
2923774
2923796
2923878
2923960
2924043
2924126
2924208
2924263
2924346
2924392
2924474
2924555
2924636
2924719
2924801
2924883
2924965
2925047
2925129
2925211
2925293
2925312
2925394
2925422
2925505
2925587
2925669
2925697
2925779
2925862
2925944
2926026
2926109
2926155
2926175
2926230
2926312
2926328
2926423
2926476
2926531
2926575
2926611
2926647
2926722
2926740
2926919
2927014
2927032
2927298
2927339
2927669
2927687
2927753
2927809
2928163
2928198
2928242
2928259
2928298
2928315
2928343
2928367
2928396
2928836
2928890
2928928
2929017
2929047
2929065
2929177
2929205
2929247
2929286
2929305
2929358
2929542
2929560
2929762
2929796
2929829
2930260
2930519
2930547
2930589
2930631
2931020
2931049
2931154
2931191
2931225
2931299
2931334
2931367
2931432
2931461
2931478
2931494
2931711
2932365
2933222
2933257
2933285
2933304
2933338
2933488
2933517
2933958
2934436
2934463
2934508
2934543
2934569
2934648
2935042
2935059
2935624
2935641
2935678
2936057
2936264
2936292
2936452
2936481
2936582
2936617
2936647
2936858
2937097
2937365
2937485
2937502
2937518
2937535
2937563
2937609
2937645
2937874
2937903
2937930
2937960
2938013
2938046
2938147
2938725
2938790
2938945
2939382
2939786
2940218
2940559
2941129
2941158
2942825
2942918
2944337
2945589
2945747
2946715
2946860
2948156
2948175
2948192
2948738
2949274
2949329
2949382
2949437
2949562
2949875
2951921
2951956
2951996
2953264
2953285
2953390
2953512
2953533
2953588
2953838
2953858
2954087
2954546
2955237
2955292
2955346
2955376
2955547
2956468
2956520
2957151
2957217
2957249
2957281
2957405
2957757
2957992
2958221
2958467
2958554
2959024
2959050
2959124
2959154
2959295
2959587
2959641
2959658
2959779
2959827
2959856
2960182
2960210
2960239
2960381
2960408
2960657
2960687
2960775
2960793
2960820
2960904
2961220
2961248
2963513
2963977
2964103
2964709
2964967
2965255
2965507
2966754
2966793
2966971
2967342
2967463
2967679
2967710
2967856
2968068
2968099
2968245
2970497
2970938
2970973
2971258
2971388
2971667
2972060
2972661
2974053
2974186
2975518
2976058
2976857
2976952
2976970
2977279
2977296
2977469
2979104
2982083
2982581
2983820
2983910
2984252
2985147
2985482
2985953
2986134
2986174
2986202
2986238
2986268
2986355
2986425
2986470
2986546
2986572
2986679
2986756
2986785
2986815
2987040
2987744
2987913
2988143
2988174
2988576
2988591
2988712
2988772
2988822
2988939
2988982
2989015
2989094
2989114
2989339
2989371
2989402
2989685
2989951
2990483
2990678
2991210
2991466
2991893
2991969
2992413
2992479
2992617
2992806
2992824
2992853
2992880
2992910
2993149
2993204
2993233
2994517
2996371
2996875
2997769
2998191
2998898
2999133
3008655
3008875
3009365
3009436
3009466
3009490
3009529
3009955
3009989
3010078
3010120
3010161
3010264
3010725
3011223
3011257
3011392
3011606
3012465
3012498
3013685
3013965
3014052
3014094
3014146
3014177
3014678
3014708
3014784
3015186
3015532
3015890
3016511
3016650
3016936
3017387
3017681
3018185
3018626
3019101
3019143
3019186
3019204
3039930
3039990
3040062
3040111
3040140
3040202
3040239
3043458
3043574
3044126
3044411
3044445
3044573
3044608
3044714
3044806
3044832
3044851
3045162
3045181
3045393
3045424
3045740
3045805
3045980
3046203
3047210
3047242
3047365
3047383
3047436
3047810
3047845
3048412
3048766
3048832
3049146
3049222
3049420
3050218
3050250
3050284
3050402
3050653
3050717
3051160
3051214
3051602
3051971
3052033
3052061
3052092
3052134
3052195
3052318
3052598
3052742
3052776
3052815
3052854
3052894
3052970
3053080
3053191
3053227
3053372
3053404
3053485
3053649
3053711
3053768
3053797
3053874
3053976
3054404
3054668
3055070
3055954
3056004
3056128
3056217
3056245
3056281
3056298
3056361
3056378
3056433
3056915
3057311
3057376
3057430
3057463
3057580
3057610
3057654
3057697
3057717
3057747
3057834
3057895
3057914
3057967
3057997
3058083
3058102
3058121
3058139
3058227
3058299
3058586
3058718
3058838
3058856
3059074
3059157
3059465
3059609
3059634
3085443
3085468
3100140
3100165
3118634
3118734
3119152
3119202
3119227
3119438
3119567
3119620
3119651
3119815
3119868
3119895
3120460
3120601
3120647
3120729
3120751
3120801
3120831
3120914
3120996
3121046
3121128
3121211
3121293
3121375
3121421
3121438
3121593
3121608
3121691
3121773
3121856
3121907
3121989
3122072
3122155
3122238
3122320
3122402
3122485
3122566
3122713
3122745
3122827
3122909
3122992
3123043
3123125
3123171
3123220
3123235
3123317
3123398
3123480
3123562
3123645
3123671
3123754
3123837
3123920
3123955
3124000
3124044
3124127
3124210
3124293
3124375
3124458
3124541
3124566
3124648
3124729
3124811
3124861
3125101
3125127
3125171
3125248
3125297
3125380
3125463
3125545
3125628
3125664
3125713
3125795
3125878
3125961
3126007
3126090
3126172
3126223
3126348
3126431
3126459
3126486
3126509
3126590
3126738
3126767
3126792
3126919
3126949
3126979
3127008
3127091
3127173
3127256
3127338
3127420
3127503
3127586
3127667
3127750
3127832
3127915
3127997
3128080
3128163
3128246
3128328
3128411
3128493
3128544
3128626
3128709
3128791
3128873
3128956
3129039
3129121
3129204
3129287
3129369
3129452
3129534
3129617
3129666
3129748
3129793
3129875
3129957
3130039
3130122
3130149
3130232
3130314
3130396
3130479
3130562
3130644
3130726
3130808
3130891
3130973
3131055
3131137
3131219
3131302
3131385
3131468
3131550
3131632
3131682
3131765
3131815
3131860
3131942
3131993
3132075
3132158
3132240
3132256
3132339
3132421
3132504
3132587
3132669
3132752
3132834
3132883
3132965
3132983
3133001
3133029
3133079
3133234
3133278
3133409
3133671
3133716
3133934
3133959
3134041
3134089
3134163
3134192
3134231
3134260
3134288
3134316
3134345
3134374
3134456
3134538
3134621
3134647
3134730
3134813
3134896
3134977
3135060
3135142
3135225
3135244
3135382
3135408
3135435
3135518
3135628
3135710
3135792
3135909
3135938
3135967
3135996
3136023
3136106
3136188
3136270
3136352
3136434
3136516
3136598
3136681
3136763
3136845
3136927
3137010
3137092
3137174
3137257
3137339
3137422
3137505
3137587
3137670
3137753
3137836
3137918
3138000
3138083
3138102
3138184
3138209
3138291
3138374
3138457
3138539
3138556
3138639
3138722
3138804
3138886
3138968
3139049
3139131
3139167
3139250
3139331
3139413
3139494
3139576
3139658
3139740
3139823
3139906
3139988
3140071
3140154
3140204
3140249
3140295
3140378
3140460
3140542
3140599
3140681
3140763
3140780
3140863
3140946
3141029
3141111
3141193
3141275
3141334
3141416
3141497
3141517
3141600
3142759
3142836
3142869
3143017
3143035
3143064
3143089
3143118
3143153
3143205
3143330
3143416
3143569
3143618
3143669
3143715
3143894
3143923
3143950
3144033
3144059
3144108
3144190
3144273
3144324
3144341
3144366
3144406
3144488
3144571
3144616
3144698
3144781
3144864
3144946
3145028
3145110
3145192
3145274
3145356
3145438
3145520
3145603
3145686
3145768
3145850
3145932
3146014
3146096
3146178
3146194
3146276
3146359
3146440
3146522
3146604
3146660
3146741
3146823
3146906
3146988
3147070
3147152
3147197
3147248
3147331
3147467
3147493
3147519
3147600
3147646
3147695
3147777
3147804
3147877
3147905
3147932
3148039
3148146
3148204
3148469
3148708
3148800
3150736
3150765
3152233
3152302
3152506
3152562
3152591
3152621
3157306
3157384
3157410
3157505
3157648
3157679
3157708
3157871
3158040
3158691
3158724
3158751
3158832
3158902
3158972
3159008
3159044
3162099
3162122
3162159
3165273
3165322
3166295
3166327
3166359
3166424
3166573
3166678
3166737
3166772
3166807
3166848
3166890
3167227
3167401
3167568
3169045
3169455
3169645
3169673
3170480
3171231
3171356
3171673
3171697
3172476
3172603
3172740
3172802
3172932
3172964
3173031
3173104
3173133
3173161
3173396
3173471
3173714
3173735
3173768
3174486
3174599
3174971
3175269
3176181
3176212
3176239
3176276
3176473
3176550
3177097
3178194
3179485
3179988
3180445
3180484
3181552
3182003
3182034
3182519
3182568
3182598
3182627
3183411
3183501
3183561
3183578
3184155
3184186
3184354
3184414
3184682
3184706
3184736
3184756
3186150
3186633
3186664
3186719
3187274
3187331
3187563
3187677
3187806
3187840
3187876
3187911
3187946
3187980
3188015
3188050
3188084
3188118
3188152
3188186
3188258
3188319
3188422
3196110
3196284
3196308
3196331
3197941
3197965
3198025
3198090
3198107
3198444
3198768
3198835
3198903
3199219
3199698
3199911
3199940
3200459
3200478
3200495
3200524
3200544
3200561
3200657
3200688
3200775
3200881
3201360
3201391
3201537
3202248
3202296
3202595
3202619
3202843
3207173
3207365
3207787
3207887
3207913
3208578
3208978
3209105
3209998
3210018
3210038
3210058
3210156
3236958
3600586
3600630
3601209
3601235
3601689
3601942
3602123
3602154
3602182
3602213
3602274
3602299
3602336
3602373
3602400
3603228
3603257
3603286
3604036
3604790
3605561
3605634
3605818
3605850
3605909
3605946
3605982
3606018
3606117
3606192
3606295
3606427
3606831
3607306
3607494
3607537
3607652
3607834
3608046
3608188
3609233
3609457
3611380
3611439
3611467
3612526
3613788
3613808
3613910
3613944
3613998
3615327
3615358
3615499
3615539
3615573
3615608
3616200
3616239
3616257
3616294
3616534
3618824
3618878
3618905
3619252
3619406
3619427
3619449
3619503
3619582
3619616
3619657
3619691
3619967
3620193
3620258
3620290
3620322
3620479
3620593
3620730
3620798
3621296
3813691
3942131
3942424
3942807
3942862
3942965
3943260
3943318
3943373
3943764
3944149
3944578
3945255
3945810
3946147
3946584
4211822
4211925
4212266
4212461
4212564
4212809
4213532
4213587
4213738
4214163
4214850
4215231
4215382
4215719
4216150
4216447
4216504
4322513
4322568
4322623
4322956
4323345
4324106
4324161
4324266
4324411
4325010
4325337
4325438
4325821
4326062
4326393
4327276
4400083
4400188
4400245
4400300
4400405
4401034
4401231
4401716
4402057
4402254
4402503
4402796
4403091
4403148
4494049
4494100
4494489
4494542
4494875
4495112
4495449
4495790
4496119
4496362
4496897
4612746
4612801
4613144
4613201
4613492
4613637
4614012
4614435
4614994
4615147
4615490
4615825
4616020
4728386
4728441
4728678
4729067
4729584
4729689
4729888
4730033
4730182
4730511
4730706
4730993
4914654
4914709
4914764
4914951
4915052
4915377
4915432
4915809
4916050
4916653
4916846
4917087
4917378
4917615
4917671
4977533
4978112
4978167
4978462
4978799
4979226
4979475
4979532
5111056
5111111
5111168
5111711
5111767
5111822
5111879
5111934
5113143
5113201
5113255
5113359
5113511
5113891
5114137
5114369
5114611
5114989
5115235
5115695
5116265
5116322
5118046
5118100
5118202
5118258
5118732
5118828
5119218
5119504
5119986
5120374
5120762
5120912
5121524
5121626
5121682
5388199
5406163
5406216
5406603
5406934
5407131
5407231
5407286
5407943
5408188
5408863
5416933
5416988
5417189
5417294
5417495
5417880
5435289
5435342
5435399
5435456
5435511
5436134
5436523
5437180
5437236
5437290
5437582
5437732
5438010
5438154
5438250
5438442
5438540
5438918
5439252
5439674
5440010
5440064
5440356
5440698
5440802
5441142
5441434
5441770
5442012
5442260
5442642
5443076
5443404
5443508
5443704
5444046
5444342
5579666
5579720
5579870
5580070
5580126
5580420
5581024
5581458
5581510
5581804
5582086
5582426
5582480
5582678
5583012
5583728
5584106
5584392
5584540
5584692
5585174
5585746
5586036
5586138
5586192
5771101
5771155
5771209
5771265
5771319
5771417
5771753
5772043
5772097
5772197
5772349
5772787
5773265
5773697
5773845
5773945
5774093
5774197
5774251
5774585
5775157
5775449
5775503
5775795
5775945
5974805
5974859
5974911
5975291
5975583
5976021
5976075
5976321
5976555
5976849
5977091
5977193
5977429
5977721
5978005
5978479
5978675
5978965
5979067
5979301
5979358
6123529
6123583
6123685
6124115
6125001
6125385
6125437
6125725
6126107
6126210
6126312
6126416
6126562
6126988
6127088
6127332
6127480
6128052
6128338
6128680
6129152
6129256
6129312
6381757
6381809
6381863
6382059
6382259
6382355
6382645
6383029
6383315
6383557
6383611
6383941
6384541
6384875
6385637
6386017
6386117
6386217
6386319
6386557
6544779
6545161
6545311
6545601
6545797
6546129
6546183
6546565
6546811
6547151
6547677
6548057
6548349
6548877
6697529
6697679
6697735
6698017
6698261
6698459
6698611
6698853
6698907
6699009
6699157
6699771
6700393
6700779
6700927
6701317
6701771
6701951
6702265
6702284
6702339
6703636
6703798
6706529
6706585
6706940
6706969
6706986
6707124
6707143
6707176
6707570
6707589
6707679
6707709
6707722
6707755
6707835
6710520
6710798
6710850
6710882
6710914
6710952
6710987
6711023
6712090
6712772
6712832
6712893
6813743
6813803
6813859
6814763
6814961
6816341
6816493
6816693
6817177
6817707
6818143
6818247
6818349
6818497
6818693
6818941
6819141
6819293
6819685
6819712
6820029
6820471
6820673
6820877
6821137
6821342
6821544
6821586
6821616
6821648
6821677
6821926
6822162
6822192
6822562
6822924
6823040
6823083
6823109
6823179
6823310
6828047
6828076
6828121
6828139
6828183
6828615
6828713
6828811
6828910
6829009
6829108
6829207
6829306
6829405
6829504
6829603
6829702
6829801
6829899
6829998
6830097
6830196
6830295
6830394
6830493
6830592
6830691
6830790
6830889
6830987
6831086
6831185
6831283
6831381
6831479
6831577
6831675
6831773
6832309
6832390
6832423
6832446
6832469
6832505
6832540
6832589
6833400
6833427
6833441
6833471
6834073
6834695
6835020
6835206
6835806
6835968
6835999
6836025
6836054
6836087
6836116
6836147
6836235
6836278
6836336
6836365
6836393
6836422
6836508
6836524
6836581
6836613
6836664
6836766
6836799
6836828
6836884
6836913
6837145
6837172
6837258
6837396
6837446
6838189
6838754
6838792
6839184
6839261
6840293
6840370
6840612
6840755
6840808
6840945
6841020
6841211
6841275
6841618
6841651
6842285
6842434
6842960
6843041
6843241
6843295
6843573
6843649
6844212
6844284
6844336
6844366
6844463
6844500
6844536
6844575
6844672
6844706
6844896
6844932
6844993
6845017
6845075
6845122
6845137
6846289
6846426
6846556
6846603
6846637
6846665
6846697
6846755
6846898
6846928
6847049
6847079
6848142
6848607
6848657
6848685
6848967
6848983
6849119
6849754
6850052
6850080
6850108
6850634
6850661
6850688
6850827
6850890
6851779
6851928
6851944
6852004
6852030
6852056
6853320
6855397
6855429
6855843
6864195
6865726
6867436
6868782
6868871
6868931
6868972
6869013
6869115
6869151
6869190
6869235
6869280
6869319
6869354
6869386
6869418
6869450
6869483
6869516
6869549
6869581
6869613
6869645
6869676
6869708
6869740
6869772
6869803
6869835
6869869
6869985
6870024
6870053
6870082
6870109
6870138
6870278
6870402
6870434
6870467
6870501
6870534
6870568
6870601
6870634
6870667
6870703
6871175
6871952
6872468
6872605
6873112
6873319
6873373
6873637
6873679
6873774
6873816
6873835
6874022
6874327
6874535
6874552
6874807
6874862
6874881
6875014
6875205
6876341
6876542
6876574
6876649
6877069
6877315
6877559
6877603
6877646
6877690
6877709
6878024
6878044
6878063
6878082
6878113
6878142
6878172
6878204
6878236
6878256
6878287
6878378
6878516
6878535
6878564
6878774
6878881
6878920
6879037
6879063
6879173
6879483
6879710
6879730
6879811
6879930
6880005
6880269
6880828
6881181
6881767
6881785
6881929
6881955
6882528
6883481
6883515
6883684
6883975
6883993
6884090
6884136
6884186
6884218
6884250
6884301
6885624
6886250
6886448
6887388
6887418
6887456
6887557
6888054
6888175
6888389
6888430
6889069
6890160
6890186
6890221
6890257
6890315
6894892
6894982
6895068
6895412
6895498
6895566
6901281
6901402
6901478
6901563
6901659
6901718
6901804
6901872
6902006
6902092
6902125
6902159
6902195
6902280
6902451
6902477
6904549
6904594
6908037
6908056
6908085
6908112
6908595
6908626
6908655
6908691
6908731
6908770
6909295
6909349
6909534
6909568
6909603
6909633
6909742
6910055
6910270
6910298
6910403
6910455
6910480
6910765
6911384
6911413
6911754
6912329
6912718
6914299
6914708
6914736
6915058
6915088
6915407
6915568
6915625
6915885
6915916
6915943
6915970
6918405
6918426
6918506
6918540
6918576
6918612
6918676
6918998
6919063
6919128
6919193
6919327
6919371
6919593
6919621
6920255
6920881
6920941
6920959
6920975
6921302
6921398
6921461
6921557
6921583
6928646
6928662
6928678
6928694
6928717
6928788
6928838
6929670
6930216
6930268
6930296
6930324
6930354
6930407
6930460
6930489
6930711
6930881
6931100
6931165
6931616
6931634
6931665
6931700
6931906
6931939
6931998
6932027
6932060
6933351
6933382
6933411
6933440
6933472
6933504
6933521
6934057
6934132
6934337
6934366
6934383
6934398
6934472
6934697
6934859
6934981
6935013
6935447
6936490
6936684
6936712
6936746
6936785
6936824
6936863
6937208
6937614
6937696
6937725
6937789
6937819
6938036
6938176
6938305
6938332
6938356
6938371
6939277
6939430
6939575
6939615
6939649
6939688
6940836
6941498
6941790
6942578
6942803
6943511
6943935
6944086
6944116
6944170
6944200
6944489
6944855
6944896
6944935
6944990
6945043
6945256
6945274
6945304
6945345
6945622
6945640
6945658
6945688
6945719
6945902
6945935
6945979
6946000
6946018
6946312
6946410
6946438
6949705
6949731
6949757
6949869
6949895
6949921
6949935
6949949
6949963
6950024
6950055
6951310
6951479
6951545
6951649
6951704
6951790
6951886
6951940
6951976
6952012
6952045
6952078
6952111
6952144
6952174
6952230
6952267
6952304
6952341
6952370
6952516
6953249
6953265
6953651
6953824
6953851
6953911
6953940
6953980
6954014
6954054
6954093
6954131
6954256
6954295
6954397
6954460
6954617
6954783
6955280
6955309
6955363
6955439
6955524
6955689
6955703
6955735
6955792
6963192
6963225
6963258
6963318
6963393
6964346
6964396
6964448
6964477
6964505
6964538
6964571
6964647
6964681
6964732
6964806
6965122
6965246
6965276
6965312
6965900
6965964
6966029
6967010
6967108
6967295
6967556
6967607
6970765
6970831
6970956
6971120
6971152
6971189
6971226
6971390
6971455
6971530
6971562
6971594
6971637
6971837
6971881
6972360
6972416
6972447
6972706
6972726
6973181
6973512
6973578
6973598
6973618
6973674
6973822
6973864
6973918
6974724
6974895
6975078
6975109
6975140
6975461
6975504
6975582
6976179
6976507
6976562
6976581
6976875
6976905
6976924
6976969
6977788
6977806
6977932
6978034
6978053
6978076
6978110
6978142
6978167
6978331
6978363
6978416
6978676
6978831
6978909
6978944
6978979
6979014
6979345
6979390
6986802
6986829
6987006
6987345
6987583
6988161
6990656
6990688
6990723
6997977
6998670
6998702
6998757
6999084
6999111
6999550
6999577
6999996
7000085
7006857
7007007
7007099
7007522
7007563
7007776
7007907
7008469
7013630
7013647
7013739
7016534
7016607
7017091
7017155
7018074
7018142
7018246
7018274
7018737
7019258
7019496
7019763
7020340
7020860
7020968
7021488
7021725
7021859
7022030
7022070
7029725
7029776
7030403
7030463
7030757
7030784
7030832
7030866
7031368
7031927
7033497
7033557
7033777
7040652
7040687
7040723
7040752
7040855
7041091
7042253
7042286
7042321
7042629
7042661
7042677
7048158
7049210
7049307
7049373
7049536
7049595
7049635
7049982
7052240
7052281
7053683
7054237
7054273
7054310
7054346
7055852
7061241
7061277
7061313
7061350
7061389
7061425
7061464
7061501
7061539
7061577
7061616
7061655
7061694
7061729
7061767
7061784
7061816
7062210
7063465
7063667
7064002
7064191
7065138
7067699
7067859
7067889
7067908
7067938
7143801
7143897
7143925
7143956
7143986
7144171
7144504
7144534
7144547
7144613
7144672
7145069
7146554
7146820
7147399
7147840
7147867
7148268
7148296
7148911
7149093
7149230
7149361
7149399
7150998
7151755
7151877
7151912
7151938
7159363
7178255
7178359
7178382
7178437
7178902
7179059
7180063
7180095
7182685
7182744
7182873
7183148
7183250
7183312
7183373
7183473
7183690
7183773
7184091
7184886
7184961
7184990
7185455
7186178
7186205
7188960
7188992
7189418
7190778
7190882
7190915
7190952
7190987
7191022
7191059
7191093
7191126
7191160
7191193
7191226
7191259
7191293
7191326
7191359
7191393
7191426
7191462
7191498
7191579
7191811
7191882
7191980
7192018
7192592
7192614
7194185
7195898
7196444
7197283
7197362
7197481
7197517
7198228
7198437
7198757
7198818
7198931
7199573
7201543
7203783
7205116
7205132
7205196
7205916
7206800
7206843
7214978
7215015
7215241
7217237
7217298
7217317
7217750
7229184
7229204
7230380
7232907
7232966
7233269
7236595
7236658
7236960
7237028
7237664
7239783
7239864
7247660
7247690
7247720
7248327
7248411
7248541
7248721
7248751
7248769
7249229
7250022
7250238
7250257
7253204
7253365
7253494
7256994
7257159
7257226
7257432
7257514
7257567
7260350
7260770
7262348
7262429
7474228
7474295
7474506
7474535
7475256
7475554
7475874
7477369
7477560
7477634
7478295
7478577
7480008
7481320
7481351
7481381
7481420
7481450
7481497
7481541
7481585
7481698
7481728
7481762
7481801
7481841
7481878
7482742
7483811
7484615
7484955
7485552
7485802
7486309
7486378
7486856
7488370
7488692
7488762
7488906
7489141
7489224
7489392
7489582
7489901
7490816
7490845
7491158
7491186
7491215
7491266
7493925
7493995
7494069
7494162
7494220
7496199
7496418
7496444
7496680
7496721
7496743
7496956
7497553
7497611
7497703
7498423
7498660
7499360
7499513
7499642
7499694
7499989
7500724
7500787
7501096
7501448
7501569
7501669
7501971
7503764
7504787
7504908
7506226
7506251
7506312
7506370
7506397
7974237
7975026
7975815
8007186
8007226
8007273
8007306
8007338
8007367
8007400
8007613
8007672
8007730
8007761
8007780
8007805
8008994
8009030
8009061
8009094
8009233
8009306
8009590
8009621
8009729
8010188
8010205
8010319
8010337
8011383
8011412
8011472
8011555
8018243
8018493
8018866
8019328
8020040
8020075
8020093
8029811
8029937
8029988
8030036
8030067
8030398
8030425
8031296
8031354
8031439
8032416
8033494
8033617
8034158
8034300
8034330
8034741
8034948
8035002
8036230
8037257
8037277
8037536
8037858
8038278
8038309
8038338
8038957
8039207
8039715
8040300
8040332
8040364
8040417
8041018
8041039
8041068
8041667
8041724
8041928
8041959
8042337
8043244
8044025
8044941
8044961
8044990
8045600
8045719
8045864
8045912
8046102
8046119
8046136
8046373
8046400
8046565
8046595
8047012
8047185
8047557
8047592
8047620
8047775
8047793
8047901
8047954
8047987
8049804
8049936
8050166
8050184
8050526
8050699
8050903
8051089
8051425
8051455
8051471
8053029
8053058
8053091
8053124
8053163
8053199
8053257
8053319
8053484
8054940
8055128
8055162
8055188
8055208
8055545
8055848
8055891
8056962
8057728
8057746
8058544
8058750
8058840
8058869
8058981
8059010
8059543
8059585
8059690
8059720
8059761
8060406
8060424
8060532
8060558
8060671
8060728
8060766
8060803
8060912
8060938
8060967
8061018
8061132
8061328
8069789
8069820
8069845
8069871
8069929
8069965
8070023
8070037
8070147
8070166
8070232
8070298
8070622
8070649
8070755
8070772
8070967
8070996
8071218
8071253
8071288
8071383
8071404
8071431
8071936
8071965
8072136
8074058
8074090
8074163
8074221
8074277
8074419
8074456
8074562
8074852
8075152
8075180
8075828
8076202
8076967
8077009
8077579
8078183
8078199
8078232
8080209
8080297
8080352
8081096
8081519
8081589
8081920
8081994
8082018
8082469
8082557
8082983
8083011
8083039
8083067
8083102
8083210
8083309
8083342
8083377
8083413
8083448
8083513
8083540
8083692
8083758
8083918
8083946
8083974
8084011
8084040
8084082
8084234
8084461
8084596
8084737
8084777
8084796
8084848
8084874
8085036
8085066
8085098
8085130
8085151
8085275
8085695
8085761
8085780
8085811
8085873
8087010
8088691
8090433
8090592
8090620
8090696
8091123
8091176
8091205
8091583
8091625
8091743
8092144
8092217
8092249
8092853
8092933
8093913
8093936
8093970
8097547
8097567
8097756
8097934
8098722
8098800
8098824
8098865
8098895
8098961
8099533
8099989
8100110
8100146
8100288
8100559
8100731
8100872
8101174
8101192
8101213
8101324
8101342
8101372
8101389
8101416
8101502
8102306
8104471
8104629
8104661
8104696
8104742
8104987
8105853
8107494
8107510
8107544
8107752
8107947
8108090
8108106
8108139
8108173
8108198
8108223
8108248
8108273
8108298
8108322
8108867
8108892
8108963
8109076
8109662
8109831
8109855
8109890
8109925
8110221
8110239
8110311
8110343
8110367
8110390
8111440
8111468
8112329
8112370
8113013
8113074
8113101
8114602
8114639
8114691
8114793
8114923
8114951
8115089
8115188
8115204
8115270
8115305
8115652
8115703
8115719
8115733
8115763
8115961
8116035
8116060
8116088
8116118
8116136
8117738
8118385
8119844
8120111
8120893
8121760
8122125
8122271
8122291
8123354
8123430
8123448
8123481
8123514
8123534
8123880
8123991
8124015
8124041
8124106
8124172
8124339
8124371
8124503
8124681
8125001
8125032
8125058
8125111
8125140
8125239
8125304
8125597
8125633
8126590
8126623
8126878
8127190
8127215
8128093
8128119
8128169
8128218
8128268
8128317
8129616
8130046
8132650
8132693
8132722
8132752
8132802
8132916
8132930
8133335
8133367
8133395
8133424
8133440
8133469
8133629
8133658
8133741
8133824
8133846
8133875
8133925
8133964
8133983
8134064
8134147
8134213
8134239
8134322
8134367
8134386
8134427
8134462
8134545
8134949
8134968
8134987
8135006
8135161
8135198
8135244
8135294
8135376
8135410
8135492
8135574
8135657
8136052
8136102
8136997
8138042
8138898
8139088
8139171
8139197
8139242
8139324
8139406
8139488
8139570
8139653
8139736
8139753
8139836
8139862
8139945
8139962
8140045
8140062
8141399
8141481
8142013
8142028
8142110
8142192
8142274
8142356
8142439
8142521
8142604
8142686
8142768
8142850
8142932
8142982
8143008
8143090
8143173
8143254
8143335
8143416
8143498
8143580
8143662
8143744
8143827
8143858
8143889
8143914
8143940
8144021
8144103
8145699
8145730
8146222
8147051
8147419
8147640
8147659
8148177
8148571
8148680
8148709
8148739
8148771
8148803
8148847
8148873
8148956
8148984
8149066
8149092
8149117
8149199
8149281
8149364
8149380
8149462
8149545
8149628
8149711
8149747
8149797
8149878
8149960
8150024
8150107
8150189
8150271
8150354
8150436
8150519
8150601
8150682
8151352
8151619
8151701
8151784
8151866
8151948
8152031
8152090
8152172
8152254
8152303
8152385
8152467
8152549
8152631
8152713
8152746
8152792
8152874
8152957
8153040
8153123
8153204
8153286
8153369
8153404
8153425
8153561
8153585
8153615
8153632
8153715
8153732
8153803
8153885
8153906
8153923
8153974
8154056
8154138
8154155
8155313
8155436
8155497
8155528
8155559
8155780
8155831
8155865
8155914
8156200
8157469
8158168
8158224
8162316
8162352
8162605
8162636
8163124
8165138
8165514
8165578
8166083
8166119
8166156
8166195
8166258
8166926
8166954
8167647
8167677
8167710
8175011
8175777
8175999
8176458
8176919
8176980
8177321
8177338
8177500
8177553
8177717
8177759
8177797
8177837
8177862
8177906
8177951
8177971
8178016
8178066
8178148
8178200
8178282
8178330
8178412
8178494
8178576
8178606
8178636
8178658
8178708
8178791
8178874
8178946
8179028
8180115
8180161
8180230
8180312
8180394
8180476
8180536
8180618
8180701
8180783
8180809
8181054
8182019
8182065
8182091
8182154
8182289
8182394
8182431
8182470
8182514
8182558
8182596
8182636
8182676
8182732
8182807
8183284
8183313
8183350
8183384
8183581
8183940
8184271
8184343
8184799
8184817
8186405
8187598
8188941
8189532
8190434
8191275
8192164
8192522
8192574
8192606
8192637
8192673
8192731
8192758
8192813
8193334
8193371
8193438
8193469
8193515
8193530
8193946
8193977
8194011
8194037
8194063
8194090
8194135
8194189
8194226
8194252
8194278
8199616
8199739
8199796
8200615
8201071
8201228
8201827
8202835
8203667
8203697
8203793
8204034
8204063
8204151
8204266
8204969
8205224
8205252
8205286
8205971
8205999
8206016
8206071
8206181
8206200
8206215
8206302
8206329
8206688
8207240
8207397
8207570
8207615
8207645
8207929
8207983
8208013
8208048
8208080
8208112
8208127
8208189
8208235
8208288
8208903
8208932
8209000
8209020
8209094
8209120
8209279
8209308
8209337
8209529
8209580
8209616
8209652
8209688
8209724
8209753
8209784
8209875
8209916
8210173
8210204
8210867
8211180
8211209
8211238
8211268
8211318
8211346
8211381
8211971
8212003
8212039
8212057
8212087
8212117
8212230
8212352
8212407
8212451
8212519
8212551
8212797
8212825
8213233
8213528
8213657
8213684
8213738
8213797
8214160
8214211
8214300
8214423
8214499
8214853
8215078
8215246
8215322
8215375
8215418
8215717
8216692
8216747
8217357
8217374
8218633
8218666
8218723
8218772
8218867
8218932
8218967
8219050
8219365
8219392
8219491
8220439
8220794
8220823
8222699
8222826
8222881
8223243
8223275
8223310
8223342
8223376
8223409
8223445
8223507
8223542
8223562
8223588
8224165
8224567
8224879
8225253
8225318
8225382
8225449
8225835
8225869
8225901
8225943
8225971
8226026
8226057
8226979
8227101
8227129
8227161
8227482
8227790
8227858
8227900
8227932
8227952
8227971
8227990
8228009
8228029
8228048
8228067
8228109
8228140
8228494
8229263
8229282
8229632
8229651
8229670
8229700
8229744
8229823
8229842
8230451
8230495
8230527
8230583
8230615
8230634
8230679
8230700
8230719
8230752
8230807
8230826
8230845
8230876
8231298
8231964
8231986
8232008
8232039
8232087
8232115
8232143
8232623
8232658
8232691
8232731
8232771
8232809
8232845
8232881
8232917
8232953
8232972
8233007
8233035
8233068
8233133
8233168
8233203
8233260
8233317
8233359
8233401
8233444
8233722
8233762
8233841
8233873
8233906
8233936
8234066
8234093
8234139
8234185
8234234
8234267
8234319
8234354
8234390
8234450
8234506
8234559
8234959
8235530
8235788
8235829
8235858
8235888
8235927
8235969
8236011
8236209
8236249
8236287
8236323
8236360
8236400
8236439
8236477
8236516
8236556
8236589
8236625
8236661
8236835
8236870
8236898
8236961
8237017
8237138
8237227
8237286
8237391
8237825
8237859
8237915
8237928
