y1asc 2086,16659|2314,16659
y3pkshgxgedhdvzggorfr2qbbs9u 2086,29355|2314,29355
y7sjlx3h5ekklooyniwaaach5bauaaacalaaaaaaqabaaaanqehrqdiuqqguacoyyrqnzqq0lerbnzaylqbkxjllpamppexjkxyonzkba1bamqcktrhk5dqgcoek8xnjdygtgyaakiyu2gi7eyuynwqznjaaaow 2086,3795|2314,3795
y8tckosa1gdkiuc7mpkddm2bdaorpwnvwfzgudaacs8849hxx13vih4b13fxslbomyicbbnrfqfaujpq3vlgar 2086,35958|2314,35958
y_phosphatas 2318,417814|3771,331879
y_te_float32 2931,140
y_tr_float32 2931,158
y_va_float32 2931,176
ya 4845,308|4907,6059|4962,308|4967,6059|5286,5699|5299,5699
yaaaccg 1424,5299|1424,5310|1982,21640|1982,21651
yaacbgcc 3518,1701
yabin 4372,7249|4379,3123
yacwgtg 1747,5581
yadav 5286,9308|5299,9308
yae1_n 2318,334932|3771,246314
yae1d1 2318,335018|2523,151398
yaf2 2171,15427|2318,11515|2386,301013|2386,301018|2386,301023|2386,301400|2386,301405|2386,301410|2386,301415|2386,301792|2523,55443|2611,25631|2611,26280|2738,1836814|2738,1836819|2738,1837256|2738,1837261|2790,417523|3384,2105117|3384,2105122|3384,2105560|3384,2105565|3601,1504740|3601,1504745|3601,1505183|3601,1505188|3671,3805398|3671,3805403|3671,3805758|3671,3805763
yagi 5048,30032|5048,30479
yagirkhtmsdm08 5048,30396
yahoo 4361,3678|4447,1966|4447,2071|4447,2254|4453,1248|4453,1337|4467,21|4467,661|4467,790|4467,973|4483,6464|4484,3023|4484,3112|4493,7300|4496,733|4496,1114|4504,1966|4504,2071|4504,2254|4506,7300|4509,6464|4512,3681|4512,3786|4512,3969|4513,22754|4521,1986|4521,2076|4532,1966|4532,2071|4532,2254|4550,3681|4550,3786|4550,3969|4566,3681|4566,3786|4566,3969|4568,3023|4568,3112|4573,5267|4587,7414|4590,13993|4594,52993|4597,5242|4597,40311|4610,52993|4612,6352|4619,1966|4619,2071|4619,2254|4625,3023|4625,3112|4635,1986|4635,2076|4636,5267|4650,6352|4654,1328|4658,3023|4658,3112|4668,5364|4670,5|4670,636|4670,749|4671,13993|4673,733|4673,1114|4676,1248|4676,1337|4687,5|4687,636|4687,749|4688,1248|4688,1337|4694,14099|4702,5364|4704,5|4704,636|4704,749|4707,1248|4707,1337|4710,3681|4710,3786|4710,3969|4711,1279|4714,1592|4719,22754|4732,1464|4733,5242|4733,40311|5265,330|5279,1413|5281,2722|5293,330|5306,1413|5310,666|5343,666|5344,2741|5347,2741|5349,2722|5351,5384|5362,681|5364,5384|5367,681
yakima 5268,7915|5275,7915
yale 4447,5313|4484,1377|4504,5313|4532,5313|4568,773|4580,7458|4597,56711|4619,5313|4622,7573|4625,773|4656,865|4658,773|4727,7458|4733,56711|4769,955|4769,1154|4769,1371|4780,2218|4801,26042|4801,26156|4801,26291|4801,26389|4822,26042|4822,26156|4822,26291|4822,26389|5183,2379|5183,2489|5183,2620|5183,2714|5226,2379|5226,2489|5226,2620|5226,2714
yaleu 4801,23950|4822,23950|5203,4690|5240,4690
yan 4372,876|4379,2155|4407,500|4493,6015|4493,6648|4506,6015|4506,6648|4587,6129|4587,6762|4594,51708|4594,52341|4610,51708|4610,52341|5242,683
yanchuk 4781,2921|4798,4519|4801,3104|4822,3104|5180,6876|5216,6876
yang 1337,5355|1337,6522|1341,4584|1341,5751|1434,3580|1434,4747|1441,4047|1441,5214|1555,4729|1555,5896|1572,3544|1572,4711|1596,3802|1596,4969|1603,5548|1603,6715|1614,10966|1614,13950|1618,5548|1618,6715|1643,4157|1643,5324|1698,3686|1698,4853|1808,4087|1808,5254|1882,5739|1882,6906|1888,3682|1888,4849|2176,5585|2176,6752|2248,5620|2248,6787|2276,4087|2276,5254|2455,5501|2455,6633|2867,5549|2867,6716|2994,4059|2994,5226|3082,4061|3082,5228|3150,4157|3150,5324|3156,3880|3156,5047|3220,10966|3220,13950|3245,3491|3245,4658|3250,3802|3250,4969|3256,10966|3256,13950|3432,3962|3432,5129|3443,4085|3443,5252|3560,4505|3560,5672|3596,4086|3596,5253|3697,3453|3697,4620|3718,3580|3718,4747|3773,5041|3773,6208|3845,5622|3845,6789|3960,4497|3960,5664|4041,4820|4041,5987|4171,4063|4171,5230|4246,5583|4246,6750|4306,4130|4306,5297|4372,1724|4372,3715|4372,5013|4372,5173|4372,11247|4372,12096|4372,12419|4372,14849|4372,15036|4372,15815|4372,15825|4379,1891|4379,2449|4379,3639|4399,583|4745,49|4801,5368|4801,6102|4801,6694|4801,7002|4822,5368|4822,6102|4822,6694|4822,7002|5104,5363|5121,5363|5180,9039|5180,9740|5180,10311|5180,10606|5203,2385|5216,9039|5216,9740|5216,10311|5216,10606|5240,2385
yangfeng 4483,1842|4509,1842|4597,35689|4612,1730|4650,1730|4733,35689
yanni 4372,7679|4372,20802
yanov 4463,16281|4463,16840|4594,111515|4594,112074|4600,16165|4600,16724|4610,111515|4610,112074|4725,16165|4725,16724
yanqiao 2948,243|2979,243
yao 1337,5272|1337,5932|1337,6899|1341,4501|1341,5161|1341,6128|1434,3497|1434,4157|1434,5124|1441,3964|1441,4624|1441,5591|1555,4646|1555,5306|1555,6273|1572,3461|1572,4121|1572,5088|1596,3719|1596,4379|1596,5346|1603,5465|1603,6125|1603,7092|1614,10883|1614,12397|1614,14842|1618,5465|1618,6125|1618,7092|1643,4074|1643,4734|1643,5701|1698,3603|1698,4263|1698,5230|1808,4004|1808,4664|1808,5631|1882,5656|1882,6316|1882,7283|1888,3599|1888,4259|1888,5226|2176,5502|2176,6162|2176,7129|2248,5537|2248,6197|2248,7164|2276,4004|2276,4664|2276,5631|2455,5418|2455,6063|2455,6998|2867,5466|2867,6126|2867,7093|2994,3976|2994,4636|2994,5603|3082,3978|3082,4638|3082,5605|3150,4074|3150,4734|3150,5701|3156,3797|3156,4457|3156,5424|3220,10883|3220,12397|3220,14842|3245,3408|3245,4068|3245,5035|3250,3719|3250,4379|3250,5346|3256,10883|3256,12397|3256,14842|3432,3879|3432,4539|3432,5506|3443,4002|3443,4662|3443,5629|3560,4422|3560,5082|3560,6049|3596,4003|3596,4663|3596,5630|3697,3370|3697,4030|3697,4997|3718,3497|3718,4157|3718,5124|3773,4958|3773,5618|3773,6585|3845,5539|3845,6199|3845,7166|3960,4414|3960,5074|3960,6041|4041,4737|4041,5397|4041,6364|4171,3980|4171,4640|4171,5607|4246,5500|4246,6160|4246,7127|4306,4047|4306,4707|4306,5674
yaoshu 4372,3754|4372,5198
yap1 1397,79755|1397,80645|1735,4486|1758,169166|2171,27613|2318,49959|2361,14238|2361,20223|2523,4398|2611,55105|2611,81099|2678,58492|2738,5089058|2738,5089063|2738,5089500|2738,5089505|2800,462548|3113,8486|3113,63094|3113,179240|3113,216886|3113,220409|3113,244223|3113,254482|3113,314327|3113,382487|3113,382760|3113,454884|3113,490752|3113,646196|3170,852653|3170,852752|3170,852851|3384,5851795|3384,5851800|3571,13930|3601,5918445|3601,5918450|3601,5918887|3601,5918892|3671,4713910|3671,4713915|3671,4714273|3671,4714278|3671,4714633|3671,4714638|3671,4715047|3671,4715052|3671,4715465|3671,4715470|3823,238636|4329,203070|4329,203075|4329,203215|4329,203220
yar 1352,116858|2738,4511581|2738,4511586|2738,4512084|2738,4512089|2738,4512533|2738,4512538|3170,426389|3170,426480|3384,5190911|3384,5190916|3384,5191411|3384,5191416|3384,5191915|3384,5191920|3384,5192365|3384,5192370|3601,5248747|3601,5248752|3601,5249251|3601,5249256|3601,5249701|3601,5249706|3601,5250201|3601,5250206|3671,1677472|3671,1677477|3671,1677889|3671,1677894|3671,1678310|3671,1678315|3671,1678677|3671,1678682|4262,109695
yard 5268,16766|5275,16766
yaron 5060,8945
yaronfunct 5060,8510
yars2 1352,104027|1397,114895|1397,115240|2113,29621|2113,51758|2234,170337|2318,391675|2523,60501|2532,45440|2611,135601|2738,3757966|2738,3757972|3113,4934|3113,389921|3113,467655|3384,4306213|3384,4306219|3601,4360684|3601,4360690|3671,4306904|3671,4306910|3729,45344|4262,103723
yasser 4372,3969|4372,5922|4372,8019
yasuoka 1337,2272|1341,1501|1441,797|1555,1646|1603,2465|1614,4057|1618,2465|1643,1074|1808,797|1882,2656|2176,2502|2248,2537|2276,797|2455,2496|2867,2466|2994,976|3082,978|3150,1074|3156,797|3220,4057|3256,4057|3432,672|3443,795|3560,1422|3596,796|3773,1958|3845,2539|3960,1414|4041,1737|4171,980|4246,2500|4306,840
yasuura 5093,12877|5093,13277
yate 1337,5996|1341,5225|1434,4221|1441,4688|1555,5370|1572,4185|1596,4443|1603,6189|1614,12461|1618,6189|1643,4798|1698,4327|1808,4728|1882,6380|1888,4323|2176,6226|2248,6261|2276,4728|2455,6127|2867,6190|2994,4700|3082,4702|3150,4798|3156,4521|3220,12461|3245,4132|3250,4443|3256,12461|3432,4603|3443,4726|3560,5146|3596,4727|3697,4094|3718,4221|3773,5682|3845,6263|3960,5138|4041,5461|4171,4704|4246,6224|4306,4771
yatttt 3465,8658
yau 5166,563
yayqzxo7bmvauemjrd3tsimagswmnyrsgzdyrtx6tshgzo73ezuaw2uxuq 2086,57496|2314,57496
ybey 1352,165401|1448,54969|1758,251377|1842,43344|2113,64716|2232,111393|2297,15051|2318,217411|2523,110836|2611,108545|2790,417690|2790,417856|2937,64753|3170,675866|3170,675959|3170,676052|3170,676145|3170,676238|3170,676331|3170,676424|3215,178550|3243,90760|3320,1500|3512,2904|3771,143607|3823,149369|3937,77583|4262,134065
ybx1 1459,916741|1459,917195|1459,917703|1551,1048|1551,22981|1551,51754|1567,42843|1842,12899|2113,27217|2171,80681|2318,352958|2361,43433|2523,8702|2611,106339|2738,1289233|2738,1289238|2738,1289678|2738,1289683|2738,1290127|2738,1290132|2738,1290663|2738,1290668|2800,7170|2800,23133|2800,32482|2800,36752|2800,130347|2937,58961|3113,8702|3113,56504|3113,69819|3113,70866|3113,182077|3129,1177660|3170,532908|3170,532999|3215,40398|3316,46252|3384,1485337|3384,1485342|3384,1485782|3384,1485787|3384,1486230|3384,1486235|3384,1486766|3384,1486771|3571,6121|3571,20344|3571,68639|3601,5288445|3601,5288450|3601,5288891|3601,5288896|3601,5289341|3601,5289346|3601,5289878|3601,5289883|3671,5951490|3671,5951495|3671,5951854|3671,5951859|3671,5952221|3671,5952226|3671,5952698|3671,5952703|3729,43168|3771,203442|4156,39509
ybx1p2 2234,456654
ybx2 1352,308497|2234,375178|3202,88987
ybx3 1397,180106|1397,180731|1459,984907|1459,985365|1459,985910|1459,986455|1459,986909|1459,987400|1459,987891|1459,988498|1459,989097|2015,7344|2113,27228|2171,80694|2318,352971|2435,141839|2523,144326|2611,106352|3129,1248089|3129,1248547|3129,1249092|3129,1249637|3129,1250090|3129,1250581|3129,1251188|3129,1251787|3202,515454|3202,515546|3202,515638|3202,515730|3202,515822|3202,515914|3571,32667|3729,43173|4296,30907
yc 2086,319|2314,319
ycatyaatca 3028,27870|3030,18324|3717,30521|3826,11680
yccgcccacgcn 3331,1303
yccv 2171,45360|2318,73487|3316,53771|3771,239892
ychf 2318,193439|3771,462092
yclose 5096,19736
yctttgttcc 3028,30326|3030,27301|3717,26518|3826,29778
ycwggaatgi 3028,15020|3030,17189|3717,10563|3826,2020
ydg 2611,71558|2937,163013
ydghtacawtgtadc 3028,34997|3030,28909|3717,31320|3826,33635
ydjc 1352,404569|1637,193392|1637,193984|1664,100990|1664,289128|1735,41606|1735,42662|1758,1009|1914,115280|1914,310317|2113,58664|2118,23443|2234,2403|2267,114356|2267,316241|2296,103847|2296,292321|2318,144192|2318,144277|2435,198945|2523,22708|2840,318947|2840,319159|3170,815958|3170,816051|3202,717585|3202,717677|3202,717769|3202,717861|3243,177194|3243,177645|3384,2111592|3384,2111597|3601,2157653|3601,2157658|3601,2158144|3601,2158149|3660,320398|3660,320612|3671,2223305|3671,2223310|3744,323382|3744,323586|3771,424268|3894,15708|4203,317365|4203,317576|4262,407333
ydoi 5096,19707
ydr279 2318,525467|3771,466698
ye 1327,926|1337,5478|1337,6710|1337,7504|1337,8582|1337,8734|1337,8836|1337,9372|1341,4707|1341,5939|1341,6733|1341,7811|1341,7963|1341,8065|1341,8601|1358,970|1404,926|1431,1214|1434,3703|1434,4935|1434,5729|1434,6807|1434,6959|1434,7061|1434,7597|1441,4170|1441,5402|1441,6196|1441,7274|1441,7426|1441,7528|1441,8064|1442,970|1555,4852|1555,6084|1555,6878|1555,7956|1555,8108|1555,8210|1555,8746|1572,3667|1572,4899|1572,5693|1572,6771|1572,6923|1572,7025|1572,7561|1596,3925|1596,5157|1596,5951|1596,7029|1596,7181|1596,7283|1596,7819|1603,5671|1603,6903|1603,7697|1603,8775|1603,8927|1603,9029|1603,9565|1614,11309|1614,14337|1614,16021|1614,18675|1614,19008|1614,19868|1614,21154|1618,5671|1618,6903|1618,7697|1618,8775|1618,8927|1618,9029|1618,9565|1643,4280|1643,5512|1643,6306|1643,7384|1643,7536|1643,7638|1643,8174|1698,3809|1698,5041|1698,5835|1698,6913|1698,7065|1698,7167|1698,7703|1768,1268|1808,4210|1808,5442|1808,6236|1808,7314|1808,7466|1808,7568|1808,8104|1860,1214|1882,5862|1882,7094|1882,7888|1882,8966|1882,9118|1882,9220|1882,9756|1885,1405|1888,3805|1888,5037|1888,5831|1888,6909|1888,7061|1888,7163|1888,7699|1946,1328|1958,1411|1978,965|2012,1454|2046,1135|2078,1271|2082,1454|2176,5708|2176,6940|2176,7734|2176,8812|2176,8964|2176,9066|2176,9602|2248,5743|2248,6975|2248,7769|2248,8847|2248,8999|2248,9101|2248,9637|2249,971|2255,971|2272,971|2276,4210|2276,5442|2276,6236|2276,7314|2276,7466|2276,7568|2276,8104|2312,1272|2313,1268|2316,965|2449,1438|2455,5619|2455,6816|2455,7581|2455,8618|2455,8764|2455,8860|2455,9377|2549,1407|2688,1438|2715,965|2717,926|2858,1271|2867,5672|2867,6904|2867,7698|2867,8776|2867,8928|2867,9030|2867,9566|2923,1271|2994,4182|2994,5414|2994,6208|2994,7286|2994,7438|2994,7540|2994,8076|3072,1304|3082,4184|3082,5416|3082,6210|3082,7288|3082,7440|3082,7542|3082,8078|3150,4280|3150,5512|3150,6306|3150,7384|3150,7536|3150,7638|3150,8174|3156,4003|3156,5235|3156,6029|3156,7107|3156,7259|3156,7361|3156,7897|3188,926|3220,11309|3220,14337|3220,16021|3220,18675|3220,19008|3220,19868|3220,21154|3245,3614|3245,4846|3245,5640|3245,6718|3245,6870|3245,6972|3245,7508|3250,3925|3250,5157|3250,5951|3250,7029|3250,7181|3250,7283|3250,7819|3256,11309|3256,14337|3256,16021|3256,18675|3256,19008|3256,19868|3256,21154|3307,970|3360,971|3432,4085|3432,5317|3432,6111|3432,7189|3432,7341|3432,7443|3432,7979|3443,4208|3443,5440|3443,6234|3443,7312|3443,7464|3443,7566|3443,8102|3462,1135|3560,4628|3560,5860|3560,6654|3560,7732|3560,7884|3560,7986|3560,8522|3596,4209|3596,5441|3596,6235|3596,7313|3596,7465|3596,7567|3596,8103|3633,1270|3697,3576|3697,4808|3697,5602|3697,6680|3697,6832|3697,6934|3697,7470|3718,3703|3718,4935|3718,5729|3718,6807|3718,6959|3718,7061|3718,7597|3773,5164|3773,6396|3773,7190|3773,8268|3773,8420|3773,8522|3773,9058|3780,971|3812,965|3845,5745|3845,6977|3845,7771|3845,8849|3845,9001|3845,9103|3845,9639|3960,4620|3960,5852|3960,6646|3960,7724|3960,7876|3960,7978|3960,8514|4019,931|4041,4943|4041,6175|4041,6969|4041,8047|4041,8199|4041,8301|4041,8837|4062,1135|4066,1271|4171,4186|4171,5418|4171,6212|4171,7290|4171,7442|4171,7544|4171,8080|4194,971|4207,1214|4246,5706|4246,6938|4246,7732|4246,8810|4246,8962|4246,9064|4246,9600|4306,4253|4306,5485|4306,6279|4306,7357|4306,7509|4306,7611|4306,8147|4376,13|4376,17|4539,13|4539,17|4923,13|4923,17|4970,13|4970,17|4972,2242|4972,2662|4981,2242|4981,2662|5136,13|5136,17|5212,13|5212,17|5318,13|5318,17
ye11a 1614,18451|1614,18457|1614,18539|1614,18545|3220,18451|3220,18457|3220,18539|3220,18545|3256,18451|3256,18457|3256,18539|3256,18545
year 2086,51638|2314,51638|4342,1009|4342,1024|4365,106|4372,16531|4372,17732|4375,1099|4379,746|4379,1073|4380,1900|4438,2366|4438,4981|4447,1389|4447,1435|4447,1579|4447,1756|4447,2226|4447,2701|4447,4650|4447,6128|4447,6149|4450,962|4450,6679|4450,8268|4450,8562|4450,9942|4453,2764|4453,2785|4453,3796|4453,4351|4455,6555|4455,6795|4459,784|4459,3399|4459,4721|4459,4838|4459,5255|4460,3497|4460,5265|4465,2818|4465,3413|4466,900|4467,945|4470,962|4470,1079|4472,1685|4472,5472|4472,5493|4474,2818|4474,3413|4475,784|4475,3399|4475,4721|4475,4838|4475,5255|4476,861|4476,978|4476,1395|4476,3513|4478,861|4478,978|4478,1395|4478,3513|4481,1020|4482,1136|4483,6455|4484,890|4484,911|4484,4539|4484,4560|4484,5571|4484,6126|4486,1685|4486,5472|4486,5493|4487,3128|4488,3257|4489,962|4489,6679|4489,8268|4489,8562|4489,9942|4490,1110|4493,10031|4493,12669|4503,2366|4503,4981|4504,1389|4504,1435|4504,1579|4504,1756|4504,2226|4504,2701|4504,3987|4504,6128|4504,6149|4505,3128|4506,10031|4506,12669|4507,942|4507,963|4508,6555|4508,6795|4509,6455|4511,2366|4511,4981|4512,1488|4512,1509|4512,3104|4512,3150|4512,3294|4512,3471|4512,3941|4512,4416|4512,6365|4517,942|4517,963|4518,3497|4518,5265|4519,4329|4519,11796|4520,4213|4520,11680|4523,12265|4523,13233|4524,1088|4524,3574|4530,3240|4532,1389|4532,1435|4532,1579|4532,1756|4532,2226|4532,2701|4532,3987|4532,6128|4532,6149|4533,1685|4533,5472|4533,5493|4534,2818|4534,3413|4536,1088|4536,3574|4537,3497|4537,5265|4540,1088|4540,3574|4543,962|4543,6679|4543,8268|4543,8562|4543,9942|4544,962|4544,6679|4544,8268|4544,8562|4544,9942|4546,12151|4546,13119|4547,962|4547,1079|4548,945|4548,966|4550,1488|4550,1509|4550,3104|4550,3150|4550,3294|4550,3471|4550,3941|4550,4416|4550,5702|4552,2366|4552,4981|4554,12151|4554,13119|4557,3257|4563,922|4564,1110|4566,1488|4566,1509|4566,3104|4566,3150|4566,3294|4566,3471|4566,3941|4566,4416|4566,6365|4568,1588|4568,1609|4568,4539|4568,4560|4568,5571|4568,6126|4571,3240|4572,945|4572,966|4573,6540|4573,6981|4575,875|4575,896|4579,784|4579,3399|4579,4721|4579,4838|4579,5255|4582,6389|4582,6521|4582,6581|4582,6668|4587,10145|4587,12783|4588,965|4589,782|4592,1430|4592,2025|4593,1175|4594,27036|4594,27168|4594,27228|4594,27315|4594,41094|4594,55724|4594,58362|4594,62714|4594,70181|4594,83894|4594,84862|4594,92403|4594,92643|4595,5410|4595,11263|4597,6515|4597,6956|4597,18965|4597,40302|4597,66465|4597,72318|4597,75739|4597,80554|4601,4606|4602,1020|4606,6669|4606,6909|4607,1151|4609,2818|4609,3413|4610,27036|4610,27168|4610,27228|4610,27315|4610,41094|4610,55724|4610,58362|4610,62714|4610,70181|4610,83894|4610,84862|4610,92403|4610,92643|4612,6343|4618,6389|4618,6521|4618,6581|4618,6668|4619,1389|4619,1435|4619,1579|4619,1756|4619,2226|4619,2701|4619,4650|4619,6128|4619,6149|4620,836|4623,861|4623,978|4623,1395|4623,3513|4624,1430|4624,2025|4625,1588|4625,1609|4625,4539|4625,4560|4625,5571|4625,6126|4626,4720|4628,5522|4628,11375|4629,4213|4629,11680|4630,1129|4632,2709|4632,7524|4633,821|4636,6540|4636,6981|4637,836|4647,3497|4647,5265|4649,1136|4650,6343|4653,1430|4653,2025|4655,1002|4658,1588|4658,1609|4658,4539|4658,4560|4658,5571|4658,6126|4660,861|4660,978|4660,1395|4660,3513|4661,28|4661,706|4664,3257|4667,3257|4668,6637|4668,7078|4669,2709|4669,7524|4672,3497|4672,5265|4675,4606|4676,2764|4676,2785|4676,3796|4676,4351|4677,1685|4677,5472|4677,5493|4679,2823|4679,7638|4684,821|4685,861|4685,978|4685,1395|4685,3513|4688,2764|4688,2785|4688,3796|4688,4351|4689,875|4689,896|4691,1430|4691,2025|4692,796|4692,1090|4693,1088|4693,3574|4697,979|4700,796|4700,1090|4702,6637|4702,7078|4703,2366|4703,4981|4707,2764|4707,2785|4707,3796|4707,4351|4709,962|4709,6679|4709,8268|4709,8562|4709,9942|4710,1488|4710,1509|4710,3104|4710,3150|4710,3294|4710,3471|4710,3941|4710,4416|4710,6365|4713,898|4714,1032|4716,5410|4716,11263|4724,1151|4726,1088|4726,3574|4728,1008|4729,1008|4731,784|4731,3399|4731,4721|4731,4838|4731,5255|4732,884|4732,930|4732,1074|4732,1251|4733,6515|4733,6956|4733,18965|4733,40302|4733,66465|4733,72318|4733,75739|4733,80554|4734,3257|4736,6505|4736,6637|4736,6697|4736,6784|4739,1129|4745,241|4759,3915|4784,685|4807,3915|4834,1122|4834,1154|4837,5398|4838,1660|4840,1293|4849,834|4849,1384|4853,705|4853,744|4854,831|4860,815|4866,6833|4866,6872|4866,7070|4866,13405|4875,1968|4875,6566|4879,262|4893,834|4893,1384|4904,6833|4904,6872|4904,7070|4904,13405|4907,2062|4907,4063|4907,4102|4908,5264|4908,5303|4908,5501|4918,831|4921,1478|4921,1517|4921,1715|4921,5409|4929,15|4929,147|4929,382|4938,5264|4938,5303|4938,5501|4940,262|4947,1968|4947,6566|4948,5398|4956,1478|4956,1517|4956,1715|4956,5409|4957,705|4957,744|4958,1660|4961,1293|4965,15|4965,147|4965,382|4967,2062|4967,4063|4967,4102|4983,1005|4983,2170|4986,1005|4986,2170|4992,1020|4992,1535|4992,2255|4992,2894|4993,565|4996,2478|5000,207|5007,1155|5007,2218|5007,3075|5007,3779|5007,4677|5007,5558|5007,6443|5007,7343|5007,8036|5007,8765|5007,9639|5007,10686|5007,11841|5007,12980|5007,14077|5007,15052|5007,15967|5007,16970|5007,17962|5007,18991|5007,19944|5007,20758|5007,21800|5007,22629|5007,23555|5007,24567|5007,25488|5007,26248|5007,27073|5007,28030|5007,29178|5007,30471|5007,31501|5007,32422|5007,33356|5007,34459|5007,35476|5007,36328|5007,37206|5007,38002|5007,38992|5007,40002|5007,41079|5007,42250|5007,43476|5007,44508|5007,45677|5007,46486|5007,47461|5007,48488|5014,1658|5014,3749|5014,8382|5014,11915|5014,14297|5014,15261|5021,1195|5021,2317|5021,3247|5021,4353|5021,5351|5021,6402|5021,7150|5021,7800|5021,8530|5021,9084|5021,9978|5021,10978|5021,12058|5021,13193|5021,14284|5021,15372|5021,16458|5021,17445|5021,18356|5021,19302|5021,20202|5021,21241|5021,22301|5021,23362|5021,24481|5021,25430|5021,26441|5021,27446|5021,28490|5021,29649|5021,30948|5021,31907|5021,32855|5021,33769|5021,34606|5021,35334|5021,36208|5021,37069|5021,37778|5021,38551|5021,39366|5021,40313|5021,41321|5021,42438|5021,43558|5021,44627|5021,45686|5021,46742|5021,47739|5021,48752|5030,3248|5030,4148|5030,6564|5030,9822|5031,1001|5031,1587|5031,2482|5031,3382|5031,5679|5031,6728|5031,10933|5031,11725|5031,15204|5031,18039|5031,21198|5031,21891|5031,24024|5031,28657|5031,32190|5031,34687|5031,38958|5031,39762|5031,40687|5031,41850|5031,46556|5031,47235|5031,47969|5031,48873|5031,49700|5031,50707|5031,51654|5031,52802|5031,54042|5031,55062|5031,56260|5031,57232|5031,58092|5031,59259|5031,60360|5031,61546|5031,62452|5031,63295|5031,64065|5031,64890|5031,65843|5031,66911|5031,68081|5031,69074|5031,70185|5031,71306|5031,72273|5031,73241|5031,74096|5031,74993|5034,2907|5034,3654|5034,7128|5034,11443|5034,12606|5036,5146|5036,7237|5036,11870|5036,15403|5036,17785|5036,18749|5039,1658|5039,3749|5039,8382|5039,11915|5039,14297|5039,15261|5042,2141|5048,1304|5048,2248|5048,3099|5048,3966|5048,4834|5048,5593|5048,6485|5048,7388|5048,8341|5048,9396|5048,10438|5048,11593|5048,12523|5048,13480|5048,14469|5048,15466|5048,16507|5048,17456|5048,18137|5048,18844|5048,19586|5048,20453|5048,21491|5048,22432|5048,23251|5048,23827|5048,24403|5048,24985|5048,25769|5048,26688|5048,27679|5048,28510|5048,29607|5048,30720|5048,31725|5048,32472|5048,33574|5048,34647|5048,35847|5048,37154|5048,38284|5048,39393|5048,40536|5048,41578|5048,42559|5048,43568|5048,44587|5048,45525|5048,46558|5048,47485|5049,2907|5049,3654|5049,7128|5049,11443|5049,12606|5052,5146|5052,7237|5052,11870|5052,15403|5052,17785|5052,18749|5060,1131|5060,2121|5060,3053|5060,4106|5060,5219|5060,6114|5060,7227|5060,8105|5060,9037|5060,10044|5060,10853|5060,11359|5060,12166|5060,12929|5060,13682|5060,14529|5060,15315|5060,16266|5060,17382|5060,18474|5060,19460|5060,20495|5060,21531|5060,22481|5060,23561|5060,24449|5060,25449|5060,26496|5060,27444|5060,28615|5060,29599|5060,30596|5060,31685|5060,32651|5060,33709|5060,34653|5060,35599|5060,36596|5060,37750|5060,38828|5060,39908|5060,40964|5060,41831|5060,42706|5060,43667|5060,44673|5060,45680|5060,46832|5060,47833|5060,48951|5061,22|5061,575|5065,615|5067,2141|5068,1039|5074,1097|5074,1950|5074,2765|5074,3728|5074,4562|5074,5140|5074,5976|5074,6880|5074,7997|5074,9115|5074,10102|5074,11129|5074,12329|5074,13521|5074,14575|5074,15518|5074,16457|5074,17484|5074,18663|5074,19753|5074,20898|5074,21644|5074,22208|5074,22826|5074,23533|5074,24378|5074,25227|5074,26018|5074,26591|5074,27491|5074,28398|5074,29187|5074,30040|5074,30928|5074,31739|5074,32596|5074,33425|5074,34516|5074,35535|5074,36682|5074,37828|5074,38926|5074,40008|5074,41125|5074,42180|5074,43205|5074,44133|5074,45099|5074,46215|5074,47237|5079,1092|5080,2298|5088,3136|5088,3742|5088,4388|5088,5180|5088,8654|5088,12969|5088,14132|5093,1118|5093,1782|5093,2524|5093,3504|5093,4418|5093,5418|5093,6349|5093,7120|5093,7931|5093,8791|5093,9728|5093,10668|5093,11526|5093,12432|5093,13371|5093,14160|5093,15103|5093,16091|5093,17119|5093,18223|5093,19208|5093,20203|5093,21104|5093,21976|5093,22738|5093,23418|5093,24321|5093,25439|5093,26332|5093,27327|5093,28279|5093,29243|5093,30085|5093,31002|5093,31865|5093,32601|5093,33367|5093,34173|5093,34982|5094,3136|5094,3742|5094,4388|5094,5180|5094,8654|5094,12969|5094,14132|5096,1074|5096,2571|5096,3329|5096,4119|5096,4912|5096,5742|5096,6558|5096,7493|5096,8606|5096,9664|5096,10764|5096,11739|5096,12792|5096,13645|5096,14803|5096,15723|5096,16812|5096,17693|5096,18561|5096,19474|5096,20371|5096,21155|5096,21849|5096,22578|5096,23448|5096,24209|5096,25080|5096,26000|5096,27059|5096,28055|5096,29011|5096,30020|5096,31017|5096,32039|5096,32968|5096,33941|5096,34774|5096,35592|5096,36736|5096,37569|5096,38473|5096,39420|5096,40533|5096,41669|5096,42857|5096,43828|5096,44763|5096,45545|5096,46579|5096,47629|5106,22|5106,575|5108,3991|5108,4795|5108,5764|5114,1340|5114,2415|5114,3254|5114,4133|5114,5134|5114,6064|5114,7120|5114,8064|5114,8986|5114,9958|5114,10910|5114,12010|5114,13090|5114,14142|5114,15175|5114,15929|5114,16771|5114,17536|5114,18399|5114,19296|5114,20328|5114,21270|5114,22190|5114,23144|5114,24233|5114,25189|5114,26099|5114,27014|5114,27757|5114,28459|5114,29410|5114,30470|5114,31386|5114,32406|5114,33486|5114,34361|5114,35177|5114,36125|5114,37236|5114,38165|5114,39058|5114,39897|5114,40742|5114,41481|5114,42411|5114,43440|5114,44492|5114,45529|5114,46441|5114,47301|5116,3248|5116,4148|5116,6564|5116,9822|5117,3991|5117,4795|5117,5764|5119,1001|5119,1587|5119,2482|5119,3382|5119,5679|5119,6728|5119,10933|5119,11725|5119,15204|5119,18039|5119,21198|5119,21891|5119,24024|5119,28657|5119,32190|5119,34687|5119,38958|5119,39762|5119,40687|5119,41850|5119,46556|5119,47235|5119,47969|5119,48873|5119,49700|5119,50707|5119,51654|5119,52802|5119,54042|5119,55062|5119,56260|5119,57232|5119,58092|5119,59259|5119,60360|5119,61546|5119,62452|5119,63295|5119,64065|5119,64890|5119,65843|5119,66911|5119,68081|5119,69074|5119,70185|5119,71306|5119,72273|5119,73241|5119,74096|5119,74993|5127,1092|5131,615|5135,1039|5138,2298|5139,1001|5139,1587|5139,2482|5139,3382|5139,5679|5139,6728|5139,10933|5139,11725|5139,15204|5139,18039|5139,21198|5139,21891|5139,24024|5139,28657|5139,32190|5139,34687|5139,38958|5139,39762|5139,40687|5139,41850|5139,46556|5139,47235|5139,47969|5139,48873|5139,49700|5139,50707|5139,51654|5139,52802|5139,54042|5139,55062|5139,56260|5139,57232|5139,58092|5139,59259|5139,60360|5139,61546|5139,62452|5139,63295|5139,64065|5139,64890|5139,65843|5139,66911|5139,68081|5139,69074|5139,70185|5139,71306|5139,72273|5139,73241|5139,74096|5139,74993|5190,909|5223,909|5247,1497|5265,631|5268,1385|5268,1880|5268,8712|5268,9525|5268,17818|5268,17990|5268,18320|5268,21105|5268,29117|5268,32449|5268,34017|5268,34028|5275,1385|5275,1880|5275,8712|5275,9525|5275,17818|5275,17990|5275,18320|5275,21105|5275,29117|5275,32449|5275,34017|5275,34028|5285,248|5292,2604|5293,631|5297,1215|5297,1266|5302,2609|5305,2609|5328,2604|5333,248|5337,1497|5346,1215|5346,1266
yearli 4384,176|4406,176|4423,176|4429,176|4433,176|4990,1632|4999,1632
yeast 2444,38|2444,85|3705,1075|4772,9448|4772,9782|4801,4195|4822,4195|5174,778|5180,7909|5205,778|5216,7909
yeast73duf 1567,27698|3729,45150
yeast_polyadenylation_site_mark 2444,114
yeat 2318,94403|2611,79895|2937,180202|3771,412760
yeats2 1352,232918|2234,176364|2318,94510|2523,24987|2611,80002|2738,912451|2738,912458|2738,912931|2738,912938|2738,913465|2738,913472|2738,913912|2738,913919|3113,79583|3113,81538|3113,158149|3384,1065010|3384,1065017|3384,1065542|3384,1065549|3601,1089848|3601,1089855|3601,1090382|3601,1090389|3601,1090829|3601,1090836|3671,5081360|3671,5081367|3671,5081778|3671,5081785|3671,5082252|3671,5082259|3671,5082617|3671,5082624|4262,187175
yeats4 1352,216235|1758,140610|2318,94497|2361,50064|2523,38266|2611,79989|2738,4626796|2738,4626803|2738,4627293|2738,4627300|3113,79076|3113,81031|3113,158098|3384,5318005|3384,5318012|3384,5318503|3384,5318510|3601,5373750|3601,5373757|3601,5374248|3601,5374255|3671,4583061|3671,4583068|3671,4583477|3671,4583484|3823,179657|4262,151740
yee 2078,494|2312,494|3633,494
yeeleng 1337,1812|1341,1041|1434,504|1441,1014|1555,1186|1572,605|1596,729|1603,2005|1614,3131|1618,2005|1643,614|1698,610|1808,1014|1882,2196|1888,609|2176,2042|2248,2077|2276,1014|2455,2050|2867,2006|2994,614|3082,614|3150,614|3220,3131|3250,729|3256,3131|3432,889|3443,1012|3560,962|3596,1013|3718,622|3773,1498|3845,2079|3960,954|4041,1277|4171,614|4246,2040|4306,1057
yefg19fdhkoshcfxyqtzdapvrp6baqxfcy0fxcvaaaaaelftksuqmcc 2086,22754|2314,22754
yeh 4983,374|4983,433|4986,374|4986,433
yehk 4983,412|4986,412
yelena 4361,7891
yellow 4936,2387|5268,13695|5275,13695
yelp 1358,1269|1431,1457|1442,1269|1768,1530|1860,1476|1885,1667|1946,1590|1958,1673|1978,1264|2012,1716|2046,1397|2078,1533|2082,1716|2249,1270|2255,1270|2272,1270|2312,1534|2313,1530|2316,1268|2449,1700|2549,1669|2688,1700|2715,1248|2858,1533|2923,1514|3072,1566|3188,1193|3307,1269|3360,1270|3462,1397|3633,1532|3780,1270|3812,1264|4062,1397|4066,1515|4194,1270|4207,1457|4477,12737|4510,12850|4514,12737|4594,21096|4610,21096
yeo 2601,617|4331,32|4331,78
yep 5323,3019|5355,3019
yerneni 4372,20016|4372,20222|4372,20753
yes1 1352,594868|1397,52862|1397,53401|1397,180185|1397,180810|2113,86076|2171,61146|2171,73014|2171,96682|2234,302295|2318,277288|2318,277935|2318,415128|2361,1973|2361,7300|2361,9212|2361,13924|2361,22954|2361,27185|2361,33998|2361,39262|2361,43372|2361,44670|2361,48154|2361,52654|2361,54421|2361,55732|2361,57373|2523,104362|2532,86383|2611,22055|2611,29857|2611,82054|2611,129482|2611,183238|3113,274754|3113,286993|3113,313301|3113,317713|3113,323178|3113,324963|3113,334817|3113,379266|3113,380896|3113,436930|3113,453109|3113,463821|3113,466537|3113,470078|3113,475621|3113,489070|3113,497907|3113,507271|3113,509795|3113,523995|3113,551793|3113,583491|3113,585387|3113,618023|3113,645937|3571,12737|3571,22037|3571,33728|3729,4293|3729,9213|3729,10295|3823,402592|3937,123094|3945,13820|4262,576406
yesha 4361,7898
yesun 5242,382
yet 4483,5065|4487,2920|4505,2920|4509,5065|4523,1093|4530,3032|4546,979|4554,979|4571,3032|4582,9723|4594,30370|4594,40089|4594,72722|4597,18757|4597,38912|4597,76594|4601,3601|4610,30370|4610,40089|4610,72722|4612,4953|4618,9723|4626,3715|4632,3564|4650,4953|4669,3564|4675,3601|4679,3678|4733,18757|4733,38912|4733,76594|4736,9839|4751,723|4759,841|4797,723|4807,841|4820,1437|4824,723|4837,5752|4854,1185|4918,1185|4948,5752|4990,874|4999,874|5001,513|5145,3211|5214,1519|5219,1519|5254,1896|5278,1675|5278,1869|5278,2673|5292,2775|5292,5681|5301,812|5326,1896|5328,2775|5328,5681|5334,812|5345,1675|5345,1869|5345,2673
yeung 5093,25343
yeunghigh 5093,24893
yflkxf7ohsyft6bnthw3ceg 2086,114030|2086,122691|2314,114030|2314,122691
ygattgg 2117,20913|2117,20924|2169,2984|2169,2995
yggctcac 1747,7764
yh 2086,56258|2314,56258
yh5baeaaaaalaaaaaabaaeaaaibraa7 2086,47716|2314,47716
yh5baekaa8alaaaaaaqabaaaare8mk53xgo6sry2c8hwgezinuhdj2lfjoqzexdwfqpehx9poobyugi 2086,4685|2086,4976|2314,4685|2314,4976
yh5baekaamalaaaaaalaa0aaaibni 2086,92666|2314,92666
yh5baeuaaialaaaaaalaa8aaaiihi8my6zdhlwvcosas1hinjwgpy0juv2h2qetvb7slnraaqa7 2086,93492|2314,93492
yh5baukaacalaaaaaaqabaaaanjelrcfkqmqd4aigdhmsgeudlyoxicbqnf1ruakdbehd6zedxorsazbqwa 2086,3109|2086,3346|2086,3583|2314,3109|2314,3346|2314,3583
yhdcrboxlas 1567,106586|3729,75080
yhhn 2318,329556|3771,368835
yi 1327,545|1358,548|1404,545|1431,488|1442,548|1768,545|1860,488|1885,647|1946,602|1958,647|1978,545|2012,647|2046,328|2078,545|2082,647|2249,549|2255,549|2272,549|2312,546|2313,545|2316,545|2449,631|2549,600|2688,631|2715,545|2717,545|2858,545|2923,548|3188,545|3307,548|3360,549|3462,328|3633,544|3780,549|3812,545|4019,545|4062,328|4066,548|4194,549|4207,488|4379,2012|4837,287|4837,4123|4837,9053|4837,9198|4837,9360|4846,391|4850,294|4850,4008|4850,4153|4850,4315|4855,12|4855,250|4855,449|4856,2151|4856,2655|4858,682|4860,1782|4861,12|4861,250|4861,449|4866,1848|4866,17093|4868,1763|4869,2151|4869,2655|4873,304|4875,5527|4880,294|4880,4008|4880,4153|4880,4315|4882,1763|4886,748|4889,748|4897,211|4898,918|4902,304|4904,1848|4904,17093|4907,4531|4908,900|4908,1045|4908,1207|4924,391|4934,682|4938,900|4938,1045|4938,1207|4947,5527|4948,287|4948,4123|4948,9053|4948,9198|4948,9360|4954,211|4967,4531|4980,4445|4980,5020|4982,4445|4982,5020|4983,1853|4983,1930|4986,1853|4986,1930|5007,13460|5007,13924|5007,16353|5007,16816|5031,611|5031,957|5096,19749|5096,20184|5096,24492|5096,24905|5104,2309|5104,2533|5119,611|5119,957|5121,2309|5121,2533|5139,611|5139,957
yicong 4379,801
yield 4477,2445|4477,8947|4477,9758|4493,7923|4506,7923|4510,2558|4510,9060|4510,9871|4513,19213|4514,2445|4514,8947|4514,9758|4519,6489|4520,6373|4587,8037|4590,10452|4594,5030|4594,10804|4594,17306|4594,18117|4594,53616|4594,64874|4597,75289|4597,76570|4597,77199|4610,5030|4610,10804|4610,17306|4610,18117|4610,53616|4610,64874|4614,5160|4629,6373|4632,2259|4632,3540|4632,4169|4669,2259|4669,3540|4669,4169|4671,10452|4679,2373|4679,3654|4679,4283|4682,5046|4686,5046|4694,10558|4719,19213|4733,75289|4733,76570|4733,77199|4745,1763|4936,3066
yif1a 1352,426965|1459,794505|1459,795014|1459,795556|1459,796015|1459,796565|1459,797107|1459,797657|1459,798116|1758,223943|2523,4426|2800,44940|2800,104655|2800,159172|2800,169409|3113,144514|3113,155337|3113,219636|3113,220067|3129,1025166|3129,1025675|3129,1026217|3129,1026676|3129,1027135|3129,1027685|3129,1028226|3129,1028776|3129,1029235|3202,275627|3202,275720|3202,275813|3215,5698|3823,140500|4262,414021
yif1b 1352,204557|1459,1630020|1459,1630529|1459,1631042|2738,495878|2738,495884|3170,171663|3170,171756|3170,171849|3170,171942|3170,172035|3170,172128|3170,172221|3202,156625|3202,156718|3215,8240|3243,111961|3384,591374|3384,591380|3384,591872|3384,591878|3384,592383|3384,592389|3384,592832|3384,592838|3601,608211|3601,608217|3601,608722|3601,608728|3671,2739906|3671,2739912|3671,2740323|3671,2740329|3671,2740794|3671,2740800|3671,2741161|3671,2741167|3823,180360|4163,8516|4262,219423
yifei 1327,450|1358,452|1404,450|1431,647|1442,452|1768,701|1860,647|1885,838|1946,761|1958,844|1978,450|2012,887|2046,568|2078,704|2082,887|2249,452|2255,452|2272,452|2312,705|2313,701|2316,450|2449,871|2549,840|2688,871|2715,450|2717,450|2858,704|2923,452|2923,704|3072,737|3188,450|3307,452|3360,452|3462,568|3633,703|3780,452|3812,450|4019,450|4062,568|4066,452|4066,704|4194,452|4207,647|4455,7029|4508,7029|4594,92877|4606,7143|4610,92877
yifeic 1904,132|1904,296|3053,67|3053,243|3053,413|3053,595|3053,760|3053,933|4254,67|4254,243|4254,413|4254,595|4254,760|4254,942
yig 2318,529367|3771,471048
yigp1tivxtnihpzscsxt94wid7 2086,42731|2314,42731
yime 4372,9643|4372,11407|4379,3464
yine 4594,5978|4610,5978|4614,6108|4682,5994|4686,5994
ying 5011,11|5011,539|5012,864|5012,1629|5012,1684|5016,864|5016,1629|5016,1684|5023,595|5023,1087|5023,1142|5031,71758|5031,72158|5031,72670|5031,73106|5042,1486|5057,11|5057,539|5067,1486|5077,17|5077,555|5096,11145|5096,11575|5096,31409|5096,31893|5104,3906|5105,17|5105,555|5119,71758|5119,72158|5119,72670|5119,73106|5121,3906|5126,595|5126,1087|5126,1142|5139,71758|5139,72158|5139,72670|5139,73106
yingxu 5048,12023|5048,12400|5048,12944|5048,13357
yingyi 4372,4038
yingyibu 4372,5991
yinhao 4379,1913
yip 4450,8476|4489,8476|4543,8476|4544,8476|4692,1004|4700,1004|4709,8476
yip1 2318,363490|3771,317337
yipf1 2738,641845|2738,641851|2738,642346|2738,642352|2738,642796|2738,642802|2738,643330|2738,643336|2738,643818|2738,643824|2738,644269|2738,644275|2738,644770|2738,644776|2738,645271|2738,645277|3170,353013|3384,762743|3384,762749|3384,763244|3384,763250|3384,763695|3384,763701|3384,764229|3384,764235|3384,764717|3384,764723|3384,765167|3384,765173|3384,765668|3384,765674|3384,766169|3384,766175|3601,781384|3601,781390|3601,781885|3601,781891|3601,782336|3601,782342|3601,782870|3601,782876|3601,783358|3601,783364|3601,783808|3601,783814|3601,784309|3601,784315|3601,784809|3601,784815|3671,196605|3671,196611|3671,197023|3671,197029|3671,197390|3671,197396|3671,197863|3671,197869|3671,198287|3671,198293|3671,198655|3671,198661|3671,199073|3671,199079|3671,199491|3671,199497|4262,447668
yipf2 1664,329123|1664,329519|1914,350266|1914,350662|2232,220886|2267,355544|2267,355934|2296,331275|2296,331665|2840,354708|2863,11486|3660,358135|3744,360923|3823,110863|4203,353072
yipf3 1352,439560|1664,35440|1664,51600|1914,15408|1914,37455|2267,29207|2267,38423|2296,37566|2296,88054|2738,5133143|2738,5133149|2738,5133592|2738,5133598|2840,26805|2840,716646|3170,227576|3170,227668|3170,227760|3170,227852|3202,201222|3202,201314|3384,5903699|3384,5903705|3384,5904199|3384,5904205|3601,5970564|3601,5970570|3601,5971014|3601,5971020|3660,23689|3660,735732|3671,1533962|3671,1533968|3671,1534373|3671,1534379|3671,1534740|3671,1534746|3744,25790|3744,731901|4203,25845|4203,721488|4262,402986
yipf4 2318,363585|2523,49368|2584,17979|2584,17985|3671,4710633|3671,4710639|4262,308959
yipf5 2318,363579|2523,13621|3170,426090|3170,426188|3215,16208|3771,317421|4329,203362|4329,203368
yipf6 1352,548783|2790,418026|4262,539726|4329,203509|4329,203515
yippe 2318,384651|3771,322139
yisong 4493,9496|4506,9496|4587,9610|4594,55189|4610,55189
yjef_c_3 2611,112945|2937,189568
yjef_n 2318,365553|2611,166988|2937,113316|3771,268174
yjefn3 3170,95361|3170,95455|3170,95549|3170,95643|3170,95737|3170,95831|3170,95925|3170,96019|3170,96113|3170,96207|3170,724140|3170,724235|3202,638134|3202,638228|3823,364513
yk 1337,7186|1337,11045|1341,6415|1341,10274|1434,5411|1434,9270|1441,5878|1441,9737|1555,6560|1555,10419|1572,5375|1572,9234|1596,5633|1596,9492|1603,7379|1603,11238|1614,15287|1614,26064|1618,7379|1618,11238|1643,5988|1643,9847|1698,5517|1698,9376|1808,5918|1808,9777|1882,7570|1882,11429|1888,5513|1888,9372|2176,7416|2176,11275|2248,7451|2248,11310|2276,5918|2276,9777|2455,7279|2455,10998|2867,7380|2867,11239|2994,5890|2994,9749|3082,5892|3082,9751|3150,5988|3150,9847|3156,5711|3156,9570|3220,15287|3220,26064|3245,5322|3245,9181|3250,5633|3250,9492|3256,15287|3256,26064|3432,5793|3432,9652|3443,5916|3443,9775|3560,6336|3560,10195|3596,5917|3596,9776|3697,5284|3697,9143|3718,5411|3718,9270|3773,6872|3773,10731|3845,7453|3845,11312|3960,6328|3960,10187|4041,6651|4041,10510|4171,5894|4171,9753|4246,7414|4246,11273|4306,5961|4306,9820
ykinasetyk2 1567,17400|3729,25947
ykl 1735,152569|1735,152598|3037,138560|3037,138589
ykrlhaexrakxliwwpuhiricgjikill68sbdb6bl0ajwjxqkpeim9l2 2086,85586|2314,85586
ykt6 1397,111837|1397,112152|2113,28281|2318,42630|2318,101010|2435,200651|2523,158702|2611,58063|2611,134548|3113,145023|3113,151591|3113,181329|3113,207114|3113,252850|3113,284724|3113,354268|3113,360014|3170,818500|3202,723349
yl1_c 2171,44598|2318,69608|3316,27376|3771,41708
ylpm1 1842,4378|2113,5536|2386,485536|2386,485542|2386,485548|2386,485930|2523,24705|2738,2937035|2738,2937041|2738,2937488|2738,2937494|2738,2937981|2738,2937987|2790,418189|2790,418195|2790,418359|3170,281195|3215,6143|3384,3383040|3384,3383046|3384,3383493|3384,3383499|3384,3383986|3384,3383992|3384,3384431|3384,3384437|3601,3422787|3601,3422793|3601,3423240|3601,3423246|3601,3423733|3601,3423739|3601,3424226|3601,3424232|3671,2471496|3671,2471502|3671,2471867|3671,2471873|3671,2472284|3671,2472290|3671,2472695|3671,2472701|3671,2473106|3671,2473112|3671,2473468|3671,2473474
yme1l1 1842,4752|2738,917260|2738,917267|2937,22438|3215,165884|3316,8273|3384,1067926|3384,1067933|3601,1094625|3601,1094632|3671,268405|3671,268412|3771,7913|3771,63151|3823,497373|4329,203652|4329,203659
ynlcc1upvdzxqir0k25 2086,56659|2314,56659
yoav 4595,12139|4597,73194|4628,12251|4716,12139|4733,73194
yod1 2234,305646|3823,396921
yoko 4837,15237|4838,3558|4839,937|4840,3451|4841,1691|4842,1655|4844,1733|4845,1735|4846,2013|4848,1470|4849,2581|4850,6542|4851,1733|4852,1097|4853,1890|4854,2938|4855,3057|4856,9241|4857,1541|4858,3599|4859,2736|4860,5008|4861,3057|4862,1541|4863,2067|4864,1025|4865,2201|4866,19894|4867,2124|4868,3133|4869,9241|4870,1261|4871,2434|4872,997|4873,1462|4874,1896|4875,7726|4876,1120|4877,1063|4878,2201|4879,2581|4880,6542|4881,2220|4882,3133|4883,1371|4884,1120|4886,1996|4887,2560|4888,2074|4889,1996|4890,3044|4891,2067|4892,1011|4893,2581|4895,1470|4896,2441|4897,1181|4898,4577|4899,4620|4900,1066|4901,1261|4902,1462|4903,3917|4904,19894|4906,1896|4907,8896|4908,6804|4909,1691|4910,2473|4911,2560|4912,937|4913,1655|4914,1245|4916,2427|4917,2427|4918,2938|4919,2759|4920,3044|4921,6351|4922,4620|4924,2013|4925,1025|4927,2759|4928,3917|4929,1355|4930,4474|4931,1081|4932,1371|4933,2434|4934,3599|4935,2682|4937,1097|4938,6804|4939,2074|4940,2581|4941,2441|4942,2473|4943,1066|4944,1245|4945,997|4946,1063|4947,7726|4948,15237|4949,2220|4950,2124|4951,1081|4952,2736|4953,2943|4954,1181|4956,6351|4957,1890|4958,3558|4959,2682|4960,1011|4961,3451|4962,1735|4963,4474|4964,3289|4965,1355|4966,3289|4967,8896|4968,2943
yokohama 5021,39927|5021,40486|5048,7939|5048,8483|5074,6506|5074,7025|5074,33086|5074,33570|5074,34105|5074,34661|5074,35164|5074,35680|5096,38092|5096,38600|5096,39063|5096,39547|5114,5706|5114,6235
yokomori 1337,8408|1341,7637|1434,6633|1441,7100|1452,2601|1536,2720|1555,7782|1571,2711|1572,6597|1596,6855|1603,8601|1614,18158|1618,8601|1643,7210|1698,6739|1808,7140|1852,902|1882,8792|1888,6735|1956,2711|2023,2711|2176,8638|2248,8673|2276,7140|2335,841|2430,2711|2455,8451|2867,8602|2994,7112|3082,7114|3150,7210|3156,6933|3220,18158|3245,6544|3250,6855|3256,18158|3399,2711|3432,7015|3443,7138|3560,7558|3565,910|3596,7139|3624,2758|3697,6506|3718,6633|3743,2570|3754,1573|3764,859|3773,8094|3845,8675|3869,859|3960,7550|3985,1573|4041,7873|4143,2719|4171,7116|4246,8636|4260,859|4306,7183
yonatan 4580,10501|4580,12039|4597,59754|4597,61292|4622,10616|4622,12154|4727,10501|4727,12039|4733,59754|4733,61292
yong 5007,612|5007,1016|5093,10117|5093,10526|5093,15523|5093,15955|5096,612|5096,939|5096,15184|5096,15584|5114,38587|5114,38938
yongjin 5048,9773|5048,10294|5048,13867|5048,14341|5096,37067|5096,37430
yonsei 5104,4572|5121,4572
yoon 5074,7324|5074,7884|5104,5726|5121,5726
york 4450,2051|4465,3347|4474,3347|4489,2051|4521,1405|4527,791|4534,3347|4543,2051|4544,2051|4589,41|4589,692|4592,1959|4609,3347|4624,1959|4635,1405|4653,1959|4661,920|4691,1959|4709,2051|4728,2097|4729,2097|4837,5001|4847,672|4850,2579|4854,434|4856,2937|4856,5187|4869,2937|4869,5187|4880,2579|4918,434|4948,5001|5014,2259|5014,3990|5021,22973|5021,23543|5031,22534|5031,24265|5036,5747|5036,7478|5039,2259|5039,3990|5052,5747|5052,7478|5119,22534|5119,24265|5139,22534|5139,24265|5263,1287|5268,3977|5275,3977|5341,1287
yos1 2318,537843|3771,480376
yoshino 5114,21639|5114,22074
yoshua 4523,12468|4546,12354|4554,12354|4594,84097|4610,84097
yosi 4372,10290
yosiphon 4746,202|4746,362|4746,529|4746,812|4746,1075|4781,343|4781,3902|4791,127|4798,561|4798,1493|4798,5787|4801,1293|4801,2433|4801,3996|4801,21256|4801,25193|4822,1293|4822,2433|4822,3996|4822,21256|4822,25193|5175,1717|5176,2881|5176,4365|5177,2881|5177,4365|5180,5174|5180,6243|5180,7723|5183,1531|5183,1647|5187,1803|5201,1717|5203,1815|5214,3858|5214,3948|5216,5174|5216,6243|5216,7723|5219,3858|5219,3948|5226,1531|5226,1647|5227,1803|5240,1815
yotan 5258,2358|5290,2358
you 1310,474|1319,824|1327,1151|1329,378|1333,839|1337,18157|1339,474|1341,17386|1358,1406|1360,2147|1366,2124|1367,3070|1377,824|1381,824|1401,2328|1403,1193|1404,1151|1405,635|1406,474|1414,824|1427,400|1427,452|1427,540|1427,697|1431,1603|1433,824|1434,16382|1441,16849|1442,1406|1452,3327|1465,824|1477,1475|1488,827|1489,2128|1507,1140|1520,2498|1536,3362|1539,3285|1553,4161|1555,17531|1566,824|1568,1905|1571,3393|1572,16346|1596,16604|1597,1763|1603,18350|1611,346|1611,398|1611,486|1611,643|1613,408|1613,460|1613,548|1613,705|1614,44790|1616,2732|1618,18350|1633,508|1635,3078|1643,16959|1649,1786|1674,386|1674,438|1674,526|1674,683|1682,4827|1691,3872|1698,16488|1712,619|1722,474|1754,1152|1760,1815|1762,399|1762,451|1762,539|1762,696|1768,1698|1774,378|1774,430|1774,518|1774,675|1789,824|1800,474|1808,16889|1814,3026|1822,947|1852,1164|1860,1641|1874,4172|1882,18541|1885,1832|1888,16484|1946,1755|1950,379|1950,431|1950,519|1950,676|1952,474|1955,121|1956,3437|1958,1838|1967,3|1967,440|1967,616|1967,900|1967,1810|1967,3949|1967,4137|1967,4726|1967,4789|1967,5130|1967,5353|1967,5496|1967,5643|1967,5720|1967,5883|1969,938|1978,1326|1986,509|1998,424|1998,476|1998,564|1998,721|2003,1475|2006,474|2012,1881|2018,2167|2023,3353|2033,627|2046,1562|2058,4083|2078,1698|2080,460|2080,512|2080,600|2080,757|2081,2395|2082,1881|2095,821|2101,3078|2103,386|2103,438|2103,526|2103,683|2106,346|2106,398|2106,486|2106,643|2109,835|2111,1796|2112,2833|2116,824|2119,409|2119,461|2119,549|2119,706|2156,474|2159,363|2159,415|2159,503|2159,660|2168,3094|2172,2374|2176,18387|2178,824|2187,838|2190,1495|2194,574|2222,830|2230,2225|2244,1209|2247,1152|2248,18422|2249,1407|2252,474|2255,1407|2272,1407|2276,16889|2281,829|2287,4057|2303,2346|2312,1699|2313,1695|2316,1330|2319,1495|2320,2717|2321,508|2335,1103|2341,474|2345,474|2346,402|2346,454|2346,542|2346,699|2347,474|2353,474|2375,474|2403,2145|2416,508|2430,3353|2447,3226|2448,420|2448,472|2448,560|2448,717|2449,1865|2455,17891|2456,835|2458,4022|2480,2124|2501,947|2510,394|2510,446|2510,534|2510,691|2515,2124|2519,1806|2530,1018|2539,4028|2543,4023|2546,2544|2549,1834|2554,1609|2585,839|2588,1152|2593,361|2593,413|2593,501|2593,658|2616,413|2616,465|2616,553|2616,710|2646,630|2653,474|2656,835|2661,407|2661,459|2661,547|2661,704|2664,460|2664,512|2664,600|2664,757|2665,3026|2688,1865|2697,824|2699,4025|2715,1310|2717,1148|2718,1168|2721,824|2727,386|2727,438|2727,526|2727,683|2736,2395|2742,416|2742,468|2742,556|2742,713|2758,3309|2766,824|2778,824|2802,1763|2806,4074|2825,380|2825,432|2825,520|2825,677|2857,4183|2857,5120|2858,1698|2867,18351|2883,474|2903,824|2905,474|2914,1151|2923,1660|2927,2403|2934,726|2946,3220|2947,3269|2951,474|2956,345|2956,397|2956,485|2956,642|2958,828|2983,2732|2994,16861|3042,3026|3045,3074|3048,1252|3050,1251|3054,423|3054,475|3054,563|3054,720|3055,423|3055,475|3055,563|3055,720|3063,474|3065,1152|3072,1731|3074,1479|3079,829|3082,16863|3092,824|3111,4183|3111,5120|3120,427|3137,378|3139,390|3139,442|3139,530|3139,687|3150,16959|3156,16682|3179,371|3179,423|3179,511|3179,668|3188,1243|3211,4183|3211,5120|3220,44790|3229,2927|3235,399|3235,451|3235,539|3235,696|3245,16293|3250,16604|3256,44790|3274,3095|3292,1417|3307,1406|3310,3271|3322,2548|3329,726|3335,2346|3339,1519|3359,3391|3360,1407|3373,824|3374,411|3374,463|3374,551|3374,708|3388,417|3388,469|3388,557|3388,714|3399,3353|3422,3078|3423,1253|3429,474|3432,16764|3435,620|3443,16887|3460,1209|3462,1562|3466,2548|3467,4249|3479,1449|3494,1519|3520,627|3532,3079|3535,508|3544,357|3544,409|3544,497|3544,654|3558,423|3558,475|3558,563|3558,720|3560,17307|3565,1172|3566,3069|3570,2349|3596,16888|3624,3484|3631,1152|3633,1697|3642,574|3647,2645|3683,410|3697,16255|3708,4183|3708,5120|3709,474|3714,385|3714,437|3714,525|3714,682|3718,16382|3726,369|3726,421|3726,509|3726,666|3736,618|3743,2832|3746,2544|3747,474|3754,2215|3764,1121|3765,358|3765,410|3765,498|3765,655|3773,17843|3780,1407|3788,2631|3794,474|3796,2403|3797,1789|3812,1398|3821,1479|3831,726|3841,574|3845,18424|3851,389|3851,441|3851,529|3851,686|3857,356|3857,408|3857,496|3857,653|3858,474|3866,474|3869,1121|3881,1515|3899,404|3899,456|3899,544|3899,701|3902,1798|3924,4183|3924,5120|3940,824|3960,17299|3975,399|3975,451|3975,539|3975,696|3976,824|3977,4183|3977,5120|3979,390|3979,442|3979,530|3979,687|3982,474|3985,2215|3986,3216|3989,474|3994,395|3994,447|3994,535|3994,692|3996,2646|4014,825|4019,1156|4023,613|4024,726|4039,2403|4041,17622|4051,4183|4051,5120|4062,1562|4066,1661|4077,838|4083,474|4095,341|4095,393|4095,481|4095,638|4100,4161|4107,396|4107,448|4107,536|4107,693|4108,388|4108,440|4108,528|4108,685|4110,838|4122,1020|4127,4183|4127,5120|4140,947|4143,3361|4146,824|4160,2548|4167,844|4171,16865|4176,127|4178,2541|4188,1791|4191,474|4194,1407|4207,1603|4225,2623|4246,18385|4249,4183|4249,5120|4253,674|4260,1121|4268,4171|4279,1763|4293,1796|4306,16932|4307,378|4307,430|4307,518|4307,675|4318,846|4341,1209|4358,421|4359,693|4359,728|4359,760|4359,800|4359,829|4359,1186|4359,1215|4359,1372|4359,1401|4359,1592|4359,1621|4359,1851|4359,1932|4359,1954|4372,4832|4372,9067|4372,9162|4383,522|4387,483|4388,489|4389,469|4392,522|4394,529|4395,1124|4395,2395|4395,2546|4395,3136|4395,3670|4395,4948|4395,5951|4395,6198|4396,527|4397,489|4398,529|4400,483|4403,705|4408,705|4410,468|4412,933|4413,711|4415,468|4416,369|4421,933|4422,567|4425,369|4426,567|4427,711|4430,402|4431,402|4432,527|4434,492|4436,492|4437,469|4450,4400|4450,5493|4489,4400|4489,5493|4499,1536|4499,2126|4499,2420|4499,2618|4499,3036|4499,3190|4499,3250|4543,4400|4543,5493|4544,4400|4544,5493|4553,2325|4577,1184|4582,9339|4584,1536|4584,2126|4584,2420|4584,2618|4584,3036|4584,3190|4584,3250|4591,1040|4591,1090|4591,1127|4594,29986|4598,1040|4598,1090|4598,1127|4610,29986|4618,9339|4634,680|4643,680|4680,1184|4681,2325|4706,2304|4706,2356|4709,4400|4709,5493|4730,2304|4730,2356|4736,9455|4748,186|4758,724|4785,675|4791,281|4791,479|4791,668|4791,1347|4791,1458|4791,1712|4791,2036|4791,2110|4791,2267|4791,2333|4791,2373|4791,2444|4791,3293|4791,3334|4791,3592|4791,3835|4791,4067|4791,4297|4791,4389|4812,1791|4812,2019|4827,826|4827,963|4828,296|4828,428|4863,1109|4865,396|4866,5802|4867,1347|4878,396|4879,603|4885,123|4891,1109|4898,3669|4904,5802|4907,2403|4907,7950|4908,4933|4914,295|4936,473|4938,4933|4940,603|4944,295|4950,1347|4967,2403|4967,7950|4969,1898|4972,698|4972,1933|4972,2080|4972,2112|4972,2148|4972,2302|4972,2522|4972,2546|4972,2801|4972,2891|4972,2923|4972,2955|4972,3054|4972,3231|4972,3286|4972,3690|4978,1044|4978,1116|4980,1505|4980,1751|4980,2216|4980,2501|4980,3054|4980,3110|4980,3306|4980,3807|4980,3919|4980,4209|4980,4252|4980,4329|4980,4718|4980,4756|4980,4791|4980,4954|4981,698|4981,1933|4981,2080|4981,2112|4981,2148|4981,2302|4981,2522|4981,2546|4981,2801|4981,2891|4981,2923|4981,2955|4981,3054|4981,3231|4981,3286|4981,3690|4982,1505|4982,1751|4982,2216|4982,2501|4982,3054|4982,3110|4982,3306|4982,3807|4982,3919|4982,4209|4982,4252|4982,4329|4982,4718|4982,4756|4982,4791|4982,4954|4985,1044|4985,1116|4988,1898|4989,219|4990,1873|4990,2519|4990,2667|4992,1816|4992,2040|4992,2409|4993,951|4995,246|4995,2063|4995,2180|4995,2735|4997,974|4997,1024|4997,1099|4997,1281|4997,1366|4997,1617|4997,1675|4997,1715|4999,1873|4999,2519|4999,2667|5000,185|5000,489|5000,630|5001,296|5001,316|5006,774|5037,133|5041,861|5054,694|5095,774|5099,694|5101,861|5145,2612|5145,2633|5145,10926|5153,2682|5239,128|5244,781|5244,1866|5245,832|5245,1066|5247,1548|5247,1600|5250,410|5250,437|5258,2473|5258,3123|5258,3200|5258,3222|5258,3361|5258,3648|5258,3926|5258,4028|5262,1600|5262,1808|5262,2115|5262,2440|5267,2369|5267,2626|5267,2658|5267,2689|5267,2906|5267,2926|5267,4190|5267,4414|5267,4487|5267,5126|5267,5271|5267,5960|5267,5990|5268,693|5268,749|5268,769|5268,1009|5268,1071|5268,1160|5268,1289|5268,1854|5268,2419|5268,2793|5268,2872|5268,2913|5268,3075|5268,3102|5268,3217|5268,3359|5268,3401|5268,3728|5268,3836|5268,3865|5268,4053|5268,4191|5268,4492|5268,4607|5268,4772|5268,5146|5268,5160|5268,5500|5268,5528|5268,5614|5268,5738|5268,5817|5268,5895|5268,6375|5268,6463|5268,6550|5268,6624|5268,6804|5268,7072|5268,7129|5268,7196|5268,7324|5268,7346|5268,7658|5268,7728|5268,7767|5268,7816|5268,8077|5268,8284|5268,8534|5268,8585|5268,8827|5268,8970|5268,9172|5268,9203|5268,9253|5268,9308|5268,9476|5268,9591|5268,9918|5268,9958|5268,9983|5268,10079|5268,10094|5268,10127|5268,10198|5268,10507|5268,10632|5268,10751|5268,10843|5268,10853|5268,10901|5268,11257|5268,11368|5268,11408|5268,12041|5268,12174|5268,12280|5268,12380|5268,12946|5268,13003|5268,13115|5268,13231|5268,13271|5268,13295|5268,13415|5268,13679|5268,13986|5268,14298|5268,14483|5268,14529|5268,14550|5268,14710|5268,15224|5268,15414|5268,15477|5268,15807|5268,15924|5268,16072|5268,16164|5268,16182|5268,16337|5268,16449|5268,16607|5268,16902|5268,17134|5268,17228|5268,17671|5268,17691|5268,17752|5268,17803|5268,18029|5268,18047|5268,18066|5268,18129|5268,18207|5268,18470|5268,18549|5268,18867|5268,19210|5268,19223|5268,19280|5268,19370|5268,19375|5268,19578|5268,19649|5268,19775|5268,19816|5268,19891|5268,19947|5268,20074|5268,20401|5268,20664|5268,20762|5268,20848|5268,21183|5268,21547|5268,21565|5268,21591|5268,22091|5268,22114|5268,22352|5268,22597|5268,22703|5268,23267|5268,23350|5268,23389|5268,23575|5268,23689|5268,23721|5268,23828|5268,23900|5268,23961|5268,24034|5268,24076|5268,24168|5268,24177|5268,24289|5268,24368|5268,24466|5268,24508|5268,25132|5268,25217|5268,25301|5268,25422|5268,25481|5268,25560|5268,25778|5268,25819|5268,26770|5268,26795|5268,27153|5268,27227|5268,27269|5268,27417|5268,27895|5268,28347|5268,28377|5268,28537|5268,28909|5268,28942|5268,29296|5268,29464|5268,29890|5268,30498|5268,30659|5268,30878|5268,31196|5268,31237|5268,31390|5268,31651|5268,31699|5268,31992|5268,32058|5268,32143|5268,32358|5268,32665|5268,32947|5268,33309|5268,34311|5268,34763|5268,35222|5268,35278|5268,35320|5268,35775|5268,36118|5268,36154|5268,36471|5268,36515|5268,36541|5268,36867|5275,693|5275,749|5275,769|5275,1009|5275,1071|5275,1160|5275,1289|5275,1854|5275,2419|5275,2793|5275,2872|5275,2913|5275,3075|5275,3102|5275,3217|5275,3359|5275,3401|5275,3728|5275,3836|5275,3865|5275,4053|5275,4191|5275,4492|5275,4607|5275,4772|5275,5146|5275,5160|5275,5500|5275,5528|5275,5614|5275,5738|5275,5817|5275,5895|5275,6375|5275,6463|5275,6550|5275,6624|5275,6804|5275,7072|5275,7129|5275,7196|5275,7324|5275,7346|5275,7658|5275,7728|5275,7767|5275,7816|5275,8077|5275,8284|5275,8534|5275,8585|5275,8827|5275,8970|5275,9172|5275,9203|5275,9253|5275,9308|5275,9476|5275,9591|5275,9918|5275,9958|5275,9983|5275,10079|5275,10094|5275,10127|5275,10198|5275,10507|5275,10632|5275,10751|5275,10843|5275,10853|5275,10901|5275,11257|5275,11368|5275,11408|5275,12041|5275,12174|5275,12280|5275,12380|5275,12946|5275,13003|5275,13115|5275,13231|5275,13271|5275,13295|5275,13415|5275,13679|5275,13986|5275,14298|5275,14483|5275,14529|5275,14550|5275,14710|5275,15224|5275,15414|5275,15477|5275,15807|5275,15924|5275,16072|5275,16164|5275,16182|5275,16337|5275,16449|5275,16607|5275,16902|5275,17134|5275,17228|5275,17671|5275,17691|5275,17752|5275,17803|5275,18029|5275,18047|5275,18066|5275,18129|5275,18207|5275,18470|5275,18549|5275,18867|5275,19210|5275,19223|5275,19280|5275,19370|5275,19375|5275,19578|5275,19649|5275,19775|5275,19816|5275,19891|5275,19947|5275,20074|5275,20401|5275,20664|5275,20762|5275,20848|5275,21183|5275,21547|5275,21565|5275,21591|5275,22091|5275,22114|5275,22352|5275,22597|5275,22703|5275,23267|5275,23350|5275,23389|5275,23575|5275,23689|5275,23721|5275,23828|5275,23900|5275,23961|5275,24034|5275,24076|5275,24168|5275,24177|5275,24289|5275,24368|5275,24466|5275,24508|5275,25132|5275,25217|5275,25301|5275,25422|5275,25481|5275,25560|5275,25778|5275,25819|5275,26770|5275,26795|5275,27153|5275,27227|5275,27269|5275,27417|5275,27895|5275,28347|5275,28377|5275,28537|5275,28909|5275,28942|5275,29296|5275,29464|5275,29890|5275,30498|5275,30659|5275,30878|5275,31196|5275,31237|5275,31390|5275,31651|5275,31699|5275,31992|5275,32058|5275,32143|5275,32358|5275,32665|5275,32947|5275,33309|5275,34311|5275,34763|5275,35222|5275,35278|5275,35320|5275,35775|5275,36118|5275,36154|5275,36471|5275,36515|5275,36541|5275,36867|5278,1384|5278,1415|5278,1631|5278,2514|5278,2687|5278,2769|5278,3324|5278,3523|5278,3660|5278,3980|5278,4255|5278,4425|5278,4893|5278,5046|5278,5661|5278,5905|5278,6160|5278,6389|5278,6420|5278,6753|5278,7529|5278,7545|5278,7579|5278,7619|5278,7654|5278,9465|5278,10440|5278,10838|5278,10882|5283,138|5286,2613|5286,6214|5286,6388|5286,6423|5286,6534|5286,6589|5286,6658|5286,8396|5286,10262|5286,10527|5290,2473|5290,3123|5290,3200|5290,3222|5290,3361|5290,3648|5290,3926|5290,4028|5292,3914|5292,3982|5292,4616|5292,5004|5292,5155|5292,5515|5297,1392|5297,1695|5297,1765|5299,2613|5299,6214|5299,6388|5299,6423|5299,6534|5299,6589|5299,6658|5299,8396|5299,10262|5299,10527|5301,1859|5301,2015|5301,2183|5302,1854|5302,1863|5302,1929|5302,1962|5305,1854|5305,1863|5305,1929|5305,1962|5309,1600|5309,1808|5309,2115|5309,2440|5314,1064|5314,1346|5314,1844|5317,2068|5317,2179|5317,2305|5317,2427|5317,3032|5319,1546|5328,3914|5328,3982|5328,4616|5328,5004|5328,5155|5328,5515|5331,2068|5331,2179|5331,2305|5331,2427|5331,3032|5334,1859|5334,2015|5334,2183|5337,1548|5337,1600|5345,1384|5345,1415|5345,1631|5345,2514|5345,2687|5345,2769|5345,3324|5345,3523|5345,3660|5345,3980|5345,4255|5345,4425|5345,4893|5345,5046|5345,5661|5345,5905|5345,6160|5345,6389|5345,6420|5345,6753|5345,7529|5345,7545|5345,7579|5345,7619|5345,7654|5345,9465|5345,10440|5345,10838|5345,10882|5346,1392|5346,1695|5346,1765|5348,1064|5348,1346|5348,1844|5351,7550|5351,7622|5352,2369|5352,2626|5352,2658|5352,2689|5352,2906|5352,2926|5352,4190|5352,4414|5352,4487|5352,5126|5352,5271|5352,5960|5352,5990|5354,410|5354,437|5364,7550|5364,7622|5366,1546
youand 5268,20160|5275,20160
youat 5268,8635|5275,8635
youb 5268,25519|5275,25519
youcar 5268,19990|5275,19990
youhour 5268,15339|5275,15339
young 1397,244073|1397,244214|1399,181853|1399,181984|1401,1807|1477,687|1489,1607|1568,1384|1649,1265|2003,687|2142,317|2172,1853|2303,1825|2554,1085|2927,1882|2948,215|2979,215|3074,687|3335,1825|3339,727|3494,727|3570,1828|3796,1882|3797,1265|3821,687|3881,727|4039,1882|4363,491|4372,3229|4372,4171|4372,4577|4372,6051|4372,15687|4379,1561|4450,8182|4450,8434|4450,8768|4450,8824|4464,1194|4489,8182|4489,8434|4489,8768|4489,8824|4519,4882|4520,4766|4526,1194|4543,8182|4543,8434|4543,8768|4543,8824|4544,8182|4544,8434|4544,8768|4544,8824|4594,63267|4601,9947|4610,63267|4629,4766|4675,9947|4692,31|4692,686|4692,962|4692,1296|4692,1352|4700,31|4700,686|4700,962|4700,1296|4700,1352|4709,8182|4709,8434|4709,8768|4709,8824|4777,146|4799,809|5007,26560|5007,26908|5007,36612|5007,37061|5048,4275|5048,4692|5048,28905|5048,29445|5048,42942|5048,43435|5074,13944|5074,14412|5074,40454|5074,40983|5176,2533|5177,2533|5180,4417|5211,787|5216,4417|5234,787|5268,16680|5275,16680|5278,5471|5345,5471
younger 5268,25613|5275,25613
youngest 4820,1415
youpremium 5268,22096|5275,22096
your 1427,491|1427,646|1611,437|1611,592|1613,499|1613,654|1633,482|1633,3559|1674,477|1674,632|1762,490|1762,645|1774,469|1774,624|1950,470|1950,625|1967,1859|1967,1869|1986,483|1986,2915|1998,515|1998,670|2080,551|2080,706|2103,477|2103,632|2106,437|2106,592|2119,500|2119,655|2159,454|2159,609|2321,482|2321,3559|2346,493|2346,648|2416,482|2416,3432|2448,511|2448,666|2510,485|2510,640|2593,452|2593,607|2616,504|2616,659|2661,498|2661,653|2664,551|2664,706|2727,477|2727,632|2742,507|2742,662|2825,471|2825,626|2857,1134|2857,1187|2857,5137|2857,5485|2956,436|2956,591|3054,514|3054,669|3055,514|3055,669|3111,1134|3111,1187|3111,5137|3111,5485|3139,481|3139,636|3179,462|3179,617|3211,1134|3211,1187|3211,5137|3211,5485|3235,490|3235,645|3374,502|3374,657|3388,508|3388,663|3535,482|3535,3432|3544,448|3544,603|3558,514|3558,669|3708,1134|3708,1187|3708,5137|3708,5485|3714,476|3714,631|3726,460|3726,615|3765,449|3765,604|3851,480|3851,635|3857,447|3857,602|3899,495|3899,650|3924,1134|3924,1187|3924,5137|3924,5485|3975,490|3975,645|3977,1134|3977,1187|3977,5137|3977,5485|3979,481|3979,636|3994,486|3994,641|4051,1134|4051,1187|4051,5137|4051,5485|4095,432|4095,587|4107,487|4107,642|4108,479|4108,634|4127,1134|4127,1187|4127,5137|4127,5485|4249,1134|4249,1187|4249,5137|4249,5485|4307,469|4307,624|4395,636|4395,2569|4395,6020|4450,4462|4461,1841|4489,4462|4499,2091|4543,4462|4544,4462|4553,2387|4583,1841|4584,2091|4681,2387|4709,4462|4758,1020|4766,690|4791,370|4791,406|4791,4211|4828,264|4842,628|4863,908|4863,1001|4863,1123|4865,66|4865,252|4865,410|4866,5601|4866,5694|4866,5816|4878,66|4878,252|4878,410|4885,91|4891,908|4891,1001|4891,1123|4904,5601|4904,5694|4904,5816|4907,5745|4908,4732|4908,4825|4908,4947|4913,628|4936,1912|4938,4732|4938,4825|4938,4947|4955,138|4967,5745|4969,892|4969,1568|4969,1813|4972,715|4972,1951|4972,1996|4972,2170|4972,3249|4972,3306|4972,3413|4972,3516|4978,1071|4980,1332|4980,1529|4980,2176|4980,2300|4980,2381|4980,2633|4980,2677|4980,3266|4980,3395|4980,3476|4980,3722|4980,3765|4980,3877|4980,4008|4980,4089|4980,4301|4980,4508|4981,715|4981,1951|4981,1996|4981,2170|4981,3249|4981,3306|4981,3413|4981,3516|4982,1332|4982,1529|4982,2176|4982,2300|4982,2381|4982,2633|4982,2677|4982,3266|4982,3395|4982,3476|4982,3722|4982,3765|4982,3877|4982,4008|4982,4089|4982,4301|4982,4508|4985,1071|4988,892|4988,1568|4988,1813|4992,1834|4995,1056|4995,1155|5003,148|5015,148|5030,10238|5030,10251|5034,16939|5034,16952|5035,148|5037,101|5042,4843|5042,4856|5046,148|5049,16939|5049,16952|5067,4843|5067,4856|5080,6096|5080,6109|5087,148|5088,18465|5088,18478|5089,148|5094,18465|5094,18478|5107,2728|5107,2741|5108,6167|5108,6180|5111,148|5116,10238|5116,10251|5117,6167|5117,6180|5122,148|5132,148|5134,2728|5134,2741|5138,6096|5138,6109|5153,3324|5153,3491|5153,3876|5153,5337|5160,7525|5160,7835|5160,8021|5172,96|5173,96|5207,143|5214,1421|5219,1421|5238,143|5239,96|5245,1092|5246,244|5247,1611|5247,1744|5249,566|5253,1293|5254,2652|5258,3336|5258,3947|5258,3966|5258,4106|5258,4316|5258,4371|5258,4396|5258,4450|5260,244|5261,1574|5262,1917|5262,2043|5262,2775|5262,3141|5263,1421|5265,1772|5266,244|5267,4116|5267,4423|5267,4503|5267,4801|5267,6009|5268,634|5268,2611|5268,2836|5268,3197|5268,4329|5268,5275|5268,5318|5268,5973|5268,6252|5268,7271|5268,8232|5268,8458|5268,9221|5268,9379|5268,9464|5268,9870|5268,10363|5268,10423|5268,11431|5268,11501|5268,11777|5268,11801|5268,12073|5268,12292|5268,12311|5268,12510|5268,12535|5268,13184|5268,13615|5268,13806|5268,14132|5268,14565|5268,15132|5268,15181|5268,15446|5268,15543|5268,15723|5268,15967|5268,16214|5268,16420|5268,16658|5268,16718|5268,17319|5268,17895|5268,18407|5268,18565|5268,18727|5268,18904|5268,19351|5268,20097|5268,20350|5268,20412|5268,21437|5268,21534|5268,21645|5268,21767|5268,21875|5268,22052|5268,23329|5268,23461|5268,24109|5268,24768|5268,25226|5268,25740|5268,25983|5268,26091|5268,26703|5268,26819|5268,27431|5268,27502|5268,28004|5268,28136|5268,28355|5268,28501|5268,28574|5268,28737|5268,28770|5268,29088|5268,30103|5268,31277|5268,31399|5268,31427|5268,32163|5268,32929|5268,33054|5268,33554|5268,33583|5268,33800|5268,34562|5268,34598|5268,35241|5268,35264|5268,35480|5268,35838|5268,36385|5268,36604|5268,37332|5269,708|5270,566|5272,788|5273,963|5274,153|5275,634|5275,2611|5275,2836|5275,3197|5275,4329|5275,5275|5275,5318|5275,5973|5275,6252|5275,7271|5275,8232|5275,8458|5275,9221|5275,9379|5275,9464|5275,9870|5275,10363|5275,10423|5275,11431|5275,11501|5275,11777|5275,11801|5275,12073|5275,12292|5275,12311|5275,12510|5275,12535|5275,13184|5275,13615|5275,13806|5275,14132|5275,14565|5275,15132|5275,15181|5275,15446|5275,15543|5275,15723|5275,15967|5275,16214|5275,16420|5275,16658|5275,16718|5275,17319|5275,17895|5275,18407|5275,18565|5275,18727|5275,18904|5275,19351|5275,20097|5275,20350|5275,20412|5275,21437|5275,21534|5275,21645|5275,21767|5275,21875|5275,22052|5275,23329|5275,23461|5275,24109|5275,24768|5275,25226|5275,25740|5275,25983|5275,26091|5275,26703|5275,26819|5275,27431|5275,27502|5275,28004|5275,28136|5275,28355|5275,28501|5275,28574|5275,28737|5275,28770|5275,29088|5275,30103|5275,31277|5275,31399|5275,31427|5275,32163|5275,32929|5275,33054|5275,33554|5275,33583|5275,33800|5275,34562|5275,34598|5275,35241|5275,35264|5275,35480|5275,35838|5275,36385|5275,36604|5275,37332|5278,1333|5278,1798|5278,3462|5278,3585|5278,3673|5278,4105|5278,4747|5278,6025|5278,6338|5278,7249|5278,7370|5278,7699|5278,10498|5278,10787|5278,10925|5283,106|5284,2781|5285,705|5286,5426|5286,5724|5286,5859|5286,6355|5286,6558|5286,6725|5286,7188|5286,7294|5286,8324|5286,9393|5286,9808|5286,10685|5287,1587|5288,244|5290,3336|5290,3947|5290,3966|5290,4106|5290,4316|5290,4371|5290,4396|5290,4450|5292,2559|5292,3516|5292,3955|5292,4747|5292,4846|5292,6407|5292,6649|5292,6814|5293,1772|5294,244|5295,788|5297,1525|5297,1928|5298,786|5299,5426|5299,5724|5299,5859|5299,6355|5299,6558|5299,6725|5299,7188|5299,7294|5299,8324|5299,9393|5299,9808|5299,10685|5301,2509|5302,1498|5302,3557|5303,1078|5304,2419|5305,1498|5305,3557|5307,1078|5308,2419|5309,1917|5309,2043|5309,2775|5309,3141|5312,1303|5312,3371|5313,786|5314,2001|5315,244|5316,989|5317,2208|5317,2466|5317,2660|5317,3100|5319,1444|5319,1652|5323,1845|5323,1942|5323,3189|5323,4183|5323,4317|5324,1303|5324,3371|5325,989|5326,2652|5328,2559|5328,3516|5328,3955|5328,4747|5328,4846|5328,6407|5328,6649|5328,6814|5329,3533|5331,2208|5331,2466|5331,2660|5331,3100|5332,3533|5333,705|5334,2509|5337,1611|5337,1744|5338,1293|5340,2781|5341,1421|5342,244|5345,1333|5345,1798|5345,3462|5345,3585|5345,3673|5345,4105|5345,4747|5345,6025|5345,6338|5345,7249|5345,7370|5345,7699|5345,10498|5345,10787|5345,10925|5346,1525|5346,1928|5348,2001|5351,10091|5351,10472|5351,10593|5351,12561|5351,12574|5352,4116|5352,4423|5352,4503|5352,4801|5352,6009|5355,1845|5355,1942|5355,3189|5355,4183|5355,4317|5356,963|5357,244|5358,708|5361,1574|5363,1587|5364,10091|5364,10472|5364,10593|5364,12561|5364,12574|5366,1444|5366,1652
youra 5268,4023|5275,4023
yourbeen 5268,31560|5275,31560
yourmail 1633,3587|1986,2943|2321,3587|2416,3460|3535,3460
yourself 4990,2355|4999,2355|5268,1308|5268,7015|5268,18431|5268,26053|5275,1308|5275,7015|5275,18431|5275,26053|5278,4272|5278,4910|5278,5063|5278,6177|5292,2959|5292,5865|5328,2959|5328,5865|5345,4272|5345,4910|5345,5063|5345,6177
yourselfishani 4969,921|4988,921
yoursur 5268,18033|5275,18033
yourthan 5268,1925|5275,1925
yourwer 5268,3840|5275,3840
youserv 5268,28649|5275,28649
youth 5262,772|5292,1839|5309,772|5328,1839
youtu 5044,2291|5100,2291
youtub 4383,639|4388,527|4390,261|4396,599|4398,567|4402,229|4403,862|4408,828|4411,818|4412,971|4413,908|4418,343|4423,491|4430,20|4430,244|4430,279|4431,20|4431,244|4431,279|4437,765|5261,1495|5304,1791|5308,1791|5361,1495
youtubl 4430,356|4431,356
youtyp 5268,23970|5275,23970
yp11 2523,228864|2523,228892|2523,230521|2523,230547|2523,232654|2523,232679|2523,246035|2523,246064|2523,249228|2523,249253|2523,254091|2523,254120|2523,258472|2523,258499|2523,260799|2523,260821|2523,268226|2523,268250|2523,275624|2523,275648|2523,277682|2523,277708|2523,284581|2523,284606|3215,186451|3215,186479|3215,188163|3215,188189|3215,190630|3215,190655|3215,205138|3215,205167|3215,209721|3215,209746|3215,216025|3215,216054|3215,221650|3215,221677|3215,225088|3215,225110|3215,234012|3215,234036|3215,242737|3215,242761|3215,245414|3215,245440|3215,257458|3215,257483
ypel1 2738,849560|2738,849566|2738,850038|2738,850044|2738,850539|2738,850545|2738,851045|2738,851051|3384,999719|3384,999725|3384,1000197|3384,1000203|3384,1000698|3384,1000704|3384,1001205|3384,1001211|3601,1027819|3601,1027825|3601,1028296|3601,1028302|3601,1028797|3601,1028803|3601,1029304|3601,1029310|3671,5937490|3671,5937496|3671,5937908|3671,5937914|3671,5938328|3671,5938334|3671,5938754|3671,5938760
ypel2 3823,286215
ypel3 1352,463020|2318,384755|2523,7540|3384,6147073|3384,6147079|3601,6226291|3601,6226297|3601,6226793|3601,6226799|3671,6418436|3671,6418442|3671,6418855|3671,6418861|3671,6419224|3671,6419230|3671,6419692|3671,6419698|4262,389300
ypel4 1352,604002|1664,88594|1664,205058|1664,205250|1914,88746|1914,226068|1914,226265|2267,62576|2267,233896|2267,234091|2296,95738|2296,210078|2296,210269|2840,133663|2840,247421|2840,247840|3202,161247|3660,164723|3660,249898|3660,250098|3744,254105|3744,254305|3744,254526|4203,119872|4203,245724|4203,246141|4262,567260
ypel5 1352,9280|2532,53456|2678,191000|3129,1843111|3129,1843620|3170,343418|3215,80730|3771,322231|4262,7335
yppkshgxgedpdsrgeoj337itguatulh0iti6k5 2086,28244|2314,28244
yq12 2523,245536|2523,245556|2523,284084|2523,284107|3215,204837|3215,204857|3215,257070|3215,257093
yqgf 2318,554172|3771,499704
yqgfc 2171,77077|3316,51236
yqkb6lwzxjt1hc8rgrgrzuusft4q7ru19occs317zaq9jmzjyjpbdqqa3tlwd8biu351tan3qcq34ccqeebpgpyzpn 2086,23215|2314,23215
yr5waaaaasuvork5cyii 2086,43310|2314,43310
yrdc 1842,43818|2113,65203|2318,209331|2523,51110|2532,82292|2611,110562|2611,110644|2937,66709|2937,66792|3215,6714|3771,138071|4262,390930
ys 1337,2048|1341,1277|1441,572|1555,1422|1596,571|1603,2241|1614,608|1614,3671|1618,2241|1643,850|1808,572|1882,601|1882,2432|2176,2278|2248,2313|2276,572|2455,483|2455,2276|2867,2242|2994,752|3082,753|3150,850|3156,572|3220,608|3220,3671|3250,571|3256,608|3256,3671|3432,571|3443,571|3560,1198|3596,571|3773,1734|3845,2315|3960,1190|4041,1513|4171,755|4246,2276|4306,571
ysc84 2318,495243|3771,430801
ysfbqaaaan3rstlp 2086,390|2314,390
ytaatcci 3710,1767
ytaatynratta 3028,23961|3030,26532|3717,29246|3826,29199
ytcggat 1924,331|1924,341|2832,16667|2832,16677
ytgccaag 3028,32707|3030,34078|3717,7880|3826,5877
ytgwcadi 3028,18961|3030,17075|3717,25846|3826,19075
yth 2318,108288|2611,89455|2937,46198|3771,57158
ythdc1 1352,72639|2386,231015|2386,231022|2386,231029|2386,231407|2738,1499366|2738,1499373|2738,1499812|2738,1499819|2738,1500313|2738,1500320|2840,699034|2937,46292|3129,49503|3129,49961|3215,170054|3384,1722336|3384,1722343|3384,1722782|3384,1722789|3384,1723283|3384,1723290|3601,1324649|3601,1324656|3601,1325096|3601,1325103|3601,1325596|3601,1325603|3660,717677|3671,325139|3671,325146|3671,325503|3671,325510|3671,325920|3671,325927|3671,326337|3671,326344|3671,326701|3671,326708|3671,327068|3671,327075|3744,714307|3771,57252|4203,703613|4262,65979
ythdc2 1352,368746|1842,4335|1842,46313|1842,73305|1842,85563|2015,2745|2113,5484|2113,35109|2113,70488|2113,91888|2118,2960|2171,9823|2171,12956|2171,47941|2171,50747|2318,9996|2318,17604|2318,97528|2318,98213|2318,108387|2318,111169|2523,213779|2611,19250|2611,22648|2611,68693|2611,82943|2611,85860|2611,89556|2937,620|2937,1422|2937,46299|2937,82951|2937,133610|2937,143475|3215,116977|3316,2095|3316,2898|3316,14291|3316,77202|3771,607|3771,1248|3771,12222|3771,14963|3771,57259|3771,202166|3823,315406|4262,343197|4296,128284|4329,203801|4329,203808|4329,203950|4329,203957
ythdf1 2318,108380|2523,123613|2611,89549|2738,5005561|2738,5005568|2738,5006011|2738,5006018|3384,5767516|3384,5767523|3384,5767966|3384,5767973|3601,5827654|3601,5827661|3601,5828104|3601,5828111|3671,1482717|3671,1482724|3671,1483084|3671,1483091
ythdf2 1352,100111|2318,108394|2523,148877|2611,89563|2937,46306|3170,490643|3170,490736|3170,490829|3170,490922|3170,491015|3170,491108|3170,491201|3202,428242|3215,32617|3771,57266|4262,113603
ythdf3 1352,183178|2738,325615|2738,325622|2790,418527|3384,380167|3384,380174|3384,380613|3384,380620|3384,381059|3384,381066|3601,377351|3601,377358|3601,377797|3601,377804|3601,378297|3601,378304|3671,3354461|3671,3354468|3671,3354826|3671,3354833|3671,3355243|3671,3355250|3823,124078|3823,653206|4262,229871|4329,204094|4329,204101|4329,204243|4329,204250
ytkgatahagtattctwggtnggca 3028,17045|3030,13364|3717,33763|3826,34571
yu 1337,7989|1341,7218|1434,6214|1441,6681|1555,7363|1572,6178|1596,6436|1603,8182|1614,17040|1618,8182|1643,6791|1698,6320|1767,345|1808,6721|1882,8373|1888,6316|2176,8219|2248,8254|2276,6721|2455,8048|2867,8183|2994,6693|3082,6695|3150,6791|3156,6514|3220,17040|3245,6125|3250,6436|3256,17040|3432,6596|3443,6719|3560,7139|3596,6720|3697,6087|3718,6214|3773,7675|3845,8256|3960,7131|4041,7454|4171,6697|4246,8217|4306,6764|4372,1250|4372,1513|4372,14867|4399,1079|4407,688|4407,1007|4556,7257|4597,92499|4599,7257|4690,7373|4733,92499|4781,7716|4798,10435|4801,1846|4822,1846|5176,3825|5177,3825|5180,5703|5216,5703
yuan 4523,3784|4546,3670|4554,3670|4594,75413|4610,75413
yuanfeng 1327,760|1358,792|1404,760|1431,1024|1442,792|1597,578|1597,766|1760,621|1760,850|1768,876|1860,822|1885,1013|1946,936|1958,1019|1978,787|2012,1062|2046,743|2078,879|2082,1062|2111,622|2111,852|2249,793|2255,793|2272,793|2312,880|2313,876|2316,787|2449,1046|2519,621|2519,809|2549,1015|2688,1046|2715,787|2717,760|2802,578|2802,766|2858,879|2923,1081|3072,912|3188,760|3307,792|3360,793|3462,743|3630,291|3630,523|3633,878|3780,793|3812,787|3902,624|3902,854|4019,760|4062,743|4066,1081|4188,622|4188,851|4194,793|4207,822|4279,578|4279,766|4293,623|4293,852|5175,1602|5187,1688|5201,1602|5227,1688
yuanyuan 5096,2472
yuanyuannsf 5096,1739
yuassist 4573,7204|4597,7179|4636,7204|4668,7301|4702,7301|4733,7179
yue 4399,936|4594,43211|4601,6723|4610,43211|4626,6837|4675,6723
yueassit 4493,9503|4506,9503|4587,9617|4594,55196|4610,55196
yuefan 4769,583
yuet 4346,3211|4371,3211
yufeitao 4372,15776
yuill 4772,7663|4801,18223|4822,18223|5217,847|5218,847
yukio 5104,6071|5121,6071
yuko 5096,38867|5096,39275|5104,6472|5121,6472
yunheung 5021,3701|5021,4231|5048,1199|5048,2143|5048,19925|5048,20332|5048,38735|5048,39275|5074,3625|5074,7893|5074,46112
yunheungadapt 5048,1696
yunheungautomat 5074,3170|5074,45576
yunheungcompil 5048,679
yunheungsoftwar 5074,7348
yuqe 5107,2551|5134,2551
yuran 4379,2149
yutian 4441,5945|4444,5830|4449,5830|4597,49141|4733,49141
yuvraj 5096,1486|5096,2202|5096,8501|5096,35876|5096,36430
yuvrajmodel 5096,8010
ywhab 1352,253437|1459,1407561|1459,1408016|1459,1408475|1459,1409025|2678,29559|2738,1142654|2738,1142660|2790,418697|2790,418868|3129,1786458|3129,1786913|3129,1787372|3129,1787922|3384,1326555|3384,1326561|3601,1370550|3601,1370556|3671,1932865|3671,1932871|4262,268924
ywhae 1352,27716|1397,5824|1397,6844|1397,38438|1397,39663|1397,40705|1397,41499|1397,44646|1397,45871|1397,79615|1397,80505|1397,85868|1397,86607|1397,236478|1397,237725|1399,4961|1399,5758|1399,14224|1399,15265|1399,18155|1399,19215|1399,61935|1399,62470|1399,75998|1399,76509|1399,109935|1399,110464|1399,153104|1399,154079|1459,1462686|1459,1463201|1459,1463691|1459,1464318|1459,1464825|1459,1465452|1459,1465909|1551,2675|1551,4793|1551,42226|1551,44880|1551,51712|1551,55940|1567,3512|2171,23879|2318,22253|2361,512|2361,1142|2361,3738|2361,5663|2361,6140|2361,10190|2361,11719|2361,13022|2361,13612|2361,19501|2361,19868|2361,20240|2361,20929|2361,23877|2361,27833|2361,35910|2361,46953|2523,32206|2611,37060|2611,37364|2738,2103357|2738,2103363|2738,2103856|2738,2103862|2738,2104338|2738,2104344|2800,5817|2800,9576|2800,12884|2800,34858|2800,39377|2800,66783|2800,68502|2800,72512|2800,73360|2800,74122|2800,79427|2800,83479|2800,95599|2800,99512|2800,100152|2800,109835|2800,110973|2800,116005|2800,122022|2800,133073|2800,133634|2800,139711|2800,164135|2800,174128|2800,175266|2800,178963|2800,184446|2800,185283|2800,186790|2800,216575|2800,222788|2800,223710|2800,233434|2800,270437|2800,277350|2800,278876|2800,295136|2800,301226|2800,313627|2800,331419|2800,512721|2937,28614|2937,28758|3113,7160|3113,11505|3113,15317|3113,53337|3113,57392|3113,62034|3113,99954|3113,105160|3113,109504|3113,119842|3113,133740|3113,136101|3113,137030|3113,151411|3113,157087|3113,164715|3113,165656|3113,166310|3113,189249|3113,191254|3113,192703|3113,204797|3113,206915|3113,220430|3113,228641|3113,229629|3113,230261|3113,243249|3113,246455|3113,247054|3113,260048|3113,288367|3113,310069|3113,311505|3113,328067|3113,330281|3113,339021|3113,348103|3113,436748|3113,445376|3113,644961|3129,1873879|3129,1874394|3129,1874884|3129,1875457|3129,1875964|3129,1876591|3129,1877048|3215,90510|3316,18169|3384,2430093|3384,2430099|3384,2430592|3384,2430598|3384,2431074|3384,2431080|3571,621|3571,1779|3571,33630|3571,61363|3571,65043|3571,68575|3601,2474901|3601,2474907|3601,2475400|3601,2475406|3601,2475882|3601,2475888|3671,5452609|3671,5452615|3671,5453027|3671,5453033|3671,5453450|3671,5453456|3729,3706|3771,16047|4156,862|4156,1950|4156,2491|4156,2943|4156,4527|4156,8049|4156,10198|4156,10454|4156,13741|4156,14393|4156,16211|4156,16686|4156,18967|4156,20472|4156,21223|4156,21573|4156,37026|4262,26645
ywhag 1352,58488|1397,6010|1397,7030|1397,38648|1397,39873|1397,40881|1397,41675|1397,44879|1397,46104|1397,79787|1397,80677|1397,236664|1397,237911|1399,5115|1399,5912|1399,14365|1399,15406|1399,18364|1399,19424|1399,62036|1399,62571|1399,110068|1399,110597|1399,153262|1399,154237|1551,2861|1551,4948|1551,18480|1551,45017|1551,51825|1551,55964|1567,3524|1735,15436|2171,23891|2318,22269|2361,531|2361,1207|2361,3849|2361,5696|2361,11732|2361,13050|2361,19514|2361,19880|2361,20946|2361,23983|2361,27849|2523,42232|2611,37072|2611,37376|2738,997823|2738,997829|2800,6506|2800,10170|2800,13855|2800,35558|2800,39578|2800,68651|2800,72626|2800,73511|2800,74336|2800,80360|2800,83687|2800,95769|2800,99669|2800,100309|2800,109961|2800,111099|2800,116278|2800,122207|2800,133189|2800,133750|2800,164320|2800,174263|2800,175855|2800,184535|2800,185465|2800,186814|2800,222794|2800,223878|2800,233458|2800,270449|2800,278893|2800,513640|2937,28626|2937,28770|3037,53130|3113,7929|3113,12163|3113,15885|3113,54131|3113,57639|3113,62688|3113,105287|3113,109637|3113,120396|3113,134511|3113,136230|3113,137154|3113,151973|3113,157233|3113,164840|3113,165789|3113,166443|3113,191453|3113,192737|3113,204803|3113,207501|3113,228798|3113,229773|3113,230405|3113,246570|3113,247169|3113,288480|3113,311650|3113,328228|3113,339045|3113,348115|3113,645684|3215,75051|3316,18181|3384,1154649|3384,1154655|3571,738|3571,1986|3571,9626|3571,61496|3571,65166|3571,68753|3601,967792|3601,967798|3671,5119040|3671,5119046|3729,3718|3771,16059|3823,176609|4156,875|4156,2099|4156,2949|4156,4533|4156,8070|4156,10215|4156,10467|4156,14421|4156,16227|4156,21235|4156,21579|4262,63379
ywhah 1397,6266|1397,7286|1397,39000|1397,40225|1397,40999|1397,41793|1397,45203|1397,46428|1397,79997|1397,80887|1397,237005|1397,238252|1399,5300|1399,6097|1399,14696|1399,15737|1399,18638|1399,19698|1399,62103|1399,62638|1399,110105|1399,110634|1399,153511|1399,154486|1551,3173|1551,5017|1551,42285|1551,45057|1551,51861|1551,56043|1567,3518|2171,23885|2234,204932|2318,22259|2361,579|2361,1426|2361,3908|2361,5775|2361,11767|2361,13126|2361,19572|2361,19921|2361,20935|2361,24035|2361,27839|2361,31708|2523,208161|2611,37066|2611,37370|2738,4332424|2738,4332430|2738,4332869|2738,4332875|2800,4699|2800,10486|2800,39974|2800,80762|2800,83779|2800,116688|2800,122574|2800,133252|2800,133813|2800,164721|2800,174334|2800,176149|2800,184788|2800,185558|2800,186796|2800,222827|2800,223941|2800,233522|2800,270443|2800,278882|2800,514103|2937,28620|2937,28764|3113,5815|3113,12531|3113,58053|3113,62946|3113,105669|3113,110019|3113,120773|3113,134982|3113,152181|3113,165863|3113,166517|3113,191528|3113,192715|3113,204872|3113,207724|3113,288530|3113,311704|3113,328326|3113,339035|3113,348109|3113,643791|3215,177078|3316,18175|3384,4980693|3384,4980699|3384,4981139|3384,4981145|3571,960|3571,2408|3571,33789|3571,61579|3571,65244|3571,68821|3601,5044439|3601,5044445|3601,5044885|3601,5044891|3671,4478134|3671,4478140|3671,4478498|3671,4478504|3729,3712|3771,16053|4156,927|4156,2141|4156,3028|4156,4575|4156,8131|4156,10204|4156,10517|4156,14471|4156,16221|4156,21229|4156,21662|4156,28034
ywhaq 1352,69266|1397,5974|1397,6994|1397,38614|1397,39839|1397,40837|1397,41631|1397,44851|1397,46076|1397,79749|1397,80639|1397,92959|1397,93382|1397,107846|1397,236635|1397,237882|1399,5075|1399,5872|1399,14336|1399,15377|1399,18319|1399,19379|1399,56230|1399,62005|1399,62540|1399,84338|1399,84649|1399,110050|1399,110579|1399,153251|1399,154226|1459,1317397|1459,1317904|1551,2832|1551,4908|1551,26799|1551,34937|1551,42207|1551,45002|1551,51807|1551,55918|1567,3500|1664,376252|1664,376446|1914,396076|1914,396272|2171,23867|2234,136078|2267,400837|2267,401034|2296,377216|2296,377412|2318,22241|2361,494|2361,1195|2361,3831|2361,5652|2361,11697|2361,12998|2361,19483|2361,19856|2361,20897|2361,23960|2361,27821|2523,179549|2532,23558|2532,23631|2611,37048|2611,37352|2738,485700|2738,485706|2738,486198|2738,486204|2738,486642|2738,486648|2790,419039|2790,419209|2800,5370|2800,11005|2800,39517|2800,80321|2800,83615|2800,116231|2800,122176|2800,133172|2800,133733|2800,164282|2800,174212|2800,175824|2800,184525|2800,185438|2800,186772|2800,222770|2800,223831|2800,233428|2800,270425|2800,278864|2800,515160|2840,119395|2937,28602|2937,28746|3113,6582|3113,13132|3113,57592|3113,63577|3113,105277|3113,109627|3113,120366|3113,134480|3113,151936|3113,165766|3113,166420|3113,191398|3113,192685|3113,204784|3113,207464|3113,288457|3113,311606|3113,328197|3113,339002|3113,348084|3113,644519|3129,1673035|3129,1673542|3215,150299|3316,18157|3384,578570|3384,578576|3384,579069|3384,579075|3384,579514|3384,579520|3571,702|3571,1957|3571,23801|3571,33704|3571,35396|3571,61479|3571,65129|3571,68723|3601,596985|3601,596991|3601,597484|3601,597490|3601,597929|3601,597935|3660,400241|3671,160499|3671,160505|3671,160915|3671,160921|3671,161277|3671,161283|3729,3694|3744,402486|3771,16035|3823,342192|4156,851|4156,2078|4156,2918|4156,4516|4156,8038|4156,10182|4156,10441|4156,14375|4156,16185|4156,21211|4156,21563|4203,394347|4262,86554|4329,204390|4329,204396
ywhaz 1397,6253|1397,7273|1397,38975|1397,40200|1397,40968|1397,41762|1397,45192|1397,46417|1397,79986|1397,80876|1397,93027|1397,93450|1397,107925|1397,236986|1397,238233|1399,5287|1399,6084|1399,14685|1399,15726|1399,18627|1399,19687|1399,56305|1399,62091|1399,62626|1399,84387|1399,84698|1399,110099|1399,110628|1399,153499|1399,154474|1459,545533|1459,546246|1459,546761|1459,547342|1459,547875|1459,548380|1551,3158|1551,5005|1551,18567|1551,21151|1551,26850|1551,34986|1551,42275|1551,45044|1551,51846|1551,56012|1567,3506|2171,23873|2234,233083|2318,22247|2361,550|2361,1409|2361,3876|2361,5757|2361,11761|2361,13111|2361,13661|2361,19552|2361,19915|2361,20917|2361,24016|2361,27827|2523,61995|2532,39278|2611,37054|2611,37358|2738,2212078|2738,2212084|2738,2212610|2738,2212616|2790,419382|2790,419559|2800,7279|2800,10874|2800,39962|2800,80007|2800,83750|2800,95078|2800,116659|2800,122561|2800,133246|2800,133807|2800,162978|2800,164708|2800,174312|2800,175634|2800,184770|2800,185534|2800,186778|2800,222821|2800,223925|2800,233510|2800,247541|2800,250433|2800,252730|2800,253525|2800,270431|2800,278870|2800,306161|2800,334222|2800,338701|2800,372382|2800,379438|2800,438370|2800,492882|2800,505470|2800,514863|2937,28608|2937,28752|3113,8807|3113,12967|3113,58047|3113,63374|3113,95418|3113,105657|3113,110007|3113,120188|3113,134222|3113,149919|3113,151780|3113,165852|3113,166506|3113,177748|3113,191516|3113,192691|3113,204839|3113,205994|3113,207308|3113,288517|3113,311692|3113,323662|3113,328304|3113,334408|3113,339008|3113,348090|3113,349909|3113,379348|3113,463164|3113,524449|3113,532309|3113,541371|3113,615728|3113,617614|3113,646534|3129,720521|3129,721288|3129,721869|3129,722384|3129,722917|3129,723422|3215,25114|3316,18163|3384,2551063|3384,2551069|3384,2551595|3384,2551601|3571,954|3571,2374|3571,9700|3571,23868|3571,33783|3571,35464|3571,36524|3571,61566|3571,65225|3571,68796|3601,2597474|3601,2597480|3601,2598006|3601,2598012|3671,3907079|3671,3907085|3671,3907551|3671,3907557|3729,3700|3771,16041|4156,898|4156,2129|4156,3006|4156,4562|4156,8125|4156,10192|4156,10502|4156,14460|4156,16199|4156,16665|4156,21217|4156,21650|4262,149898|4329,204539|4329,204545
ywhazp2 2234,410809|3823,19115
ywhazp3 3823,1728
ywhazp4 3823,47954
ywhazp5 3823,9203
ywhazp6 3823,196089
ywiuz2i0ybj 2086,64155|2314,64155
yxiaugidtd9pg 2086,36542|2314,36542
yxta70ec51o 2086,322|2314,322
yy 2318,464007|3771,387780
yy1 2113,9020|2171,5006|2318,4073|2361,2708|2361,3895|2361,4440|2361,5011|2361,40392|2361,47535|2523,63320|2611,2988|2611,7530|2738,715348|2738,715352|2738,715839|2738,715843|3028,1228|3030,834|3113,59658|3113,138246|3113,185903|3113,241718|3384,5515178|3384,5515182|3384,5515670|3384,5515674|3571,12431|3571,16936|3601,4326795|3601,4326799|3601,4327285|3601,4327289|3671,2756629|3671,2756633|3671,2757037|3671,2757041|3717,2770|3778,920|3823,369574|3826,7935|4234,1872
yy1ap1 3170,321518|3170,321617|3215,10076
yy1sc281v0416101 1357,822|1504,816|1509,814|1513,834|1544,828|1564,816|1661,814|1716,818|1728,832|1744,816|1753,816|1755,818|1766,816|1923,820|1947,814|2097,826|2105,814|2132,820|2184,818|2200,822|2227,820|2235,836|2236,814|2298,816|2326,820|2336,822|2362,814|2414,822|2531,836|2606,814|2609,820|2669,814|2722,822|2741,816|2912,818|2926,816|2953,814|2963,816|3010,816|3032,820|3061,814|3123,824|3217,822|3308,816|3470,814|3573,816|3693,830|3790,814|3874,844|3891,832|3923,816|4112,814|4128,834|4133,816|4182,816|4280,816|4338,818
yy2 1663,1192|2077,1074|2134,1637|2275,796|2631,1148|2678,126113|2933,1449|3740,1195|3748,1764|3778,662|4234,799
yzzboookcphxfeeklucxcylbkdyxmvd1l 2086,13199|2314,13199
