0
118
206
236
266
1420
1459
1495
1523
1558
1596
1648
1699
1729
1843
1859
2018
2045
2067
2093
2220
2245
2303
2319
2345
2403
2925
2951
4955
5135
5173
5191
5477
5526
5575
5748
5767
5787
5818
6054
6162
6365
6382
6411
6435
6619
6682
6756
6811
6971
7116
7139
7157
7191
7221
7317
7353
7412
7427
7948
8013
8082
8205
8266
8283
8345
8374
8523
8595
8648
8681
8708
9054
9121
9578
10186
10360
11672
11788
13093
13334
13722
13851
14136
14173
14214
14337
14362
14391
14407
14426
14813
15242
15440
15695
15761
15819
15849
15876
16030
16123
16153
16442
16471
16527
16583
16850
16885
16935
17145
17280
17818
17844
17909
17939
17971
18196
18317
18517
18638
20375
20418
20436
20498
20553
20604
20648
20680
20714
20750
20866
20884
20926
20944
20979
21140
21176
21205
21241
21277
21295
21323
21341
21545
21573
21609
21641
21677
21713
21748
21765
21959
22127
22193
22245
22289
22307
22323
22341
22756
22869
22900
22930
22948
22967
23788
23807
23837
24704
24806
24824
26118
26144
26162
26294
26427
26469
26499
26544
26563
26602
26817
26858
26886
27031
27169
27199
27235
27256
28162
28197
28215
28252
28269
28299
28336
28367
28403
28433
28737
28787
28815
28890
29128
29517
29547
29590
30017
30122
30231
30708
30800
30878
31242
31515
31568
31791
31965
31995
32158
32216
32306
32651
32899
33690
33800
34075
34317
34381
34435
35869
35939
36309
36992
37379
37678
38040
39140
39433
40215
40785
41640
41682
42089
42299
42329
42449
42477
42733
42800
42979
43647
43777
43792
43815
43842
44359
44386
44447
44472
44588
44615
44642
44669
44697
44729
44759
44788
44839
46328
46381
46439
46454
46481
46500
46568
46635
46701
46717
46745
46898
46923
46949
47008
47136
47168
47207
47246
47284
47319
47356
47393
47471
48918
48945
48976
49062
49093
49150
49184
49239
49270
49341
49394
49588
49621
49653
49703
49737
50103
54412
54516
55537
55656
62575
62592
62637
62680
62716
62765
62824
62849
62889
62916
62944
62973
63001
63033
63066
63118
63231
63256
63280
63303
63318
63388
63411
63435
63452
63527
63543
63575
63699
63930
64007
64045
64069
64270
64300
65121
65147
65174
65192
65234
65267
65288
65460
65676
65786
65807
65910
65979
66000
66123
66179
66281
66357
66378
66399
66455
66488
66520
66586
66628
66741
66772
66816
66860
66881
66972
66993
67014
67113
67134
67177
67232
67253
67298
67319
67362
67383
67429
67459
67526
67559
67604
67703
67724
67757
67836
67869
67890
67911
67932
67989
68045
68148
68229
68283
68327
68360
68404
68425
68511
68682
68881
68925
69719
70004
70039
70456
70485
70504
70771
71019
71231
71426
71732
71963
72711
74194
74269
74531
75133
75388
76331
77074
77549
77718
77892
77955
78115
79574
80527
81665
81799
81909
81988
82201
82254
82849
83295
83496
83743
84288
84471
84648
84707
84736
84808
84863
88809
88829
88849
88887
88908
88929
88961
88993
89014
89035
89055
89070
89290
89324
89819
90490
90517
90582
90660
90698
90735
90773
90811
90844
90879
91840
91899
91939
92207
92680
92713
92788
92822
92846
92898
92944
92971
92999
93035
93070
93105
93140
93176
93211
93246
93282
93318
93353
93372
93406
93442
93477
93512
93546
93646
93674
93693
93713
93747
93828
93895
93922
93956
93973
94030
94067
94102
94534
94694
94966
95036
95156
96399
96432
96482
96697
96724
96866
96897
96956
96988
97043
97058
98571
99445
99668
100134
100184
100254
100486
100599
100784
100865
101041
101070
101256
101274
101307
101449
101822
102045
102171
102236
102265
102448
102489
103013
103144
103468
104067
104122
104141
104159
104292
104321
104465
104682
104837
104856
105019
105286
105472
105490
106027
106216
106563
106743
106986
107005
107123
107368
107410
107519
107650
107703
107722
107774
108335
108363
108729
108849
108867
108891
108908
108926
108944
108974
109015
109116
109145
109162
109239
109312
109330
109347
109378
109408
109427
109457
109476
109495
109513
109531
109571
109589
109619
109744
109786
109935
110228
110328
110348
110393
110407
111123
111691
111709
111738
112022
112388
112482
112646
112679
112778
112794
112860
112929
113258
115147
115176
115203
116205
116221
121288
121361
121395
131600
131715
131831
131894
131957
132020
132083
132146
132209
132272
132335
132398
132461
132577
132640
132703
132772
132841
132910
132979
133048
133117
133186
133255
133377
133446
133515
133584
133653
133722
133791
133860
133929
133998
134067
134189
134258
134327
134396
134465
134534
134603
134672
134741
134810
134879
135001
135070
135139
135208
135277
135346
135415
135484
135553
135622
135691
135813
135882
135951
135990
136029
136068
136107
136146
136185
136224
136263
136385
136424
136463
136502
136541
136580
136619
136658
136697
136736
136775
136897
136936
136975
137014
137053
137092
137131
137170
137209
137248
137287
137409
137448
137487
137526
137565
137604
137643
137682
137721
137760
137799
137921
137960
137999
138038
138077
138116
138237
138359
138481
138603
138727
138855
138983
139111
139239
139367
139495
139622
139750
139878
140006
140134
140262
140390
140518
140646
140774
140902
141029
141157
141285
141413
141541
141669
141797
141925
142053
142181
142309
142436
142564
142692
142820
142948
143076
143204
143332
143460
143558
143656
143783
143881
143979
144077
144175
144273
144371
144469
144567
144665
144763
144890
144988
145086
145184
145282
145380
145478
145576
145644
145712
145780
145907
145975
146043
146111
146179
146247
146315
146383
146451
146519
146587
146714
146782
146850
146918
146989
147060
147131
147202
147273
147344
147415
147603
147645
148040
148065
155441
155473
155504
155536
155568
155598
155630
155662
155694
155725
155757
155789
155820
155852
155883
155915
155945
155977
156007
156039
156069
156101
156132
156163
156194
156226
156257
156287
156318
156350
156382
156414
156445
156477
156509
156541
156571
156603
156635
156667
156698
156730
156761
156793
156825
156857
156887
156919
156951
156983
157015
157047
157079
157111
157141
157173
157205
157237
157269
157301
157333
157365
157397
157429
157460
157490
157522
157554
157585
157616
157647
157678
157710
157742
157773
157805
157837
157869
157901
157931
157963
157995
158026
158058
158090
158122
158154
158184
158216
158247
158279
158309
158341
158371
158399
158428
158458
158488
158518
158548
158578
158606
158636
158667
158699
158729
158759
158790
158821
158853
158883
158915
158945
158977
159009
159041
159073
159105
159137
159169
159201
159233
159261
159291
159321
159350
159381
159412
159443
159471
159501
159531
159563
159594
159624
159656
159686
159718
159749
159781
159813
159844
159876
159906
159938
159969
160001
160033
160065
160096
160128
160160
160192
160223
160255
160287
160319
160351
160383
160415
160447
160478
160509
160541
160573
160605
160637
160669
160701
160733
160763
160794
160826
160858
160889
160921
160953
160985
161015
161047
161079
161111
161143
161175
161207
161239
161271
161303
161335
161365
161397
161429
161459
161491
161523
161554
161586
161617
161649
161680
161712
161744
161776
161806
161838
161870
161902
161934
161965
161997
162029
162061
162093
162125
162157
162189
162221
162253
162285
162317
162347
162378
162408
162440
162471
162503
162535
162567
162598
162628
162659
162690
162720
162752
162784
162814
162846
162878
162910
162942
162973
163005
163037
163069
163101
163133
163165
163195
163226
163256
163288
163318
163350
163381
163413
163444
163474
163504
163535
163566
163597
163628
163660
163692
163723
163753
163783
163814
163844
163874
163905
163937
163969
164001
164033
164065
164097
164129
164161
164193
164225
164257
256884
256915
349584
349615
442295
442326
535019
535051
535083
535117
535151
535187
535499
536406
536455
536481
540903
540948
541177
541206
541238
541264
541331
541359
541383
542058
542132
542160
542343
542369
542544
542566
542599
542621
542643
542665
542696
542725
542751
542886
542943
542975
543007
543074
543182
543412
543486
544562
544588
544686
545144
545212
545251
545390
545439
545492
545564
546318
547162
547593
548198
548666
548696
549616
549691
549792
549864
553120
553187
553220
553248
553287
553333
553771
553885
553990
554252
554294
554608
554678
554739
554992
555023
555814
555837
555862
555890
555914
555945
555979
556013
556121
556177
556256
556320
556380
556439
556577
557078
557546
557624
557654
557671
557737
557757
557789
557807
558072
558092
558113
558134
558155
558243
558274
558306
558325
558420
558438
558491
558509
558527
558581
558802
558889
558933
558952
558972
558992
559022
559053
559672
559860
559891
559908
559958
560064
560087
560162
561084
561113
561168
561343
561453
562977
564039
564066
564094
564122
564157
564187
564371
564830
564879
564935
567069
567140
567176
568069
568093
568122
568148
568182
568216
568250
568285
568320
568354
568388
568423
568458
568492
568527
568561
568595
568630
568664
568698
568731
568765
568798
569526
569552
569579
569606
569633
569660
569687
569714
569741
569767
569793
569819
569845
569871
569897
569923
569949
570062
570091
570131
570179
570236
570261
570853
570907
571131
571317
571541
