0
118
170
248
300
315
388
426
634
678
715
751
813
849
934
961
1038
1119
1256
1381
1407
1454
1492
1530
1555
1665
1689
1715
1741
1769
1812
1842
1904
1937
1967
1999
2033
2099
2161
4268
4389
4512
4560
4676
4702
4728
4754
4812
4970
5025
5058
5129
5169
5211
5255
5304
5358
5394
5432
5457
5481
5556
7643
7763
7885
7963
7988
8182
8242
8267
8337
8375
8402
8451
8478
8521
8548
8606
8672
9076
9119
9143
9181
9245
9283
9342
9434
9459
9502
9530
9561
9613
9645
9684
9743
9781
9809
10324
10435
10466
10499
10533
10571
10609
10647
10679
10723
10766
10810
10854
10896
10936
10977
11021
12495
12525
12555
12585
12621
12653
12764
12846
12928
12963
13008
13090
13118
13158
13240
13268
13351
13433
13482
13572
13781
13863
14033
14072
14089
14116
14213
14230
14253
14280
14307
14389
14438
14484
14516
14598
14653
14736
14756
14777
14804
15070
15119
15144
15177
15242
15274
15356
15439
15488
15570
15653
15709
17250
17333
17351
17370
17405
17423
17442
17524
17576
17902
17919
17947
18000
18082
18164
18213
18288
18370
18452
18535
18581
18610
18697
18780
18806
18839
18885
18931
19014
19096
19145
19228
19310
19393
19519
19601
19650
19700
19783
19812
19842
19925
19971
20053
20136
20218
20273
20646
20664
20708
20768
20850
20923
21006
21088
21126
21149
21172
21194
21227
21309
21391
21473
21494
21521
21574
21656
21684
21735
21757
21839
21921
21971
22054
22137
22155
22238
22320
22402
22485
22567
22627
22709
22741
22823
22905
23104
23155
23181
23207
23322
23423
23472
23500
23813
23843
23869
24444
24544
24561
24615
25026
25633
25970
26492
26579
26623
26684
26706
26787
26815
26845
26885
26913
26996
27185
27267
27574
27601
27624
27670
27691
27773
27999
28026
28046
28076
28131
29747
29768
29827
29870
29894
29927
29954
30035
30256
30309
30518
30999
31065
31083
31231
31259
31296
31313
31349
31388
31421
31454
31493
31532
31573
31614
31677
31696
31716
32244
32747
32786
33004
33552
33683
33738
33756
33858
33912
34083
34112
34131
34173
34236
34962
34992
35357
35447
35598
36214
36257
36275
36317
36724
37078
37107
37127
37157
37175
37464
37493
37995
38120
38229
38263
38690
38831
39342
39453
39979
40171
40203
40220
40253
40281
40312
40356
40429
40529
40558
40588
40617
40671
40955
41902
42644
42664
42751
42821
42853
42872
43584
43640
43760
43805
43850
43895
43940
44052
44072
44112
44428
44457
44499
44621
44901
44973
45011
45044
45082
45118
45156
45193
45230
45257
46473
47878
47907
47938
47995
49150
50277
51190
51530
51564
51590
52460
52667
52686
52723
52775
52836
52890
66322
66674
66696
67290
67345
67389
67418
67472
67599
68609
68636
68884
74810
74873
74958
75395
75717
75774
76084
76452
76496
76517
76598
76631
76750
76771
76792
76813
76834
76907
77284
77305
77325
77369
77390
77411
77432
77526
77607
77651
77683
77752
77773
77806
77827
77848
77881
77902
77923
77966
77987
78008
78029
78050
78081
78102
78123
78155
78176
78197
78218
78239
78260
78303
78336
78357
78378
78399
78432
78453
78582
78615
78636
78657
78678
78710
78744
78765
78786
78818
78851
78880
78901
78922
78943
78986
79007
79027
79048
79068
79089
79110
79143
79164
79185
79206
79227
79248
79269
79290
79325
79345
79439
79460
79493
79514
79535
79568
79589
79634
79703
79724
79745
79766
79799
79832
79875
79896
79915
79959
79980
80001
80022
80043
80064
80085
80106
80151
80172
80193
80214
80235
80256
80277
80298
80319
80348
80369
80390
80435
80468
80489
80510
80544
80565
80586
80619
80639
80660
80681
80714
80735
80778
80799
80820
80840
80884
80905
80936
80957
81002
81023
81067
81111
81144
81165
81186
81207
81240
81261
81294
81323
81368
81408
81878
82105
82720
82802
82884
82966
83048
83129
84002
84022
84039
84164
84246
84326
84408
84491
84574
84656
84738
84819
88201
88439
88494
88890
89567
91659
92029
92076
92169
92514
93115
94265
94350
94366
94449
94530
94612
94694
94776
94831
94852
94934
95025
95108
95190
95236
316615
316646
316832
317439
318132
318152
318183
319580
320596
320646
320664
320683
320765
320847
320916
320943
320961
320980
321010
321092
321142
321170
321198
321315
321771
322552
322841
322901
322929
323101
323135
323217
323299
323320
323346
323367
323397
323438
323520
323602
323685
323768
323850
323932
324015
324098
324179
324261
324343
324426
324509
324592
324674
324756
324782
324850
330050
330166
333742
335248
335278
335360
335410
335492
335575
335657
335707
335726
335797
335868
335951
336034
336117
336150
336576
336868
336978
337007
337057
337506
338285
338325
338423
338855
338885
338916
338948
338979
339039
339089
339171
339253
339336
339418
339501
339583
341502
343772
343801
344715
344801
344834
344919
344937
345140
345281
345387
345460
345891
346166
346226
346277
346336
346372
346410
346449
346488
346527
346566
346606
346649
346774
346799
346939
347021
347043
347126
347176
347213
347296
347317
347399
347481
347564
347701
347728
347753
347835
347918
348001
348083
348165
348247
348329
348412
348494
348545
348626
348677
348723
348858
348880
348906
348988
349071
349153
349234
349249
349331
349414
349496
349578
349660
349742
349825
349908
349991
350073
350155
350237
350320
350403
350454
350802
350846
350897
350948
350994
351047
351130
351179
351261
351290
351339
351422
351504
351587
351669
351752
351790
351825
353845
353913
358583
358617
358692
358720
358750
358780
359304
361019
361058
361082
361185
361389
361489
361674
361704
362066
362119
363037
363086
363137
363187
372968
373009
373205
374316
374349
374403
374437
374471
374506
374753
374783
375099
375117
375134
375151
375607
376238
376576
376673
376702
377981
378543
378573
378601
379404
380240
380269
380368
380403
380597
381058
381429
381498
381525
381540
381619
381682
381710
381784
381801
381833
383930
383980
384015
384034
384100
384141
384191
385002
385593
385935
386022
386236
386254
386272
386291
386402
386420
386438
386703
387147
387177
387207
387400
387421
387474
387525
387548
387628
387677
387697
389702
389731
389758
389795
391570
391603
391636
391680
391744
391827
391876
391959
392041
392123
392152
392188
392404
392440
392474
392508
392541
392574
392613
401057
410271
410312
410348
410381
410437
410470
410507
410998
411303
411336
411378
412879
412909
413937
413957
414155
414317
414486
415123
415661
416170
416247
416289
416758
416847
416881
416914
416932
416959
417040
417061
417082
417103
417186
417207
417228
417284
417311
417368
417434
418159
418272
418429
418493
418509
418810
418861
419172
419191
419222
419753
419890
419945
420000
420254
420725
420763
420801
420838
420873
420912
420953
420994
421035
421069
421105
421144
421183
421220
421655
421685
421715
422947
422980
423023
423099
423128
423145
423247
423409
424310
424675
424716
425629
427482
427517
427536
427567
427823
427842
428039
428057
428408
428685
428717
428752
428789
428883
428974
429468
429523
429556
429779
429811
429855
429876
429942
429963
429983
430034
430276
430502
430557
430592
430624
430645
430797
430890
430998
431153
431191
435540
435610
435646
435678
436522
436585
436839
437027
437090
437222
437276
437338
437356
437411
437510
438016
438776
438831
438874
438891
439043
439131
439267
439355
439421
441145
441363
441756
442749
442894
443331
443388
443607
443659
445945
450563
450589
450618
450649
450869
450904
451105
451138
451588
451624
451659
451694
451729
451760
451802
451843
451946
451986
452026
452062
452105
452148
452210
452244
452272
452298
452328
452344
452370
452387
452447
452478
452701
452753
452880
452920
452939
453190
453455
453579
453610
453629
453647
453666
453685
453716
453768
453786
454274
454291
454321
454379
454412
454447
454493
454614
454947
454966
455080
455125
455151
455180
455261
455320
455354
455389
455731
456013
456324
456645
456719
456845
456900
456976
457292
457310
457402
457777
458134
458166
458192
458648
458865
458893
459874
459908
459945
459982
460020
460057
460284
460324
460386
460414
460461
460569
460676
461266
461326
461589
462018
462072
462106
462140
462199
462235
462271
462309
462347
462385
462427
462469
462501
463266
463309
463329
463381
463416
463455
463698
463726
463791
463847
464053
464083
464118
464158
464176
464207
464521
464552
465482
466626
466675
466817
466919
467000
467034
467071
467105
467148
467183
467218
467255
467290
467326
467361
467396
467432
467467
467503
467536
467564
468256
468285
469777
469830
469863
469899
469934
470405
470675
470755
470817
470853
475582
476230
476555
476710
477343
477619
477685
477969
478232
478463
478523
478549
478948
478992
479029
479072
479208
479882
480103
480197
480252
480399
480426
480458
480510
480579
480600
480629
481097
481245
481265
481308
481344
481576
481603
482196
482888
483289
483938
484249
484346
484623
484658
484960
485004
485222
485278
485751
485919
486049
486077
486109
486136
486220
486276
488951
488983
489060
489090
489164
489284
489318
489575
489618
489701
489783
489843
489926
490008
490090
490173
490255
490337
490419
490436
490519
490600
490682
490765
490848
490931
490981
490997
491079
491106
491158
491241
491269
491350
491532
492219
492909
492928
493196
494261
494279
494297
494315
494333
494401
494428
494446
494506
494589
494649
494714
494764
494846
494876
494893
495045
495275
495319
495355
495376
495397
495418
495501
495583
495666
495748
495831
495914
495996
496079
496108
496191
496273
496355
496437
496519
496601
496684
496766
496848
496930
497012
497094
497126
497208
497289
497372
497454
497536
497618
497701
497828
497859
497885
497909
497991
498072
498154
498237
498319
498347
498429
498511
498539
500276
500486
500595
500649
500684
501816
502133
502785
502928
502972
503054
503111
503208
503234
503273
503302
503335
503362
503388
503415
503497
503579
503661
503744
503826
503908
503990
504072
504155
504238
504298
504317
504367
504449
504531
504581
504663
504745
504828
504910
505025
505045
505190
505217
505299
505381
505464
505546
505629
505711
505794
505829
505912
505994
506076
506159
506241
506323
506790
506861
506943
507025
507108
507209
507291
507350
507432
507514
507596
507679
507761
507843
507900
507952
508007
508089
508171
508253
508310
508438
508752
508804
509075
509107
509152
509180
509206
509374
509399
509475
511026
511043
511076
511234
511301
511354
511387
511420
511500
512442
512810
513300
513999
514403
514446
514489
514686
514773
514871
514975
516086
516172
516297
516488
516553
516602
516628
516673
516719
516773
516792
516874
516923
517005
517036
517059
517082
517105
517188
517269
517351
517369
517396
517414
517497
517579
517659
517741
517822
517905
518822
518852
518954
519052
519134
519217
519299
519356
519373
519414
519982
520007
520082
520114
520138
520190
520637
520850
521439
523265
523967
524147
524373
525028
525324
525774
526081
526164
526329
526348
526377
526896
526936
527174
528333
528372
528401
528469
534892
534997
535028
535048
535732
535857
535982
536015
536034
536231
536251
536272
536305
536336
536387
536474
536506
536539
536572
536605
536636
536656
536689
536722
536750
536777
536838
536880
536910
537774
537791
537823
537854
537881
538413
538443
538730
538887
539041
539054
539444
540049
540089
540155
540218
540998
541026
541483
541522
541584
541909
541938
542182
542211
542271
542322
542352
542404
542432
542538
542569
542589
542622
542667
542744
542776
542813
542946
542962
543150
543170
543718
543737
544568
544588
544780
544808
544876
544906
544924
544951
545252
545412
545572
545601
545916
546147
546403
546610
547022
547042
547060
547091
547123
547141
547159
547177
547545
547585
547618
547658
547986
548891
551604
551634
551690
551716
551783
551812
551877
551934
552078
552118
552159
552224
553224
554007
555291
555334
555759
555777
555796
555815
555856
555885
555996
556027
556234
556277
556308
556326
556588
561152
562336
569084
569690
569888
575313
575394
575439
575472
575493
575526
575558
575591
575663
575702
575742
576410
576446
576482
576540
576598
576630
576749
577045
577152
577501
577667
578569
578586
578631
578659
578690
578752
578916
578974
579099
579133
579167
579742
580728
580788
580826
580880
580911
580943
580986
581030
581101
581804
581870
581890
581962
582149
582256
582288
583839
584648
586100
586151
587218
588581
589070
589104
589139
591274
591291
592077
592122
592167
592212
592252
592309
592351
592387
592494
592526
592552
592581
593410
593745
593828
594791
595554
595685
596995
597017
597054
597081
597109
597132
597157
597200
597224
597250
597277
597304
597332
597359
597389
597414
597440
597467
597495
597523
597549
597587
597614
597643
597672
597696
597721
597791
597816
597839
597864
597913
597943
597970
597999
598036
598064
598090
598116
598142
598165
598187
598209
598229
598276
598299
598315
598349
598377
598639
598919
598949
600255
600531
600563
600814
601205
601493
601533
601944
602373
602669
602901
602935
603266
603401
604314
604375
617675
617746
617813
617855
617997
618278
618359
618384
618455
618500
634040
634443
634848
635259
635274
635313
635328
635377
635413
635447
635474
635508
635547
635623
635667
635702
635742
636010
636093
636124
636326
637772
637872
638153
638218
638240
638275
638305
638383
842600
849024
852663
857254
857572
858216
858630
950833
950861
951673
953367
1035040
1035076
1035104
1035698
1035893
1035944
1036171
1036197
1036597
1037673
1037753
1037813
1037902
1040728
1040761
1040791
1040862
1041186
1041402
1041437
1041538
1042693
1042722
1042775
1042800
1042820
1042839
1042859
1042877
1042920
1043151
1043220
1044840
1044856
1044885
1044931
1044971
1045031
1045066
1045101
1045143
1045225
1045284
1045326
1045358
1045394
1046096
1046131
1046165
1046198
1046263
1046308
1046345
1046539
1046581
1046609
1046642
1046944
1047277
1047425
1047458
1047622
1047654
1056002
1056096
1056195
1056426
1056454
1056486
1057483
1060214
1060865
1060931
1061433
1061461
1061491
1064684
1064743
1065202
1065233
1065266
1065281
1065737
1065838
1066229
1066256
1067500
1071399
1071469
1071498
1071517
1071543
1071571
1071600
1071784
1072297
1072320
1072347
1072394
1072421
1072512
1072661
1072841
1073017
1073083
1073111
1073127
1073717
1074115
1074188
1074202
1074793
1074810
1074861
1075031
1075518
1075543
1075597
1075678
1075711
1075791
1075837
1076189
1076304
1077110
1077343
1077577
1077607
1077689
1077731
1077755
1077784
1077921
1077976
1078029
1078063
1078101
1078163
1078200
1078237
1078280
1078359
1078468
1078499
1078800
1078836
1078872
1079567
1079600
1079637
1079670
1079798
1079829
1079863
1079896
1079930
1079988
1080024
1080062
1080098
1080134
1080168
1080206
1080238
1082093
1082124
1082866
1082932
1082996
1083026
1083046
1083179
1083211
1083226
1083356
1083502
1083577
1083607
1083640
1083680
1083732
1084239
1084297
1086405
1086481
1086545
1086759
1087102
1088214
1088246
1090474
1090507
1090559
1090660
1090691
1091136
1091166
1091216
1091247
1091306
1091340
1091376
1091411
1091530
1091563
1091615
1091647
1091774
1091838
1091866
1092117
1092191
1092216
1092302
1092329
1092380
1092557
1092588
1092622
1092698
1092730
1092767
1093219
1093234
1093262
1093864
1093979
1116957
1116983
1117020
1117130
1117185
1117290
1117479
1118573
1133357
1496987
1497059
1497128
1497185
1498368
1498435
1498513
1500555
1501002
1501064
1501118
1501500
1501562
1502870
1503537
1504616
1505831
1506064
1506322
1506456
1506475
1508062
1508458
1508494
1510241
1511465
1511496
1511532
1511678
1511718
1511758
1511794
1511846
1511873
1511933
1511966
1512000
1512026
1512056
1512433
1512464
1512500
1512520
1512821
1512879
1513789
1813404
1813431
1813461
1813507
1813929
1814068
1814305
1814410
1814790
1814836
1814905
1815254
1815510
1815549
1815582
1815704
1815748
1815794
1815822
1815851
1815880
1815909
1815934
1816149
1816284
1816345
1816630
1816690
1816835
1816853
1816871
1816889
1818245
1818264
1819065
1819082
1819109
1819165
1819198
1819235
1819270
1819321
1819570
1819610
1819645
1819681
1819716
1819752
1820005
1820027
1821047
1821090
1821150
1821176
1821209
1824040
1824268
1824425
1824458
1824489
1824523
1824834
1825534
1825684
1825726
1825768
1825803
1825838
1825873
1825908
1825980
1826015
1826140
1826165
1826189
1826287
1826496
1828050
1829244
1829274
1829304
1829342
1829376
1829406
1829438
1829469
1829834
1829874
1830845
1831004
1831031
1831084
1831675
1832247
1832612
1832720
1833151
1833310
1833726
1834332
1834700
1835591
1836377
1836584
1837061
1837291
1837781
1837894
1837914
1837935
1837990
1838022
1838377
1838525
1838815
1838858
1838878
1838900
1838923
1839009
1839029
1839141
1839174
1839194
1839215
1839238
1839259
1839564
1839674
1839774
1839963
1839982
1840060
1840250
1840282
1840589
1840709
1841067
1841145
1841177
1841446
1841466
1841529
1841767
1841988
1842315
1842755
1842774
1842991
1843133
1843186
1844052
1844214
1844406
1844451
1844628
1844655
1845175
1845240
1845317
1845349
1845381
1845414
1845445
1845477
1845510
1845545
1845577
1845609
1845645
1845680
1845705
1845787
1845812
1847442
1847483
1847516
1847547
1847578
1847600
1847624
1848651
1848678
1849134
1850869
1850932
1850964
1851038
1851089
1851257
1851274
1851315
1851332
1851463
1851490
1852288
1852434
1852468
1852502
1852571
1852947
1853071
1853242
1853297
1854268
1854296
1854974
1855349
1855370
1855802
1855823
1855851
1855885
1855921
1855936
1855965
1856016
1856041
1856065
1856081
1857577
1857681
1857711
1857743
1857844
1857875
1858000
1858026
1858091
1858150
1858185
1858214
1858246
1858305
1858355
1858451
1858488
1858592
1858622
1858683
1858782
1858905
1858936
1859111
1859241
1859300
1859336
1859486
1859521
1859809
1859864
1859925
1859960
1859994
1860236
1860268
1860297
1860356
1860412
1860525
1860765
1860798
1860864
1860887
1860915
1860945
1860984
1861012
1861301
1861344
1861363
1861422
1861441
1861512
1861573
1861600
1861626
1861718
1862113
1862987
1863065
1863266
1863425
1863807
1864246
1864354
1864391
1864513
1864625
1864859
1864889
1865280
1865297
1865325
1865951
1866022
1866075
1866106
1866150
1866167
1866184
1866200
1866433
1866463
1866511
1866536
1867212
1867256
1867298
1867319
1867340
1867384
1867405
1867449
1867482
1867539
1867582
1867615
1867848
1868284
1869700
1870535
1871412
1871431
1872393
1872411
1872467
1872948
1873210
1873370
1875382
1875778
1875870
1875905
1877437
1877472
1877508
1878804
1880229
1880263
1880638
1880669
1881077
1881360
1881609
1881639
1882059
1882190
1882238
1882456
1882613
1882652
1883803
1883913
1883931
1883984
1884098
1884135
1884175
1884216
1884257
1884297
1884403
1884435
1887781
1888627
1888654
1888670
1888686
1888731
1888793
1888851
1888929
1889657
1889914
1890261
1890293
1890507
1890708
1893959
1893990
1894107
1894140
1894172
1894204
1894237
1894335
1894366
1894777
1894808
1894878
1894956
1895702
1895831
1895862
1895892
1895921
1895950
1895979
1896030
1897359
1897881
1898047
1898671
1898690
1899377
1900014
1900190
1900224
1900248
1900276
1900435
1900464
1900493
1901671
1901735
1901828
1902272
1902302
1902612
1902630
1902648
1902682
1902714
1902746
1902803
1902885
1902942
1903035
1903068
1903086
1903115
1903145
1903165
1903197
1903239
1903400
1903434
1903451
1903480
1903498
1903517
1903537
1903557
1903599
1903629
1903695
1903735
1903753
1903783
1903838
1903872
1903907
1903946
1903962
1903991
1904204
1904473
1904508
1904542
1904576
1904610
1904653
1904941
1904999
1905223
1906490
1906526
1906577
1906611
1906642
1906672
1906869
1906902
1907017
1907076
1908344
1908360
1908429
1908477
1908691
1909014
1909439
1909474
1914199
1914260
1925725
1925794
1925866
1925939
1925994
1926030
1926093
1926121
1927354
1927424
1927492
1927544
1937278
1937349
1937730
1937759
1941494
1941510
1942857
1946647
1946680
1947275
1947309
1947337
1947364
1947883
1948088
1948119
1948154
1948176
1948211
1948270
1948288
1948409
1948933
1948949
1948968
1949009
1949503
1949563
1949669
1949702
1949737
1949771
1949806
1949839
1949873
1949907
1949941
1949975
1950010
1950068
1950150
1950422
1950466
1950498
1950534
1950564
1951280
1951474
1953219
1953284
1953338
1954265
1954295
1954730
1954747
1954809
1954837
1954898
1955077
1955109
1955430
1955462
1955522
1955551
1955583
1955622
1955747
1962588
1962655
1966436
1966578
1966606
1966687
1966750
1966783
1966828
1966856
1993021
1996535
1996586
1996603
1996631
1996738
1999914
1999992
2000133
2000165
2000189
2000259
2000852
2000981
2001245
2002037
2002259
2002838
2002873
2002918
2002962
2002995
2003030
2003083
2003159
2003951
2004104
2004170
2004383
2004629
2004673
2004933
2005543
2006731
2006745
2006784
2007100
2007162
2007217
2007286
2007320
2007361
2007402
2007479
2007514
2007549
2007834
2007868
2007905
2007950
2007995
2008035
2008064
2008521
2008557
2008588
2008619
2008651
2008681
2008725
2009145
2009215
2009307
2009935
2010207
2010359
2010473
2010995
2011048
2011269
2011350
2011509
2011553
2012225
2012405
2012697
2012774
2013303
2013684
2013705
2014107
2014272
2014431
2014516
2015022
2015065
2015317
2015695
2015716
2015737
2015865
2015986
2016054
2016501
2016587
2016873
2018358
2018531
2019214
2019608
2021021
2021292
2021700
2022161
2022239
2022296
2023280
2023653
2023874
2023907
2024199
2024231
2024252
2024400
2024547
2024616
2024695
2025080
2025109
2025144
2025164
2025631
2026700
2026747
2027159
2027186
2027237
2027619
2028289
2028507
2028625
2028722
2029061
2029644
2029827
2030145
2030940
2031318
2031348
2031408
2032022
2032205
2032264
2032342
2032412
2032445
2032515
2032673
2033069
2033276
2033477
2033533
2033869
2034328
2034358
2034377
2034596
2034634
2034949
2035090
2035509
2035590
2035792
2035955
2036224
2036251
2036719
2036971
2037493
2037577
2037748
2038193
2038288
2038320
2038777
2039731
2039761
2039791
2039824
2039842
2040464
2040596
2041000
2041021
2041069
2041099
2041141
2041249
2041365
2041428
2041476
2041565
2041817
2042405
2042652
2042794
2042848
2043214
2043234
2043263
2043278
2043438
2043478
2043525
2044105
2044390
2045088
2045117
2045190
2045272
2045298
2045400
2045480
2046284
2047839
2048272
2049406
2049850
2050610
2051285
2051752
2051782
2052408
2052475
2052536
2053127
2053688
2056333
2056717
2056882
2057200
2057302
2057449
2057505
2057562
2057597
2057656
2057739
2058115
2058941
2059042
2059142
2059247
2059345
2059620
2059723
2059739
2059768
2059972
2060007
2060098
2060193
2060210
2060250
2060279
2062564
2062594
2062612
2062700
2062732
2062925
2062997
2063828
2064504
2073062
2073139
2073199
2073271
2073772
2077633
2077676
2077715
2077743
2077856
2077905
2078087
2078140
2079132
2079148
2084068
2084141
2084202
2084233
2084269
2084330
2114476
2118327
2118635
2118757
2118773
2118799
2119553
2119584
2119677
2120235
2120478
2120747
2120804
2121000
2121041
2121059
2121101
2121129
2121500
2121653
2121917
2122103
2122255
2122557
2122609
2122635
2122845
2123137
2123617
2123668
2123762
2123885
2123949
2124002
2124055
2124275
2125250
2125288
2125453
2125600
2125629
2125646
2125674
2126218
2127281
2127353
2127518
2127824
2127842
2127861
2128847
2128878
2129464
2129540
2129699
2129792
2129955
2130424
2131451
2131482
2131508
2131595
2132106
2132144
2132182
2132218
2132478
2132510
2132853
2132868
2133287
2133326
2133365
2133405
2133465
2133589
2133648
2133686
2133980
2135107
2135161
2136272
2136325
2136342
2136912
2137009
2137035
2137175
2137563
2137582
2139104
2139118
2139356
2139408
2139426
2139453
2140113
2140143
2140172
2142367
2142464
2143794
2143878
2147682
2147755
2147789
2147864
2148038
2148068
2148099
2148130
2148161
2154320
2154344
2154407
2154461
2154706
2155355
2155427
2155552
2155606
2155631
2155769
2155803
2155978
2156831
2157448
2157503
2157673
2157829
2157862
2157896
2158268
2158337
2158409
2158433
2158473
2158686
2158703
2158758
2158809
2158846
2158875
2159327
2159415
2160491
2160802
2160870
2160903
2160920
2205775
2205829
2205869
2205919
2205944
2205970
2205996
2206013
2206032
2206051
2206134
2206217
2206301
2206854
2207223
2207636
2208146
2208321
2208340
2208370
2208464
2208546
2208629
2208657
2210225
2210308
2210327
2210346
2210428
2210510
2210565
2210616
2210635
2210679
2210761
2210844
2210869
2210897
2210979
2211081
2211164
2211183
2211265
2211347
2211429
2211511
2211594
2211676
2211759
2211841
2211891
2211973
2212055
2212137
2212167
2212217
2212300
2212383
2212465
2212548
2212630
2212712
2212794
2212876
2212958
2213040
2213121
2213248
2213278
2213308
2213339
2213365
2214836
2219127
2219162
2219794
2220320
2221947
2221966
2221985
2222254
2222559
2223660
2224064
2224346
2224412
2224445
2224489
2224507
2224619
2224649
2225085
2225531
2225641
2225670
2226287
2227228
2227432
2227509
2227641
2227771
2228388
2228581
2228800
2229288
2229452
2229483
2229512
2229589
2229607
2229637
2229692
2229751
2229811
2229893
2230045
2230127
2230153
2230180
2230235
2230289
2230444
2230464
2230484
2230504
2230527
2230584
2230666
2230722
2230804
2230886
2230968
2231006
2231089
2231180
2231230
2231313
2231395
2231478
2231543
2231570
2246982
2247007
2247089
2247171
2247253
2247336
2247364
2247390
2248584
2248702
2248739
2248844
2249080
2249107
2249136
2249804
2249830
2249859
2250413
2250497
2250512
2250608
2250630
2250651
2250678
2250951
2251002
2251018
2251336
2251630
2251724
2251741
2251798
2251825
2251876
2251928
2251961
2252211
2252713
2252743
2253112
2253142
2253219
2253423
2253686
2253716
2254482
2255592
2255890
2255922
2259969
2260072
2260467
2262554
2264881
2267286
2267326
2267415
2269998
2270061
2270404
2270437
2270456
2270883
2271544
2271574
2272255
2273328
2274592
2275415
2276022
2276562
2277274
2277646
2278042
2278525
2278971
2279801
2280525
2280761
2281140
2281880
2282269
2282285
2283549
2283958
2283998
2285354
2286191
2287028
2287526
2288414
2288834
2288891
2289681
2289714
2289746
2290598
2290643
2291472
2292095
2292116
2292290
2292729
2292979
2294429
2294673
2294691
2294753
2295357
2295376
2295405
2296029
2296359
2296389
2296409
2296657
2296867
2296902
2296937
2296976
2297007
2297040
2297075
2297225
2297291
2297369
2297409
2297464
2297501
2297538
2297575
2297610
2297653
2297696
2297726
2297761
2297795
2297848
2298017
2298667
2298803
2299038
2299103
2299806
2299863
2299904
2300145
2300333
2300387
2301356
2301400
2301455
2301537
2302105
2302362
2302389
2302472
2302518
2302600
2302663
2302745
2303278
2304105
2304479
2305938
2305993
2306047
2306111
2306192
2306222
2306308
2306357
2306407
2306488
2306579
2306629
2306839
2306870
2306947
2307043
2307453
2307500
2307536
2307593
2307638
2307700
2307728
2307748
2307769
2307829
2307883
2307966
2308047
2308112
2308138
2308178
2308207
2308310
2308352
2308462
2309793
2310574
2310775
2310850
2311281
2311617
2311846
2311896
2311923
2312003
2312024
2312044
2312325
2312564
2312584
2312646
2312743
2312797
2313186
2313260
2313286
2313365
2313604
2313632
2313693
2313815
2314244
2314276
2318449
2318524
2318729
2318758
2319422
2319476
2319853
2320324
2321415
2321445
2321564
2321603
2321642
2321681
2321725
2321758
2322112
2322270
2322391
2322505
2322943
2332791
2332820
2336405
2336684
2338830
2338864
2338921
2339029
2339065
2339099
2339156
2339225
2339391
2339410
2339440
2339498
2339533
2344123
2345855
2345886
2345916
2346078
2346943
2347424
2347469
2347960
2348000
2348035
2348071
2348128
2348195
2349493
2349891
2350093
2350111
2355826
2355895
2355939
2355978
2356028
2356079
2356127
2356191
2356207
2356233
2359870
2359910
2359960
2359981
2360002
2360053
2361497
2361974
2362059
2362075
2362094
2362124
2362141
2362167
2362184
2362792
2362850
2362971
2363432
2363460
2363547
2363564
2363622
2363670
2363691
2363804
2363837
2363882
2363902
2363922
2363955
2363975
2364008
2364199
2364414
2364429
2369859
2383138
2383273
2383305
2383377
2383473
2383540
2383674
2383708
2383758
2384855
2384913
2384964
2385004
2385081
2385811
2385854
2385881
2385952
2386014
2386163
2386571
2386609
2386817
2386848
2387324
2387497
2387533
2387558
2387621
2387650
2387679
2387789
2387846
2387913
2387947
2388224
2388254
2388281
2388740
2389506
2390208
2390255
2391401
2391633
2391695
2391799
2391828
2391857
2391927
