0
29
57
85
113
7788
7840
7871
7927
8031
8087
8111
8144
8179
8246
8283
8313
8418
8450
8480
8536
8591
8666
8694
8796
8836
9869
11060
11114
11144
11177
11318
11346
11396
11426
11530
11560
11613
11649
11706
11738
11778
12313
12344
12384
12420
12502
12581
12615
12651
12685
12713
12793
12898
12997
13029
13063
13095
13276
13338
13391
13421
13949
13983
14013
14100
14163
14241
14274
14423
14456
14489
14573
14652
14801
14839
14892
14947
14978
15062
15171
15213
15246
15395
15544
15572
15604
15674
15868
15896
16163
16199
16379
16409
16633
16666
16695
16750
16799
16864
16895
17031
17084
17139
17171
17227
17256
17287
17459
17497
17566
17625
17658
17693
17722
17755
17786
17890
17920
17979
18013
18039
18095
18244
18274
19103
19168
19195
19293
19329
20481
20547
20578
20610
21038
21198
21237
21269
21297
21329
21452
21487
21523
21643
21719
21750
22043
22074
22105
23910
23943
24185
24213
24244
24280
24381
24412
24468
24499
24532
24650
24686
24741
24770
24807
24862
24895
24923
24948
25005
25056
25127
26732
26780
26808
26837
26865
26915
27887
27997
28049
28220
28300
28380
28413
28615
28645
28768
28990
35537
35567
36185
36395
36429
36462
36570
40118
40153
40340
40678
42367
42472
42679
42795
43414
43473
43550
43582
43612
43968
44002
44036
44071
44129
45980
46050
46109
46145
46178
46210
46483
46559
46590
46621
46648
46682
46720
46752
46792
46853
46884
46918
46951
46981
47019
47052
47121
47919
47957
48013
48094
48134
48252
48336
48397
48433
48466
48613
48647
48676
48708
48745
48778
48809
48839
48931
48956
48983
49010
49037
49064
49091
49117
49143
49169
49195
49221
49246
49271
49296
49321
49351
49383
49415
49447
49479
49511
49542
49573
49604
49635
49666
49696
49726
49756
49786
49819
50217
50234
50288
50320
50379
50411
50439
50466
50501
50535
50566
50602
50634
50807
50849
50911
50941
51201
51234
51264
51305
51442
51571
51651
51681
52222
52256
52291
52609
52648
52687
52718
52748
52792
52833
52873
52914
52953
52985
53014
53045
53121
53153
53186
53225
53265
53343
53372
53409
53493
53525
53564
53594
53626
53658
53689
53744
53772
53802
54012
54061
54158
54189
54316
54535
54592
54619
54658
54696
54773
54805
54860
54921
56239
56557
56717
56736
56865
56881
56900
56934
56990
57142
57156
57193
57234
57272
57308
57381
57417
57450
57489
57519
57856
57890
57928
57959
57993
58025
58059
58403
58438
58516
58555
58609
58688
58720
58747
58780
58812
58840
58886
58918
58947
58987
59022
59062
59127
59157
59306
59358
59394
59462
59492
59548
59572
59601
59633
59663
59774
59826
59854
59884
59913
59950
59979
60010
60039
60115
60150
60179
60210
60289
60345
60377
60553
60583
60615
60644
60672
60701
60733
60788
60844
61091
61710
61878
61919
61951
62218
62682
62713
62863
62898
62929
62969
63173
63228
63265
63443
63518
63593
63647
68812
68845
68879
68909
68938
68970
69002
69056
69083
69231
69264
69295
69567
69596
69629
69662
69719
69750
69782
69836
70037
70070
70101
70207
70381
70414
70467
70499
70554
70587
70618
70649
70701
71112
71143
71245
71491
71511
71586
71617
71692
71725
71755
71795
71836
71879
71932
71961
72014
72069
72438
72589
72716
73218
73676
73731
73763
73796
73826
76064
76099
76133
76190
76562
76597
77954
78155
78208
78238
78315
78345
78520
78549
78580
78628
78659
78686
78750
78814
78839
78867
78897
78928
78966
79081
79165
79283
79971
83614
83637
83689
83828
83858
83889
83926
83957
84083
84110
84303
84335
84368
84405
84434
84473
84503
84532
84557
84613
85197
85230
85261
85292
85322
85505
85800
85834
85866
85923
85962
85988
86021
86051
86079
86110
86141
86315
86349
86377
86410
86441
86541
86571
86605
86636
86666
86719
86756
86782
86846
86888
86942
87042
87073
87149
87185
87218
87300
87331
87363
87400
87428
87465
87503
87534
87587
87618
87656
87706
