0
42
84
126
176
200
222
265
325
376
419
479
522
575
598
650
693
716
767
809
852
905
928
991
1014
1067
1158
1208
1250
1292
1345
1388
1439
1462
1504
1546
1589
1640
1691
1742
1765
1818
1861
1884
1927
1950
1992
2034
2077
2279
2679
2739
2837
2879
3087
3118
3149
3187
3596
3621
4228
4257
4471
4650
4697
4772
5320
5355
8216
8258
8300
8343
8380
8415
8443
12033
12176
12253
12776
12808
12847
12922
13072
13388
13402
13475
13515
22284
22311
22339
23538
23647
23677
23700
23761
23827
27039
27071
27102
27134
27312
27351
27633
27662
27690
28185
28216
28256
28334
28502
28533
28549
28607
28635
28701
28732
28769
28810
28915
28957
28998
29036
29064
29128
29170
29212
29255
29297
29360
29413
29456
29485
29516
29761
30004
30047
30098
30140
30176
30219
30261
30303
30345
30396
30438
30490
30707
30729
30845
31065
31214
31245
31344
31809
31873
31926
31967
32005
32044
32084
32122
32165
32237
32277
32317
32358
32388
32567
32598
33202
33555
33586
33611
33668
33698
33751
33792
33860
33901
33943
33975
34053
34078
34200
34464
34500
34945
34997
35050
35113
35240
35273
35323
35355
35395
35436
35793
35820
35848
35876
35903
35930
35957
35984
36011
36038
36085
36112
36165
36195
36221
36252
36269
73241
73445
73649
74136
74505
75254
75921
75991
76658
77220
83723
83865
84007
84680
84874
85633
86281
86473
86675
86859
87044
87583
88039
91213
91338
91713
91905
94215
94769
94891
95843
96036
96092
96632
97239
97780
98182
102752
102939
103189
104517
104561
104594
105328
105931
106534
106767
107694
107740
108463
108542
108606
108677
108735
108774
108815
116650
117331
127653
127719
127774
127954
128021
128088
128362
128398
129206
129295
132334
132352
132382
132746
133265
133560
133914
137679
138251
138702
138773
138820
139012
139211
139240
139300
139567
139673
139702
139949
139988
140012
150403
151788
151866
151892
151917
151944
151978
152005
152033
152061
152334
152535
152562
152592
159085
159117
160754
160784
160953
161327
161405
161458
161489
161522
161880
161909
161936
161993
162227
162263
163098
163152
163185
163324
163399
163427
190263
190283
190313
190406
190434
190561
190591
190631
190660
190727
190757
190833
190887
190926
190999
191029
191068
191700
191751
191781
191861
191927
192091
192153
192258
192282
203825
203873
205637
205672
205708
206005
206046
206102
206130
206170
206205
206248
206292
206334
206374
206415
206452
206494
206523
206555
206595
206632
206657
206872
206904
206937
206972
207000
207030
207068
207140
207168
209470
209606
209679
209712
209744
209773
209804
209830
209859
211356
211482
211509
211539
211665
211791
211817
211943
212090
212322
212442
212468
212494
212526
212555
212569
212646
212661
212896
212946
212976
214747
214786
215361
215475
215498
215743
215808
215898
215921
215946
215971
215996
216021
216046
216070
216094
216118
216142
216166
216189
216212
216235
216258
216363
217064
217143
217304
217360
217419
217449
217481
265306
265359
265421
265494
265529
265557
265681
265861
266027
266079
266222
266367
266394
266535
266574
266607
267076
267105
268738
268767
268786
268814
269179
269231
269261
269293
269325
269341
269393
269422
269453
269576
269605
270243
270440
270508
270540
270593
270956
271049
271474
271722
271839
271959
271986
272040
272264
272311
273260
273288
274104
274364
274427
275664
275889
276256
276991
277022
277054
277458
277522
277689
277723
277780
277846
277887
277927
277971
278063
278101
278143
278183
278226
278257
278299
278542
278579
278634
278677
278705
278757
278807
278861
278917
279405
279441
279481
279542
279585
279641
279685
279725
279756
279799
282168
282268
282308
282432
282465
282625
282656
282672
282726
283428
284403
284482
284962
285092
285121
285151
285181
285218
285320
285354
285409
285528
285558
285675
285706
286284
290672
290918
290999
291071
291444
291549
291569
291799
291829
291857
291885
291924
291961
292029
292084
292253
292286
292321
292350
292378
292406
292455
300803
301003
302096
302133
302277
302306
302336
302389
302415
302491
302518
302614
302644
302670
302776
302788
303066
303995
304169
305254
305272
308118
308475
308492
309272
309774
310274
310874
311386
311886
312524
312776
313279
313779
314546
314797
314825
315024
315295
315437
315639
315838
316108
316249
317662
318458
319105
320032
320060
320259
320459
321251
323186
323761
323786
323813
323872
323901
324664
325006
325037
325083
325136
325176
325318
325353
325381
327400
327433
327904
327954
327985
328015
328043
328273
328303
328332
328361
328416
328472
328783
328841
328902
328933
329707
329784
329816
329845
330329
330464
330491
330517
