__restrict__ 5796,2743|5796,2776|5796,2947|5796,2992|5796,14956|5796,14991|7093,2743|7093,2776|7093,2947|7093,2992
_begin 5560,689|5560,1384|5560,1416|5670,689|5670,1384|5670,1416|5762,685|5762,1380|5762,1412|6109,1196|6109,1862|6109,1893|6109,1959|6109,2205|6109,2437|6659,2968|6659,3015|6659,12395|7257,2968|7257,3015|7257,12395|7412,2952|7412,2999|7412,12395|7628,1196|7628,1862|7628,1893|7628,1959|7628,2205|7628,2437|7808,1196|7808,1862|7808,1893|7808,1959|7808,2205|7808,2437
_consol 5584,1408|5584,1508|5584,2814|5584,2918|6205,1408|6205,1508|6205,2814|6205,2918|6223,1408|6223,1508|6223,2814|6223,2918|6745,1408|6745,1508|6745,2814|6745,2918|6995,1408|6995,1508|6995,2814|6995,2918|7002,1408|7002,1508|7002,2814|7002,2918
_debug 5584,2802|5584,2906|5584,2993|5584,3025|6205,2802|6205,2906|6205,2993|6205,3025|6223,2802|6223,2906|6223,2993|6223,3025|6745,2802|6745,2906|6745,2993|6745,3025|6995,2802|6995,2906|6995,2993|6995,3025|7002,2802|7002,2906|7002,2993|7002,3025
_end 5560,1365|5560,1436|5670,1365|5670,1436|5762,1361|5762,1432|6109,1186|6109,1823|6109,1834|6109,2256|6109,2323|6109,3062|6659,3003|6659,12418|7257,3003|7257,12418|7412,2987|7412,12418|7628,1186|7628,1823|7628,1834|7628,2256|7628,2323|7628,3062|7808,1186|7808,1823|7808,1834|7808,2256|7808,2323|7808,3062
_mbc 5584,1422|5584,1522|5584,2828|5584,2932|6205,1422|6205,1522|6205,2828|6205,2932|6223,1422|6223,1522|6223,2828|6223,2932|6745,1422|6745,1522|6745,2828|6745,2932|6995,1422|6995,1522|6995,2828|6995,2932|7002,1422|7002,1522|7002,2828|7002,2932
_posix_tim 7630,992|7630,1410|7630,1989|7630,2631
_simdist_h_ 5998,281|5998,393|6105,281|6105,393|6194,281|6194,389|6642,309|6642,411|6837,281|6837,389|7584,281|7584,389
_sortlistsbys 6695,336|7586,336|7824,336
_tm 5860,1897|5860,4094|5860,4144|5860,4180|5860,4243|5860,6202|5860,8069|5860,8135|5860,10274|5860,13210|5860,15525|6623,1897|6623,4094|6623,4144|6623,4180|6623,4243|6623,6202|6623,8069|6623,8135|6623,10274|6623,13210|6623,15525|6659,5682|6659,6679|6659,7293|6659,7991|6659,9267|6659,9880|6883,1891|6883,4094|6883,4144|6883,4180|6883,4243|6883,6208|6883,8081|6883,8147|6883,10292|6883,13234|6883,15555|7257,5682|7257,6679|7257,7293|7257,7991|7257,9267|7257,9880|7412,5670|7412,6673|7412,7287|7412,7985|7412,9261|7412,9874
_topkel 6902,1506|6954,1506|7694,1506
_topklist 6902,384|6902,405|6902,457|6902,478|6902,516|6902,840|6902,1019|6954,384|6954,405|6954,457|6954,478|6954,516|6954,840|6954,1019|7694,384|7694,405|7694,457|7694,478|7694,516|7694,840|7694,1019
_topkmap 6902,814|6902,907|6902,1219|6902,1401|6954,814|6954,907|6954,1219|6954,1401|7694,814|7694,907|7694,1219|7694,1401
_updatetopk 6902,771|6954,771|7694,771
_updatetopklist 6902,368|6902,441|6902,1098|6902,1653|6954,368|6954,441|6954,1098|6954,1653|7694,368|7694,441|7694,1098|7694,1653
_win32 6984,358|7173,358|7710,358
