0
4538
16303
16351
16417
16470
16497
16526
16555
16584
16637
16733
16762
16791
16840
16893
17011
17070
17099
17126
17362
17391
17418
17471
17498
17752
17781
17810
17839
17985
18014
18067
18240
18293
18435
18680
18709
18738
18767
19245
19298
19349
19391
19444
19796
19823
19866
19895
19922
20580
20653
20682
20711
20738
20765
20808
20868
21660
21705
21734
22202
22229
22256
22329
22378
22429
22731
22773
22800
22827
22878
22949
23000
23053
23094
23350
23379
23586
23615
23668
23826
24045
24072
24099
24150
24199
24226
24253
24841
25122
25151
25224
25251
25280
25508
25537
25564
25617
25670
25697
25726
25755
25802
26392
26419
26448
26475
26689
26718
26745
26772
26799
26876
26905
26932
27816
27865
27914
27963
28016
28043
28072
28101
28152
28205
28968
29063
29092
29490
29543
29572
29601
29628
29774
29825
29876
29929
29952
30118
30171
30200
30229
30282
30311
30593
30622
30699
30728
30779
30832
30998
31147
31176
31205
31234
31263
31292
31474
31527
31556
31824
31991
32062
32113
32186
32215
32385
32478
32507
32534
32563
32616
32756
32785
32812
32839
32866
32893
32936
32978
33849
33878
33995
34024
34053
34221
34272
34299
34376
34405
34503
34676
34705
34720
34749
34778
35066
35223
35276
35508
35537
35612
35641
35718
35795
37775
37802
37831
37858
38002
38295
38408
38461
38488
38561
38801
42930
43093
43120
43191
43218
43270
43317
43342
43369
43609
43660
43711
43738
43765
43794
43823
43920
44370
44423
44452
44523
44550
44593
45668
45682
45709
45738
45787
45836
45883
45910
45953
45982
46332
48249
48278
48325
48354
48381
48406
48433
48711
48894
48921
48966
49103
49130
49181
49769
50492
50519
50570
50617
50756
50785
51093
51120
51149
51178
51205
51254
51518
51611
51682
51781
51876
51905
51934
52007
52080
52131
52391
52440
52489
52540
52567
52594
52620
52667
52927
52978
53027
53044
53071
53142
53169
53513
53562
53589
53638
53689
53716
53758
54100
54127
54178
54227
54276
54303
55595
55622
55649
55676
55725
55798
56058
56085
56114
56141
56214
56241
56449
56476
56501
56528
56557
56586
56613
56751
56826
56855
57056
57127
57156
57185
57485
57570
57695
57724
57751
57780
57823
58201
58226
58255
58297
58435
58462
60838
60865
60916
60943
60970
60997
61441
61470
61547
61576
61603
61630
62028
64099
64150
64199
64272
64301
65954
66545
66598
66651
66680
66747
67955
68189
68216
68258
68287
68314
69954
69977
70425
70827
70952
71968
72021
72519
72544
73296
73445
73472
73501
73545
73605
74802
74879
74932
74985
75379
75408
75435
76315
76488
76517
76544
77042
77143
77172
77484
77585
78103
78180
78243
80713
83068
83097
83973
84002
84944
84973
85014
85298
85351
85394
85447
86432
86659
86688
87318
87345
87805
87834
87863
89633
90313
90356
90594
90623
90652
90681
91593
91666
91713
92295
94004
94031
95587
95602
95655
97411
97462
97483
97512
100327
100376
100429
100663
100690
100719
100770
100812
103604
103681
103708
103750
104318
104347
104376
104405
104899
104928
105332
105361
105390
106376
106405
106430
106459
106512
107480
107529
108269
108296
108508
108568
108619
108662
108704
108747
108790
108843
108886
108928
108999
109042
109105
109148
109201
109252
109295
109358
109409
109451
109516
109539
