0
105
137
206
241
442
474
514
1567
1623
1694
1760
1820
1848
1889
1930
1971
2010
3549
3591
3630
3671
3709
3747
3782
3808
3846
3909
3949
3987
4045
4085
4126
4199
4238
4279
4373
4409
4484
4632
4665
4704
4740
4823
4999
5041
5074
5115
5145
5173
5229
5287
5325
5498
5537
5687
5719
5751
8186
8202
8352
8421
9529
9567
9606
9646
9685
9714
9767
9997
10034
10146
10176
10205
12481
12531
13564
13604
13689
13739
13779
18420
18536
19094
19206
19246
19285
19325
19363
19403
19441
19480
19509
19540
19579
19604
19642
19672
19704
19744
19785
19862
19892
19927
19966
19998
20183
20221
21786
21816
21855
21978
22006
22031
22777
22803
22978
23101
23135
23184
23414
23654
23686
23718
23735
23773
23900
23933
23970
25382
25420
25450
26141
26260
26571
26639
26759
26794
26837
26879
26937
26978
27033
27109
27154
27224
27262
27304
27346
27389
27428
27468
27579
27612
27653
27749
27786
27815
27846
27886
27925
27993
28083
28126
28202
28246
28288
28328
28369
28409
28451
28489
28530
28570
28614
28683
28952
28992
29028
29056
29097
29134
29172
29214
29254
29298
29340
29380
29682
29734
29771
29808
29845
29883
29926
29997
30036
30074
30116
30156
30195
30237
30310
30351
30393
30434
30473
30513
30552
30592
30632
30691
30730
32056
32213
32254
32413
32450
32487
32526
32567
32605
32643
32683
32761
32799
32840
32905
33144
33244
33271
33534
33576
33617
33653
33694
33735
33829
33867
33903
33976
34015
34052
34091
34163
34206
34249
34288
34331
34447
34486
34518
34555
34868
35177
35213
35252
35286
35380
35460
35651
35689
35723
35759
35808
35850
35889
35942
35974
36012
36051
36093
36133
36201
36243
36284
36323
36363
36405
36443
36483
36519
36561
36601
36642
36682
36725
36766
36808
36849
36878
36918
36949
36979
37014
37092
37668
37694
37723
37990
38022
38128
38186
38479
38513
38545
38580
38616
41204
41574
44613
44643
44672
44803
44858
44897
44938
44980
45010
45047
45085
45115
45146
45832
45885
45927
46016
46052
48443
48698
48730
48795
48831
48867
48905
48945
48982
49023
49057
49090
49125
49153
53220
53288
53355
53386
53457
53646
54404
54645
54689
54741
54773
54949
55008
55195
55231
55390
55578
56044
56106
56150
56190
56232
56610
56646
57189
57256
58331
58383
58490
58550
58680
58783
59621
63378
63568
63679
63939
64052
64122
64172
64977
65012
65039
65112
65142
65174
65209
65249
65351
65387
65420
65458
65490
65572
65600
65628
67838
67883
67948
69235
69261
69291
69319
69352
69459
69492
69525
69555
69586
69618
69644
69685
69848
69877
69906
69934
69962
70571
70741
71012
71049
71090
71115
71404
71436
71506
71686
72053
72154
72183
72234
73899
73939
73968
73996
74034
74222
74253
75267
75298
75328
75359
75827
75856
75886
75930
75959
78042
78222
78330
78385
78415
79162
79199
79336
79396
79436
79473
79514
79619
79858
79916
79970
80001
80208
80248
80351
80392
80428
80467
80506
80546
80586
80624
80661
80696
80738
80778
80817
80855
80894
80934
81034
81107
81223
81259
81323
81361
81402
81671
81754
81836
81916
81998
82078
82186
82288
82390
82492
82536
82585
82632
82738
83136
83239
83286
83317
83395
83434
83486
85079
85528
85578
85599
85674
85732
85771
85804
86059
86284
86667
86843
86880
86922
87045
87084
87123
88650
88717
89227
89389
89551
89713
89862
91733
91844
91960
92078
92210
92348
92481
92613
93136
96504
96667
96867
98041
98878
98947
99751
99792
99984
100615
100647
100685
100727
100769
100810
100851
100886
100926
100966
101005
101155
101195
101236
101269
101301
101340
101386
101425
101454
101470
102317
102349
102455
102546
102594
102644
102664
102896
102925
102958
102988
103037
104911
105107
105127
105158
105193
105828
107421
107497
107767
107961
108108
108136
108164
108217
108251
108280
108296
108324
108362
108400
108439
108471
108510
108854
108893
108933
108983
109192
109234
109277
109310
109351
109391
109463
109517
109550
109582
109616
109668
113029
113051
113335
113364
113858
114059
114091
114192
114296
114350
114390
114429
114817
114848
114888
114918
114947
114990
115028
115069
115459
115494
115524
115622
115661
115689
115727
115798
115829
115868
115901
116098
116131
116172
116271
116490
116775
116844
116881
116959
117036
117117
117152
121205
121242
121277
121405
121449
121658
121715
121742
121781
121989
122058
123776
123963
123999
124896
125166
125216
125325
125363
125393
125431
125897
126023
126642
126673
126690
127199
127362
127585
127859
127960
128086
128162
128201
128237
128380
128430
128541
128748
129115
129302
129853
130049
130088
130286
130387
130513
130587
130625
130656
130718
130778
130819
130859
130896
130936
130972
131051
131090
131130
133841
133982
134021
134163
134300
134406
134466
134487
134727
134806
134859
134958
135028
135062
135496
135601
135706
135811
135916
135944
136009
136035
136068
136107
136142
136183
136222
136291
136692
136732
136760
136788
136815
136843
136870
136896
136974
137021
137433
137511
147912
147941
148463
148508
148549
148786
150309
152407
152438
152469
152500
152529
152568
152597
152627
152693
152745
152844
152891
152950
152981
153015
153054
153110
153163
153197
153234
153280
153436
153475
153503
153558
153599
153628
153658
153713
153768
153831
153863
153895
153923
153953
154063
154097
154129
154186
154285
154318
154883
154921
155072
155099
156096
156249
156289
156318
156396
156429
156458
156485
156515
156893
156926
156953
157364
157429
157458
157868
157899
158536
158595
158905
158939
158973
159119
160264
160300
162036
162173
162910
162974
163074
163146
163218
163308
163377
163418
163443
163584
163612
164360
164390
164434
164483
164512
164537
164684
164712
164745
164774
164805
164854
164902
164930
165010
165037
165117
165163
165200
165253
165283
165314
165472
165508
165543
165581
165610
165917
165946
166306
166348
167018
167074
167106
167134
167167
167196
167228
167257
167313
167362
167393
167431
167468
167571
167626
167658
167831
167884
167959
168194
168224
168946
168974
168998
169025
169053
169081
169180
169213
169253
169359
169403
169442
169477
169512
169552
169623
169659
169698
169767
169807
169843
170577
170604
170636
170661
