0
43
85
128
170
221
268
310
353
396
439
481
524
567
620
673
724
784
812
855
897
939
982
1024
1066
1119
1160
1203
1256
1299
1342
1395
1437
1479
1532
1969
2012
2054
2115
2167
2210
2253
2313
2366
2395
2438
2465
2518
2561
2613
2681
2742
2784
2837
3117
3170
3225
3294
3431
3464
3495
3528
3613
3641
4288
4330
4399
4438
4503
4534
6846
6908
7233
7609
7668
7711
23350
23379
23483
23526
23564
23613
23858
23971
25035
25401
25650
25921
26481
26510
26562
26956
27007
27050
27101
27143
27386
27598
27821
27884
27912
27999
28031
28084
28209
28410
28466
28494
28527
28558
28760
28846
29090
29200
29229
29467
29520
29652
29685
29802
30034
30066
30119
30148
30272
30303
30320
30457
30751
30941
30971
31046
31083
31178
31506
31546
31571
31606
31683
32554
32596
32652
32681
32724
32762
32802
32888
32979
33032
35830
36049
36464
36879
37078
37264
37395
37563
37940
38018
38053
38084
38388
38512
38571
40417
40466
40592
40626
40734
40775
40805
40903
40939
40977
41019
41059
41096
41134
41174
41213
41239
41264
41303
41349
41566
41638
41714
41814
41847
41949
42017
42080
42150
42188
42226
42268
42341
42379
42493
42683
43334
43823
43848
43978
45081
45178
45202
45414
45440
45495
45558
45601
45664
45695
45818
45850
45884
45913
45946
45999
46042
46095
46138
46201
46254
46297
46438
46487
46540
46570
46603
46633
47254
47286
47325
47360
47410
47439
47476
47608
47774
47801
47831
47860
47905
47934
47968
48006
48030
48058
48205
49475
49517
49546
49586
49628
49655
49685
49716
49747
49897
50095
50190
50225
50254
50282
50310
50348
50385
50424
50513
50572
52406
52438
52827
52857
52983
53014
53141
53172
53229
53403
53437
53468
53504
53555
53592
53607
53934
54151
54180
54213
54252
54292
54320
54427
54479
54511
54550
54587
54616
54678
54714
54754
54784
54816
54847
54901
54932
54966
66887
66919
66955
66987
67016
68712
68745
68820
68850
68890
68921
68956
68986
69026
69064
69106
69148
69191
69304
69344
69377
69410
69546
69578
69798
69836
69867
69893
69932
69969
70008
70040
70080
70121
70161
70206
70241
70280
70328
70368
70409
70449
70493
70532
70569
70610
70651
70705
70738
70946
70982
73857
73897
73938
73974
74014
74052
74094
76381
76415
76798
76863
76953
80697
80804
80952
81176
81367
81404
81442
81472
81574
81613
81650
81689
81775
81810
81846
81884
81920
81957
81998
82038
82075
82112
82151
82189
82228
82258
82302
82333
86820
86889
86927
86967
87008
87043
87202
87242
87272
87329
87361
87400
87462
88132
88256
88443
88518
88591
90030
90086
90125
90163
90222
90252
90292
90332
90393
90493
90532
90560
90592
90626
90658
90727
90807
90876
91204
91398
91473
91502
92504
92535
92868
92911
92946
92990
93009
93083
93166
93205
93242
93357
93443
93494
93516
93571
93608
93643
93675
93715
93756
93793
93906
93935
93970
94010
94376
94414
94453
94493
94533
94570
94607
94673
94754
94793
94851
94889
94926
94960
94997
95030
95063
95104
95135
95166
95316
95343
95369
95430
95467
95494
95524
95813
96518
96680
96718
96751
96790
96815
96854
96884
96922
96951
97249
97286
97315
97344
97376
97427
97455
97507
103791
103825
103865
103906
104170
104375
104500
104542
104568
104602
104645
104685
104713
105143
105406
105925
105955
105984
132973
133013
133145
133244
133282
133321
133360
133438
133555
133689
133726
133765
133968
134024
134066
134104
134143
134185
134223
134262
134301
134340
134381
134445
134486
134543
134602
134642
134825
134864
134904
134968
135047
135080
135117
137556
137586
137625
138001
138036
138075
138115
138152
138185
138225
138263
138305
138347
138376
138602
138682
138808
138848
138890
138930
138969
139012
139051
139093
139132
139382
139420
139509
139548
139588
139628
139666
139728
139831
139863
139974
140033
140251
142266
142285
142382
142583
142623
142696
142751
142791
142819
142858
142901
142939
142983
143025
143066
143099
143216
143270
143308
143336
143376
143394
143408
143436
153931
154578
154606
154632
154683
154725
154756
154790
154869
154885
154927
154957
154977
155179
155209
155420
158839
158911
158946
158980
159069
159527
159578
160019
160170
161616
161677
161989
162027
162606
162762
162789
167824
167854
169518
176582
177091
179720
179764
179954
179993
180216
180310
180373
180448
180481
180514
180571
180623
180653
180686
180761
180798
180828
180929
181055
181106
181128
181161
181211
181241
181347
181388
181417
181446
181524
181556
181632
181692
181749
183630
183663
183703
183775
183816
183857
183895
183935
189012
190201
190251
190288
190444
190640
190681
190724
191294
191880
191926
191982
192021
192058
192098
192139
192178
192247
192370
192398
192436
192476
192513
192573
192613
192654
192694
192735
192771
192812
192851
192951
192992
193035
193436
193476
193517
193548
193578
193633
193713
193741
193767
193807
193848
193875
193915
193944
193973
194131
194304
203274
203506
205718
206165
206502
206729
207066
207178
207438
207498
207579
207837
208045
208253
208461
208690
208805
208866
209156
209878
209910
210027
211139
211225
211263
211405
211484
211611
211688
211719
211760
211887
216223
216251
216283
216443
216473
216510
216548
216589
216625
216665
216704
216738
216843
216883
216923
216958
217151
217190
217219
217251
217275
217384
217480
217744
217792
217865
218225
229844
229897
229980
230880
231468
231619
231647
231908
232677
234353
235101
235130
236081
236136
236177
236207
236235
236286
236314
236352
236379
236419
236449
236491
236522
260976
261004
261083
261115
261142
261179
261234
261265
261294
261326
261356
261385
261414
261449
262054
262107
262144
262307
262338
262426
262810
262835
262863
262990
263003
263065
263267
263456
263708
263898
264098
264470
264720
264909
265100
265787
265839
265869
265906
266008
266046
266170
266206
266246
266278
266315
266387
266427
266454
266492
266534
266577
266608
266649
266677
266712
266751
266789
266828
267273
267383
267411
267440
273843
273881
275985
276034
276111
276144
276174
276301
276436
276560
277088
277148
277185
277219
277658
277689
277717
277746
277967
278008
278150
278377
278416
278445
278906
279034
279389
279491
279781
280136
280170
280524
280879
280936
280970
281672
281726
281886
281959
281985
282024
282056
282085
282590
282692
282732
283236
283511
283786
283878
283907
283977
284043
284082
284114
284153
284193
284249
284289
284315
284373
284407
284446
284487
