0
53
452
495
546
633
686
728
781
824
877
1276
1329
1372
1425
1476
1527
1569
1612
1655
1697
1748
1801
1854
1896
1938
1981
2034
2076
2127
2170
2212
2265
2318
2361
2404
2447
2489
2549
2591
2634
2856
2899
2926
2979
3008
3048
3077
3107
3147
3370
3399
4669
4985
5069
5478
5711
5744
5762
5790
5837
5865
5898
5946
6359
6405
6433
6510
6557
6747
6776
6851
6975
7054
7147
7244
7290
7339
8274
8389
8514
8609
8638
8817
8846
8878
8908
8927
8958
8997
9028
9056
9085
9113
9145
9952
9985
10038
10091
10128
10156
10185
11283
12008
12031
12056
12081
12106
12131
12156
12180
12204
12228
12252
12276
12299
12322
12345
12368
12410
12445
12485
12539
12567
12906
12947
12986
13023
13055
13154
13232
13270
13302
13403
13434
13467
13498
13559
13611
13640
14031
14060
14089
50258
50377
51059
51127
51195
51263
51304
51550
51693
51727
51758
51822
51838
51913
51955
51985
52012
52129
53863
53895
53927
53960
53987
54040
54092
54147
54216
54242
54845
54888
54939
54990
55041
55110
55294
55315
55376
55429
55482
55533
55575
55628
55671
61664
61715
61765
61802
61974
62032
62063
62092
62121
62242
63139
63169
63226
63256
63287
63336
63375
63407
63447
63485
63523
63564
63993
64188
64224
64262
64329
64358
64504
64612
66202
66275
66358
66412
66441
66468
66840
66871
67086
67128
67159
67816
88477
88776
88806
88852
89315
92132
92293
92322
92358
92397
92435
92474
92660
92744
92772
92858
92965
93105
93160
93196
93272
93387
93415
93447
93476
93612
93642
93679
93715
93746
93773
93805
93838
94175
94216
94287
94317
94346
94385
94425
94464
94506
94549
94593
94634
94666
94708
94793
94830
94868
94909
94941
94972
95201
95226
95262
95299
95335
95371
95403
95419
95476
95510
95546
96325
96360
96487
96590
96625
96696
96737
96767
98123
98152
98192
98228
98263
98512
98644
98682
98718
98820
98856
98898
99476
99515
99552
99589
99630
99669
99728
99754
99782
99813
99865
99916
99969
100012
100054
100106
100136
100162
100199
100237
100768
100802
100849
100875
100993
103256
103273
103367
103398
103422
103456
103483
103550
103575
103631
103658
103752
103783
103807
103841
103868
103935
103960
104054
104085
104109
104143
104170
104237
104262
104308
104402
104433
104457
104491
104518
104585
104610
104641
104735
104766
104790
104824
104851
104918
104943
105018
105047
105251
105377
105410
105449
107195
109191
109754
109821
109937
109962
110000
110047
110062
110278
110344
110401
110985
111037
111149
111356
111482
111514
111559
111589
111622
111653
111959
112209
112243
112340
112373
112409
112441
112481
112514
112588
112615
112648
112680
112707
112737
112768
112844
112900
112928
112977
113002
113130
113159
113178
113205
113480
113515
113547
113579
113610
113644
114644
114698
114730
114758
114818
114857
114894
114964
114980
115030
115060
115089
115117
115194
115220
115337
115411
115426
115456
115487
118112
118190
118946
119005
119032
119817
119858
120538
120579
120705
120735
120798
121066
121099
121129
121160
121199
121263
121288
121316
121343
121541
121576
121682
121969
122003
122034
122067
122327
122447
122486
122541
122605
122636
123093
123126
123178
123273
123302
123332
123359
123410
123444
123481
123615
123685
123714
123745
123774
123802
123858
123905
123958
123996
124033
124145
124425
124454
124699
124731
124750
131325
131615
131644
131697
131729
132031
132060
132090
132199
132276
132307
132453
132484
132922
132953
132982
133814
133846
133922
134096
134287
134319
134445
134598
134843
135379
135408
135438
135468
135498
135548
135580
135609
135754
136024
136430
136481
136577
136633
136684
136787
136813
136844
136959
137016
137090
137163
137218
137246
137330
137361
142116
142348
142435
142475
142515
142547
142644
142685
142737
142815
147264
147298
147374
148772
148805
148838
148878
148951
148989
149020
149136
149174
149739
149797
149834
149866
149894
149925
150078
150181
150350
150381
150411
150450
150487
150524
150562
150614
150642
150742
150775
150813
150904
150985
151002
151032
151061
151102
151133
151173
151214
151252
151292
151432
151486
151758
151799
151827
151859
151897
151937
151976
152016
152059
152164
152206
152245
152319
152422
152494
152548
152630
152661
152694
152795
152828
152869
153204
153798
153882
153917
153954
153985
154339
154369
154402
154519
154758
154876
154906
154933
154972
155014
155042
155118
155146
155187
155217
155272
155311
155677
155805
161025
161055
161084
161157
161190
161218
161249
161516
164262
164476
164665
164916
165225
165254
165431
165601
165650
165689
165720
166828
167259
167754
168393
168772
168810
169190
169221
169260
169454
169526
178166
178198
178382
178520
178658
178796
178934
179078
179222
180504
180633
180672
180917
182745
182878
183242
183374
183559
183796
185136
185174
185213
185288
185355
185385
185429
185480
185508
185539
185602
185630
185660
185690
185757
185876
185983
186036
186092
186143
186221
186250
186282
186321
186474
186573
186604
186917
186950
187007
187037
187978
188033
188947
189075
189106
189467
189534
189564
189592
200859
200887
200914
200942
