2003a 5460,514|6686,514|6932,513|7339,514
200433z 5911,133|5911,348|5911,481|5911,616|5911,750|5911,886|5911,1019|5911,1154|5911,1289|5911,1421|5911,1555|5911,1688|6198,133|6198,348|6198,482|6198,619|6198,751|6198,888|6198,1021|6198,1157|6198,1288|6198,1424|6198,1558|6198,1691|6198,1826|6198,1959|6936,134|6936,351|6936,488|6936,627|6936,762|6936,900|6936,1035|6936,1169|6936,1306|6936,1442|6936,1578|6936,1713|6936,1850|6936,1986|6936,2121|6936,2257|6936,2391|6936,2526|6936,2663|6936,2799|6936,2932|6936,3070|7128,909|7128,1046|7128,1182|7128,1318|7128,1592|7128,1725|7128,1872|7327,133|7327,349|7327,483|7327,617|7327,753|7327,888|7327,1024|7327,1159|7327,1292|7327,1427
20363cbde18509fc8300c3669b343744 6641,897|7139,897
203a45bbe8cd0b21734afc944d87d02f 7074,417
20756a4ff51a35bcd11ec3ab36075f47 7144,1743
2077dfcc47dc2470ec616e256ea9e328 6150,1094|7826,1098|7879,1098
20t01 5785,348|5785,471|5785,842|5785,2191|5785,2841|5785,3093|5785,3970|5785,4097|6438,348|6438,471|6438,842|6438,2191|6438,2841|6438,3093|6438,3970|6438,4097|6626,364|6865,3619|7406,3619
20z 6612,44|7187,51|7261,51|7298,44|7466,44|7536,44
211208fe65f6ac31eb9d8600fc351fd6 5911,1236
212030z 5381,143|5381,355|5649,143|5649,355
212978z 6490,470|6490,600|6490,734|6490,865|6490,1397|6490,1658|6490,2572|6490,2701|6490,2829|6490,3090|6490,3349|7528,342|7528,470|7528,600|7528,731|7528,865|7528,994|7528,1124|7528,1397|7528,1658|7528,2314|7528,2443|7528,2572|7528,2701|7528,2829|7528,2962|7528,3090|7528,3349|7528,3481
215143z 5374,351|5610,147|5610,360|6518,351|6692,147|6692,360
218b182 7916,5528|7938,5528
21af3561509ce96b397db2a2e4465da2 5422,1853|7623,1853
21dcca564cecb25840bb94d31a2382e6 6200,249|6344,249
21e94202c65437fbdcd1d9f20a8fee3a 7635,1090
21t17 6289,267|6289,423|6289,578|6289,712|6289,851|6289,1003|6289,1159|6418,231|7062,231|7379,267|7379,423|7379,578|7379,712|7379,851|7379,1003|7379,1159
21t18 6532,1101|6532,1466|7740,1101|7740,1466
21t20 6626,228|7156,228|7495,1450|7495,1814|7495,1932|7495,2051|7495,4057
21t23 6834,997|6834,2297|6834,3175|6834,3306|6834,4201|7147,997|7147,2297|7147,3175|7147,3306|7147,4201
22c91704415d46d1c9df7faacd8ad3c4 7826,1341|7879,1341
22d3a170918ceebdbf3539936a41b639 6490,3296|7528,3296
22nd 6203,4989|6688,4989
22t04 6834,1533|6834,2673|6834,4465|7147,1533|7147,2673|7147,4465
22t10 6200,490|6200,1145|6200,1547|6200,1801|6200,2182|6344,490|6344,1145|6344,1547|6344,1801|6344,2182|6532,1705|6727,238|6727,1000|6753,238|6753,1000|6834,614|6834,867|6834,1268|6834,1403|6834,1662|6834,1919|6834,2175|6834,2795|6834,3435|6834,4842|7147,614|7147,867|7147,1268|7147,1403|7147,1662|7147,1919|7147,2175|7147,3435|7147,4842
22t21 6015,447|6877,247|7120,245|7156,364|7406,2040|7740,352|7740,1831
22t22 5422,124|5422,288|5422,416|5422,550|5422,675|5422,801|5422,924|5422,1045|5422,1168|5422,1291|5422,1412|5422,1531|5422,1652|5422,1774|5422,1894|5422,2014|5422,2137|5422,2262|5422,2382|5449,126|5455,129|5455,295|5455,419|5455,545|5455,667|5455,792|5455,914|5455,1035|5455,1159|5455,1282|5455,1405|5455,1527|5455,1651|5455,1774|5455,1896|5455,2019|5455,2140|5455,2262|5455,2386|5455,2509|5455,2634|5587,125|5587,291|5588,121|5588,323|5605,117|5605,308|5779,123|5785,119|5785,281|5785,409|5785,532|5785,659|5785,777|5785,903|5785,1025|5785,1149|5785,1272|5785,1393|5785,1515|5785,1638|5785,1760|5785,1879|5785,1997|5785,2120|5785,2252|5785,2399|5785,2527|5785,2654|5785,2776|5785,2902|5785,3029|5785,3154|5785,3279|5785,3403|5785,3526|5785,3655|5785,3783|5785,3905|5785,4031|5785,4158|5785,4286|5785,4412|5843,119|5843,310|5851,120|5851,301|5851,433|5851,566|5851,699|5851,847|5851,973|5855,129|5855,295|5855,419|5855,545|5855,667|5855,792|5855,914|5855,1035|5855,1159|5855,1282|5855,1405|5855,1527|5855,1651|5855,1774|5855,1896|5855,2019|5855,2140|5855,2262|5855,2386|5855,2509|5855,2634|5883,126|5883,297|5954,120|5954,285|5954,408|5954,531|5954,668|5954,802|5954,923|5954,1043|5954,1162|5954,1315|6015,508|6051,128|6051,293|6051,414|6051,535|6051,658|6051,780|6051,903|6051,1025|6051,1147|6143,123|6143,288|6143,410|6143,536|6143,661|6143,800|6189,121|6189,312|6200,125|6200,290|6200,421|6200,551|6200,681|6200,810|6200,942|6200,1075|6200,1206|6200,1338|6200,1484|6200,1608|6200,1733|6200,1862|6200,1986|6200,2115|6200,2243|6200,2373|6200,2502|6235,110|6254,122|6254,288|6289,142|6289,328|6289,484|6289,639|6289,773|6289,912|6289,1064|6289,1220|6336,121|6336,287|6344,125|6344,290|6344,421|6344,551|6344,681|6344,810|6344,942|6344,1075|6344,1206|6344,1338|6344,1484|6344,1608|6344,1733|6344,1862|6344,1986|6344,2115|6344,2243|6344,2373|6344,2502|6418,127|6418,292|6438,119|6438,281|6438,409|6438,532|6438,659|6438,777|6438,903|6438,1025|6438,1149|6438,1272|6438,1393|6438,1515|6438,1638|6438,1760|6438,1879|6438,1997|6438,2120|6438,2252|6438,2399|6438,2527|6438,2654|6438,2776|6438,2902|6438,3029|6438,3154|6438,3279|6438,3403|6438,3526|6438,3655|6438,3783|6438,3905|6438,4031|6438,4158|6438,4286|6438,4412|6529,121|6529,287|6532,121|6532,288|6532,413|6532,543|6532,666|6532,789|6532,911|6532,1040|6532,1162|6532,1285|6532,1406|6532,1527|6532,1647|6532,1766|6532,1892|6618,123|6626,115|6626,289|6626,425|6641,133|6641,307|6641,440|6641,570|6641,695|6641,819|6641,938|6641,1061|6641,1186|6641,1304|6641,1426|6641,1550|6641,1679|6641,1808|6641,1936|6641,2073|6641,2202|6641,2324|6641,2458|6641,2586|6641,2716|6641,2845|6641,2969|6641,3102|6641,3234|6641,3365|6641,3497|6641,3620|6641,3744|6641,3867|6641,3995|6641,4125|6641,4252|6641,4388|6653,120|6653,285|6653,408|6653,531|6653,668|6653,802|6653,923|6653,1043|6653,1162|6653,1315|6719,121|6719,323|6727,134|6727,299|6727,432|6727,559|6727,692|6727,815|6727,937|6727,1061|6727,1188|6742,121|6742,282|6749,115|6749,306|6753,134|6753,299|6753,432|6753,559|6753,692|6753,815|6753,937|6753,1061|6753,1188|6777,121|6777,312|6778,127|6785,119|6785,313|6785,439|6804,123|6804,288|6804,411|6804,533|6804,656|6834,125|6834,296|6834,425|6834,548|6834,675|6834,798|6834,928|6834,1058|6834,1194|6834,1329|6834,1464|6834,1594|6834,1723|6834,1853|6834,1980|6834,2107|6834,2236|6834,2358|6834,2485|6834,2608|6834,2734|6834,2856|6834,2980|6834,3108|6834,3236|6834,3367|6834,3496|6834,3632|6834,3755|6834,3877|6834,4006|6834,4134|6834,4262|6834,4400|6834,4526|6834,4654|6834,4781|6834,4903|6834,5032|6865,119|6865,281|6865,401|6865,519|6865,638|6865,762|6865,882|6865,1011|6865,1135|6865,1252|6865,1380|6865,1496|6865,1619|6865,1738|6865,1863|6865,1982|6865,2101|6865,2220|6865,2339|6865,2464|6865,2584|6865,2702|6865,2823|6865,2947|6865,3066|6865,3189|6865,3313|6865,3433|6865,3556|6865,3680|6865,3798|6865,3921|6865,4039|6865,4161|6877,117|6877,308|6908,125|6908,291|6912,128|6912,292|6912,413|6912,537|6912,656|6912,776|6912,900|6912,1018|6912,1141|6912,1264|6912,1385|6912,1505|6912,1627|6916,118|6916,281|6916,403|6916,525|6916,645|6916,764|6916,885|6916,1009|6916,1127|6916,1244|6916,1367|6916,1486|6916,1615|6916,1736|6916,1860|6916,1987|6916,2107|6916,2228|6916,2360|6916,2482|6916,2602|6916,2734|6916,2856|6916,2980|6916,3100|6919,127|6987,124|6987,287|6987,410|7021,121|7021,282|7062,127|7062,292|7071,133|7071,300|7071,419|7071,542|7071,660|7071,782|7071,903|7117,122|7117,288|7120,115|7120,306|7136,118|7136,281|7136,403|7136,525|7136,645|7136,764|7136,885|7136,1009|7136,1127|7136,1244|7136,1367|7136,1486|7136,1615|7136,1736|7136,1860|7136,1987|7136,2107|7136,2228|7136,2360|7136,2482|7136,2602|7136,2734|7136,2856|7136,2980|7136,3100|7139,133|7139,307|7139,440|7139,570|7139,695|7139,819|7139,938|7139,1061|7139,1186|7139,1304|7139,1426|7139,1550|7139,1679|7139,1808|7139,1936|7139,2073|7139,2202|7139,2324|7139,2458|7139,2586|7139,2716|7139,2845|7139,2969|7139,3102|7139,3234|7139,3365|7139,3497|7139,3620|7139,3744|7139,3867|7139,3995|7139,4125|7139,4252|7139,4388|7147,125|7147,296|7147,425|7147,548|7147,675|7147,798|7147,928|7147,1058|7147,1194|7147,1329|7147,1464|7147,1594|7147,1723|7147,1853|7147,1980|7147,2107|7147,2236|7147,2358|7147,2485|7147,2608|7147,2734|7147,2856|7147,2980|7147,3108|7147,3236|7147,3367|7147,3496|7147,3632|7147,3755|7147,3877|7147,4006|7147,4134|7147,4262|7147,4400|7147,4526|7147,4654|7147,4781|7147,4903|7147,5032|7156,115|7156,289|7156,425|7207,120|7207,301|7207,433|7207,566|7207,699|7207,847|7207,973|7224,110|7315,116|7315,307|7335,116|7335,307|7379,142|7379,328|7379,484|7379,639|7379,773|7379,912|7379,1064|7379,1220|7402,126|7402,297|7406,119|7406,281|7406,401|7406,519|7406,638|7406,762|7406,882|7406,1011|7406,1135|7406,1252|7406,1380|7406,1496|7406,1619|7406,1738|7406,1863|7406,1982|7406,2101|7406,2220|7406,2339|7406,2464|7406,2584|7406,2702|7406,2823|7406,2947|7406,3066|7406,3189|7406,3313|7406,3433|7406,3556|7406,3680|7406,3798|7406,3921|7406,4039|7406,4161|7560,123|7560,288|7560,411|7560,533|7560,656|7580,126|7607,119|7607,310|7611,128|7611,293|7611,414|7611,535|7611,658|7611,780|7611,903|7611,1025|7611,1147|7623,124|7623,288|7623,416|7623,550|7623,675|7623,801|7623,924|7623,1045|7623,1168|7623,1291|7623,1412|7623,1531|7623,1652|7623,1774|7623,1894|7623,2014|7623,2137|7623,2262|7623,2382|7677,125|7740,121|7740,288|7740,413|7740,543|7740,666|7740,789|7740,911|7740,1040|7740,1162|7740,1285|7740,1406|7740,1527|7740,1647|7740,1766|7740,1892|7801,128|7801,292|7801,413|7801,537|7801,656|7801,776|7801,900|7801,1018|7801,1141|7801,1264|7801,1385|7801,1505|7801,1627|7826,128|7826,292|7826,412|7826,534|7826,655|7826,775|7826,897|7826,1020|7826,1139|7826,1260|7826,1382|7879,128|7879,292|7879,412|7879,534|7879,655|7879,775|7879,897|7879,1020|7879,1139|7879,1260|7879,1382
22t23 5930,123|5930,227|5930,288|5930,349|5930,410|5930,475|5930,536|5930,600|5930,661|5930,739|5930,800|6121,119|6121,252|6121,313|6121,378|6121,439|6140,124|6140,287|6140,410|6646,125|7098,133|7098,239|7098,300|7098,358|7098,419|7098,481|7098,542|7098,599|7098,660|7098,721|7098,782|7098,842|7098,903
22z 5397,41|5482,45|5492,45|5594,40|5803,40|5860,49|5940,50|5949,48|5967,40|6090,38|6272,44|6311,42|6325,40|6404,44|6410,46|6545,41|6623,49|6659,44|6695,47|6792,45|6935,49|6945,46|6989,41|7008,46|7053,40|7069,46|7116,40|7242,45|7254,38|7256,41|7257,44|7273,40|7296,38|7370,41|7375,48|7443,41|7452,50|7524,38|7642,44|7820,42|7824,47
2399406a477c690ca17cc921eedccb1 6650,982|6892,982
23b39f82e562d262e188640baec4928c 6289,732|7379,732
23rd 6203,5014|6688,5014
23t01 6140,226|6140,349|6143,349|6143,475|6143,600|6143,739|6987,226|6987,349|7071,239|7071,358|7071,481|7071,599
23t02 6143,227
23t21 6749,245|6785,378|6865,1677|7406,1677
23t22 5436,120|5436,284|5436,412|5436,535|5436,668|5436,812|5436,937|5436,1063|5436,1186|5436,1307|5436,1430|5436,1558|5436,1681|5436,1802|5436,1921|5436,2047|5436,2179|5436,2310|5436,2432|5436,2552|5436,2672|5436,2795|5436,2920|5436,3040|5436,3160|5667,119|5667,284|5667,407|5667,529|5667,652|5667,775|5667,895|5891,117|5891,284|5891,407|5891,529|5891,650|5891,770|5891,889|5891,1015|5891,1140|5891,1270|5891,1393|5891,1522|5891,1644|5891,1767|5891,1888|5891,2008|6150,124|6150,288|6150,408|6150,530|6150,651|6150,771|6150,893|6150,1016|6150,1135|6150,1256|6150,1378|6150,1498|6264,121|6264,292|6264,421|6264,544|6264,671|6264,794|6264,924|6264,1054|6264,1190|6264,1325|6264,1460|6264,1590|6264,1719|6264,1849|6264,1976|6264,2103|6264,2232|6264,2354|6264,2492|6264,2615|6264,2741|6264,2863|6264,2987|6264,3115|6264,3243|6264,3374|6264,3503|6264,3639|6264,3762|6264,3884|6264,4013|6264,4141|6264,4269|6264,4407|6264,4533|6264,4661|6264,4788|6264,4908|6264,5030|6264,5159|6377,121|6377,295|6377,428|6377,558|6377,683|6377,807|6377,926|6377,1049|6377,1174|6377,1292|6377,1414|6377,1538|6377,1667|6377,1796|6377,1924|6377,2061|6377,2190|6377,2312|6377,2446|6377,2574|6377,2704|6377,2833|6377,2957|6377,3090|6377,3222|6377,3353|6377,3485|6377,3608|6377,3732|6377,3855|6377,3983|6377,4113|6377,4240|6377,4360|6377,4496|6771,118|6771,281|6771,403|6771,525|6771,645|6771,764|6771,885|6771,1009|6771,1127|6771,1244|6771,1367|6771,1486|6771,1615|6771,1736|6771,1860|6771,1987|6771,2107|6771,2228|6771,2360|6771,2482|6771,2602|6771,2734|6771,2856|6771,2980|6771,3100|6829,126|6829,297|7011,130|7011,295|7011,428|7011,555|7011,688|7011,811|7011,933|7011,1057|7011,1177|7011,1304|7054,124|7054,288|7054,409|7054,533|7054,652|7054,772|7054,896|7054,1014|7054,1137|7054,1260|7054,1381|7054,1501|7054,1623|7054,1743|7197,110|7197,319|7197,523|7388,125|7388,291|7388,415|7388,541|7388,663|7388,788|7388,910|7388,1031|7388,1155|7388,1278|7388,1401|7388,1523|7388,1647|7388,1770|7388,1892|7388,2015|7388,2136|7388,2258|7388,2382|7388,2505|7388,2630|7388,2750|7495,115|7495,277|7495,405|7495,528|7495,655|7495,773|7495,899|7495,1021|7495,1145|7495,1268|7495,1389|7495,1511|7495,1634|7495,1756|7495,1875|7495,1993|7495,2112|7495,2230|7495,2353|7495,2480|7495,2612|7495,2740|7495,2867|7495,2989|7495,3115|7495,3242|7495,3367|7495,3492|7495,3616|7495,3739|7495,3868|7495,3996|7495,4118|7495,4244|7495,4364|7495,4491|7495,4619|7495,4745|7585,116|7585,281|7585,404|7585,538|7585,657|7585,797|7585,921|7585,1044|7585,1167|7585,1290|7585,1425|7585,1545|7585,1679|7620,124|7620,289|7620,410|7620,531|7620,654|7620,776|7620,899|7620,1021|7620,1141|7620,1263|7635,115|7635,277|7635,397|7635,515|7635,634|7635,758|7635,878|7635,1007|7635,1131|7635,1248|7635,1376|7635,1492|7635,1615|7635,1738|7635,1857|7635,1982|7635,2101|7635,2220|7635,2339|7635,2458|7635,2578|7635,2703|7635,2821|7635,2942|7635,3066|7635,3185|7635,3308|7635,3432|7635,3552|7635,3675|7635,3799|7635,3917|7635,4040|7635,4158|7635,4278|7635,4400
23z 6581,57
2400003840f5dd30d8b8209957939de4 5422,634|7623,634
246462z 6738,462
248c886f582d7005be2632905daf8879 5534,3639|7033,3639
24ffd268475864c54b3ca45d3aaa5ea7 5954,627|6653,627
24t02 6785,252
24t22 6264,1129|6264,1264
24t23 5891,223|5891,346|5891,468|5891,589|5891,709|5891,828|5891,954|5891,1079|5891,1209|5891,1332|5891,1461|5891,1583|5891,1706|5891,1827|5891,1947|6264,231|6264,360|6264,610|6264,733|6264,993|6264,1399|6264,1788|6264,1915|6264,2042|6264,2171|6264,2293|6264,2431|6264,2554|6264,2680|6264,2926|6264,3054|6264,3182|6264,3313|6264,3442|6264,3578|6264,3701|6264,3952|6264,4080|6264,4208|6264,4346|6264,4600|6264,4727|6264,4847|6264,4969|6264,5098|6377,234|6377,367|6377,497|6377,622|6377,746|6377,865|6377,988|6377,1113|6377,1231|6377,1353|6377,1477|6377,1606|6377,1735|6377,1863|6377,2000|6377,2129|6377,2251|6377,2385|6377,2513|6377,2643|6377,2772|6377,2896|6377,3029|6377,3161|6377,3292|6377,3424|6377,3547|6377,3671|6377,3794|6377,3922|6377,4052|6377,4179|6377,4299|6377,4435|6727,371|6727,631|6727,754|6727,1127|6753,371|6753,631|6753,754|6753,1127|7011,367|7011,494|7011,627|7011,750|7011,872|7011,996|7011,1116|7011,1243|7197,462|7635,216|7635,336|7635,454|7635,573|7635,697|7635,817|7635,946|7635,1070|7635,1187|7635,1315|7635,1431|7635,1554|7635,1796|7635,1921|7635,2040|7635,2159|7635,2278|7635,2397|7635,2517|7635,2642|7635,2760|7635,2881|7635,3005|7635,3124|7635,3247|7635,3371|7635,3491|7635,3614|7635,3738|7635,3856|7635,3979|7635,4097|7635,4217|7635,4339
25121e5a7c7f0d4fc5da94cf9ba8d66d 7327,1374
254745c04f675a2ac518b5401119d6c2 6287,694
25532e53a65d2abcc0010d9305d3f060 5911,563
258d675be5974f58da8a4ca6050abff6 6200,1567|6344,1567
25d02ec1516adfb6e1857c827b1f2f4b 6771,1086|6916,1086|7136,1086
25f 5701,9941|5701,15161|6571,12175|6571,17395|7279,10456|7466,5065|7532,9582|7532,14714|7536,5065
25t19 7161,117|7161,2089|7161,2623
25t23 5883,236|6829,236|7011,234|7197,258|7402,236
25z 5505,41|5547,40|5659,45|5809,40|5849,38|5952,49|6201,38|6355,44|6539,45|6575,50|6627,45|6825,42|6904,50|6917,40|6997,39|7035,49|7108,50|7260,41|7276,40|7282,39|7301,44|7344,41|7356,38|7428,45|7722,40|7728,41|7866,42
260925b76494f14946022304cadc78f5 6544,1103|7508,1103
26300f8733a4f9f7dbd77562ec61eaf1 6490,2776|7528,2776
266a8417 7916,7756|7938,7756
2680edcaa8e564c028702a56b2c09ac7 6051,373|7611,373|7620,369
26t00 7071,721|7071,842
26t03 7740,1705
26z 5807,47|6187,43|6256,42|6463,44|6701,42|7028,42|7106,40|7149,40|7288,38|7321,46|7600,47
271b9932ea6904a69f710e1923e67680 5948,348
27s_coeffici 5592,1461|6005,683|6106,637|6166,1965|6173,683|6400,1965|6546,1965|6962,653|7171,653|7708,1461
27t00 6189,251|6719,262|7406,3252
27z 7586,47|7694,50
281efab0c805e479bea659fb73f52701 5596,1481
282648ed62130469d9a01b85ddf900a1 5436,1880
282a1b915383daa6703b1bb03d02c88f 6947,674
28a02797d3e708d30788571d187faa30 7128,1129
28a65fad5732ee902a0dc54b43e33dd 7144,1076
28b7342 7916,7108|7938,7108
28t19 7406,1558|7406,3860
28z 5522,40|5533,44|5550,44|5560,45|5670,45|5671,38|5769,46|5773,43|5870,49|5903,40|5933,49|5984,46|6470,44|6635,43|6760,44|6902,50|6933,38|6951,40|6954,50|7042,46|7122,48|7148,49|7199,48|7358,44|7364,49|7420,38|7481,44|7628,43|7707,45|7808,43|7811,40|7873,43
293230e8fae719ae191e2265b716cf9 7161,976
293bbb23a31bb593e7d0fe31ed74ef6d 6650,2449|6892,2449
2960120d44d81438c0b7e5aa921ba954 6834,2815
2960db6cafa4c066e1f376d39f6c7ac8 5436,2391
29b840bee241c24be06df52bb994b08f 5422,2096|7623,2096
29t07 6727,876
29t23 7147,2795
29th 6203,5037|6688,5037
29z 5585,58|6449,45|6584,58|6932,40|7193,58|7446,38
2b09cf4e5d1b6b74b112c601ecbbfc82 5785,2358|6438,2358
2b462fd09604784dab8521478433c3bb 7144,2810
2b9a36de929bc46cbcaaa20352e5af7f 6532,247
2bd999a2e3bef398e8ce1de1592ebc98 7144,815
2c005082c40d729d14839a75fd586ee5 5954,882|6653,882
2c8875270ad042926325c5e7463ffd9a 5785,618|6438,618
2d 7884,196|7893,297|7909,297
2dd1dc10242413ab447ad8f0331148e0 6777,271
2dfab846b8595f46ae29cf0453e1a9e3 5534,994|7033,1124
2e40ba0fa5971c3a8f990af64edb4d20 7635,3511
2e44cfb24b30219d24968b99d4de0f63 5785,3614|6438,3614
2e79cdfa5ef6029ddf33eb8c64ebca9c 6080,949|6399,949
2e94fdcec13c7620a6f80a8f2d6fd319 7495,2312
2f 6272,23648|6272,23686|6404,23648|6404,23686|7382,23648|7382,23686
2ff52960d6f4201efd1a0a83e51fe074 6641,3954|7139,3954
2gb 5481,2989|5848,1643|6037,1722|6050,1716|7441,1568|7592,1689|7860,1722
2go 6048,31722|6048,31744|6048,31766|6048,100250|7853,31722|7853,31744|7853,31766|7853,100250
2k 5372,235|5376,457|5377,254|5378,188|5380,232|5384,168|5385,461|5389,181|5391,220|5394,152|5398,164|5403,393|5405,232|5409,174|5410,152|5412,252|5413,190|5416,186|5419,178|5421,484|5424,152|5427,144|5428,144|5432,251|5433,174|5434,258|5438,184|5439,291|5440,182|5441,162|5442,180|5443,676|5444,146|5445,532|5446,216|5447,188|5452,156|5453,172|5454,438|5459,168|5461,164|5463,201|5465,188|5466,224|5467,154|5468,164|5469,210|5471,178|5475,142|5477,182|5479,1062|5480,446|5486,174|5488,172|5490,160|5491,152|5493,168|5497,182|5499,316|5500,142|5504,176|5507,176|5508,164|5509,166|5511,452|5512,158|5513,222|5514,184|5515,216|5517,484|5518,484|5519,184|5520,506|5523,418|5526,442|5527,365|5529,150|5531,201|5536,174|5541,390|5543,172|5545,168|5546,182|5548,192|5551,161|5552,174|5555,179|5558,178|5561,192|5562,908|5565,186|5566,182|5568,637|5569,956|5571,162|5573,172|5575,474|5578,226|5580,848|5581,172|5582,479|5589,567|5590,161|5595,178|5598,174|5599,184|5601,168|5602,515|5604,198|5606,422|5608,170|5609,172|5612,156|5613,433|5614,180|5617,197|5620,222|5624,194|5625,178|5631,152|5633,346|5636,172|5637,168|5642,198|5644,234|5645,452|5650,226|5653,421|5656,194|5657,556|5658,190|5660,238|5661,208|5662,437|5664,178|5665,291|5666,452|5668,216|5669,567|5672,168|5673,232|5674,172|5675,194|5677,150|5678,164|5679,379|5680,160|5682,208|5683,158|5688,178|5689,222|5690,174|5691,761|5692,650|5694,182|5695,297|5696,475|5699,142|5704,633|5706,152|5707,196|5709,154|5714,190|5717,174|5718,160|5719,172|5721,721|5724,220|5725,180|5726,172|5727,210|5728,162|5729,160|5730,206|5732,422|5733,168|5734,172|5735,232|5736,264|5737,281|5738,188|5739,182|5741,172|5742,451|5743,482|5749,304|5751,170|5752,483|5757,511|5758,238|5761,456|5766,149|5768,154|5770,196|5771,473|5774,506|5778,202|5781,211|5782,171|5784,184|5786,210|5787,457|5788,164|5789,153|5791,166|5792,172|5794,719|5795,149|5798,180|5804,198|5805,188|5808,482|5812,164|5815,520|5818,653|5821,166|5822,186|5824,180|5825,168|5826,168|5827,170|5828,657|5829,425|5832,257|5833,456|5835,162|5838,152|5839,181|5842,180|5844,152|5846,160|5847,212|5850,226|5852,126|5859,699|5865,478|5866,154|5867,460|5868,176|5869,184|5871,188|5872,190|5877,158|5879,236|5881,170|5882,178|5884,409|5885,185|5888,200|5889,600|5890,212|5892,168|5896,156|5898,170|5902,156|5904,148|5906,160|5912,162|5916,172|5918,195|5919,534|5921,162|5922,201|5923,194|5925,455|5928,1183|5931,414|5935,167|5937,196|5939,206|5941,198|5942,176|5943,152|5944,152|5945,184|5947,174|5956,462|5957,194|5959,190|5960,311|5962,190|5963,160|5965,1133|5968,180|5971,168|5974,848|5975,206|5977,577|5979,152|5983,170|5986,162|5987,164|5988,190|5989,164|5990,166|5991,505|5992,918|5993,170|5994,478|5996,154|5997,178|5999,230|6000,238|6002,170|6003,182|6004,617|6006,205|6008,216|6009,541|6011,677|6013,160|6020,186|6022,222|6023,230|6024,236|6025,241|6026,285|6028,160|6030,594|6032,172|6034,452|6035,220|6040,170|6043,178|6049,152|6055,456|6056,918|6057,162|6058,148|6059,167|6060,182|6061,186|6064,168|6065,162|6066,180|6067,170|6068,172|6069,172|6070,194|6073,162|6075,232|6077,196|6078,838|6079,146|6081,382|6082,168|6086,269|6089,695|6091,176|6092,196|6093,208|6094,160|6095,178|6096,318|6097,170|6098,192|6099,165|6101,160|6102,178|6103,156|6107,462|6108,935|6110,457|6111,156|6112,219|6114,180|6117,142|6118,142|6122,506|6123,164|6128,134|6129,200|6130,186|6131,164|6132,170|6137,168|6141,210|6142,220|6146,180|6147,202|6151,149|6154,238|6155,224|6156,945|6157,178|6159,178|6160,172|6162,184|6163,156|6165,197|6167,212|6168,180|6169,305|6171,172|6174,446|6176,184|6177,146|6178,168|6183,237|6184,829|6185,176|6188,160|6196,266|6202,156|6206,733|6208,624|6211,309|6215,516|6217,180|6218,188|6219,172|6220,166|6222,156|6224,180|6226,195|6227,511|6229,254|6230,643|6231,182|6232,172|6234,144|6236,454|6238,699|6243,287|6244,184|6248,168|6251,176|6252,164|6253,162|6257,214|6259,468|6265,218|6266,174|6268,150|6269,298|6270,186|6271,232|6274,153|6278,178|6282,146|6283,190|6285,180|6291,394|6296,170|6297,170|6298,118|6300,164|6301,180|6302,214|6304,170|6307,462|6308,514|6309,214|6310,554|6313,172|6315,189|6319,180|6320,180|6322,174|6327,170|6328,178|6329,166|6330,174|6332,300|6333,466|6337,180|6338,204|6339,160|6345,210|6346,666|6348,414|6350,348|6351,594|6352,208|6354,163|6357,154|6358,174|6359,169|6362,196|6364,226|6365,159|6366,185|6368,445|6369,200|6373,216|6374,166|6376,437|6378,145|6381,168|6383,236|6384,178|6386,160|6387,1067|6389,202|6393,290|6396,453|6398,154|6407,309|6411,168|6412,178|6413,478|6414,200|6416,188|6417,393|6420,186|6423,152|6425,164|6426,643|6429,245|6432,174|6433,186|6434,166|6440,329|6441,299|6442,195|6443,160|6445,198|6448,985|6451,194|6452,458|6453,186|6455,182|6456,453|6458,182|6460,198|6461,197|6462,556|6464,479|6466,188|6468,176|6473,379|6474,178|6477,164|6478,214|6482,453|6485,151|6486,447|6487,252|6488,178|6489,190|6494,163|6497,204|6500,196|6502,236|6504,210|6506,172|6507,178|6513,170|6520,189|6523,162|6525,172|6530,154|6531,202|6536,188|6537,210|6542,172|6543,210|6548,138|6549,499|6550,241|6554,477|6556,460|6558,154|6559,164|6562,414|6563,154|6564,204|6565,194|6568,361|6569,160|6570,184|6576,166|6579,188|6580,166|6582,142|6586,190|6587,176|6588,150|6591,298|6593,176|6594,184|6597,224|6600,168|6602,145|6606,176|6607,176|6609,160|6610,184|6613,957|6614,178|6616,172|6620,160|6622,172|6628,176|6632,747|6636,174|6639,319|6643,158|6644,724|6649,1128|6652,228|6654,142|6655,216|6656,206|6660,164|6661,212|6662,461|6665,172|6666,180|6667,196|6669,643|6670,159|6671,200|6673,180|6674,180|6676,236|6677,168|6678,225|6680,180|6682,168|6683,160|6685,170|6687,168|6689,172|6690,188|6691,184|6693,192|6697,331|6699,182|6704,454|6705,196|6708,699|6713,458|6714,226|6715,220|6716,206|6720,200|6721,228|6724,148|6725,166|6726,719|6728,168|6731,186|6734,285|6735,178|6737,182|6741,176|6743,196|6748,178|6750,172|6752,158|6754,166|6756,676|6757,182|6758,218|6759,172|6761,179|6762,168|6764,194|6766,721|6768,945|6769,188|6770,142|6772,150|6774,178|6776,150|6780,172|6781,178|6783,1067|6789,220|6790,190|6793,154|6795,166|6796,460|6797,622|6798,361|6801,146|6802,456|6803,180|6805,254|6807,197|6808,180|6809,172|6812,176|6814,160|6815,172|6818,448|6821,174|6822,170|6826,214|6827,654|6831,482|6841,166|6844,450|6846,348|6849,500|6850,208|6853,178|6857,164|6860,156|6864,174|6866,241|6868,489|6869,281|6870,174|6871,212|6880,194|6881,164|6882,182|6886,164|6887,226|6888,222|6889,637|6893,186|6896,447|6897,198|6899,455|6900,196|6905,164|6906,166|6907,192|6909,218|6911,458|6914,198|6921,182|6922,228|6924,160|6925,166|6926,1133|6927,144|6931,156|6934,170|6940,184|6941,176|6946,454|6949,200|6953,159|6955,192|6956,172|6957,956|6958,168|6960,154|6971,186|6972,168|6976,170|6977,178|6978,162|6981,172|6982,192|6983,241|6986,222|6991,168|6992,150|6994,198|6998,184|7000,180|7001,162|7003,184|7004,188|7006,184|7010,212|7013,162|7014,198|7015,166|7017,174|7019,206|7020,184|7022,448|7024,174|7025,182|7026,304|7027,154|7031,156|7036,152|7039,160|7040,222|7043,178|7044,448|7047,156|7048,448|7050,184|7051,170|7052,220|7055,829|7056,144|7059,1194|7060,178|7063,162|7064,594|7066,452|7070,453|7073,168|7078,180|7079,160|7080,180|7083,233|7084,188|7086,252|7089,170|7091,200|7095,160|7097,405|7099,164|7101,170|7104,190|7105,181|7107,578|7110,253|7111,160|7112,134|7114,176|7118,162|7119,162|7121,985|7123,387|7126,176|7127,212|7129,189|7130,318|7131,154|7132,419|7133,172|7135,184|7138,174|7142,242|7143,236|7146,212|7151,418|7153,156|7155,206|7158,164|7159,178|7160,460|7163,220|7164,154|7165,170|7168,170|7177,160|7179,164|7180,188|7181,188|7183,174|7185,188|7189,220|7192,510|7194,212|7196,226|7198,508|7201,149|7203,170|7204,156|7205,900|7206,172|7209,198|7214,212|7215,208|7218,170|7219,166|7222,152|7226,514|7229,315|7236,453|7237,148|7238,446|7240,150|7249,168|7250,172|7253,182|7255,158|7258,184|7264,164|7265,156|7268,160|7269,1183|7271,150|7275,164|7277,164|7280,208|7284,166|7285,224|7289,190|7290,156|7291,657|7295,164|7297,178|7304,168|7306,160|7307,164|7309,224|7310,172|7314,208|7317,346|7318,171|7319,172|7323,197|7325,184|7330,514|7331,444|7333,164|7334,188|7341,198|7345,172|7346,170|7347,182|7348,569|7352,160|7353,186|7354,184|7359,164|7360,186|7361,449|7362,176|7363,449|7365,218|7366,197|7367,188|7368,156|7371,220|7372,443|7374,405|7381,170|7383,182|7385,195|7386,216|7387,212|7389,176|7390,166|7392,165|7393,168|7398,211|7399,194|7401,168|7408,164|7410,176|7413,456|7414,180|7417,188|7418,460|7419,162|7421,180|7423,449|7427,168|7429,168|7430,186|7431,198|7434,226|7437,218|7438,182|7439,206|7440,180|7442,176|7445,170|7447,665|7450,478|7453,144|7455,159|7456,164|7458,172|7459,188|7461,178|7462,272|7464,168|7467,404|7469,252|7471,172|7474,238|7475,166|7478,653|7480,168|7482,194|7483,405|7484,158|7485,160|7487,160|7490,156|7491,162|7492,172|7493,208|7496,172|7497,1002|7500,212|7503,186|7504,177|7507,643|7509,176|7510,357|7511,329|7512,457|7513,192|7516,452|7517,226|7518,394|7519,242|7520,178|7521,170|7523,182|7526,180|7529,172|7533,180|7534,152|7542,182|7545,456|7547,162|7548,172|7549,162|7550,266|7552,208|7553,156|7554,177|7555,222|7556,174|7566,168|7567,134|7570,214|7571,509|7575,186|7576,251|7578,214|7579,665|7581,291|7583,488|7587,170|7588,176|7589,188|7590,176|7591,843|7594,160|7595,176|7598,164|7599,160|7602,208|7603,162|7604,174|7606,451|7608,151|7612,160|7614,234|7615,214|7616,184|7618,206|7621,180|7622,499|7625,152|7626,190|7627,178|7629,168|7633,174|7634,419|7636,202|7637,466|7639,197|7641,169|7643,172|7644,164|7645,160|7647,169|7650,460|7652,653|7654,622|7657,166|7661,208|7662,164|7665,152|7667,166|7668,198|7669,826|7674,164|7679,160|7681,245|7682,190|7683,208|7685,162|7686,172|7688,460|7689,182|7695,189|7697,164|7699,204|7700,168|7701,267|7702,160|7703,859|7705,210|7706,182|7709,152|7711,176|7714,180|7724,164|7725,152|7727,190|7731,170|7734,212|7735,176|7738,457|7739,152|7741,180|7742,521|7743,516|7746,216|7748,218|7749,254|7750,134|7752,637|7758,174|7763,225|7768,172|7769,152|7774,196|7780,451|7782,188|7785,156|7786,162|7787,877|7788,150|7790,176|7793,168|7799,172|7800,194|7802,162|7804,293|7806,196|7812,156|7814,594|7817,170|7818,186|7819,182|7822,184|7831,172|7835,181|7836,134|7839,164|7840,476|7841,154|7842,160|7843,208|7845,507|7846,220|7848,180|7849,268|7852,164|7854,172|7855,160|7856,202|7857,747|7864,192|7865,382|7868,826|7870,186|7871,218|7875,164|7880,534|7881,461|7882,182
2m 5473,5298|5579,8413|5579,8615|6272,8445|6272,8647|6355,8413|6355,8615|6404,8445|6404,8647|6454,5646|7382,8445|7382,8647
2tango 6048,355964|7853,355964
