0
99
309
337
487
592
628
668
769
798
840
872
912
943
1169
1207
1245
1267
1610
1637
1677
1714
1770
1809
1871
1912
4963
5005
5044
5086
5127
5157
5195
5237
5315
5396
5435
5477
5521
5559
5599
5631
5669
5698
5744
5771
5801
5902
5934
5964
6006
6035
6069
6104
6131
7218
7252
7308
7339
8200
8286
8319
8391
8431
8479
8510
8681
8752
8792
8831
8871
8913
8951
8979
9047
9087
9125
9785
9824
9866
9906
9944
9984
10018
10059
10100
10347
10654
10709
10747
10789
10891
10933
10976
11017
11060
11098
11140
11183
11223
11263
11303
11342
11384
11425
11842
11936
12196
13459
13497
13539
13577
13619
13648
13809
13850
13973
14002
14041
14082
14122
14160
14232
14270
14308
14349
14390
14427
14468
14505
14544
14585
14627
14656
14710
14767
14806
14909
15013
15144
15182
15239
15280
15320
15361
15398
15468
15509
15550
15591
15630
15718
15758
15798
15840
15880
15911
15951
15990
16031
16071
16162
16203
16243
16283
16323
16364
16436
16476
16517
16558
16595
16636
18020
18060
18098
18139
18402
18435
18524
18553
18621
18660
18722
18789
18842
19055
22354
22416
22467
22529
23260
23286
26655
27450
27478
27550
27658
27687
29225
29254
29364
29651
29805
29833
29863
29938
30046
30080
30157
30440
30755
30860
30895
30933
30972
31013
31079
31116
31157
32030
32060
32257
32309
32455
32495
32525
32566
32678
32783
32822
32846
32888
32926
32955
32971
33261
33331
33372
33411
33450
38604
38793
38850
38897
38917
39074
39104
39136
39331
39410
39445
39474
39512
39603
39642
39678
39718
39760
39796
39837
39876
39916
39946
39977
40009
40050
40085
40124
40160
40189
40219
40738
41588
42338
42373
42424
55122
55675
55806
57972
58012
58136
58175
58214
58250
58287
59262
59375
59436
59472
59511
59582
59618
59674
59716
59755
59795
59836
59877
59947
59985
60026
60062
60098
60136
60166
60201
60253
60292
60331
60370
60407
60495
60646
60682
60729
60761
60792
60856
61062
61097
61133
61171
61212
61358
61484
61522
61591
61624
62968
63219
63464
63576
63671
63722
63924
63962
65378
65549
65588
65681
70390
70427
70616
70736
70768
70806
70845
74039
74082
74121
74152
83284
83328
83359
83428
83532
84032
84075
84121
84157
84246
84612
84829
85370
85402
85669
85710
85741
87453
87645
87689
87826
87891
88876
88905
97172
97225
97244
97282
97318
97403
97521
97559
97602
98315
98343
98400
98767
98799
98852
99618
99652
99758
99789
99828
100111
100139
100174
100242
100278
100315
100353
100392
100491
100531
100572
100607
100649
100702
100803
102800
102831
102856
102913
102940
103021
103056
103180
103211
103247
103285
103323
103363
105703
105734
105798
105828
105868
105906
105936
105966
106082
106120
106493
106860
107048
107349
108000
108121
108159
108199
108230
108269
108309
108582
108801
108926
109577
109668
109710
109739
109781
109822
109860
109900
109939
109978
110019
118696
119322
119898
120687
121426
121556
121647
121794
127677
127741
127794
127859
127998
128034
128100
128410
128555
128633
128671
128722
128755
128809
128839
129333
129363
129394
129801
129833
129872
129907
129933
129967
130002
130044
130085
130125
130162
130203
130239
130262
130313
130326
132316
132350
132364
132418
132468
132531
132714
132743
132776
138344
138416
138665
143188
143217
143277
143338
145041
145103
145131
145433
145716
146026
146690
148071
148103
148242
148299
148381
148406
150449
150526
151551
151638
151668
151723
151763
151792
151824
151855
151968
152007
152045
152073
152108
152145
152183
152214
152249
152288
152315
152348
152974
153200
153335
153362
153621
153782
153898
153930
153963
154001
154040
154098
154463
154495
154571
154601
154630
155212
156561
156576
156604
156639
156676
156716
156793
156864
156904
156944
156985
157075
157112
157153
157185
157225
157265
157303
157477
157516
157557
157597
157633
157673
157714
157754
157790
157828
157870
157936
157977
158017
158047
158139
158168
158204
158284
158396
158432
158562
158632
158687
158725
158766
158801
158864
158943
158980
159152
159186
159225
159261
159300
159342
159494
159548
159589
159630
159668
159699
159973
160027
160080
160397
160719
161064
161260
161358
161457
161557
161699
161841
161964
162050
162258
162290
162320
162358
162409
162437
162607
162650
163071
163734
163746
164516
165260
165332
170623
170662
170728
170768
170806
170955
170984
171133
171169
171210
171251
171338
171375
171416
171456
171494
171522
171549
171591
171630
171659
171697
171739
171771
171808
171845
171885
171916
171963
172001
172037
172072
172134
172469
172499
172537
172571
172723
172828
172859
172972
173007
173047
173082
173122
173162
173192
173531
173572
173603
173637
173664
173726
173762
173800
173834
173864
173900
173931
173971
174012
174053
174125
174162
174203
174412
174451
174489
174529
