0
27
55
155
951
3694
3968
11158
12372
25034
26882
26917
26952
26977
27011
27563
27602
27636
27808
48214
48589
48617
48654
48668
48707
48733
48768
48816
48843
48889
48919
48952
48985
49135
49191
49267
49475
49503
49536
57986
58019
58049
58097
58446
58507
58538
58572
58600
58661
58694
58724
58757
58812
58845
59378
59513
59684
59891
60057
61681
61932
62401
62431
62461
66327
66419
66485
66557
66632
66705
66789
68885
68916
75897
76370
76388
76790
76811
76884
77620
78280
78329
78346
78415
139413
139737
139994
140022
140053
140086
140115
140132
140225
140305
140352
140405
140421
141341
142887
143017
143064
143101
143174
143191
143390
143899
144091
144189
144267
144344
144421
144521
144663
144805
144928
145014
145222
145238
145289
145304
145322
145370
145401
145503
145533
161660
161691
161740
161769
161806
161835
163844
164074
164103
165190
165220
165273
179222
179480
179728
179878
179924
179990
181051
181538
181556
181602
181651
181677
181823
181896
181945
182008
182168
182205
194050
194098
194157
194351
194381
194870
196533
196567
197052
