0
12649
38131
38166
38181
38210
38237
38264
38406
38525
38554
38596
38625
38718
38816
38869
38920
38949
38978
39007
39036
39087
39116
39145
39218
39295
39320
39438
39467
39494
39523
39571
39600
39627
39656
39730
39759
39772
39799
39834
39869
39896
39939
39966
39979
40008
40037
40090
40132
40791
40888
40913
40966
160981
161034
161063
161088
161139
161192
161219
161257
161310
161339
161402
161444
161487
161537
161590
161617
161670
161721
161795
161824
161853
161895
161943
162158
162241
162270
162315
168536
168563
175937
182732
182793
182821
183216
183245
183298
183327
183354
183404
183479
183506
183559
183606
183658
183687
183716
183742
183785
183814
183841
183892
183921
183948
183998
184027
184056
184109
184152
189901
189976
190025
190077
190130
190226
190255
190284
190327
190354
190476
190503
190571
190600
190627
190679
190708
190735
190764
190793
191229
191258
191284
191313
191342
191462
191487
191539
191760
191803
191846
196570
198347
198372
198494
198545
198574
198794
198821
198850
199700
201091
201353
201404
201744
202085
202112
202141
202213
202242
202846
202969
202998
203025
203054
203105
203227
203256
203309
203338
203432
203461
203514
203543
203596
203625
203678
203731
243783
243810
243837
243914
243962
243991
244092
244145
244174
244227
244256
244285
244430
244458
244533
244562
244639
244692
244721
244804
244857
244886
244939
244968
244996
246003
246056
246109
246138
246167
246196
246382
246411
246488
246517
246546
246575
246604
246632
246733
246762
246791
246844
248449
248502
248544
248571
249951
250004
250033
250061
250532
250561
250613
250904
250957
250986
251028
251104
251157
251200
251228
251280
251330
251405
251434
251500
251649
251678
251715
251744
251771
251813
254082
254135
254164
254192
254221
254365
254394
254423
254497
254574
254616
254644
254769
254798
254816
254867
255007
255178
255590
255905
255934
255997
256073
256124
256153
256180
256207
256234
256358
256411
256464
256536
256589
256618
256669
257301
257330
257470
257804
257833
257949
258071
258098
258220
258249
258277
258306
258472
258501
258530
258559
260677
260706
260749
260802
260845
261037
261066
261117
261355
262583
262636
262800
262843
262963
263223
263588
263680
263709
263761
264819
264872
264901
264952
265003
265610
266429
266457
266507
266865
266892
266984
267013
267065
267269
267296
267323
267350
268118
268161
268214
269992
270086
270259
270296
270323
270365
270418
270471
270514
270556
270598
270640
270682
270735
270778
270830
270893
270953
270995
271048
271090
271133
271186
271237
271280
271323
271365
271408
