6016475a056af45f9b1947c0233539c 5436,2269
6018fb7d478a8af3d7106b766eebda88 6080,3197|6399,3197|6771,2939|6916,2939|7136,2939|7144,3209
607b7ba03e3bd69df7947d9696dde8f2 6377,1373
6090665c80b9cde0bfa8cce65595c1dc 7128,856
60c6e892271216831e654c1d489406f6 6834,1288|7147,1288
610635z 6490,2188|6947,1805|7528,2188
610a112c213c31946e7c94126d9d7da6 5455,1118|5855,1118|7388,1114
610d91ca3f57da329c5cf5a82ab7dd3c 5596,411
610e36a295b1a82e19c0de750efdedc7 6936,1253
61260716a63db0953e7dab5fdb32052f 6472,849
6180f7f5b6753739590b257352e886e9 6264,1549
61b941c288c344918d9198374fb7c3dd 6080,2004|6399,2004
61cac265626f3d3854fac54528b834bd 5436,2511
62245bb29f8b60f29180e205013e56e8 6198,1235
62ca8de8403757a6f75203741459a20c 6650,2711
62d3353a2326474d14a26e25cd979706 7406,1578
634137f742058fe906a15ff25a51bd61 6865,841|7406,841
63b7984679631739f9754cc8b6889c4e 6472,1116|6540,1116
63fd6a6e038d0d4438f516f89b4a4dbd 6200,1165|6344,1165
64ae55970ea0359c68ac38a1506e3bbb 6650,2048|6892,2048
650873e29c02e8776dc37efd509ddff3 7098,378
653f17aebe2b72f4c3ce1f14ca286b04 7327,430
6542108053f9cf05449aa041f1384c2f 7495,2439
65e519a972c7351198ba3da0ec2d01f 5596,1076
6604fc563dfe5bb353af6da638ff830f 6834,3455|7147,3455
6636cf0156107c4fc90d0d8906d10190 5911,697
664537z 5534,1187
666ec139e4a4b183132ff507b374754c 6771,3059|6916,3059|7136,3059
66d64c8b32782dd45618cb91dcbddb8d 6651,694|6755,694
6794188a7f760ae130b04ad77eca1570 6490,2261
67cfca1520bfba093cbe46c28a686977 5785,1474|6438,1474
67fda9254ecdf51450f806b34e5c744d 5911,1368
680e85e682e2f13e66e151e6cf24af5d 6865,597|7406,597
682cf20ff71de9535dac1571844086cc 6641,3193|7139,3193
684a454fd7ec45b274c23a265a91042f 5436,2754
68de00bc38675d74b6b0cc02c4070244 7315,266|7335,266
68ef9a4464af1a5fef772b4405b7f439 5450,300|6125,300
6978122abe3a6b4c739132f4830f0d42 6947,1210
697c64caf842c758c7eba28c40edf697 5374,2496|6518,2496
699189z 7537,616|7537,1013|7537,1146
69a3d7c7fa7a338ab3c0931b11fc006c 7620,980
69a8037eab0a004b0b2a83d94c30ac6d 6200,2202|6344,2202
69a9649e888be6f2c182b1fb4b253722 5534,1656|7033,1656
69b4769988b6bf76d44bb93ba626b312 5534,2847
69f66afcb93f635ea2b438d757182a5d 5911,966
6a1e1d550ba697594bb6fbf66dcedf55 7098,741
6a2ba49394cd93a997a816e7c30850a1 6472,983
6a427970bdfe9379d98924b3dbf1a49b 5930,495
6b04e0a3d31ecb1878c6a2e5a84642f8 5874,1483|6287,1483
6b8e8105631d884719e89d929268cf89 6472,1520
6bbe81de572624721691a4937fc4a7e 5785,4371|6438,4371
6bd447155a4ca97376d44b8cb884ac42 5891,1726|6532,1244|7740,1244
6be0511056d099d9f8b4490ccae7af93 6771,968|6916,968|7136,968
6bec190e92dee6b93d71037f162f2dc7 7098,619
6bef4d1addff09d724b05d9c63919b95 5785,3238|6438,3238
6c01ba3249e21fc210eb5bcabb5d8f71 7740,625
6d049bc07234c41c7ed2ffb3b4060172 7033,2847
6d6698ddf5f6eef484376f7f4d93a9ba 5534,3382|7033,3382
6d9a5818c85e7b7df844c28420c13468 5954,244|6653,244
6e561b45945e8cf8665d55477d201877 6490,2390
6eb3a32ca1f2ae1c5a67b74cd322499c 7161,3244
6ed977b73b96ce3f9f843f18b82e9ab3 6143,620
6eeb9629f1dda84b98d69ddcb40e5775 6947,2534
6f0c9da576b1438036c5c04075c8e9 5891,1099
