401e153b8e98d14ff31036544a6d5371 7071,259
40205f1502e909708a15e98651764b23 5891,848
4054c8ddec20c52669c07c5538d2e7c9 5422,1733|7623,1733
40efd02d03bcd7fdf8f1b2b6f05d3eb5 6264,753
40th 6048,195521|7853,195521
40z 5388,39|5395,42|5404,44|5418,43|5456,43|5464,45|5478,42|5525,47|5542,42|5646,44|5676,45|5711,38|5716,44|5806,41|5819,43|5840,45|5861,44|5929,41|5966,45|6031,43|6133,44|6145,41|6153,38|6164,45|6181,43|6194,43|6216,42|6221,43|6233,44|6280,43|6335,42|6424,45|6499,38|6514,40|6578,45|6585,42|6590,44|6596,45|6604,44|6621,43|6633,46|6637,43|6640,38|6648,46|6686,40|6736,44|6775,44|6800,44|6837,43|6875,38|6942,44|6980,44|6993,42|6999,45|7018,40|7072,44|7090,43|7113,42|7152,38|7190,45|7221,44|7235,45|7274,41|7329,42|7339,40|7340,44|7373,43|7400,43|7411,46|7422,38|7525,47|7539,43|7561,38|7568,42|7597,43|7678,62|7690,43|7696,34|7698,44|7765,45|7805,38|7809,44|7832,43|7851,38
4132748a211d13f68381b1b291c73bb2 6834,384|7147,384
417170b1c73b128b179e85b236add982 5422,1371|7623,1371
41799a651c11e1ea63e45ba3ef6809b6 5436,1640
41836c2330cd2d415a224ffe715b8d91 6377,4072
419862z 6080,478|6080,611|6080,2455|6080,2982|6080,3115|6080,3250|6399,478|6399,611|6399,2455|6399,2982|6399,3115|6399,3250|7144,474|7144,607|7144,2464|7144,2994|7144,3127|7144,3262
41ab59f54de573e75583f6996a4ba30f 5596,1338
41c47dea8597c99a69eb979895f5f624 6289,443|7379,443
42b08753aad6f5b574ef61ffb9350e98 7564,696
42z 6786,63
4369a33c7201e571f00fe6365dff5545 6490,2519|7528,2519
4387015f6fce4e10d7559bd1187d1dec 6051,984|7611,984
43adddd96e96329d6a69fb3142d15758 7495,3326
43d8ef9dba3271eb83965130424cd2b 7495,4704
44485a 7916,9357|7938,9357
445ce554a02a0507cccad81429cf0a83 7144,1603
4462713fa2fb4c85ef55860843c435c8 5610,843|6692,843
44z 5544,46|5856,44|5901,38|7037,44|7178,44|7489,43|7558,43|7792,38
451fcbe432f73bfd4613abfab0506ad6 6121,398
454e1d14a95d0f3c4d30448e4da7064a 6719,282
45c51099f4d1ffcba5f659aeebcee56 5534,2051|7033,2051
45z 5651,34|7532,43
460889z 5374,3790|5610,1026|6518,3790|6692,1026
46644bd9e41adee82be1859ddf11d2f7 5534,2448|7033,2448
468161bb65a9c53a7ff92af8d5813b43 6264,3843
469bf22b73c5a02533c3f95feb99fcfc 6377,1755
46b469b1d9e9511fa68b7f931a501894 5596,938
46bd2bb02b030498a7f2b907b85dd65b 5436,2138|5851,392|6650,2317|6892,2317|7161,2317|7207,392
4794ec749dd0b3bcd46bad1fd8db562b 5436,494|5851,525|6650,568|6892,568|7161,561|7207,525
47a6d3b2ca61653e57af7523620d665 6650,3239|6892,3239
48197a13aec426ffe8cbe7f85a66a458 6015,467
482bcbd989218d13534b6eec49ec5395 5422,375|5436,371|7623,375
4839b4a814aedc52538bff5e0086a1d 6912,1100|7801,1100
483ead5a505e95cf510674c7c2670717 6289,1179|7379,1179
486008z 5534,774|5534,3692|6490,1535|6490,1792|6490,1925|6490,2055|7033,138|7033,633|7033,3692|7528,132|7528,1263|7528,1535|7528,1792|7528,1925|7528,2055
48cf5f9a8db72a4235622d66be53f59b 6249,1042
48f7d120d07b3bf88dcfb6e5f8b863cf 6490,1605|7528,1605
48f8a721234dbb72304e5138ff753e4c 7495,3451
48z 6552,50|6619,50|6710,50|7232,38|7247,38
49336312cd32a717f230966f6974f26b 6544,2827|7508,2827
495091a91071f44defa9e9ec8b5824b3 6650,3109|6892,3109
4953d04d650f2aea13ee5f3fdd9858c4 6912,977|7054,973|7801,977
496180bbd4c46415339d642c5c8d0b22 7071,862
496a17005404d746f96234485ed40436 6912,496|7054,492|7801,496
4991da052d230cce648050cf5b22b9e2 6641,3456|7139,3456
4995aa1a87299a0e1d40fc5a9ac25267 6544,705|7508,705
49er 6048,163343|7853,163343
4a8227a9e5617429d0011da5e0e45080 5785,491|6438,491
4a9e3709857ab0e55454d7dd049c9fcf 6377,2533
4b01a03792e55030d19baea4ba36ab88 5374,1254|6518,1254
4b35ddf8edf8a2f71818a711c187c6a9 7826,371|7879,371
4b365b5c5f5fc23944bfa9820be26b01 6051,252|7611,252
4b515517fb35a2903c545d145755ee13 5785,1352|6438,1352
4c 6048,47571|7853,47571
4c6f7c076ff75daa59a9e2ca7f5f9493 7144,1339
4dbcc5474ebacc6ac734d52b7600805b 5534,3778|7033,3778
4ddc9d4af542fe8128e4b5f98f1dadab 6198,295
4e004541f23d58c1be0d4372f137b128 7144,1211
4e0208e7ffbd4fa56022227d3dcf842c 6540,983
4e2cd39d489b285c9e982cb36dae8582 6865,2906|7406,2906
4e3e14497bf2e49919afb1e02c85ea62 5450,430|6125,430
4eb03892373bff27eee8c9d8b57845c9 7074,922
4ebf5c930d0e940f18c59f4fb804ee67 7495,1952
4f 5567,6820|7465,6820
4f19831e535e5d3244b86160dca73beb 6834,2444|7147,2444
4f2a60eb752614e312d2f696ac7c6ef3 6865,1697|7406,1697
4fa03c79cce73b6884073eb43803b627 7144,685
4ghz 5481,2973|5848,1627|6037,1706|6050,1700|7441,1552|7592,1673|7860,1706
4k 5457,5024|5457,6397|5457,7910|6152,505
4m 7148,1600|7246,6704|7364,1600|7541,1584
4v 7896,1044
