0
5183
9533
16959
21321
21520
21623
21858
21887
21926
21963
21992
22031
22069
22108
22149
22196
22226
22303
22333
22371
22406
22444
22474
22623
22746
22778
23391
23447
23476
23514
23559
23589
23715
23768
23794
23826
23857
24700
24740
24780
24798
24827
24867
24933
25310
25344
25383
26053
26148
26214
26245
26275
26355
26528
26655
26712
26845
26884
26924
26982
27020
27789
27893
27934
27974
28067
28160
35911
36341
36833
37131
38256
38380
40668
42977
43020
43822
44734
45644
46809
48433
48465
48518
48563
48660
48682
48720
48754
48949
48988
49020
49059
49087
49188
49220
49319
49435
49493
49551
49581
49710
49790
49848
49901
49979
50082
50129
50171
50215
50255
50743
50784
50899
50940
50979
51008
51034
51086
51143
51182
51221
51253
51335
51375
51415
51442
51478
51511
51540
51570
51741
51790
52121
52154
52197
52234
52264
52293
52323
52361
52392
52422
52463
52502
55700
56116
56231
56319
58146
58280
58332
58363
58435
58467
58498
58588
58689
58809
58934
59059
59156
60700
60838
62446
62476
62517
62559
62602
62670
62736
62782
62802
62826
62879
62912
62944
62975
63007
63038
63096
63127
63146
63195
63226
63325
63359
63408
63465
63495
63527
63558
63590
63622
63653
63771
67739
67774
67807
67882
67937
67987
68006
68042
68076
68107
68138
71789
71843
71918
72030
72086
72135
72167
72199
72225
72403
72865
73086
73126
73160
73284
73312
73366
73400
73561
73592
73622
73654
73682
74618
74667
74695
75357
75388
76274
76423
76452
76481
76530
76608
76659
84874
84918
84948
85448
85504
85766
92610
92710
92880
92921
92988
93293
93350
93421
93499
93530
93866
93897
93929
93959
94000
94028
100059
100079
100135
100274
100600
100632
101561
102059
102151
102260
102338
102377
102409
102438
102467
102517
104253
104331
104374
104426
104465
104502
104787
104824
104875
104931
104958
105035
105050
105090
105812
105845
105883
105924
105978
107258
107788
107873
107904
107933
108138
108166
108198
108228
108279
108334
108360
108620
108872
108937
123175
123236
123286
128555
128617
128679
128874
128939
128980
129057
129354
129454
129559
129619
129671
129713
129727
129764
129795
129864
130231
130271
130298
130338
130377
140819
145423
145459
145577
145595
153997
154068
154428
155098
155234
155298
155339
155400
155591
155881
156152
156234
156298
156577
156653
156725
156753
157035
157188
159629
159949
159978
160050
160315
160351
160674
160708
160985
161261
161294
162069
162348
162530
162972
163009
163175
163346
163628
163713
163835
164288
164332
164414
164538
164602
164654
164735
164761
165572
165714
165755
165838
165918
166000
166119
166366
166938
167093
167221
167541
167570
167622
167652
167751
168091
168122
168154
168183
168230
168748
168776
169045
169082
169230
169349
169403
169434
169467
169505
169520
169560
169600
169641
169682
169737
169776
169818
169938
169969
170009
170051
170082
170123
170164
170196
170229
170267
170336
170373
170437
170478
170517
170558
170664
170693
170732
170772
170813
170855
170896
170933
170974
171031
171068
171107
171180
171221
171325
171365
171391
171433
171475
171514
171751
171791
171831
172326
172356
172396
172436
172505
172545
172586
172628
172669
172709
172751
172789
172831
172873
172907
172946
172974
173006
173046
173084
173124
173161
173201
173229
173268
173305
173346
173387
173427
173468
173508
173550
173591
173644
173685
173727
173769
173827
173863
173900
173941
173981
174022
174063
174101
174138
174177
174217
174255
174309
174348
174377
174407
174444
174522
174664
174743
174799
174840
174873
174912
174952
174989
175117
175154
175185
175316
175804
175844
175927
175965
175999
176165
176231
176287
176343
176384
176425
176464
178115
178156
178197
178237
178270
178309
178367
178407
178509
178549
178591
178632
178672
178714
178754
178795
178836
178877
178917
178958
178988
179028
179069
179163
179237
179278
179319
179389
179418
179455
179486
179517
179752
179773
179797
179836
179870
179932
179970
180024
180051
180084
180123
180186
180219
180258
180298
180340
180381
180416
180456
180484
180523
180564
180637
180669
180724
180763
180800
180841
180881
180921
180951
183156
183256
183310
183343
183401
183466
184236
184303
184374
184408
184439
184799
184861
184928
184981
185023
185055
185148
185978
185996
186616
186732
186804
186859
186952
187009
187042
187109
187225
188314
188373
188490
188563
188594
188625
188656
188717
188752
188944
189256
189412
189441
189473
189528
189563
189602
189635
189674
189790
189833
189859
189998
190038
190096
190151
190188
191517
191571
191627
193076
193320
193344
193554
201898
201925
202027
202264
202298
202361
202417
202662
202847
202887
203528
203607
203633
203660
203689
203824
203865
204075
204109
204141
204178
207414
207771
207898
208025
208154
208192
208380
208595
212422
220025
220138
220206
225573
225673
225737
225804
236089
236681
236961
237664
237923
238786
239528
240094
240766
241001
241056
241088
241124
241164
241197
241237
241864
241924
241956
241976
241998
242182
242366
242429
242520
242558
242597
242629
242756
242911
243128
247002
247159
250808
250836
251090
254917
254941
254979
255350
255389
255427
255453
255979
256145
257244
257273
257314
257340
257369
257409
257437
257469
257524
257559
257611
257760
257827
257864
257920
258002
258041
282200
282471
283197
283577
283647
284067
293117
293249
293310
293594
293859
294011
294102
294134
294184
294216
294247
294395
294495
294527
294577
294602
295440
295648
295679
295711
295826
295860
295888
295964
296002
296034
296064
296090
296121
296177
296390
296424
296496
296551
296581
296681
296747
296775
296805
296855
296969
296984
297049
297115
297181
297247
297263
298665
298722
298942
299010
299041
299085
299101
299128
299175
299207
299247
299627
299665
299697
299787
299875
299904
300116
300357
300390
300424
300528
300560
300667
300714
300743
300775
300954
300984
301057
301179
301472
301505
301538
301573
301605
301688
301720
301778
301811
301843
301875
301926
302596
302673
302727
302758
303362
303389
303455
303481
303606
303644
303758
303794
303826
304417
304446
304485
304538
304599
304639
304693
304731
304855
304998
305030
305676
305951
306985
307024
307132
307170
307189
307229
307263
308158
308196
308233
308295
308331
308391
308506
308536
308568
308604
308641
308679
308783
308819
308880
308920
308953
310059
310117
310289
310338
311476
311585
311702
311776
311891
311920
312456
312529
312585
318588
319160
319732
319932
320133
320251
320386
320912
321014
321043
321078
321316
321353
321408
321441
321523
321560
321594
321698
321846
323097
323380
323413
323473
323669
323761
325234
325264
325431
325461
325491
325522
325562
325594
325904
325931
325986
326034
326063
326094
326125
326149
326202
327871
328024
328268
328709
330210
330252
330305
330454
330531
331069
331150
331252
331322
331421
331496
331582
331782
331836
331864
331896
331927
332054
332122
332189
332219
332233
332324
332344
332541
332570
332604
332844
332887
332922
333572
334228
334310
334451
334510
334622
334693
334759
334787
334841
335533
335591
335625
335660
335785
335815
335845
336001
336033
336091
336129
338528
339654
339794
339813
339854
339873
339904
340053
340088
340116
340603
340911
340941
340990
341008
341081
341738
386623
388979
389008
389029
389057
389084
389287
389509
389537
389559
392483
393222
393250
393400
393476
393518
393557
393594
393738
393775
393843
393897
393925
393959
394009
394042
394136
394168
394200
394275
394333
394448
394533
394566
395604
395669
395717
395782
395830
395886
395926
395965
398284
398473
398506
398530
398563
398612
398652
398707
398809
398834
398866
398996
399706
399784
399824
401827
402769
402798
402901
403020
408707
408955
408977
409089
409374
411777
412307
412410
412521
412629
412736
412837
413877
413991
414020
417651
418690
418764
418870
418898
418915
418949
419006
419312
419346
419362
419466
419508
419550
419579
419616
419641
421517
421600
421701
421802
421843
421885
421950
422049
422092
422181
422220
422261
422292
422333
422365
422395
422473
422573
422606
422766
422805
422883
422954
422986
423043
423076
423155
423243
423276
423379
423410
423597
423627
423654
423688
423719
423957
423991
424026
424060
424091
425053
425165
425354
425431
428513
430833
430975
431007
431047
431078
431132
431161
433676
435399
435508
435977
436872
436975
437006
437041
437071
437122
437322
437400
444257
444880
445099
445168
445197
446282
446314
446353
446403
446596
446714
446745
446798
446852
446883
446981
447017
447049
487823
488017
488040
488173
489168
489648
490747
491105
491482
491507
491579
492734
492956
498235
498287
499001
499065
499275
499515
499754
500032
501002
501773
501897
502020
502072
502195
502249
502526
502686
502791
502921
502952
503007
503157
503197
503788
504570
505705
505742
505775
505803
505833
505861
505892
512730
512908
513549
513603
513679
513711
513864
514139
515179
515218
519801
520857
520877
521200
521243
521272
521305
521333
521391
521427
521461
521480
521551
522117
522798
522853
523114
523188
528166
528364
528474
529079
529329
529386
529513
529545
535781
536680
536711
536749
536966
537022
537062
537103
537181
538276
538672
538698
538920
538942
538964
539233
539270
539310
539426
539528
540461
540648
540895
541142
542290
542537
542718
542923
542963
543144
543182
543263
543450
543551
543583
543686
543873
544063
544256
544437
545034
545339
545495
545655
546143
546193
546222
546276
546316
546371
546403
546441
549691
549787
549819
549966
549996
550147
550304
550356
550441
550473
550494
550693
550731
550791
550826
552667
554395
554472
554557
554588
554703
554759
554941
554970
555001
555029
555308
555461
555498
555622
555659
555729
555767
555809
555901
556413
556440
556468
556496
556532
556602
556640
556677
556781
567549
567582
567624
669510
669540
669570
669596
669673
669699
669777
669921
669950
669985
670015
670045
670080
670137
670169
670221
670251
670304
670337
670366
670394
671372
671400
671563
671667
671751
671856
671900
671936
671974
672011
672042
672081
672139
672166
672194
672255
672283
672315
672373
672405
672446
672487
672517
672544
675210
677409
