0
45644
48915
48979
49897
50264
50293
50322
50572
50639
50701
50743
51019
51061
51114
51167
53929
54630
54918
54976
55005
59155
59237
59371
59738
59834
60055
60086
60115
60655
60684
60713
60766
60909
61000
61334
61444
61476
61523
61746
61775
62729
62751
62784
62813
63141
63170
63270
63299
63926
63971
64057
64144
64186
64215
64891
65951
66161
66361
66409
66438
66548
67244
67729
67758
68612
68833
68862
68982
69011
69062
69282
69335
70036
70065
70094
70212
70263
70292
70321
70583
70612
70689
70741
70794
70823
70852
70895
70947
70976
71005
71048
71077
71239
71292
71319
71344
71364
71393
71575
71618
71669
72062
72184
72213
72242
72448
72477
72506
72529
72693
72722
73438
73465
73494
74426
74455
74484
74513
74566
74900
74929
75027
75080
75858
75911
75936
75978
75990
76678
76731
76899
76950
77001
77171
77527
77604
77772
77919
78609
79013
79066
79258
80034
80061
80112
80422
80465
80507
87544
88182
88203
89321
90249
90278
91122
91149
92149
92178
92221
93065
93116
93504
94308
94361
94671
94739
97042
97887
98129
98158
98200
98654
98683
98973
99000
99148
99195
99224
99266
99318
99560
105972
106241
106459
106607
106636
106688
106708
106886
106934
106963
107547
107912
107941
108155
108592
108645
108674
108703
108732
109004
109033
109225
109278
109307
109360
109696
109749
109778
109807
109973
110002
110031
110084
110172
110201
110230
110283
110312
110480
110553
110596
110673
110702
111010
111085
111114
111167
111210
111252
111343
112198
112323
112352
112405
112458
112535
112660
112808
112957
113082
113375
113428
113481
113582
113707
113832
113909
114103
114156
114209
114262
114313
114342
114488
114613
114642
114671
114700
114729
114969
114998
115770
115847
115923
116096
116218
116583
116612
116664
116717
116730
116780
116809
116896
116948
117729
117782
118002
118017
118059
118183
118210
118335
118395
118537
118614
118666
118719
118865
118894
118923
118999
119052
119200
119354
119377
119835
119958
119987
120014
120112
120189
120218
120245
120307
120360
120389
120432
120485
120528
120572
121425
121483
121512
121584
121706
121807
121860
121889
122061
122282
122311
122457
122510
122570
122688
122765
122807
122867
123009
123566
123619
123648
123677
123730
123807
123857
125206
125235
125312
125389
125418
125447
125521
125718
125771
125822
125851
125902
125945
125998
126049
126100
126153
126178
126221
126274
126316
126359
126401
126454
126505
126547
126590
126613
126666
126719
126761
126836
126878
126921
126934
