x86 5584,193|5584,760|5584,838|6205,193|6205,760|6205,838|6223,193|6223,760|6223,838|6745,193|6745,760|6745,838|6995,193|6995,760|6995,838|7002,193|7002,760|7002,838
xab 5451,376|5550,800|5550,904|5550,1741|5550,1748|5773,376|6470,800|6470,904|6470,1741|6470,1748|7721,792|7721,896|7721,1733|7721,1740|7873,376
xampl 5426,4426|5426,4749|5462,1896|5462,2219|5567,2868|6100,4379|6100,4702|6144,2150|6312,4903|6312,5580|6363,1896|6363,2219|6403,4877|6403,5552|7200,4426|7200,4749|7465,2868|7833,2150
xavier 6048,36328|7853,36328
xchang 7904,1853|7904,1987|7908,2599|7908,11463|7908,15165|7908,15194|7908,21553|7908,21693|7908,21966|7908,22283|7908,22617
xdelta 7908,11448
xenia 5813,24702|6446,24702|7757,24702
xentrix 6048,36358|7853,36358
xerox 6048,36391|6048,75273|6048,257535|7853,36391|7853,75273|7853,257535
xiao 5813,26957|6446,26957|7757,26957
xiaochun 6203,5553|6203,7028|6203,7567|6688,5553|6688,7028|6688,7567
xiaohui 7917,2116|7941,2116
xie 7917,2124|7941,2124
xin 7917,2717|7941,2717
xiomara 5813,11441|6446,11441|7757,11441
xochitl 5813,21392|6446,21392|7757,21392
xp 7892,2197
xpixel 7893,2730|7908,3180|7908,15542|7908,23342|7909,2730
xpo 7908,11205|7908,13696|7908,13918
xpress 6048,35777|7853,35777
xr 5457,3572|5777,3037|5777,3093|5777,3149|5777,3211|5777,3277|5777,3341|5777,3398|6312,3416|6403,3392|6854,3037|6854,3093|6854,3149|6854,3211|6854,3277|6854,3341|6854,3398
xral 6048,36420|7853,36420
xspeed 7908,3219|7908,15658|7908,28816|7908,28833
xstatic 6048,270825|6048,284499|7853,270825|7853,284499
xswang 7896,50
xu 7930,3109|7932,3109
xuan 5813,25223|6446,25223|7757,25223
xval 5594,4104|5594,4272|5594,4335|5594,4386|5594,4431|5594,4445|6509,4104|6509,4272|6509,4335|6509,4386|6509,4431|6509,4445|6917,4368|6917,4536|6917,4599|6917,4650|6917,4695|6917,4709|7053,4104|7053,4272|7053,4335|7053,4386|7053,4431|7053,4445|7815,4368|7815,4536|7815,4599|7815,4650|7815,4695|7815,4709
xvalu 7908,15405|7908,15424|7908,23690
xx 6053,1629|6053,1635
xxxifcollidedwith 7908,31566
xxxifcollideswith 7908,15704|7908,29688|7908,30973|7908,31501|7908,31868
xyz 5483,468|5485,602|5510,659|5550,3336|5550,3497|5550,4177|5570,606|5579,715|5579,2971|5579,4906|5856,602|5955,606|6272,747|6272,3003|6272,4938|6347,659|6355,715|6355,2971|6355,4906|6404,747|6404,3003|6404,4938|6470,3336|6470,3497|6470,4177|6471,660|6528,440|6590,440|6604,440|6611,440|6723,623|6788,660|6855,660|7037,602|7321,638|7321,2911|7321,4712|7382,747|7382,3003|7382,4938|7638,476|7664,440|7721,3328|7721,3489|7721,4169|7776,439
xz 5550,3667|5550,3998|6470,3667|6470,3998|7721,3659|7721,3990
