0
1929
2503
3557
4017
14415
14584
14863
14889
14941
15018
15071
15106
15134
15164
15193
15279
16024
16061
16093
16125
16434
16473
16504
16531
16570
16609
16651
16691
16814
16852
16960
17017
17047
17127
17155
17185
20516
20555
20595
20634
22493
22599
22846
22885
23002
23042
23080
23121
23152
23191
23231
23270
23311
23353
23384
23415
23447
23532
23599
23871
23910
23927
24213
24497
24537
24579
24604
24720
24747
24774
24897
26222
28790
31490
31674
32306
52357
52493
52812
52873
52933
52996
53775
53963
54040
54469
54504
54553
54632
54661
54697
54736
54775
54811
54870
54929
54968
55008
55046
55095
55122
55160
55201
55240
55388
55518
55557
55588
55616
55975
56029
56064
56103
72699
72734
72770
72810
72849
72889
72928
73001
73029
73065
73105
73144
73184
73237
73273
73310
73352
73391
73431
73468
80221
80262
80324
80388
80427
80469
80511
80529
80568
97704
97755
97794
97812
97917
97968
98004
98076
98114
98332
98555
98592
98618
98654
98771
98797
98825
98990
99031
99071
99187
99204
99290
99368
99426
99458
99501
99536
100736
100770
100800
100827
101602
101620
101696
101749
101787
101823
101853
104176
104212
104250
104282
104324
104364
104403
104429
104460
104490
104526
104558
104595
104633
104674
104762
104832
104858
104898
104956
104996
105034
105079
105107
105169
105404
105490
105720
105844
106181
106219
106271
106299
106337
106376
106493
106519
106556
106594
106634
106675
106702
106841
107375
107402
107544
107640
107668
107695
107724
107820
107848
126165
126653
126992
127024
127072
127112
127148
127187
127240
127254
127306
127369
127538
127641
127671
127698
