0
21
204
628
640
668
698
729
757
786
827
857
1413
6697
7190
7328
7358
7566
7686
7717
7870
7906
7935
8000
8030
8059
8085
8303
8571
8761
8808
8854
8892
8984
9014
9125
9162
9649
10138
10188
10226
10266
10303
10342
10382
10446
10477
10506
10532
10588
10705
83013
83290
83565
83873
84065
84094
84131
84315
84426
87732
87769
87985
88016
89925
90069
90098
90129
90174
90200
90234
90327
90441
90607
90736
90765
90791
90819
93245
93277
93309
93339
93366
93400
93724
93750
94822
94931
95417
95906
95944
95980
96020
96077
96134
96175
96215
96274
96313
96350
96385
96413
96515
96543
96584
96618
96725
96770
96784
96835
102582
102616
103025
103051
103073
103097
103170
103281
103392
103558
103863
104923
105296
106116
106222
106260
106429
108590
108630
109126
109140
109177
109216
109359
109388
109416
109451
109492
109565
109608
110835
110914
110988
111040
111115
111180
111258
111278
111304
111318
111350
111371
111403
111600
111635
115097
115118
115240
125634
125682
125740
133327
133365
133431
133464
133679
133709
133739
133779
133881
134274
134570
134597
134624
134651
138145
138179
138205
138234
138273
138310
138326
138356
138385
139365
139405
140009
140119
140217
140630
141393
141907
142017
142109
142174
142310
142340
142371
142410
142438
142481
142563
142668
142769
142798
142836
142956
143041
143084
143113
143143
143172
143211
143292
143320
143358
149140
149393
149407
149431
149471
149501
149539
149556
150489
151300
151541
151581
151635
151667
151696
151759
152664
166429
166486
166535
166582
166616
166720
166964
167085
167101
167133
167163
170890
171141
171301
171539
171643
171687
171725
171796
171877
171935
171953
171983
172010
172290
172306
172408
172646
172867
173060
173178
173277
173311
173338
173413
174108
174138
174170
174202
174255
174378
174666
174697
174726
174773
174804
174842
174882
