0
12
34
473
486
522
561
636
740
768
800
833
930
969
1000
1038
1076
1103
1141
1172
1208
1249
1288
1326
1365
1439
1478
1515
1555
1601
1639
1680
1712
1752
1857
1897
1937
2034
2075
2103
2144
2174
2208
2239
2271
2302
2337
2376
2430
2459
2499
2647
2687
2726
2827
2867
2958
2995
3035
3076
3162
3198
3239
3279
3318
3358
3421
3448
3488
3519
3588
3629
3670
3706
3746
3848
3877
3916
3952
3994
4023
4059
4088
4127
4158
4192
4263
4315
4358
4397
4512
4547
4578
4619
4657
4699
4740
4778
4821
4860
4903
4945
4995
5038
5138
5181
5222
5261
5301
5442
5500
5541
5582
5623
6318
6459
6500
6622
6661
6698
6738
6793
6833
6890
6922
6961
6991
7020
7148
7262
7292
7466
7576
7654
7692
7731
7767
7806
7871
7913
7953
7982
8022
8070
8094
8123
8172
8201
8228
8267
8307
8346
8385
8416
8558
8710
8750
8784
8812
8845
8884
8923
8962
8999
9038
9078
9116
9154
9193
9230
9389
9418
9457
9494
9566
9598
9640
9672
9816
9854
10170
10209
10282
10319
10358
10399
10426
10465
10492
10572
11165
11252
11304
11362
11457
11493
11535
11577
11608
11686
11724
11763
11798
11831
12320
12416
12457
12493
12641
12801
12829
12870
12902
12931
12969
13050
14767
17607
17625
17672
17691
18729
18808
18874
19440
19554
19696
19812
19863
20670
20945
20973
21000
21042
21096
21138
21180
21207
21299
21326
21392
21444
21562
21593
21627
21656
21695
21734
21760
21789
22040
22069
22099
22128
22159
22189
22218
22257
22299
22339
22368
22398
22430
22469
22599
22678
22751
22792
22831
22871
22997
23037
23075
23115
23153
23183
23271
23311
23340
23879
23909
24172
24199
24230
24265
24328
24366
24406
24447
24483
24564
24594
24786
24855
24895
24924
24996
25023
25052
25084
25123
25227
25355
25387
25512
25541
25571
25597
25626
25656
25684
25713
25830
26243
26276
26305
26334
26362
26390
26419
26448
26533
27402
27428
27481
27513
27545
27643
27672
27951
27981
28010
28043
28071
28100
28130
28163
28236
28265
28295
28324
28350
28425
28463
28490
28546
28587
28616
28647
28843
28923
28989
29022
29054
29130
29160
29189
29216
29270
29300
29333
29357
29391
29420
29474
29515
29555
29592
29630
29695
29737
29778
29816
29937
29979
30047
30086
30126
30167
30233
30273
30311
30352
30393
30435
30472
30514
30620
30649
30678
30704
30732
30763
30800
30828
30941
30995
31029
31060
31087
31165
31200
31450
31506
31610
31641
31760
31793
35224
35412
35506
35745
35998
36075
36104
36139
36210
36245
36282
36324
36354
36393
36432
36518
36556
36585
