0
42
95
158
200
243
285
326
377
419
479
521
574
617
668
721
763
816
869
919
970
1013
1056
1109
1151
1193
1235
1288
1330
1390
1443
1496
1549
1600
1642
6107
6150
6193
6557
7131
7327
7477
7622
7653
7684
8425
9726
9945
9981
10010
10040
10071
10114
10715
10745
10772
10810
10851
10880
10922
10978
11302
11331
11360
11391
17832
17921
18026
18081
19302
19340
19376
19408
19464
19577
19677
19724
19765
19807
19837
19867
19964
20005
20076
20112
20152
20190
20262
20813
20891
21008
21039
21071
21250
21918
28525
28627
28645
28672
28709
28750
28794
29476
29513
29725
32150
32188
32335
32416
32469
32562
33034
33112
33522
33590
33756
34095
34504
34692
37682
37782
37822
37862
37958
37990
38006
38356
38407
38436
38564
39898
39953
40052
40101
40318
40372
40401
40441
40461
40479
40531
40653
40671
40701
41061
41142
41191
41273
41308
41337
41361
43057
43185
43215
43251
43355
43575
43676
43802
43836
43874
43913
43953
43993
44031
44071
44155
44191
44230
44271
44308
44349
44380
44422
44462
44564
44595
44635
44676
44739
44780
44822
44856
44932
44964
45004
45043
45083
45120
45158
45200
45243
45283
45322
45356
45397
45437
45488
45519
45663
45703
45745
45785
45904
45943
46011
46053
46092
46133
46189
46447
47092
47124
47179
47230
47397
47427
47497
47556
47629
47708
47763
47843
47882
47923
47959
48008
48047
51250
51334
51361
51399
51441
51481
51525
51565
51667
51730
51763
51806
51833
51885
51990
52041
52580
52619
52649
52691
52741
52792
52936
52978
53005
53044
53100
53193
53236
53277
53319
53359
53485
53548
54009
54089
54169
54274
54314
54346
54386
54424
54481
54548
54578
54663
54693
54870
54897
54936
55016
55089
55139
55182
55225
55359
55373
55400
55428
92691
92734
92777
92820
92863
92932
92983
93011
93937
93979
94022
94065
94128
94171
94222
94282
94335
94377
94420
94473
94511
94610
94650
94798
94836
94879
94909
94952
94984
95027
96013
96044
96084
96114
96151
96192
96231
96274
96310
96349
96386
96427
96454
96531
96570
96605
96634
97742
97775
97807
108198
108452
108554
108613
108677
108716
108788
108831
121664
121803
121855
121903
121934
121976
122019
122072
122115
122166
122452
122646
123397
124061
124074
124429
124455
124486
124517
124555
124585
124633
124682
124711
124742
125004
125034
125424
125457
125495
125534
125645
125685
125742
125780
125883
125914
127346
127377
127449
127488
127526
127567
127671
127724
128017
128047
128082
134327
134352
134422
134461
134991
135021
135047
135080
135690
135721
136132
136171
136211
136252
136294
136323
136364
136402
136530
136567
136606
136666
136708
136742
136787
136829
136861
136944
136982
137051
137092
137133
137205
137723
137972
138015
138873
139303
139984
140058
142321
143956
144005
144077
145293
145345
145386
145424
145466
145505
145561
145599
145629
145660
145699
146296
146442
146471
146563
146605
146712
146851
147101
147177
148819
149026
149085
149336
149367
149403
149436
149662
149724
149762
149802
149853
149885
154523
154577
154609
155429
155457
155495
155567
155607
155638
155737
155779
155819
155860
155900
155941
155971
156096
156137
156305
156359
156557
156598
156635
156673
156729
157125
157165
157449
157481
157514
158647
158704
158815
159206
159277
159615
159792
159822
159878
159906
159944
160178
160299
160338
160416
160445
160475
160514
160879
160911
161019
161055
161134
161469
161498
161558
161710
161739
161997
162064
162105
162626
162664
162703
162746
162788
162860
162903
162939
163061
163103
163832
163900
163937
164003
164062
164106
164138
164205
164273
164322
164352
164391
164428
164608
164706
164904
164940
165112
165145
165176
165208
165246
165285
169128
169153
169192
169230
169269
169309
169348
169392
169488
169543
169584
169622
169652
169872
169901
169927
172502
172606
172660
172994
173178
173230
173260
173317
173332
173362
173477
173530
173566
173607
173649
173691
173730
173772
173809
173849
173891
173943
173984
174023
174064
174308
175774
175836
175990
176045
176064
176133
176162
176201
176240
176280
176318
176356
176385
179024
179126
179144
179191
179368
179504
187611
187654
187940
188046
188168
188238
188317
188357
188386
188429
188469
188513
188553
188588
188631
188671
188713
188791
188830
188858
188910
189067
189178
189205
189235
191496
191526
191556
191589
191773
191803
191833
191861
191980
192006
192052
192263
192477
193117
193142
193162
193268
193307
193349
196427
196497
196676
196748
196770
198276
199777
200353
200406
201932
202032
202073
202207
202238
202310
203179
203234
204362
204609
223645
224842
225105
225560
228061
228104
228175
228897
229440
229479
229526
229808
229870
230396
230530
230697
231258
231665
231690
232582
232611
232635
232661
232689
232719
232749
232783
232861
233049
233218
233264
233298
233345
233375
233422
233452
233553
233583
233605
233631
233662
233716
233746
233777
234239
234423
234602
234791
234916
235095
243439
243469
243499
243640
243668
243699
243871
244093
244308
244338
244454
244481
245855
252207
252671
252742
252801
252828
253281
253299
253354
253421
253448
253475
253502
253523
253549
253579
253618
253789
253843
253964
254001
254040
254077
254118
254303
254334
256198
256230
256268
256433
256506
256544
256675
256704
257054
257121
257152
257168
257614
257647
257678
257731
257771
257802
259164
259237
259776
259965
260454
260629
260707
260736
260955
261009
261330
261425
261671
263562
263642
263749
263776
268242
268291
268352
268487
268708
268740
268922
268953
268985
271260
271292
271329
271454
271483
273737
273771
273942
276133
276153
276186
276260
276290
276341
277833
278209
278402
278568
278596
278626
278654
279278
279312
279341
279392
279445
279478
279498
281260
282113
282818
284617
284645
290868
290953
290991
291024
291073
291102
291132
291158
291175
291216
291451
291490
291530
291572
291620
292374
292403
292812
292888
292968
293004
293054
293993
294028
300929
301066
301094
301126
301187
301285
301319
301348
301378
301410
301688
301721
301801
301878
301908
302034
302256
302446
302502
302718
302970
303103
303133
303580
303637
303764
349977
355240
355289
355328
355359
355390
355725
355765
355797
355833
364735
364768
365274
365307
365349
365388
365441
366313
366349
366378
367733
368447
372331
372792
372958
373719
374147
374177
374508
374550
374618
374647
374879
374953
375994
376601
377696
378342
378622
379696
380769
380789
384355
384962
384985
385016
385240
385362
385460
385490
385518
385620
385859
385887
385915
385988
386037
386065
386116
386193
386438
386467
386699
386893
386987
388823
388878
388906
389369
389421
389491
394903
394938
394977
395017
395057
395098
395137
395176
395216
395482
395522
395561
395602
395638
395739
395775
395860
395897
395938
395979
396008
396047
396387
396582
398927
399548
399843
399882
400034
400374
400410
400480
400521
400562
400591
400609
400647
400676
401246
401356
401387
401814
401840
401873
401976
402009
402078
402662
404694
404916
404974
410917
410989
411063
411433
411518
411871
412149
412218
412279
412947
413019
413089
413152
414492
414617
414707
414734
414858
415034
415418
415481
433163
433192
434882
436550
436604
436655
436689
436715
436744
436757
437167
437195
437209
445641
445863
445878
445929
445956
445986
446274
446402
446548
446606
446684
446714
446745
446774
446829
446862
446892
446947
447097
447128
450258
450380
450484
450711
450895
451034
451228
451278
451495
451751
451777
451805
451916
453234
453313
453342
453382
453408
453457
453494
453524
453559
453601
453679
453719
453759
453800
453841
453944
454018
454067
454210
454243
454275
454303
454331
454363
454417
454675
454706
454738
454768
454824
454949
455029
455099
455125
455155
455429
455617
455865
456112
456129
456179
456303
456333
456368
456408
456561
456601
458935
458963
459002
459819
459835
459860
459909
459960
459994
460022
463860
463928
463951
463980
464101
464153
464190
464245
464276
464330
464426
464457
464563
464589
464624
464755
464819
464861
464897
464982
465007
465082
465113
466155
466713
467251
467359
467705
467750
467857
468048
468136
468227
468335
468552
468601
468700
468730
468750
468782
468862
469560
469663
469677
469785
469811
469849
469881
469944
470061
471099
471135
471529
471557
471634
471717
471744
471770
471806
471840
472295
472328
472685
472717
472743
472774
472846
472881
472922
