0
1533
1687
3231
3385
3414
3498
3528
3566
3605
3641
3677
3703
3765
3804
4043
4073
4114
4150
4191
4231
4574
4611
6005
7337
9472
9502
9536
9644
9683
9723
9843
9880
9913
9938
9979
10015
10070
10100
10131
10170
10206
10379
10417
10546
10820
10852
10893
10948
10973
11002
11031
11058
11085
11126
11154
11213
11251
11292
11330
11372
11405
11443
11494
12634
12666
12707
13987
14030
14071
14539
14568
14601
14630
14657
14685
15209
15333
15366
15393
15580
15606
15880
15908
15931
15999
16038
16087
16308
16341
16392
16431
16469
16505
19328
19360
19399
19457
19555
19594
19671
19732
19831
19899
19927
19963
20002
20042
20158
20197
20263
20630
20668
21203
21243
21282
21321
21396
21434
21472
21513
21542
21661
21822
21982
22020
22054
22090
22376
22408
22440
22587
22636
22664
22699
22739
32972
33000
33444
33479
33887
33943
34201
34391
34494
34532
34571
34680
34788
34805
34836
35098
35347
35416
36360
36669
36978
37053
37128
37176
37276
37683
37736
37778
37881
37912
38280
38670
40090
40262
40537
40802
40847
40876
41828
42700
43565
44434
44471
44509
44547
44581
44596
44623
44663
44690
44727
44755
44795
44898
44930
44964
45205
45307
45347
45446
45486
45528
45570
45608
45647
45687
45725
45741
45817
46018
46070
46105
46144
46168
46368
46405
46463
46495
46534
46569
46625
46730
46758
46796
46832
46861
46900
46949
46979
47014
47041
47093
47132
47646
47698
47737
47768
47795
47830
47859
47924
47954
48089
48185
48256
48282
48339
48561
48585
48671
53582
53750
53779
55245
55444
55471
55502
55542
55658
55689
57913
58486
59058
59630
66880
67928
68522
68934
69124
69177
69263
69402
69486
69612
69647
69687
69723
69763
69799
69846
71014
71103
72134
72929
74024
75995
76087
76389
76429
76453
77332
77377
78104
78142
79149
81240
81275
81309
81397
81495
81523
81593
81622
81726
82583
82695
82730
82769
82795
82828
82881
82910
82939
82970
83003
83040
83289
83328
83368
83407
83440
83547
83758
83798
83829
83932
83963
83994
84024
87622
87655
87686
87719
89504
89632
89689
89771
89803
90004
90061
90323
90356
90630
90664
90739
90906
90981
91728
95712
95885
96414
96455
96636
96674
96707
96771
96812
96848
97557
97574
97628
97657
97792
97820
98674
98737
98823
98852
98880
99405
99435
99462
99498
99537
99568
99717
99749
99972
101344
101448
101644
103654
104448
104669
104940
105133
105263
105320
105375
105476
105555
105673
106485
106514
106583
106931
107254
107874
108167
110910
110997
111496
111563
111580
111633
111686
111757
111808
111877
111906
112056
112088
112364
112394
112428
112523
112697
112882
112910
112991
113021
113050
113089
113117
113155
