0
243
272
1197
1224
1301
1353
1383
1420
1503
1549
1601
1679
1729
1759
1792
1985
2015
2092
2642
2693
2725
2755
2809
2838
2868
2922
3046
3091
3177
3228
3270
3307
3340
3380
3421
3589
3629
3747
3916
4036
4091
4236
4267
4294
4325
4378
4409
4475
5007
5060
5089
5326
5381
5413
5440
5470
5524
5643
5702
5736
5843
5874
7116
7143
7176
7203
7236
7262
7294
8446
8503
8538
8571
8606
8637
8679
8713
8745
8774
8823
8878
8912
8936
8974
9728
9802
9943
25886
27166
27193
27224
31655
31706
31960
31993
32343
32379
32413
32440
32515
32984
33059
33101
33197
33271
33301
33922
33976
34006
34036
34068
34096
34128
34157
34186
34223
34253
36971
37081
37521
37564
37794
37810
37939
37984
38769
38800
39745
39774
39902
39961
40125
40167
40197
40228
40257
40297
40322
40350
40380
40569
40599
40653
40693
41090
41124
41596
41629
41748
41779
41809
41840
42468
43032
43065
43143
43174
43280
43296
43326
43418
43490
44301
44329
44718
44779
45022
48180
48203
51533
51567
51599
51653
52320
52354
52388
52417
52448
52489
52527
52824
52853
53000
53122
53203
53234
53279
53415
53449
53562
53612
53639
53805
53952
54174
54208
54241
54915
54941
55754
56144
56195
56616
56652
56775
56928
56961
57558
57589
57646
58060
58092
58123
58178
58219
58262
60487
60523
60563
60604
60645
60687
60745
60785
61150
61183
61225
61256
61299
61332
61532
61568
61665
61694
61724
62588
62685
62716
62777
62834
63888
63918
63953
64004
64107
64136
64377
64408
64445
64476
64512
64553
64590
65079
65179
65213
65312
65391
65421
65498
65644
65674
72487
72876
73383
73512
73542
73573
73599
73746
73795
73824
73856
73928
74137
74166
74221
74499
74532
74571
75456
75536
75569
75621
75678
75708
75761
75793
75824
75878
75911
76380
76405
82104
82404
84550
87060
87591
89493
91742
92014
92676
92962
93581
94088
94128
95110
95669
96066
96461
96491
97831
97906
97955
97988
99062
99094
99257
99544
99655
100283
100308
100335
100362
100389
100416
100443
100469
100495
100521
100547
100573
100598
100623
100648
100673
100776
100891
100945
102486
102541
103719
103768
109224
109531
109713
109760
109974
110086
110213
110268
110324
110383
110440
110499
110560
110622
110687
110750
110806
110864
110923
110985
111045
111098
111153
111209
111268
111325
111383
111445
111508
111572
111634
111683
112024
112256
112307
112360
112414
112471
112526
112620
112674
112729
112787
112899
112955
113019
113074
113133
113645
113969
114105
114242
114528
114604
114709
114820
114902
115040
115122
115280
115398
115428
115460
115537
120548
120592
120656
120890
121021
121138
121273
123264
123399
123450
123580
123633
123705
123750
123786
123840
123979
124105
124228
124402
124507
124688
124772
124800
124826
124852
124987
125016
125042
125069
125127
136702
136733
136761
136786
136825
136881
136908
