j2se 7884,1105
ja 5813,23721|6048,227416|6446,23721|7757,23721|7853,227416
jacalyn 5813,13177|6446,13177|7757,13177
jacc 5887,1827|5887,1861|5909,1827|5909,1861|5961,20955|5961,21275|6638,1819|6638,1853|6775,1819|6775,1853|6800,1808|6800,1842|6910,1830|6910,1864|7007,20924|7007,21244
jaccard 5473,1980|5473,2291|5567,1875|5567,5991|5579,4652|5579,5956|5591,581|5592,1259|5632,2325|5632,2636|5701,2024|5701,6664|5908,2324|5908,2635|5961,20848|5961,20976|6005,481|6036,581|6106,442|6144,1595|6166,1771|6173,481|6192,1164|6272,4684|6272,5988|6355,4652|6355,5956|6400,1771|6404,4684|6404,5988|6454,1976|6454,2287|6454,5357|6546,1770|6571,2067|6571,6707|6962,459|7007,20817|7007,20945|7034,3740|7034,3778|7034,4293|7061,3742|7061,3780|7061,4295|7171,459|7246,1915|7246,2226|7279,6632|7279,13911|7301,3730|7301,3768|7301,4283|7382,4684|7382,5988|7465,1875|7465,5991|7466,1242|7466,8524|7532,1856|7532,6405|7536,1242|7536,8524|7642,3741|7642,3779|7642,4294|7708,1259|7833,1595|7876,3741|7876,3779|7876,4294
jaccard_similarity_coeffici 5592,1309|6005,531|6106,491|6166,1819|6173,531|6400,1819|6546,1819|6962,507|7171,507|7708,1309
jaccardbag 7034,4776|7034,5298|7061,4778|7061,5300|7301,4766|7301,5288|7642,4777|7642,5299|7876,4777|7876,5299
jaccardhash 7034,6866|7061,6868|7301,6856|7642,6867|7876,6867
jaccardhashbag 7034,7385|7034,8118|7061,7387|7061,8120|7301,7375|7301,8108|7642,7386|7642,8119|7876,7386|7876,8119
jaccardhashnoprepost 7034,8640|7061,8641|7301,8630|7642,8641|7876,8641
jaccardnoprepost 5579,4697|5579,6003|5579,6997|5579,7527|5579,7569|6272,4729|6272,6035|6272,7029|6272,7559|6272,7601|6355,4697|6355,6003|6355,6997|6355,7527|6355,7569|6404,4729|6404,6035|6404,7029|6404,7559|6404,7601|7034,5823|7034,6365|7061,5825|7061,6367|7301,5813|7301,6355|7382,4729|7382,6035|7382,7029|7382,7559|7382,7601|7642,5824|7642,6366|7876,5824|7876,6366
jaccbag 5796,23142|7093,22032
jaccbound 5961,21221|5961,21263|7007,21190|7007,21232
jaccvect 5432,146|5432,159|5448,550|5448,680|5448,696|5448,825|5574,554|5574,685|5574,701|5574,831|5576,534|5576,660|5576,676|5576,801|5633,187|5633,209|5711,590|5711,777|5711,976|5711,1166|5711,1415|5711,1707|5711,1966|5711,2340|5711,2719|5711,3101|5811,356|5811,378|5832,142|5832,155|5849,945|5849,1178|5849,1593|5849,1926|5849,2259|5849,2600|5849,3097|5849,3594|5887,10|5887,266|5887,370|5887,380|5887,1220|5887,1333|5887,1419|5887,1441|5887,1650|5887,1672|5887,1742|5909,10|5909,266|5909,370|5909,380|5909,1220|5909,1333|5909,1419|5909,1441|5909,1650|5909,1672|5909,1742|6038,744|6038,1131|6038,1542|6051,568|6051,691|6127,590|6127,777|6127,976|6127,1166|6127,1415|6127,1707|6127,1966|6127,2340|6127,2719|6127,3101|6153,590|6153,777|6153,976|6153,1166|6153,1415|6153,1707|6153,1966|6153,2340|6153,2719|6153,3101|6310,439|6310,452|6353,554|6353,685|6353,701|6353,831|6426,465|6426,487|6499,347|6499,479|6499,491|6568,183|6568,205|6624,356|6624,378|6638,10|6638,266|6638,362|6638,372|6638,1212|6638,1325|6638,1411|6638,1433|6638,1642|6638,1664|6638,1734|6640,728|6640,1121|6640,1538|6669,465|6669,487|6703,728|6703,1121|6703,1538|6775,10|6775,266|6775,362|6775,372|6775,1212|6775,1325|6775,1411|6775,1433|6775,1642|6775,1664|6775,1734|6798,183|6798,205|6800,10|6800,266|6800,351|6800,361|6800,1201|6800,1314|6800,1400|6800,1422|6800,1631|6800,1653|6800,1723|6828,363|6828,483|6828,495|6875,529|6875,944|6875,1277|6875,1610|6875,1951|6875,2528|6875,3105|6910,12|6910,294|6910,373|6910,383|6910,1223|6910,1336|6910,1422|6910,1444|6910,1653|6910,1675|6910,1745|6952,330|6952,343|7057,606|7057,787|7057,980|7057,1164|7057,1407|7057,1693|7057,1946|7057,2314|7057,2687|7057,3063|7110,138|7110,151|7152,645|7152,868|7152,1507|7152,1818|7154,694|7228,550|7228,680|7228,696|7228,825|7308,645|7308,868|7308,1507|7308,1818|7316,347|7316,479|7316,491|7317,187|7317,209|7327,651|7327,787|7342,694|7422,529|7422,944|7422,1277|7422,1610|7422,1951|7422,2528|7422,3105|7476,539|7476,948|7476,1275|7476,1602|7476,1937|7476,2531|7476,3125|7510,179|7510,201|7561,645|7561,868|7561,1507|7561,1818|7564,647|7564,780|7576,146|7576,159|7611,568|7611,691|7620,564|7620,687|7658,522|7658,645|7658,661|7658,783|7717,647|7717,780|7736,655|7736,872|7736,1505|7736,1810|7805,347|7805,479|7805,491|7851,728|7851,1121|7851,1538
jacelyn 5813,22913|6446,22913|7757,22913
jacinda 5813,21591|6446,21591|7757,21591
jacinta 5813,12210|6446,12210|7757,12210
jack 5813,22555|6048,4788|6048,38858|6048,84012|6048,188129|6048,189182|6048,321599|6048,321638|6048,329001|6048,329038|6048,329077|6048,329125|6048,329165|6048,329204|6048,368091|6048,370065|6446,22555|6658,1396|7415,1396|7757,22555|7853,4788|7853,38858|7853,84012|7853,188129|7853,189182|7853,321599|7853,321638|7853,329001|7853,329038|7853,329077|7853,329125|7853,329165|7853,329204|7853,368091|7853,370065
jackelin 5813,14351|6446,14351|7757,14351
jackelyn 5813,27281|6446,27281|7757,27281
jacket 6048,184680|6048,329237|7853,184680|7853,329237
jacki 5813,1607|5813,16205|6048,217905|6048,329271|6048,329319|6048,329357|6048,329390|6446,1607|6446,16205|7757,1607|7757,16205|7853,217905|7853,329271|7853,329319|7853,329357|7853,329390
jacklyn 5813,6456|6446,6456|7757,6456
jackovich 6048,329430|6048,329478|7853,329430|7853,329478
jackquelin 5813,26113|6446,26113|7757,26113
jackson 6048,11360|6048,271818|6048,329526|6048,329575|6048,329609|7853,11360|7853,271818|7853,329526|7853,329575|7853,329609
jaclyn 5813,4363|6446,4363|7757,4363
jacob 6048,329638|6048,329670|6048,329702|6048,329735|6048,329787|6048,329814|7853,329638|7853,329670|7853,329702|7853,329735|7853,329787|7853,329814
jacobi 6048,184821|7853,184821
jacobsen 6048,184729|6048,184740|7853,184729|7853,184740
jacobson 6048,4901|6048,68246|6048,184767|6048,329869|7853,4901|7853,68246|7853,184767|7853,329869|7917,1173|7941,1173
jacqu 5813,9422|6446,9422|7757,9422
jacqualin 5813,18552|6446,18552|7757,18552
jacquelin 5813,590|5813,9015|6048,184849|6446,590|6446,9015|7757,590|7757,9015|7853,184849
jacquelyn 5813,2598|5813,20676|6446,2598|6446,20676|7757,2598|7757,20676
jacquelynn 5813,19029|6446,19029|7757,19029
jacquetta 5813,24990|6446,24990|7757,24990
jacqui 5813,21922|5813,27274|6446,21922|6446,27274|7757,21922|7757,27274
jacquilin 5813,20944|6446,20944|7757,20944
jacqulin 5813,7329|6446,7329|7757,7329
jacqulyn 5813,16324|6446,16324|7757,16324
jada 5813,11820|6048,55133|6048,329895|6446,11820|7757,11820|7853,55133|7853,329895
jade 5813,6955|6048,188528|6048,272478|6048,329934|6048,329982|6048,330021|6048,370979|6446,6955|7757,6955|7853,188528|7853,272478|7853,329934|7853,329982|7853,330021|7853,370979
jadon 6048,330050|7853,330050
jadwiga 5813,20110|6446,20110|7757,20110
jae 5813,20672|6446,20672|7757,20672
jaffa 6048,90350|6048,136224|7853,90350|7853,136224
jafra 6048,330082|7853,330082
jagadish 5481,3669
jail 6048,243832|7853,243832
jaim 5813,3401|6048,56810|6446,3401|7757,3401|7853,56810
jaime 5813,26106|6446,26106|7757,26106
jaimi 5813,11496|6446,11496|7757,11496
jain 7915,632|7916,372|7916,714|7916,773|7916,1013|7916,1267|7916,1718|7916,1810|7916,3995|7916,4196|7916,8053|7917,1299|7918,490|7918,1658|7918,3281|7919,13505|7921,1582|7922,1582|7929,378|7929,993|7930,3192|7931,331|7932,3192|7935,378|7935,993|7937,490|7937,1658|7937,3281|7938,372|7938,714|7938,773|7938,1013|7938,1267|7938,1718|7938,1810|7938,3995|7938,4196|7938,8053|7941,1299|7943,632|7944,331|7946,13505
jake 6048,285643|6048,322449|6048,330116|7853,285643|7853,322449|7853,330116
jala 6048,330165|7853,330165
jalali 7916,5300|7917,3335|7938,5300|7941,3335
jaleesa 5813,20664|6446,20664|7757,20664
jalisa 5813,22906|6446,22906|7757,22906
jam 6048,184886|7853,184886
jama 5813,29802|6446,29802|7757,29802
jame 5813,6043|5813,25570|5813,27843|6048,41252|6048,66432|6048,71967|6048,93753|6048,93901|6048,145414|6048,152001|6048,165957|6048,166629|6048,192660|6048,229434|6048,330196|6048,330243|6048,330283|6048,330325|6048,337691|6048,337732|6048,337776|6048,337820|6048,337865|6048,337906|6048,337951|6048,338008|6446,6043|6446,25570|6446,27843|7757,6043|7757,25570|7757,27843|7853,41252|7853,66432|7853,71967|7853,93753|7853,93901|7853,145414|7853,152001|7853,165957|7853,166629|7853,192660|7853,229434|7853,330196|7853,330243|7853,330283|7853,330325|7853,337691|7853,337732|7853,337776|7853,337820|7853,337865|7853,337906|7853,337951|7853,338008|7917,1058|7941,1058
jamey 5813,20371|6446,20371|7757,20371
jami 5813,991|5813,5181|6446,991|6446,5181|7757,991|7757,5181
jamico 6048,338032|7853,338032
jamieson 6048,128672|7853,128672
jamika 5813,27836|6446,27836|7757,27836
jamila 5813,11708|6446,11708|7757,11708
jamin 6048,338078|7853,338078
jammi 5813,12989|6446,12989|7757,12989
jamz 6048,351218|7853,351218
jan 5813,2321|6048,338124|6446,2321|7757,2321|7853,338124|7912,1378|7912,1503|7919,5922|7946,5922
jana 5813,3093|5813,14225|6446,3093|6446,14225|7757,3093|7757,14225
janay 5813,20938|6446,20938|7757,20938
jane 5813,533|5813,21585|6048,338165|6048,338203|6048,348513|6446,533|6446,21585|7757,533|7757,21585|7853,338165|7853,338203|7853,348513
janean 5813,26099|6446,26099|7757,26099
janeen 5813,10369|6446,10369|7757,10369
janel 5813,3747|5813,6759|5813,7916|6446,3747|6446,6759|6446,7916|7757,3747|7757,6759|7757,7916
janella 5813,23713|6446,23713|7757,23713
janen 5813,14063|6446,14063|7757,14063
janessa 5813,16074|6446,16074|7757,16074
janet 5813,316|6048,338240|6048,338283|6446,316|7757,316|7853,338240|7853,338283
janeth 5813,17186|6446,17186|7757,17186
janett 5813,3918|5813,16724|6446,3918|6446,16724|7757,3918|7757,16724
janetta 5813,15572|6446,15572|7757,15572
janey 5813,13833|6446,13833|7757,13833
jani 5813,2296|5813,2944|5813,27831|6446,2296|6446,2944|6446,27831|7757,2296|7757,2944|7757,27831
janic 5813,457|6446,457|7757,457
janiec 5813,26727|6446,26727|7757,26727
janigo 6048,15256|7853,15256
janin 5813,4112|6446,4112|7757,4112
janina 5813,10589|6446,10589|7757,10589
janis 5813,21915|6446,21915|7757,21915
janita 5813,17947|6446,17947|7757,17947
janitori 6048,41178|6048,197551|6048,221248|6048,230475|6048,235823|6048,236467|6048,246765|6048,248716|6048,255788|6048,286226|6048,287267|6048,290352|6048,297060|6048,313469|6048,320438|6048,320837|6048,345050|6048,345691|6048,360248|7853,41178|7853,197551|7853,221248|7853,230475|7853,235823|7853,236467|7853,246765|7853,248716|7853,255788|7853,286226|7853,287267|7853,290352|7853,297060|7853,313469|7853,320438|7853,320837|7853,345050|7853,345691|7853,360248
jann 5813,19551|6446,19551|7757,19551
janna 5813,6179|6446,6179|7757,6179
jannahlivingspac 6048,338328|7853,338328
jannet 5813,21578|6446,21578|7757,21578
jannett 5813,9767|6446,9767|7757,9767
janni 5813,6534|6446,6534|7757,6534
jansen 6048,188180|7853,188180
janssen 6048,338369|7853,338369
januari 5813,22898|6446,22898|7757,22898|7911,2658|7912,638|7912,2724|7912,2894
janyc 5813,28499|6446,28499|7757,28499
japan 5473,4822|5632,5360|5908,5359|6048,338410|6192,2631|6203,8420|6454,4818|6688,8420|7246,4950|7853,338410
japanes 6048,255094|6048,344706|7853,255094|7853,344706
jappend 7252,5398|7256,5398|7344,5442|7370,5398|7728,5442
japplet 7884,4279
jaquelin 5813,7450|6446,7450|7757,7450
jaquelyn 5813,29154|6446,29154|7757,29154
jar 7884,1224|7884,1377|7884,1455|7884,1490|7884,2073|7884,2090|7884,2311|7884,2440|7884,2553|7884,2714|7884,3193|7884,3224|7884,5512|7884,5734|7884,5786|7884,6067|7884,6261|7893,455|7908,396|7909,455
jardin 6048,304837|7853,304837
jarvi 6048,338453|7853,338453
jasmin 5813,2760|5813,7163|6446,2760|6446,7163|7757,2760|7757,7163
jason 5813,17556|6048,143849|6048,338477|6446,17556|7757,17556|7853,143849|7853,338477
jass 6048,338522|7853,338522
jat 7252,834|7252,933|7252,5217|7256,834|7256,933|7256,5217|7344,878|7344,977|7344,5261|7370,834|7370,933|7370,5217|7728,878|7728,977|7728,5261
jaunita 5813,13261|6446,13261|7757,13261
java 6048,184921|6048,188205|6048,338551|6048,338581|6048,338610|6048,338637|6048,338665|6048,338702|6048,373479|7853,184921|7853,188205|7853,338551|7853,338581|7853,338610|7853,338637|7853,338665|7853,338702|7853,373479|7883,122|7884,114|7884,300|7884,378|7884,385|7884,478|7884,646|7884,966|7884,1077|7884,1561|7884,1691|7884,1716|7884,1838|7884,2136|7884,2186|7884,2241|7884,2529|7884,2789|7884,3028|7884,3349|7884,3537|7884,3595|7884,3857|7884,3999|7884,4131|7884,4200|7884,4225|7884,4539|7884,4710|7884,5139|7884,5305|7884,5687|7884,6197|7884,7229|7884,7440|7884,7491|7884,7765|7884,7882|7884,8077|7884,8240|7884,8305|7884,8407|7885,130|7885,178|7885,391|7885,472|7885,506|7886,132|7886,182|7886,603|7887,124|7887,172|7887,1276|7888,99|7890,126|7890,174|7890,484|7891,128|7891,176|7891,507|7892,124|7892,172|7892,816|7893,12|7893,43|7893,118|7893,202|7894,114|7894,166|7894,295|7895,112|7895,160|7895,466|7897,122|7897,170|7897,723|7898,143|7899,34|7899,74|7899,136|7899,209|7900,120|7900,168|7900,539|7901,126|7901,174|7901,1278|7902,122|7902,170|7902,605|7903,116|7903,164|7903,356|7904,122|7904,170|7904,533|7905,116|7905,164|7905,432|7906,120|7906,168|7906,296|7906,405|7907,124|7907,172|7907,469|7908,147|7908,245|7908,277|7908,533|7908,39959|7909,12|7909,43|7909,118|7909,202
javac 7884,3522|7884,8069|7884,8105|7884,8263|7884,8481|7884,8758
javadoc 7884,5972|7884,6012|7884,6276
javanmardi 7081,2880|7081,3445
javazoon 7908,36574
jave 7893,3036|7909,3036
jay 5813,14868|5813,22218|6048,73617|6048,184949|6048,271862|6048,338733|6048,338773|6048,338809|6048,338855|6446,14868|6446,22218|7757,14868|7757,22218|7853,73617|7853,184949|7853,271862|7853,338733|7853,338773|7853,338809|7853,338855|7911,3035
jaym 5813,8471|6446,8471|7757,8471
jaymi 5813,22548|6446,22548|7757,22548
jayn 5813,4357|6446,4357|7757,4357
jayna 5813,23707|6446,23707|7757,23707
jazmin 5813,12050|5813,16716|6446,12050|6446,16716|7757,12050|7757,16716
jazzercis 6048,338901|7853,338901
jb 6048,344832|6048,344863|7853,344832|7853,344863
jbc 6048,338930|7853,338930
jbm 6048,338959|7853,338959
jbp 6048,184983|7853,184983
jbr 6048,338986|7853,338986
jc 5510,3831|5510,5329|5510,5429|5510,5486|5510,5545|6048,37511|6347,3831|6347,5329|6347,5429|6347,5486|6347,5545|6471,3832|6471,5330|6471,5430|6471,5487|6471,5546|6788,3832|6788,5330|6788,5430|6788,5487|6788,5546|6855,3832|6855,5330|6855,5430|6855,5487|6855,5546|7853,37511
jcw 6048,185020|7853,185020
jd 5579,7866|5765,348|5765,456|5765,466|5765,573|5998,501|6048,344897|6087,385|6087,392|6105,501|6194,497|6272,7898|6317,474|6317,490|6355,7866|6404,7898|6642,444|6642,513|6820,452|6820,468|6837,497|6947,502|6947,632|7106,12|7106,288|7106,353|7288,382|7288,388|7288,681|7288,952|7321,341|7321,4486|7321,4526|7321,5744|7321,5784|7321,5841|7382,7898|7476,2339|7476,2933|7476,3527|7584,497|7853,344897
jdb2011 7081,1140
jdk 7884,1127|7884,8327
jdk1 7884,8412
jdq 5998,452|5998,574|6105,452|6105,574|6194,448|6194,570|6642,464|6642,586|6837,448|6837,570|7584,448|7584,570
jdtest 7321,2684|7321,12911
je 6048,2728|7853,2728
jeal 6048,344928|7853,344928
jean 5813,403|5813,11490|6048,345083|6446,403|6446,11490|7757,403|7757,11490|7853,345083
jeana 5813,9971|6446,9971|7757,9971
jeanel 5813,22889|6446,22889|7757,22889
jeanen 5813,18544|6446,18544|7757,18544
jeanett 5813,1306|5813,24552|6048,344951|6446,1306|6446,24552|7757,1306|7757,24552|7853,344951
jeanetta 5813,10929|6446,10929|7757,10929
jeani 5813,5260|6048,344998|6048,345041|6446,5260|7757,5260|7853,344998|7853,345041
jeanic 5813,23287|6446,23287|7757,23287
jeanin 5813,4446|6446,4446|7757,4446
jeanmari 5813,22208|6446,22208|7757,22208
jeann 5813,1364|6446,1364|7757,1364
jeanna 5813,7599|6446,7599|7757,7599
jeannett 5813,2479|6446,2479|7757,2479
jeannetta 5813,29792|6446,29792|7757,29792
jeanni 5813,3279|6446,3279|7757,3279
jeannin 5813,4701|6446,4701|7757,4701
jedi 6048,345119|7853,345119
jeff 6048,345154|7853,345154
jeffco 6048,127006|6048,345191|7853,127006|7853,345191
jeffi 5813,28492|6446,28492|7757,28492
jeffrey 5813,25562|6446,25562|7757,25562|7916,6868|7938,6868
jeffreyhmargoli 7916,6955|7938,6955
jeffwood 6048,235545|6048,340129|7853,235545|7853,340129
jehovah 6048,97524|6048,185065|6048,239361|6048,285684|6048,322490|6048,345236|6048,345273|7853,97524|7853,185065|7853,239361|7853,285684|7853,322490|7853,345236|7853,345273
jell 6048,29121|7853,29121
jellybean 6048,185103|7853,185103
jem 6048,345311|7853,345311
jen 5813,20934|6048,345380|6048,345540|6446,20934|7757,20934|7853,345380|7853,345540
jena 5813,7570|5813,26721|6446,7570|6446,26721|7757,7570|7757,26721
jene 5813,21573|5813,24546|6048,217945|6446,21573|6446,24546|7757,21573|7757,24546|7853,217945
jenel 5813,11178|5813,15768|6446,11178|6446,15768|7757,11178|7757,15768
jenett 5813,15237|6446,15237|7757,15237
jeneva 5813,29147|6446,29147|7757,29147
jeni 5813,16935|6446,16935|7757,16935
jenic 5813,20927|6446,20927|7757,20927
jenif 5813,3883|6446,3883|7757,3883
jeniff 5813,10479|6446,10479|7757,10479
jenin 5813,18090|6446,18090|7757,18090
jenis 5813,16551|6446,16551|7757,16551
jenkin 6048,152044|6048,345346|7853,152044|7853,345346
jenna 5813,3116|6446,3116|7757,3116
jennef 5813,17177|6446,17177|7757,17177
jennel 5813,27266|6446,27266|7757,27266
jennett 5813,11699|6446,11699|7757,11699
jenni 5813,1808|5813,1919|5813,11319|6048,9123|6048,345425|6446,1808|6446,1919|6446,11319|7757,1808|7757,1919|7757,11319|7853,9123|7853,345425
jennif 5813,38|6446,38|7757,38
jenniff 5813,13734|6446,13734|7757,13734
jennin 5813,24982|6446,24982|7757,24982
jeno 6048,345463|7853,345463
jenro 6048,345501|7853,345501
jensen 6048,185130|6048,185139|6048,345581|7853,185130|7853,185139|7853,345581
jenson 6048,185164|7853,185164
jerald 6048,345609|7853,345609
jeraldin 5813,13251|6446,13251|7757,13251
jeremi 5813,28485|6048,32215|6048,92335|6048,345656|6446,28485|7757,28485|7853,32215|7853,92335|7853,345656
jeri 5813,4816|6446,4816|7757,4816
jerica 5813,22882|6446,22882|7757,22882
jericho 6048,345683|7853,345683
jerilyn 5813,12466|6446,12466|7757,12466
jerlen 5813,27823|6446,27823|7757,27823
jermain 6048,345720|7853,345720
jerom 6048,345763|7853,345763
jerri 5813,5514|5813,5781|5813,11642|6048,57907|6048,134204|6048,152078|6048,185209|6048,185245|6048,293128|6048,322527|6048,345799|6048,345846|6048,345885|6048,345925|6048,345960|6048,346007|6446,5514|6446,5781|6446,11642|7757,5514|7757,5781|7757,11642|7853,57907|7853,134204|7853,152078|7853,185209|7853,185245|7853,293128|7853,322527|7853,345799|7853,345846|7853,345885|7853,345925|7853,345960|7853,346007
jerrica 5813,21565|6446,21565|7757,21565
jersey 6048,294172|6048,308842|6048,330787|7853,294172|7853,308842|7853,330787
jerstrom 6048,346039|7853,346039
jesenia 5813,15959|6446,15959|7757,15959
jesica 5813,9725|6446,9725|7757,9725
jess 5813,7240|6048,346078|6446,7240|7757,7240|7853,346078
jessenia 5813,17938|6446,17938|7757,17938
jessi 5813,1461|5813,16068|6446,1461|6446,16068|7757,1461|7757,16068
jessia 5813,28478|6446,28478|7757,28478
jessica 5813,174|6446,174|7757,174
jessika 5813,22874|6446,22874|7757,22874
jestin 5813,28470|6446,28470|7757,28470
jesu 5813,15953|6048,58609|6048,58656|6048,143079|6048,145489|6048,190613|6048,208639|6048,221621|6048,281200|6048,296452|6048,315343|6048,351979|6048,352015|6048,363732|6048,377299|6048,382077|6446,15953|7757,15953|7853,58609|7853,58656|7853,143079|7853,145489|7853,190613|7853,208639|7853,221621|7853,281200|7853,296452|7853,315343|7853,351979|7853,352015|7853,363732|7853,377299|7853,382077
jesuit 6048,235589|6048,346110|6048,351901|6048,351935|7853,235589|7853,346110|7853,351901|7853,351935
jesusa 5813,20657|6446,20657|7757,20657
jesusita 5813,28461|6446,28461|7757,28461
jet 6048,176183|6048,352047|7853,176183|7853,352047
jetta 5813,21909|6446,21909|7757,21909
jetti 5813,13727|6446,13727|7757,13727
jewel 5813,3572|5813,3996|6048,6297|6048,40289|6048,40327|6048,42668|6048,174492|6048,352083|6048,352128|6048,352174|6048,352220|6048,352261|6048,352298|6048,352347|6048,352383|6048,352431|6048,352479|6048,352591|6446,3572|6446,3996|7757,3572|7757,3996|7853,6297|7853,40289|7853,40327|7853,42668|7853,174492|7853,352083|7853,352128|7853,352174|7853,352220|7853,352261|7853,352298|7853,352347|7853,352383|7853,352431|7853,352479|7853,352591
jewelri 6048,18543|6048,60248|6048,80503|6048,119177|6048,326327|6048,332604|6048,352525|6048,352557|7853,18543|7853,60248|7853,80503|7853,119177|7853,326327|7853,332604|7853,352525|7853,352557
jewish 6048,352637|7853,352637
jfi 6048,185280|7853,185280
jfk 6048,185313|7853,185313
jha 7916,5159|7916,5227|7938,5159|7938,5227
ji 5376,213|5385,199|5388,268|5401,256|5421,208|5443,212|5445,203|5454,194|5473,307|5480,202|5501,273|5511,208|5517,198|5518,198|5520,194|5526,198|5549,1639|5557,256|5562,203|5575,198|5582,203|5592,5209|5600,256|5602,203|5632,278|5632,6684|5645,208|5657,207|5666,208|5691,193|5696,199|5721,198|5742,207|5743,206|5752,207|5757,199|5761,212|5771,197|5787,213|5794,212|5808,206|5813,23704|5815,208|5833,212|5865,214|5867,216|5908,277|5908,6841|5925,211|5952,238|5956,218|5965,209|5991,193|5992,213|5994,202|6005,1139|6009,183|6011,204|6030,218|6034,208|6055,212|6056,213|6106,1091|6107,218|6108,209|6110,213|6135,1639|6156,206|6166,6208|6173,1139|6174,202|6203,5261|6203,6520|6203,6704|6208,189|6215,192|6227,199|6236,210|6238,204|6259,192|6276,266|6307,218|6308,202|6310,197|6333,222|6351,197|6368,201|6396,209|6400,6208|6426,212|6446,23704|6448,208|6452,214|6454,303|6456,209|6462,190|6464,203|6482,209|6486,203|6546,6196|6554,201|6556,216|6573,239|6613,203|6644,188|6649,209|6662,217|6669,212|6688,5261|6688,6520|6688,6704|6698,242|6704,210|6713,214|6726,212|6756,212|6766,191|6768,206|6796,216|6818,204|6827,205|6831,206|6844,206|6849,188|6896,203|6899,211|6911,214|6926,209|6935,239|6946,210|6962,1099|7035,238|7048,204|7064,205|7066,208|7070,209|7107,207|7121,208|7171,1099|7175,273|7192,198|7198,196|7205,194|7226,202|7236,209|7238,202|7246,242|7246,5609|7246,6361|7330,202|7331,200|7348,197|7361,205|7363,205|7372,199|7407,273|7413,212|7418,216|7423,205|7512,213|7516,208|7545,212|7568,244|7571,197|7583,212|7606,207|7619,185|7630,239|7637,222|7650,216|7688,216|7708,5209|7738,213|7743,204|7757,23704|7780,207|7787,194|7814,218|7840,200|7845,195|7881,217|7910,548|7912,2355
jiaheng 5368,217|5369,282|5376,295|5385,281|5387,392|5392,216|5400,238|5406,242|5407,229|5421,290|5423,239|5425,235|5443,294|5445,285|5454,276|5473,389|5473,3427|5480,284|5511,290|5517,280|5518,280|5520,276|5526,280|5530,597|5538,392|5539,229|5554,1212|5554,1265|5562,285|5575,280|5579,261|5582,285|5602,285|5621,392|5629,239|5632,360|5632,3887|5632,6691|5634,244|5645,290|5657,289|5666,290|5671,279|5681,243|5691,275|5696,281|5721,280|5742,289|5743,288|5752,289|5757,281|5759,221|5761,294|5771,279|5787,295|5794,294|5808,288|5814,243|5815,290|5833,294|5864,238|5865,296|5867,298|5899,238|5908,359|5908,3886|5908,6848|5920,238|5925,293|5956,300|5965,291|5970,248|5978,244|5981,244|5991,275|5992,295|5994,284|6005,1066|6009,265|6011,286|6016,235|6030,300|6034,290|6055,294|6056,295|6074,218|6106,1018|6107,300|6108,291|6110,295|6156,288|6173,1066|6174,284|6199,236|6201,275|6203,5420|6203,6721|6203,7182|6208,271|6215,274|6227,281|6236,292|6238,286|6242,1199|6242,1254|6259,274|6272,262|6286,235|6295,244|6306,239|6307,300|6308,284|6310,279|6323,238|6333,304|6342,236|6343,597|6351,279|6355,261|6368,283|6385,248|6392,243|6396,291|6404,262|6415,236|6426,294|6430,236|6437,243|6448,290|6452,296|6454,385|6454,3423|6456,291|6462,272|6464,285|6482,291|6486,285|6491,244|6554,283|6556,298|6560,591|6572,235|6589,242|6613,285|6615,239|6644,270|6649,291|6662,299|6669,294|6688,5420|6688,6721|6688,7182|6694,591|6704,292|6713,296|6717,242|6726,294|6744,218|6756,294|6766,273|6768,288|6779,220|6796,298|6811,236|6818,286|6827,287|6831,288|6844,288|6849,270|6852,230|6872,242|6890,236|6891,242|6894,392|6896,285|6899,293|6911,296|6926,291|6930,216|6933,279|6937,236|6946,292|6962,1026|6964,242|6968,597|6997,237|7034,236|7048,286|7061,237|7064,287|7066,290|7070,291|7087,217|7088,238|7096,392|7107,289|7121,290|7171,1026|7184,239|7186,237|7192,280|7198,278|7205,276|7216,236|7226,284|7234,597|7236,291|7238,284|7246,324|7246,3477|7246,5626|7246,6368|7281,386|7282,237|7301,236|7330,284|7331,282|7348,279|7356,275|7361,287|7363,287|7372,281|7378,217|7382,262|7397,236|7413,294|7418,298|7420,279|7423,287|7451,243|7468,230|7486,221|7505,1212|7505,1265|7512,295|7516,290|7540,235|7545,294|7557,218|7571,279|7583,294|7606,289|7619,267|7637,304|7640,597|7642,237|7646,238|7650,298|7672,217|7688,298|7693,1051|7693,1106|7723,248|7738,295|7743,286|7753,386|7780,289|7787,276|7789,1051|7789,1106|7798,237|7803,221|7813,220|7814,300|7834,217|7840,282|7845,277|7876,237|7881,299|7911,3074
jianhua 6203,6550|6688,6550
jiffi 6048,352676|6048,352704|6048,352733|7853,352676|7853,352704|7853,352733
jill 5813,1087|6048,352762|6446,1087|7757,1087|7853,352762
jillian 5813,4007|6446,4007|7757,4007
jim 5632,6477|5632,6523|6048,86876|6048,102707|6048,115562|6048,188233|6048,217985|6048,218026|6048,223834|6048,308872|6048,352804|6048,352845|6048,352884|6048,352931|6048,352973|6048,353006|6048,353039|6048,353072|6048,353108|6048,353149|6048,357722|6048,380594|7853,86876|7853,102707|7853,115562|7853,188233|7853,217985|7853,218026|7853,223834|7853,308872|7853,352804|7853,352845|7853,352884|7853,352931|7853,352973|7853,353006|7853,353039|7853,353072|7853,353108|7853,353149|7853,357722|7853,380594
jimair 6048,359036|7853,359036
jimmi 5813,4588|5813,19545|6048,54690|6048,63796|6048,235629|6048,359061|6446,4588|6446,19545|7757,4588|7757,19545|7853,54690|7853,63796|7853,235629|7853,359061
jin 5371,229|5375,238|5376,238|5379,229|5382,238|5385,224|5408,243|5415,2093|5415,2109|5415,2222|5421,233|5443,237|5445,228|5454,219|5460,319|5470,238|5473,332|5473,3824|5473,4348|5473,4687|5480,227|5511,233|5517,223|5518,223|5520,219|5526,223|5553,238|5562,228|5572,253|5575,223|5582,228|5583,239|5586,253|5602,228|5632,303|5632,4362|5632,4886|5632,5225|5632,6712|5645,233|5652,246|5654,2088|5654,2104|5657,232|5663,253|5666,233|5691,218|5693,1249|5696,224|5703,232|5710,243|5720,257|5721,223|5742,232|5743,231|5752,232|5753,244|5756,244|5757,224|5761,237|5763,248|5771,222|5780,252|5787,238|5794,237|5799,2062|5799,2078|5800,2084|5800,2100|5800,2215|5802,245|5808,231|5811,252|5813,16931|5815,233|5820,240|5823,238|5833,237|5837,2088|5837,2104|5857,242|5865,239|5867,241|5875,233|5880,237|5893,223|5900,243|5908,302|5908,4361|5908,4885|5908,5224|5908,6869|5913,234|5925,236|5936,246|5951,247|5956,243|5965,234|5972,252|5980,248|5991,218|5992,238|5994,227|6009,208|6011,229|6030,243|6033,236|6034,233|6039,244|6044,235|6048,359110|6048,359138|6055,237|6056,238|6062,248|6072,2057|6072,2073|6072,2186|6076,239|6087,228|6107,243|6108,234|6110,238|6156,231|6172,248|6174,227|6192,341|6192,1636|6192,2157|6192,2496|6203,5652|6203,7324|6203,7847|6203,7970|6203,8148|6203,8288|6203,8575|6208,214|6215,217|6227,224|6236,235|6238,229|6241,250|6255,249|6259,217|6294,231|6307,243|6308,227|6310,222|6317,243|6333,247|6334,239|6349,240|6351,222|6367,248|6368,226|6370,256|6396,234|6406,249|6426,237|6446,16931|6447,256|6448,233|6450,247|6452,239|6454,328|6454,3820|6454,4344|6454,4683|6456,234|6462,215|6464,228|6467,242|6476,256|6479,228|6482,234|6483,1244|6483,1361|6486,228|6493,242|6516,239|6547,246|6551,238|6554,226|6556,241|6561,249|6595,243|6599,256|6603,249|6605,237|6613,228|6624,252|6625,251|6634,234|6644,213|6649,234|6657,243|6662,242|6669,237|6675,242|6684,256|6686,319|6688,5652|6688,7324|6688,7847|6688,7970|6688,8148|6688,8288|6688,8575|6702,250|6704,235|6713,239|6726,237|6729,2096|6729,2112|6756,237|6765,239|6766,216|6768,231|6796,241|6806,253|6818,229|6819,244|6820,243|6827,230|6830,248|6831,231|6832,247|6835,1218|6835,1335|6844,231|6849,213|6859,243|6862,252|6863,244|6874,1250|6874,1368|6879,237|6895,244|6896,228|6899,236|6911,239|6923,239|6926,234|6929,247|6932,328|6939,252|6946,235|6948,248|6952,237|6961,252|6973,251|6988,2080|6990,247|7012,247|7048,229|7064,230|7066,233|7070,234|7077,246|7082,256|7102,228|7107,232|7121,233|7140,243|7167,247|7182,233|7191,252|7192,223|7198,221|7205,219|7208,2093|7208,2109|7208,2222|7226,227|7231,234|7236,234|7238,227|7246,267|7246,3952|7246,4476|7246,4815|7246,6389|7262,1236|7262,1353|7267,237|7286,224|7300,233|7302,233|7303,246|7322,229|7328,2072|7328,2186|7330,227|7331,225|7339,319|7348,222|7349,237|7350,242|7361,230|7363,230|7372,224|7413,237|7416,243|7418,241|7423,230|7424,248|7498,2096|7498,2112|7512,238|7516,233|7522,241|7527,232|7531,257|7545,237|7551,2084|7551,2100|7551,2215|7571,222|7577,253|7583,237|7606,232|7609,252|7619,210|7637,247|7650,241|7673,238|7675,248|7684,252|7688,241|7712,234|7738,238|7743,229|7747,242|7751,247|7755,242|7757,16931|7762,252|7764,240|7775,1250|7775,1368|7778,243|7779,248|7780,232|7787,219|7810,244|7814,243|7840,225|7845,220|7853,359110|7853,359138|7862,246|7881,242
jina 5813,16200|6446,16200|7757,16200
jinni 5813,29786|6446,29786|7757,29786
jitao 7930,3135|7932,3135
jitter 6048,359173|7853,359173
jitterbug 6048,152125|7853,152125
jj 5796,2871|5796,4354|5796,4362|5796,4371|5796,4409|5796,4426|5796,4464|5796,5516|5796,6395|5796,6403|5796,6412|5796,6450|5796,6467|5796,6505|5796,15088|5796,16382|5796,16390|5796,16399|5796,16437|5796,16454|5796,16492|6449,1439|6449,2150|6449,2158|6449,2167|6449,2205|6449,2222|6449,2260|7034,1799|7034,1807|7034,1816|7034,1854|7034,1871|7034,1909|7061,1801|7061,1809|7061,1818|7061,1856|7061,1873|7061,1911|7093,2871|7093,4354|7093,4362|7093,4371|7093,4409|7093,4426|7093,4464|7093,5516|7093,6395|7093,6403|7093,6412|7093,6450|7093,6467|7093,6505|7149,993|7149,1746|7149,1754|7149,1763|7149,1801|7149,1818|7149,1856|7301,1789|7301,1797|7301,1806|7301,1844|7301,1861|7301,1899|7380,1419|7380,2130|7380,2138|7380,2147|7380,2185|7380,2202|7380,2240|7473,1813|7473,2692|7473,2700|7473,2709|7473,2747|7473,2764|7473,2802|7642,1800|7642,1808|7642,1817|7642,1855|7642,1872|7642,1910|7876,1800|7876,1808|7876,1817|7876,1855|7876,1872|7876,1910
jkm 6048,359211|7853,359211
jkp 6048,359253|7853,359253
jl 6048,359287|7853,359287
jlayer 7908,36583
jlm 5746,446|5845,446|6247,446|6299,453|6481,453|6836,446|6901,453|7166,446|7227,446|7403,453|7435,453|7821,453
jmax 5796,8191|5796,8240|5796,8294|5796,9039|5796,9285|5860,1379|5860,1431|5860,1463|5860,2015|5860,4853|5860,5230|5860,6209|5860,11844|5860,11919|5860,11951|5860,13289|5860,14152|5860,14227|5860,14259|5860,15604|6623,1379|6623,1431|6623,1463|6623,2015|6623,4853|6623,5230|6623,6209|6623,11844|6623,11919|6623,11951|6623,13289|6623,14152|6623,14227|6623,14259|6623,15604|6659,4374|6659,4461|6659,4491|6659,5753|6659,6204|6659,6293|6659,6715|6659,6872|6659,6902|6659,7387|6883,1373|6883,1425|6883,1457|6883,2009|6883,4859|6883,5236|6883,6215|6883,11868|6883,11943|6883,11975|6883,13313|6883,14182|6883,14257|6883,14289|6883,15634|7093,8191|7093,8240|7093,8294|7093,9039|7093,9285|7257,4374|7257,4461|7257,4491|7257,5753|7257,6204|7257,6293|7257,6715|7257,6872|7257,6902|7257,7387|7412,4362|7412,4449|7412,4479|7412,5741|7412,6198|7412,6287|7412,6709|7412,6866|7412,6896|7412,7381|7473,4488|7473,4537|7473,4591|7473,5336|7473,5582
jme 6048,81706|7853,81706
jmj 6048,185340|6048,359321|7853,185340|7853,359321
jmr 6048,359353|7853,359353
jn 6048,359396|7853,359396
jnnie 6048,88371|7853,88371
jo 5813,1711|6048,44952|6048,70885|6048,359438|6048,359471|6048,359512|6048,359554|6446,1711|7757,1711|7853,44952|7853,70885|7853,359438|7853,359471|7853,359512|7853,359554
joan 5813,433|5813,23698|6048,338556|6048,359596|6048,359638|6048,359671|6446,433|6446,23698|7757,433|7757,23698|7853,338556|7853,359596|7853,359638|7853,359671
joana 5813,14528|6446,14528|7757,14528
joani 5813,11003|6048,44662|6446,11003|7757,11003|7853,44662
joann 5813,997|5813,1120|6048,185387|6446,997|6446,1120|7757,997|7757,1120|7853,185387
joanna 5813,2213|6048,166673|6446,2213|7757,2213|7853,166673
joanni 5813,21557|6446,21557|7757,21557
joaquina 5813,27814|6446,27814|7757,27814
job 6048,56897|6048,201213|6048,223875|6048,359713|6048,359741|6048,359769|6048,359799|6048,364260|7853,56897|7853,201213|7853,223875|7853,359713|7853,359741|7853,359769|7853,359799|7853,364260
joblin 6048,8300|7853,8300
jobsit 6048,175389|7853,175389
jocelyn 5813,4199|6446,4199|7757,4199
jode 5813,16545|6446,16545|7757,16545
jodi 5813,2291|5813,2748|5813,4564|6048,143898|6048,359837|6048,359877|6446,2291|6446,2748|6446,4564|7757,2291|7757,2748|7757,4564|7853,143898|7853,359837|7853,359877
joe 5457,2306|5457,2351|5457,2460|5457,2517|5457,3092|5457,3138|5457,3260|5457,3337|5457,3446|5457,3579|5457,3583|5457,3632|5457,3636|5457,3688|5457,3692|5457,3743|5457,3747|5457,3812|5457,3816|5457,3866|5457,3870|5457,3924|5457,3928|5457,3991|5457,3995|5457,4058|5457,4062|5457,4119|5457,4123|5457,4176|5457,4180|5457,4232|5457,4236|5457,4293|5457,4297|5457,4599|5457,4652|5457,4878|5457,5093|5457,5868|5457,6251|5457,6466|5457,7352|5457,7721|5457,7979|5457,8881|5457,9352|5457,9479|5457,9546|5457,10264|5777,2344|5777,2450|5777,2740|5777,2817|5777,2881|5777,2972|5777,2976|5777,3044|5777,3048|5777,3100|5777,3104|5777,3156|5777,3160|5777,3218|5777,3222|5777,3284|5777,3288|5777,3348|5777,3352|5777,3405|5777,3409|5777,3715|5777,3768|5777,3887|5777,4033|5777,4157|5777,4438|5777,5223|5777,5527|5777,5589|5777,6009|5777,6071|5777,6118|5777,6268|5777,6355|5777,7712|5777,7950|5777,8008|5777,8113|5813,9042|6048,59832|6048,104886|6048,143930|6048,185423|6048,310982|6048,347137|6048,359916|6048,359954|6048,360002|6191,378|6191,457|6191,517|6312,2276|6312,2324|6312,2435|6312,2495|6312,2576|6312,3098|6312,3177|6312,3288|6312,3423|6312,3427|6312,3476|6312,3480|6312,3532|6312,3536|6312,3587|6312,3591|6312,3656|6312,3660|6312,3710|6312,3714|6312,3768|6312,3772|6312,3825|6312,3829|6312,3881|6312,3885|6312,3942|6312,3946|6312,4248|6312,4301|6312,4393|6312,4616|6312,5358|6312,5823|6312,5950|6312,6017|6312,6112|6312,6166|6312,6228|6312,6290|6312,6340|6312,6685|6403,2272|6403,2318|6403,2427|6403,2485|6403,2564|6403,3080|6403,3157|6403,3266|6403,3399|6403,3403|6403,3452|6403,3456|6403,3508|6403,3512|6403,3563|6403,3567|6403,3632|6403,3636|6403,3686|6403,3690|6403,3744|6403,3748|6403,3801|6403,3805|6403,3857|6403,3861|6403,3918|6403,3922|6403,4224|6403,4277|6403,4369|6403,4592|6403,5332|6403,5795|6403,5922|6403,5989|6403,6082|6403,6134|6403,6194|6403,6254|6403,6302|6403,6645|6446,9042|6501,474|6501,524|6501,575|6501,936|6501,982|6503,443|6503,490|6706,417|6706,464|6786,474|6786,524|6786,577|6786,940|6786,988|6854,2344|6854,2450|6854,2740|6854,2817|6854,2881|6854,2972|6854,2976|6854,3044|6854,3048|6854,3100|6854,3104|6854,3156|6854,3160|6854,3218|6854,3222|6854,3284|6854,3288|6854,3348|6854,3352|6854,3405|6854,3409|6854,3715|6854,3768|6854,3887|6854,4033|6854,4157|6854,4438|6854,5223|6854,5527|6854,5589|6854,6009|6854,6071|6854,6118|6854,6268|6854,6355|6854,7712|6854,7950|6854,8008|6854,8113|7045,443|7045,492|7141,378|7141,457|7141,517|7357,474|7357,524|7357,575|7357,1058|7357,1104|7757,9042|7853,59832|7853,104886|7853,143930|7853,185423|7853,310982|7853,347137|7853,359916|7853,359954|7853,360002
joeann 5813,18777|6446,18777|7757,18777
joel 5813,18539|6446,18539|7757,18539
joell 5813,9236|6446,9236|7757,9236
joella 5813,18308|6446,18308|7757,18308
joellen 5813,11117|6446,11117|7757,11117
joett 5813,26714|6446,26714|7757,26714
joetta 5813,13244|6446,13244|7757,13244
joey 5813,13239|6446,13239|7757,13239
johana 5813,20650|6446,20650|7757,20650
johann 5813,25554|6446,25554|7757,25554
johanna 5813,3324|6446,3324|7757,3324
johannsen 6048,76448|7853,76448
john 5813,5646|6048,2128|6048,57241|6048,60712|6048,74563|6048,74940|6048,95820|6048,97370|6048,131454|6048,152169|6048,152210|6048,152247|6048,160187|6048,183396|6048,185455|6048,185503|6048,185546|6048,191074|6048,218072|6048,227461|6048,227504|6048,227545|6048,232957|6048,235673|6048,237996|6048,254494|6048,257802|6048,259904|6048,293173|6048,309638|6048,320127|6048,322572|6048,336408|6048,360039|6048,360083|6048,360126|6048,360159|6048,360192|6048,360238|6048,360277|6048,366098|6048,366133|6048,366180|6048,366225|6048,366270|6048,366316|6048,366355|6048,366392|6048,366436|6048,366474|6048,366513|6048,366558|6048,366600|6048,366643|6048,366688|6048,366728|6048,366762|6048,366802|6048,366840|6048,366881|6048,367707|6048,371020|6446,5646|7757,5646|7853,2128|7853,57241|7853,60712|7853,74563|7853,74940|7853,95820|7853,97370|7853,131454|7853,152169|7853,152210|7853,152247|7853,160187|7853,183396|7853,185455|7853,185503|7853,185546|7853,191074|7853,218072|7853,227461|7853,227504|7853,227545|7853,232957|7853,235673|7853,237996|7853,254494|7853,257802|7853,259904|7853,293173|7853,309638|7853,320127|7853,322572|7853,336408|7853,360039|7853,360083|7853,360126|7853,360159|7853,360192|7853,360238|7853,360277|7853,366098|7853,366133|7853,366180|7853,366225|7853,366270|7853,366316|7853,366355|7853,366392|7853,366436|7853,366474|7853,366513|7853,366558|7853,366600|7853,366643|7853,366688|7853,366728|7853,366762|7853,366802|7853,366840|7853,366881|7853,367707|7853,371020|7916,7010|7916,7091|7938,7010|7938,7091
johna 5813,22202|6446,22202|7757,22202
johnett 5813,24537|6446,24537|7757,24537
johnetta 5813,13230|6446,13230|7757,13230
johni 5813,13546|6446,13546|7757,13546
johnna 5813,9106|6446,9106|7757,9106
johnni 5813,2661|5813,14861|6048,366926|6048,367699|6446,2661|6446,14861|7757,2661|7757,14861|7853,366926|7853,367699
johnsi 5813,26091|6446,26091|7757,26091
johnson 6048,9449|6048,42169|6048,88703|6048,100657|6048,110682|6048,128141|6048,141606|6048,143971|6048,154176|6048,157484|6048,191109|6048,191155|6048,218109|6048,229907|6048,229942|6048,321643|6048,359070|6048,366964|6048,366996|6048,367031|6048,367069|6048,367108|6048,367142|6048,367178|6048,367211|6048,367245|6048,367289|6048,367322|6048,367355|6048,367403|6048,371053|6048,371101|6048,373125|6048,373159|6048,373200|6048,373241|6048,373281|7853,9449|7853,42169|7853,88703|7853,100657|7853,110682|7853,128141|7853,141606|7853,143971|7853,154176|7853,157484|7853,191109|7853,191155|7853,218109|7853,229907|7853,229942|7853,321643|7853,359070|7853,366964|7853,366996|7853,367031|7853,367069|7853,367108|7853,367142|7853,367178|7853,367211|7853,367245|7853,367289|7853,367322|7853,367355|7853,367403|7853,371053|7853,371101|7853,373125|7853,373159|7853,373200|7853,373241|7853,373281|7889,180
johnston 6048,191192|6048,373318|6048,373365|7853,191192|7853,373318|7853,373365
joi 5813,14059|6446,14059|7757,14059
joie 5813,29781|6446,29781|7757,29781
join 5415,296|5415,1352|5415,1730|5473,986|5473,1736|5473,4914|5473,5080|5481,3748|5530,339|5632,1001|5632,1751|5632,5452|5632,5618|5800,292|5800,1343|5800,1719|5848,2121|5908,1000|5908,1750|5908,5451|5908,5617|6037,2257|6050,2194|6072,270|6072,1318|6072,1694|6192,952|6192,2840|6203,1357|6203,1594|6203,3445|6203,3888|6203,6047|6203,7619|6343,339|6454,982|6454,1732|6454,4910|6454,5076|6560,333|6688,1357|6688,1594|6688,3445|6688,3888|6688,6047|6688,7619|6694,333|6968,339|7208,296|7208,1352|7208,1730|7234,339|7246,921|7246,1671|7246,5042|7246,5208|7328,277|7328,1340|7328,1722|7441,2148|7551,292|7551,1343|7551,1719|7592,2153|7640,339|7860,2257|7908,41793|7913,1599|7917,610|7934,1599|7941,610
joint 6048,31123|6048,42949|6048,82442|6048,298753|6048,384935|7853,31123|7853,42949|7853,82442|7853,298753|7853,384935
jointli 7919,10145|7946,10145
joist 6048,351872|7853,351872
jolanda 5813,20642|6446,20642|7757,20642
joleen 5813,11756|6446,11756|7757,11756
jolele 6048,373400|7853,373400
jolen 5813,4274|6446,4274|7757,4274
joli 5813,16062|6446,16062|7757,16062
jolin 5813,24975|6446,24975|7757,24975
jolley 6048,373444|7853,373444
jolli 6048,218153|7853,218153
jolt 6048,184926|6048,293210|6048,322609|6048,373472|7853,184926|7853,293210|7853,322609|7853,373472
jolyn 5813,21903|6446,21903|7757,21903
jolynn 5813,12918|6446,12918|7757,12918
jon 5813,22870|6048,15521|6048,135692|6048,181235|6048,198530|6446,22870|7757,22870|7853,15521|7853,135692|7853,181235|7853,198530
jona 5813,19785|6446,19785|7757,19785
jonathan 6048,373502|7853,373502
jone 5813,23693|6048,2731|6048,51303|6048,85051|6048,85094|6048,85137|6048,321073|6048,373545|6048,373576|6048,373620|6446,23693|7757,23693|7853,2731|7853,51303|7853,85051|7853,85094|7853,85137|7853,321073|7853,373545|7853,373576|7853,373620
jonel 5813,15358|5813,15760|6446,15358|6446,15760|7757,15358|7757,15760
jong 5813,29142|6446,29142|7757,29142
joni 5813,4213|5813,24531|6048,373644|6446,4213|6446,24531|7757,4213|7757,24531|7853,373644
jonna 5813,12590|6446,12590|7757,12590
jonni 5813,10321|6446,10321|7757,10321
jopa 6048,115803|7853,115803
jordan 5813,5453|6048,373685|6048,373722|6048,373766|6446,5453|7757,5453|7853,373685|7853,373722|7853,373766|7916,10021|7917,3071|7938,10021|7941,3071
jose 5813,11946|6048,352977|6446,11946|7757,11946|7853,352977
josefa 5813,6208|6446,6208|7757,6208
josefin 5813,27257|6446,27257|7757,27257
josefina 5813,3270|6446,3270|7757,3270
joselyn 5813,15752|6446,15752|7757,15752
joseph 5813,9496|6048,192731|6048,373791|6048,373836|6446,9496|7757,9496|7853,192731|7853,373791|7853,373836
josephin 5813,816|6446,816|7757,816
josephina 5813,11227|6446,11227|7757,11227
josephson 6048,373873|7853,373873
josett 5813,9252|6446,9252|7757,9252
josetta 6048,373909|7853,373909
joshua 5813,25547|6446,25547|7757,25547
josi 5813,3711|6446,3711|7757,3711
joslyn 5813,17549|6446,17549|7757,17549
josphin 5813,21894|6446,21894|7757,21894
josten 6048,373939|6048,373986|6048,374016|6048,374053|7853,373939|7853,373986|7853,374016|7853,374053
jourdian 6048,147147|6048,374090|7853,147147|7853,374090
journal 6203,7362|6203,8615|6203,8679|6688,7362|6688,8615|6688,8679|7919,10763|7919,10970|7946,10763|7946,10970
journey 6048,255059|6048,374130|6048,374162|6048,374194|6048,374221|6048,374248|7853,255059|7853,374130|7853,374162|7853,374194|7853,374221|7853,374248
jovan 5813,27251|6446,27251|7757,27251
jovita 5813,9451|6446,9451|7757,9451
joy 5813,1570|5813,16319|6048,374284|6048,374290|6048,374311|6048,374347|6048,374372|6446,1570|6446,16319|7757,1570|7757,16319|7853,374284|7853,374290|7853,374311|7853,374347|7853,374372
joya 5813,26709|6446,26709|7757,26709
joyc 5813,344|6048,308912|6446,344|7757,344|7853,308912
joycelyn 5813,10728|6446,10728|7757,10728
joyner 6048,320796|7853,320796
jp 6048,380072|7853,380072
jpe 5584,5501|6205,5501|6223,5501|6745,5501|6995,5501|7002,5501
jpeg 5584,5496|6205,5496|6223,5496|6745,5496|6995,5496|7002,5496|7908,35170
jpg 5584,5492|5596,630|6205,5492|6223,5492|6745,5492|6819,499|6863,399|6995,5492|7002,5492|7322,428|7719,503|7719,616
jr 6048,29548|6048,51821|6048,86039|6048,96647|6048,97029|6048,152804|6048,212202|6048,339801|6048,380105|7853,29548|7853,51821|7853,86039|7853,96647|7853,97029|7853,152804|7853,212202|7853,339801|7853,380105
jre 7884,1745
jre1 7884,1843
jrf 6048,60749|7853,60749
jsc 6048,380137|7853,380137
jt 5411,16482|5411,16516|5411,16542|5411,16585|5411,18416|5411,18450|5411,18476|5411,18520|5492,3865|5492,3883|5492,3902|5492,3947|5544,2536|5544,2572|5544,2598|5544,2625|5544,10541|5544,10587|5544,10648|5544,10759|5630,2581|5630,2617|5630,2643|5630,2670|5630,10969|5630,11015|5630,11076|5630,11187|5655,2569|5655,2605|5655,2631|5655,2658|5655,10957|5655,11003|5655,11064|5655,11175|5659,3864|5659,3882|5659,3901|5659,3946|5803,16482|5803,16516|5803,16542|5803,16585|5803,18416|5803,18450|5803,18476|5803,18520|5807,3887|5807,3905|5807,3924|5807,3969|6511,2581|6511,2617|6511,2643|6511,2670|6511,10969|6511,11015|6511,11076|6511,11187|6539,3864|6539,3882|6539,3901|6539,3946|6736,2569|6736,2605|6736,2631|6736,2658|6736,10957|6736,11003|6736,11064|6736,11175|6792,3865|6792,3883|6792,3902|6792,3947|7028,12386|7028,12420|7028,12446|7028,12489|7028,14320|7028,14354|7028,14380|7028,14424|7178,2559|7178,2595|7178,2621|7178,2648|7178,10947|7178,10993|7178,11054|7178,11165|7276,16480|7276,16514|7276,16540|7276,16583|7276,18414|7276,18448|7276,18474|7276,18518|7617,16512|7617,16546|7617,16572|7617,16615|7617,18446|7617,18480|7617,18506|7617,18550|7722,16480|7722,16514|7722,16540|7722,16583|7722,18414|7722,18448|7722,18474|7722,18518|7729,3865|7729,3883|7729,3902|7729,3947
ju 6048,380169|6048,380172|7853,380169|7853,380172
juan 5813,12984|6446,12984|7757,12984
juana 5813,2473|6446,2473|7757,2473
juanita 5813,920|6446,920|7757,920
juawana 5746,758|5845,758|6247,758|6299,772|6481,772|6836,758|6901,772|7166,758|7227,758|7403,772|7435,772|7821,772
jude 5813,23282|6048,82653|6048,273343|6446,23282|7757,23282|7853,82653|7853,273343
judg 6048,157528|7081,1486|7853,157528
judi 5813,477|5813,7043|5813,13827|6048,191236|6048,235705|6048,333014|6048,380271|6048,380306|6446,477|6446,7043|6446,13827|7757,477|7757,7043|7757,13827|7853,191236|7853,235705|7853,333014|7853,380271|7853,380306
judici 6048,380201|6048,380236|7853,380201|7853,380236
judith 5813,445|6048,139592|6048,172840|6446,445|6658,804|7415,804|7757,445|7853,139592|7853,172840
jug 6048,39572|7853,39572
juic 6048,380336|7853,380336
juici 6048,229410|7853,229410
jule 5813,19273|5813,25542|6446,19273|6446,25542|7757,19273|7757,25542
julen 5813,25535|6446,25535|7757,25535
juli 5813,362|5813,9720|6048,380367|6446,362|6446,9720|7081,2722|7081,3244|7757,362|7757,9720|7853,380367
julia 5813,614|6446,614|7757,614
julian 5813,19538|5813,20919|6048,15483|6446,19538|6446,20919|7757,19538|7757,20919|7853,15483
juliana 5813,5821|6446,5821|7757,5821
juliann 5813,5637|5813,13538|6446,5637|6446,13538|7757,5637|7757,13538
julianna 5813,8956|6446,8956|7757,8956
julieann 5813,26082|6446,26082|7757,26082
julien 6048,380408|7853,380408
julienn 5813,18530|6446,18530|7757,18530
juliet 5813,6449|6446,6449|7757,6449
julieta 5813,13369|6446,13369|7757,13369
juliett 5813,6185|6446,6185|7757,6185
julietta 5813,28452|6446,28452|7757,28452
julio 5813,29136|6048,380437|6446,29136|7757,29136|7853,380437
julissa 5813,13719|6446,13719|7757,13719
jump 6048,184483|6048,380477|7853,184483|7853,380477
jumper 6048,301940|6048,331467|7853,301940|7853,331467
jumpincrevsearch 5579,9768|5579,9820|5579,9872|5579,9924|5579,9976|5579,10028|5579,10080|5579,10132|6272,9800|6272,9852|6272,9904|6272,9956|6272,10008|6272,10060|6272,10112|6272,10164|6355,9752|6355,9804|6355,9856|6355,9908|6355,9960|6355,10012|6355,10064|6355,10116|6404,9800|6404,9852|6404,9904|6404,9956|6404,10008|6404,10060|6404,10112|6404,10164|7382,9800|7382,9852|7382,9904|7382,9956|7382,10008|7382,10060|7382,10112|7382,10164
jumpstartpc 6048,380515|7853,380515
jun 7923,384|7942,384
junction 6048,215925|6048,329244|7853,215925|7853,329244
june 5813,1206|6048,21012|6048,137975|6446,1206|7081,1206|7757,1206|7853,21012|7853,137975|7918,376|7937,376
juneau 6048,11260|6048,380545|7853,11260|7853,380545
jung 5813,8669|6048,144004|6446,8669|7757,8669|7853,144004
jungl 6048,380587|7853,380587
juni 5813,26076|6446,26076|7757,26076
junior 6048,380634|6048,380674|6048,380720|7853,380634|7853,380674|7853,380720
junita 5813,19778|6446,19778|7757,19778
junki 6048,338586|7853,338586
junko 5813,27808|6446,27808|7757,27808
jurasek 6048,380751|7853,380751
juri 6048,235743|7853,235743
just 6048,191277|6048,380786|6048,380818|6048,380850|6048,380884|6048,380915|6048,380947|6048,380980|6048,381014|6048,381062|6109,2269|6630,11068|6630,11397|7628,2269|7808,2269|7853,191277|7853,380786|7853,380818|7853,380850|7853,380884|7853,380915|7853,380947|7853,380980|7853,381014|7853,381062|7886,222|7887,2364|7897,679|7900,1161|7908,42853|7908,43357|7916,3589|7917,578|7919,1298|7919,9738|7921,758|7922,758|7938,3589|7941,578|7946,1298|7946,9738
justa 5813,24969|6446,24969|7757,24969
justco 6048,381093|7853,381093
justin 5813,4595|5813,19531|6446,4595|6446,19531|7757,4595|7757,19531
justina 5813,7190|6446,7190|7757,7190
jutta 5813,16710|6446,16710|7757,16710
juvenil 6048,36768|6048,191313|6048,235778|6048,304647|6048,381118|7853,36768|7853,191313|7853,235778|7853,304647|7853,381118
jv 5887,1230|5887,1252|5887,1270|5887,1288|5887,1343|5887,1364|5887,1375|5887,1386|5909,1230|5909,1252|5909,1270|5909,1288|5909,1343|5909,1364|5909,1375|5909,1386|6048,75541|6048,88029|6048,133979|6638,1222|6638,1244|6638,1262|6638,1280|6638,1335|6638,1356|6638,1367|6638,1378|6775,1222|6775,1244|6775,1262|6775,1280|6775,1335|6775,1356|6775,1367|6775,1378|6800,1211|6800,1233|6800,1251|6800,1269|6800,1324|6800,1345|6800,1356|6800,1367|6910,1233|6910,1255|6910,1273|6910,1291|6910,1346|6910,1367|6910,1378|6910,1389|7853,75541|7853,88029|7853,133979
jyt 6048,61796|7853,61796
