ya 6048,129943|7853,129943
yadira 5813,9175|6446,9175|7757,9175
yaeko 5813,28095|6446,28095|7757,28095
yael 5813,27515|6446,27515|7757,27515
yahaira 5813,25215|6446,25215|7757,25215
yajaira 5813,25753|6446,25753|7757,25753
yak 6048,36456|6048,181767|7853,36456|7853,181767
yakunin 6048,154605|7853,154605
yamaha 6048,261577|7853,261577
yamamoto 6048,36503|7853,36503
yan 5813,17852|6446,17852|7757,17852
yang 5813,19134|6203,5562|6203,7037|6203,7576|6446,19134|6688,5562|6688,7037|6688,7576|7757,19134
yanira 5813,18907|6446,18907|7757,18907
yard 6048,48289|6048,153495|6048,153506|6048,219211|6048,242504|6048,293987|6048,301998|6048,330602|6048,331525|7853,48289|7853,153495|7853,153506|7853,219211|7853,242504|7853,293987|7853,301998|7853,330602|7853,331525
yardarm 6048,163197|7853,163197
yarn 6048,113105|7853,113105
yasmin 5813,11567|5813,22669|6446,11567|6446,22669|7757,11567|7757,22669
yasser 7081,2835|7081,3406
yasuko 5813,23038|6446,23038|7757,23038
yate 6048,290571|7853,290571
yazzi 6048,322384|6048,353396|7853,322384|7853,353396
yc 5584,4646|6205,4646|6223,4646|6745,4646|6995,4646|7002,4646
ychang 7904,1870|7904,1970|7908,2610|7908,11505|7908,15174|7908,15215|7908,21562|7908,21702|7908,21975|7908,22292|7908,22626
ydelta 7908,11490
ye 7933,13|7933,17
yea 6048,251847|7853,251847
year 5632,6750|5908,6907|6048,84854|6203,2371|6203,8439|6688,2371|6688,8439|7081,3266|7246,6427|7853,84854|7889,1428|7916,1701|7926,344|7938,1701|7939,344
yearbook 6048,373959|7853,373959
yee 5813,18903|6446,18903|7757,18903
yeladim 6048,65958|7853,65958
yelena 5813,25208|6446,25208|7757,25208
yellow 6048,72895|6166,4980|6400,4980|6546,4972|7853,72895|7883,953|7883,1127
yellowknif 6048,79803|7853,79803
yellowpagescom 6048,2766|7853,2766
yen 5813,17255|6446,17255|7757,17255
yenn 6048,69958|7853,69958
yer 5813,25749|6446,25749|7757,25749
yesenia 5813,5889|6446,5889|7757,5889
yessenia 5813,22356|6446,22356|7757,22356
yesterday 6048,348397|7853,348397
yet 5796,35554|5796,36587|7093,34444|7093,35477|7913,460|7918,811|7918,986|7919,4504|7919,10337|7919,14659|7934,460|7937,811|7937,986|7946,4504|7946,10337|7946,14659
yeti 6048,142082|7853,142082
yetta 5813,12843|6446,12843|7757,12843
yevett 5813,27507|6446,27507|7757,27507
yi 5813,20487|6446,20487|7757,20487
yield 6166,4327|6400,4327|6546,4317|7883,908
yime 5371,167|5375,176|5376,326|5379,167|5382,176|5385,312|5408,181|5417,198|5421,321|5443,325|5445,316|5454,307|5470,176|5473,465|5473,3442|5480,315|5511,321|5517,311|5518,311|5520,307|5526,311|5553,176|5554,1277|5562,316|5572,191|5575,311|5582,316|5583,177|5586,191|5592,5237|5602,316|5632,436|5632,3902|5632,6720|5638,198|5645,321|5652,184|5657,320|5663,191|5666,321|5691,306|5696,312|5703,170|5710,181|5720,195|5721,311|5742,320|5743,319|5752,320|5753,182|5756,182|5757,312|5759,236|5761,325|5763,186|5771,310|5780,190|5787,326|5794,325|5802,183|5808,319|5811,190|5815,321|5820,178|5823,176|5833,325|5857,180|5865,327|5867,329|5875,171|5880,175|5893,161|5900,181|5908,435|5908,3901|5908,6877|5913,172|5925,324|5936,184|5951,185|5956,331|5965,322|5972,190|5980,186|5991,306|5992,326|5994,315|6009,296|6011,317|6030,331|6033,174|6034,321|6039,182|6044,173|6055,325|6056,326|6062,186|6076,177|6087,166|6107,331|6108,322|6110,326|6156,319|6166,6236|6172,186|6174,315|6190,198|6192,279|6203,5496|6203,7198|6208,302|6215,305|6227,312|6236,323|6238,317|6241,188|6242,1266|6255,187|6259,305|6273,253|6294,169|6307,331|6308,315|6310,310|6317,181|6333,335|6334,177|6349,178|6351,310|6367,186|6368,314|6370,194|6396,322|6400,6236|6406,187|6426,325|6447,194|6448,321|6450,185|6452,327|6454,461|6454,3438|6456,322|6462,303|6464,316|6467,180|6476,194|6479,166|6482,322|6486,316|6493,180|6516,177|6546,6224|6547,184|6551,176|6554,314|6556,329|6561,187|6595,181|6599,194|6603,187|6605,175|6613,316|6624,190|6625,189|6630,198|6634,172|6644,301|6649,322|6657,181|6662,330|6669,325|6675,180|6684,194|6688,5496|6688,7198|6702,188|6704,323|6713,327|6726,325|6756,325|6765,177|6766,304|6768,319|6779,235|6796,329|6806,191|6818,317|6819,182|6820,181|6827,318|6830,186|6831,319|6832,185|6844,319|6849,301|6859,181|6862,190|6863,182|6879,175|6895,182|6896,316|6899,324|6911,327|6923,177|6926,322|6929,185|6939,190|6946,323|6948,186|6952,175|6961,190|6973,189|6990,185|7012,185|7048,317|7064,318|7066,321|7070,322|7077,184|7082,194|7102,166|7107,320|7121,321|7140,181|7167,185|7182,171|7191,190|7192,311|7198,309|7205,307|7226,315|7231,172|7236,322|7238,315|7246,400|7246,3492|7246,6397|7267,175|7286,162|7300,171|7302,171|7303,184|7322,167|7330,315|7331,313|7348,310|7349,175|7350,180|7361,318|7363,318|7372,312|7413,325|7416,181|7418,329|7423,318|7424,186|7486,236|7505,1277|7512,326|7516,321|7522,179|7527,170|7531,195|7545,325|7571,310|7577,191|7583,325|7606,320|7609,190|7619,298|7637,335|7638,198|7650,329|7673,176|7675,186|7684,190|7688,329|7693,1118|7708,5237|7712,172|7738,326|7743,317|7747,180|7751,185|7755,180|7762,190|7764,178|7776,198|7778,181|7779,186|7780,320|7787,307|7789,1118|7803,236|7810,182|7813,235|7814,331|7840,313|7845,308|7862,184|7881,330|7911,3118
yimingl 6273,42|7074,143|7074,358|7074,483|7074,610|7074,735|7074,861|7074,988|7074,1109|7074,1235|7074,1355|7074,1477
ying 5813,14904|6446,14904|7757,14904
ykhc 6048,116956|6048,258324|7853,116956|7853,258324
yoder 6048,36535|7853,36535
yoko 5813,14449|6446,14449|7757,14449
yoland 5813,15657|6446,15657|7757,15657
yolanda 5813,1298|6446,1298|7757,1298
yolando 5813,20812|6446,20812|7757,20812
yolonda 5813,11559|6446,11559|7757,11559
yon 5813,22352|6446,22352|7757,22352
yong 5813,7565|6446,7565|7757,7565
yoo 6048,66002|7853,66002
york 6048,246521|7853,246521|7919,10543|7946,10543
yoshi 5813,27500|6446,27500|7757,27500
yoshiko 5813,11723|6446,11723|7757,11723
yost 6048,302670|6048,339453|7853,302670|7853,339453
you 5415,776|5457,959|5457,1238|5457,1688|5457,2131|5457,2241|5457,2328|5457,3066|5457,3171|5457,3506|5457,4536|5457,4809|5457,6182|5457,7652|5457,9987|5457,10083|5457,10179|5457,10437|5457,10831|5457,11604|5457,11692|5481,207|5584,444|5592,704|5597,1331|5597,3770|5597,4184|5632,10121|5651,407|5654,384|5654,1946|5777,886|5777,1171|5777,1629|5777,2079|5777,2270|5777,3652|5777,4088|5777,5711|5777,6301|5777,8044|5777,8337|5777,8732|5777,9505|5777,9593|5799,358|5799,1920|5800,769|5837,384|5837,1946|5848,468|5908,10278|5926,1331|5926,3770|5926,4184|6037,465|6048,36559|6048,240940|6048,304153|6050,466|6053,3813|6072,744|6166,932|6191,128|6191,146|6191,331|6191,408|6205,444|6214,1331|6214,3770|6214,4184|6223,444|6312,927|6312,1208|6312,1658|6312,2101|6312,2211|6312,2301|6312,2897|6312,3009|6312,3350|6312,4185|6312,4324|6312,6408|6312,6504|6312,6600|6312,6907|6312,7295|6312,8059|6312,8147|6400,932|6403,923|6403,1204|6403,1654|6403,2097|6403,2207|6403,2295|6403,2883|6403,2991|6403,3326|6403,4161|6403,4300|6403,6368|6403,6464|6403,6560|6403,6865|6403,7253|6403,8017|6403,8105|6501,448|6501,910|6503,417|6546,922|6706,391|6729,384|6729,1952|6745,444|6786,448|6786,914|6854,886|6854,1171|6854,1629|6854,2079|6854,2270|6854,3652|6854,4088|6854,5711|6854,6301|6854,8044|6854,8337|6854,8732|6854,9505|6854,9593|6988,369|6988,1951|6995,444|7002,444|7045,417|7081,2432|7141,128|7141,146|7141,331|7141,408|7208,776|7246,9787|7328,759|7357,448|7357,1032|7498,384|7498,1952|7551,769|7592,439|7696,415|7708,704|7853,36559|7853,240940|7853,304153|7860,465|7884,236|7884,674|7884,738|7884,923|7884,1186|7884,1336|7884,1466|7884,1533|7884,1647|7884,2052|7884,2346|7884,2388|7884,2466|7884,2512|7884,2606|7884,2916|7884,3207|7884,3707|7884,4027|7884,4464|7884,5935|7884,6094|7884,6461|7884,6668|7884,6958|7884,7334|7884,7477|7884,7528|7884,7669|7884,8292|7884,8344|7884,8925|7884,8969|7884,9190|7884,9342|7884,9475|7888,298|7893,430|7893,486|7893,535|7893,574|7893,677|7901,268|7906,206|7906,314|7908,265|7908,353|7908,1303|7908,1647|7908,42084|7909,430|7909,486|7909,535|7909,574|7909,677|7914,3823|7914,3933|7923,349|7923,428|7930,414|7930,555|7930,1332|7932,414|7932,555|7932,1332|7936,3823|7936,3933|7942,349|7942,428
youlanda 5813,25199|6446,25199|7757,25199
young 5813,6231|6048,36607|6048,36650|6048,36679|6048,36718|6048,64824|6048,74816|6048,188439|6446,6231|7757,6231|7853,36607|7853,36650|7853,36679|7853,36718|7853,64824|7853,74816|7853,188439|7929,1059|7935,1059
your 5457,1569|5457,2506|5457,4385|5457,10467|5777,1510|5777,2870|5777,3498|5777,5757|5777,5903|5777,5980|5777,6023|5777,7680|5777,7772|5777,7915|5777,8367|6048,27608|6048,384057|6312,1539|6312,2484|6312,4034|6312,6937|6403,1535|6403,2474|6403,4010|6403,6895|6854,1510|6854,2870|6854,3498|6854,5757|6854,5903|6854,5980|6854,6023|6854,7680|6854,7772|6854,7915|6854,8367|7853,27608|7853,384057|7884,776|7884,1666|7884,1761|7884,2486|7884,3149|7884,3380|7884,3558|7884,3824|7884,3842|7884,4309|7884,4931|7884,5567|7884,5621|7884,5793|7884,6376|7884,6494|7884,6791|7884,6893|7884,7205|7884,7356|7884,7630|7884,7858|7884,8994|7884,9037|7884,9206|7885,153|7886,157|7887,147|7890,149|7891,151|7892,147|7893,504|7894,141|7895,135|7897,145|7900,143|7900,1341|7901,149|7902,145|7903,139|7904,145|7905,139|7906,143|7906,243|7907,147|7908,172|7908,327|7908,1002|7908,1613|7909,504|7914,3602|7914,3743|7914,3862|7929,743|7930,562|7932,562|7935,743|7936,3602|7936,3743|7936,3862
yourgam 7884,3340|7884,3528|7884,3799|7884,3862|7884,3871
youth 6048,36753|6048,36801|6048,36838|6048,55356|6048,89983|6048,91982|6048,130337|6048,130535|6048,170204|6048,182924|6048,204969|6048,219245|6048,220955|6048,301593|6048,349986|6048,363985|6048,364637|6048,378735|6048,385500|6048,385537|7853,36753|7853,36801|7853,36838|7853,55356|7853,89983|7853,91982|7853,130337|7853,130535|7853,170204|7853,182924|7853,204969|7853,219245|7853,220955|7853,301593|7853,349986|7853,363985|7853,364637|7853,378735|7853,385500|7853,385537|7917,1749|7941,1749
ypixel 7893,2743|7908,3190|7908,15600|7908,23380|7909,2743
ypo 7908,11239|7908,13702|7908,13927
yspeed 7908,3229|7908,15681|7908,28861|7908,28878
yu 5584,1430|5584,1530|5584,2836|5584,2944|5813,13201|6205,1430|6205,1530|6205,2836|6205,2944|6223,1430|6223,1530|6223,2836|6223,2944|6446,13201|6745,1430|6745,1530|6745,2836|6745,2944|6995,1430|6995,1530|6995,2836|6995,2944|7002,1430|7002,1530|7002,2836|7002,2944|7757,13201
yucon 6048,258354|7853,258354
yuett 5813,28751|6446,28751|7757,28751
yugstun 6048,249401|7853,249401
yuk 5813,21687|6446,21687|7757,21687
yukaana 6048,258390|7853,258390
yuki 5813,27495|6446,27495|7757,27495
yukiko 5813,20805|6446,20805|7757,20805
yuko 5813,19922|6446,19922|7757,19922
yukon 6048,21817|6048,36876|6048,36908|6048,36955|6048,36991|6048,37026|6048,37075|6048,42455|6048,42493|6048,42523|6048,49374|6048,49408|6048,49455|6048,49494|6048,49535|6048,49574|6048,49621|6048,49662|6048,49698|6048,49746|6048,49935|6048,50137|6048,55385|6048,55417|6048,55456|6048,55497|6048,62440|6048,89363|6048,110217|6048,114659|6048,116961|6048,130577|6048,130609|6048,200815|6048,257572|6048,257605|6048,257637|6048,258433|6048,258465|6048,258493|6048,263257|6048,263302|6048,302704|6048,339487|6048,350528|7853,21817|7853,36876|7853,36908|7853,36955|7853,36991|7853,37026|7853,37075|7853,42455|7853,42493|7853,42523|7853,49374|7853,49408|7853,49455|7853,49494|7853,49535|7853,49574|7853,49621|7853,49662|7853,49698|7853,49746|7853,49935|7853,50137|7853,55385|7853,55417|7853,55456|7853,55497|7853,62440|7853,89363|7853,110217|7853,114659|7853,116961|7853,130577|7853,130609|7853,200815|7853,257572|7853,257605|7853,257637|7853,258433|7853,258465|7853,258493|7853,263257|7853,263302|7853,302704|7853,339487|7853,350528
yukoncat 6048,250936|7853,250936
yulanda 5813,22344|6446,22344|7757,22344
yume 6048,42571|7853,42571
yun 5813,15653|6048,42600|6446,15653|7757,15653|7853,42600
yung 5813,22048|6446,22048|7757,22048
yuonn 5813,26950|6446,26950|7757,26950
yupik 6048,263332|7853,263332
yuri 5813,21682|6446,21682|7757,21682
yuriko 5813,28088|6446,28088|7757,28088
yute 6048,263379|7853,263379
yval 5594,4125|5594,4360|5594,4400|6509,4125|6509,4360|6509,4400|6917,4389|6917,4624|6917,4664|7053,4125|7053,4360|7053,4400|7815,4389|7815,4624|7815,4664
yvalu 7908,15456|7908,15475|7908,23713
yvett 5813,2373|6446,2373|7757,2373
yvone 5813,27489|6446,27489|7757,27489
yvonn 5813,1191|6446,1191|7757,1191
