9028092fa77c202d60228ee26cb9ed36 6200,1034|6344,1034|6641,3061|7139,3061
905666de27ec3eeb0b4bf6b042f856d9 7495,3201
908a0f76a8b60881be537a8e0f075a5 5455,994|5855,994|7388,990
918f279f6825eb0f442e34ed7bffbbd1 5891,366
91aa46b09295d9dc77c495e34ae50a2f 6200,1443|6344,1443
91d9abf7b0d3184c0118dbb33a53221b 7128,1672
921996e0c8f27b0ab88dc0a4d46e5e13 7074,292
9247f78ad144e71e0e93be6f4b84f090 7495,1227
925b1c44306b1dd1fb17a26063d40222 6834,2317|7147,2317
92682df103fe54b24cdc5e380ef96c72 7388,1482
9275f 7391,537
92d4c9551a4db8e7622b62dd62b77802 5891,1967
92f79dfa326da91bbe75779eda6d2732 6834,1017|7147,1017
932199z 5422,136|5422,300|5422,428|5422,562|5422,687|5422,813|5422,936|5422,1057|5422,1180|5422,1303|5422,1424|5422,1543|5422,1664|5422,1786|5422,1906|5422,2026|5422,2149|5422,2274|5422,2394|5449,138|5587,137|5587,303|5588,133|5588,335|5605,129|5605,320|5843,131|5843,322|5855,141|5855,307|5855,431|5855,557|5855,679|5855,804|5855,926|5855,1047|5855,1171|5855,1294|5855,1417|5855,1539|5855,1663|5855,1786|5855,1908|5855,2031|5855,2152|5855,2274|5855,2398|5855,2521|5855,2646|6015,520|6051,140|6051,305|6051,426|6051,547|6051,670|6051,792|6051,915|6051,1037|6051,1159|6143,135|6143,300|6143,422|6143,548|6143,673|6143,812|6200,137|6200,302|6200,433|6200,563|6200,693|6200,822|6200,954|6200,1087|6200,1218|6200,1350|6200,1496|6200,1620|6200,1745|6200,1874|6200,1998|6200,2127|6200,2255|6200,2385|6200,2514|6289,154|6289,340|6289,496|6289,651|6289,785|6289,924|6289,1076|6289,1232|6418,139|6418,304|6438,131|6438,293|6438,421|6438,544|6438,671|6438,789|6438,915|6438,1037|6438,1161|6438,1284|6438,1405|6438,1527|6438,1650|6438,1772|6438,1891|6438,2009|6438,2132|6438,2264|6438,2411|6438,2539|6438,2666|6438,2788|6438,2914|6438,3041|6438,3166|6438,3291|6438,3415|6438,3538|6438,3667|6438,3795|6438,3917|6438,4043|6438,4170|6438,4298|6438,4424|6529,133|6529,299|6532,133|6532,300|6532,425|6532,555|6532,678|6532,801|6532,923|6532,1052|6532,1174|6532,1297|6532,1418|6532,1539|6532,1659|6532,1778|6532,1904|6618,135|6626,127|6626,301|6626,437|6641,145|6641,319|6641,452|6641,582|6641,707|6641,831|6641,950|6641,1073|6641,1198|6641,1316|6641,1438|6641,1562|6641,1691|6641,1820|6641,1948|6641,2085|6641,2214|6641,2336|6641,2470|6641,2598|6641,2728|6641,2857|6641,2981|6641,3114|6641,3246|6641,3377|6641,3509|6641,3632|6641,3756|6641,3879|6641,4007|6641,4137|6641,4264|6641,4400|6653,132|6653,297|6653,420|6653,543|6653,680|6653,814|6653,935|6653,1055|6653,1174|6653,1327|6727,146|6727,311|6727,444|6727,571|6727,704|6727,827|6727,949|6727,1073|6727,1200|6749,127|6749,318|6777,133|6777,324|6778,139|6785,131|6785,325|6785,451|6804,135|6804,300|6804,423|6804,545|6804,668|6834,137|6834,308|6834,437|6834,560|6834,687|6834,810|6834,940|6834,1070|6834,1206|6834,1341|6834,1476|6834,1606|6834,1735|6834,1865|6834,1992|6834,2119|6834,2248|6834,2370|6834,2497|6834,2620|6834,2746|6834,2868|6834,2992|6834,3120|6834,3248|6834,3379|6834,3508|6834,3644|6834,3767|6834,3889|6834,4018|6834,4146|6834,4274|6834,4412|6834,4538|6834,4666|6834,4793|6834,4915|6834,5044|6865,131|6865,293|6865,413|6865,531|6865,650|6865,774|6865,894|6865,1023|6865,1147|6865,1264|6865,1392|6865,1508|6865,1631|6865,1750|6865,1875|6865,1994|6865,2113|6865,2232|6865,2351|6865,2476|6865,2596|6865,2714|6865,2835|6865,2959|6865,3078|6865,3201|6865,3325|6865,3445|6865,3568|6865,3692|6865,3810|6865,3933|6865,4051|6865,4173|6912,140|6912,304|6912,425|6912,549|6912,668|6912,788|6912,912|6912,1030|6912,1153|6912,1276|6912,1397|6912,1517|6912,1639|6916,130|6916,293|6916,415|6916,537|6916,657|6916,776|6916,897|6916,1021|6916,1139|6916,1256|6916,1379|6916,1498|6916,1627|6916,1748|6916,1872|6916,1999|6916,2119|6916,2240|6916,2372|6916,2494|6916,2614|6916,2746|6916,2868|6916,2992|6916,3112|6987,136|6987,299|6987,422|7021,133|7021,294|7071,145|7071,312|7071,431|7071,554|7071,672|7071,794|7071,915|7117,134|7117,300|7207,132|7207,313|7207,445|7207,578|7207,711|7207,859|7207,985|7224,122|7315,128|7315,319|7402,138|7402,309|7677,137|7879,140|7879,304|7879,424|7879,546|7879,667|7879,787|7879,909|7879,1032|7879,1151|7879,1272|7879,1394
938637caf43bb027b6b8c65c095d4040 6532,1606|7740,1606
938731z 5450,141|5450,746|5450,879|5450,1009|5450,1141|5450,1273|6287,141|6287,618|6287,747|6287,1011|6540,133|6540,902|6540,1036|6540,1573|6540,1703|6544,142|6544,626|6544,2220|6892,137|6892,900|6892,2764|7717,141|7717,616|7717,749|7717,881|7717,1146|7766,136|7766,482
93c2920c34ef49fe481e032d1afdff60 7144,2279
944b3459f72e8fc6dc548414954bf6e0 6198,1104
94bcd9f8 5374,211|5381,216|5450,214|5534,211|5596,196|5610,220|5649,216|5685,200|5687,171|5874,214|5911,209|5948,200|5982,186|6015,188|6042,200|6080,208|6125,214|6198,209|6249,180|6287,214|6399,208|6472,206|6490,205|6518,211|6540,206|6544,215|6650,210|6651,207|6692,220|6738,204|6755,207|6892,210|6936,210|6947,200|7033,211|7058,209|7074,205|7128,201|7144,203|7161,202|7327,209|7508,215|7528,205|7537,204|7564,214|7676,205|7717,214|7766,209
952596z 5436,132|5436,296|5436,424|5436,547|5436,680|5436,824|5436,949|5436,1075|5436,1198|5436,1319|5436,1442|5436,1570|5436,1693|5436,1814|5436,1933|5436,2059|5436,2191|5436,2322|5436,2444|5436,2564|5436,2684|5436,2807|5436,2932|5436,3052|5436,3172|5667,131|5667,296|5667,419|5667,541|5667,664|5667,787|5667,907|5891,129|5891,296|5891,419|5891,541|5891,662|5891,782|5891,901|5891,1027|5891,1152|5891,1282|5891,1405|5891,1534|5891,1656|5891,1779|5891,1900|5891,2020|6150,136|6150,300|6150,420|6150,542|6150,663|6150,783|6150,905|6150,1028|6150,1147|6150,1268|6150,1390|6150,1510|6264,133|6264,304|6264,433|6264,556|6264,683|6264,806|6264,936|6264,1066|6264,1202|6264,1337|6264,1472|6264,1602|6264,1731|6264,1861|6264,1988|6264,2115|6264,2244|6264,2366|6264,2504|6264,2627|6264,2753|6264,2875|6264,2999|6264,3127|6264,3255|6264,3386|6264,3515|6264,3651|6264,3774|6264,3896|6264,4025|6264,4153|6264,4281|6264,4419|6264,4545|6264,4673|6264,4800|6264,4920|6264,5042|6264,5171|6377,133|6377,307|6377,440|6377,570|6377,695|6377,819|6377,938|6377,1061|6377,1186|6377,1304|6377,1426|6377,1550|6377,1679|6377,1808|6377,1936|6377,2073|6377,2202|6377,2324|6377,2458|6377,2586|6377,2716|6377,2845|6377,2969|6377,3102|6377,3234|6377,3365|6377,3497|6377,3620|6377,3744|6377,3867|6377,3995|6377,4125|6377,4252|6377,4372|6377,4508|6771,130|6771,293|6771,415|6771,537|6771,657|6771,776|6771,897|6771,1021|6771,1139|6771,1256|6771,1379|6771,1498|6771,1627|6771,1748|6771,1872|6771,1999|6771,2119|6771,2240|6771,2372|6771,2494|6771,2614|6771,2746|6771,2868|6771,2992|6771,3112|6829,138|6829,309|7011,142|7011,307|7011,440|7011,567|7011,700|7011,823|7011,945|7011,1069|7011,1189|7011,1316|7054,136|7054,300|7054,421|7054,545|7054,664|7054,784|7054,908|7054,1026|7054,1149|7054,1272|7054,1393|7054,1513|7054,1635|7054,1755|7197,122|7197,331|7197,535|7388,137|7388,303|7388,427|7388,553|7388,675|7388,800|7388,922|7388,1043|7388,1167|7388,1290|7388,1413|7388,1535|7388,1659|7388,1782|7388,1904|7388,2027|7388,2148|7388,2270|7388,2394|7388,2517|7388,2642|7388,2762|7495,127|7495,289|7495,417|7495,540|7495,667|7495,785|7495,911|7495,1033|7495,1157|7495,1280|7495,1401|7495,1523|7495,1646|7495,1768|7495,1887|7495,2005|7495,2124|7495,2242|7495,2365|7495,2492|7495,2624|7495,2752|7495,2879|7495,3001|7495,3127|7495,3254|7495,3379|7495,3504|7495,3628|7495,3751|7495,3880|7495,4008|7495,4130|7495,4256|7495,4376|7495,4503|7495,4631|7495,4757|7585,128|7585,293|7585,416|7585,550|7585,669|7585,809|7585,933|7585,1056|7585,1179|7585,1302|7585,1437|7585,1557|7585,1691|7620,136|7620,301|7620,422|7620,543|7620,666|7620,788|7620,911|7620,1033|7620,1153|7620,1275|7635,127|7635,289|7635,409|7635,527|7635,646|7635,770|7635,890|7635,1019|7635,1143|7635,1260|7635,1388|7635,1504|7635,1627|7635,1750|7635,1869|7635,1994|7635,2113|7635,2232|7635,2351|7635,2470|7635,2590|7635,2715|7635,2833|7635,2954|7635,3078|7635,3197|7635,3320|7635,3444|7635,3564|7635,3687|7635,3811|7635,3929|7635,4052|7635,4170|7635,4290|7635,4412
95372885c89d8f1ce66d7e3d188c98dc 5422,247|7623,247
953840z 5450,353|5450,483|5450,615|5450,1402|5450,1533|5450,1663|5874,141|5874,353|5874,484|5874,618|5874,747|5874,881|5874,1011|5874,1144|5874,1272|5874,1405|5874,1536|5874,1666|5874,1798|5874,1928|6080,135|6080,346|6080,742|6080,871|6080,1002|6080,1130|6080,1264|6080,1391|6080,1524|6080,1653|6080,1792|6080,1923|6080,2057|6080,2194|6080,2324|6080,2588|6080,2720|6080,2852|6080,3381|6125,141|6125,353|6125,483|6125,615|6125,746|6125,879|6125,1009|6125,1141|6125,1273|6125,1402|6125,1533|6125,1663|6287,353|6287,484|6287,881|6287,1144|6287,1272|6287,1405|6287,1536|6287,1666|6287,1798|6287,1928|6399,135|6399,346|6399,742|6399,871|6399,1002|6399,1136|6399,1264|6399,1391|6399,1524|6399,1653|6399,1784|6399,1923|6399,2057|6399,2194|6399,2324|6399,2588|6399,2720|6399,2852|6399,3381|6472,133|6472,346|6472,479|6472,623|6472,752|6472,902|6472,1036|6472,1169|6472,1302|6472,1573|6472,1703|6472,1847|6540,346|6540,479|6540,623|6540,752|6540,1169|6540,1428|6540,1847|6544,356|6544,490|6544,758|6544,893|6544,1025|6544,1156|6544,1290|6544,1423|6544,1556|6544,1688|6544,1822|6544,1955|6544,2087|6544,2351|6544,2483|6544,2617|6544,2750|6544,2880|6544,3015|6650,137|6650,349|6650,900|6650,1035|6650,1305|6650,1436|6650,1708|6650,1839|6650,1972|6650,2101|6650,2502|6650,2634|6650,2764|6650,2894|6650,3027|6650,3162|6650,3292|6650,3422|6892,349|6892,1035|6892,1305|6892,1436|6892,1569|6892,1841|6892,1972|6892,2101|6892,2502|6892,2634|6892,2894|6892,3027|6892,3162|6892,3292|6892,3422|7508,142|7508,357|7508,490|7508,626|7508,758|7508,893|7508,1025|7508,1156|7508,1290|7508,1423|7508,1556|7508,1688|7508,1822|7508,1955|7508,2087|7508,2220|7508,2351|7508,2483|7508,2617|7508,2750|7508,2880|7508,3015|7564,141|7564,354|7564,485|7564,616|7564,749|7564,881|7564,1014|7564,1146|7564,1276|7564,1408|7717,354|7717,485|7717,1014|7717,1276|7717,1408
95799673005c10657bb29bd94aad6043 5534,2320|7033,2320
959301z 7161,129|7161,2101|7161,2635
95970a56cb4287c28d8b9871fd5d759 5785,3362|6438,3362
95de08e68fe6b60edf95572e432ff381 5874,1875|6287,1875
96464201aaba5ec5206e07bd29deb863 6727,518|6753,518
96a8bb3 7916,9532|7938,9532
976a15bc65d89aa939b8b985338a8327 6150,489|7826,493|7879,493
97d4322f87eeae7fb523055910099fc 6264,4620
982864dc6b78df09b06c6f6ab821b378 6249,785
988d96a2c470cc6fd0c4da399c04d9d6 5450,693
995ddb96cf9a12a39e4ca6f0d3de0c92 6264,883
996188z 5948,401
99b501834b14bcff3f0c11acac1cc8b4 6865,3148|7406,3148
9a0c371aa7f6c982c7ae653d3f13bd45 5785,2211|6438,2211
9a4ba9d04c866d06c33c396c916f3190 5374,3337|6518,3337
9a7694d3f708983a0f26b00d2d8d8826 5455,2468|5855,2468|7388,2464
9aafd98ffea98ce214726a4e2eb693c6 6651,562|6755,562
9ab2d2e774961c2019addef0d5c46c8b 5785,1231|6438,1231
9ae52dcf6471442631aa83232c00939 5374,432
9b682d6580dbd1a6874190b2cb4253f9 6540,1520
9b72eda18a5752bc429c2eef27f51604 7635,1941
9b764abd2cebd00aec9e9a398b77ad53 7528,289
9b819fd4cbab99606ffa195db626e0f2 5455,2593|5855,2593|7388,2589
9b852b7d549144a0d87429dc43df7906 6544,972|7508,972
9c07e26710aa147f55f2cfead11d5576 5436,3119
9c1a2e0fad95b784c3f9a96e29095a4a 6834,4093|7147,4093
9c4c10c991f6f9bfdbdb4106282d9c8d 6834,1153|7147,1153
9c8a5b813d8fc670ad67f847de8680b6 5450,562|6125,562
9cb3e99217c26f876730d32911292325 6490,2002|7528,2002
9cb48fc90cff30192d422b810eb5d4e3 5534,2976|7033,2976
9cbc2c96eafac1acbea82b47bd962b0 5785,2486|6438,2486
9cf357367c3e0b2523a817e7465754f0 7635,2662
9d34fa1933b94d55f04d3b30570c50d3 5374,837
9d40c8d1b0679bb9b6fd387c3641bfaf 6264,3074
9e94f6690a88c9a24fee9a250011ff3c 6650,1521|6892,1654|7161,1518
9e9eb43dc16097a44efd9ed67463ad08 7495,3698
9eb4750f8b339214fa9cb6766a9ec25c 5436,243
9ee2c21f7bdeedf03b4b35cabe9a59d2 6544,1370|7508,1503
9f 5370,5235|5775,3330|7472,5235
9f4cd6f4282368801ff2419f3e068c82 6727,1020|6753,1020
9th 7916,432|7938,432
