100k 5415,1969|5800,1960|5854,1959|5854,2042|6072,1933|7208,1969|7328,1963|7551,1960
1016dd6b079f39dfb318dbb4b9774e95 6544,573
1039d6b7c6a3d1910b94261c7120a4e 5374,1115|6518,1115
1056d356cf83a2a445935511c622439c 5455,2221|5855,2221|7388,2217
10fa0931d7e266d102d6aa8a5c2c022a 6490,3037|7528,3037
10t22 5374,339|5374,606|5610,135|5610,348|5948,115|6518,126|6518,339|6518,611|6692,135|6692,348
1103c4c6438d8adbb78efd6f1dd251a7 6377,1251
111k 5415,1618|5800,1607|6072,1582|7208,1618|7328,1608|7551,1607
11846e1ae6ad733da7021db56754233 6877,267
11t01 5381,131|5381,343|5649,131|5649,343
11t05 6264,483|6264,863|6264,1529|6264,1658|6264,3823|6264,4472
11t06 5436,474|5436,607|5436,1002|5436,1986|5436,2118|5851,240|5851,372|5851,505|5851,638|6080,466|6080,599|6080,2443|6080,2970|6080,3103|6080,3238|6399,466|6399,599|6399,2443|6399,2970|6399,3103|6399,3238|6650,475|6650,609|6650,743|6650,1159|6650,1562|6650,2225|6650,2358|6771,342|6771,464|6771,2167|6771,2541|6771,2795|6771,2919|6892,475|6892,609|6892,743|6892,1159|6892,1695|6892,2225|6892,2358|6916,342|6916,464|6916,2167|6916,2541|6916,2795|6916,2919|7136,342|7136,464|7136,2167|7136,2541|7136,2795|7136,2919|7144,462|7144,595|7144,2452|7144,2982|7144,3115|7144,3250|7161,468|7161,602|7161,736|7161,1154|7161,1559|7161,2225|7161,2358|7207,240|7207,372|7207,505|7207,638
11z 5775,43
1207a6f5b5fa1c5f23bd6718235cb35d 6490,1482|7528,1482
123e1d7a130222e7326da3e347ea387a 5436,2999
12t00 6200,881|6344,881|6777,251
12t04 5588,262|6727,498|6753,498|6834,4339|7147,4339
12t06 6532,227|6532,605|6532,1831
12t07 6834,3945|6834,4720|7147,3945|7147,4720
132048z 5374,757|5374,1028|5374,1168|5374,1307|5374,1447|5374,1583|5374,1722|5374,1861|5374,1999|5374,2134|5374,2274|5374,2412|5374,2549|5374,2686|5374,2840|5374,2973|5374,3241|5374,3390|5374,3527|5374,3660|5374,3922|5534,351|5534,495|5534,636|5534,917|5534,1047|5534,1312|5534,1451|5534,1575|5534,1709|5534,1842|5534,1971|5534,2104|5534,2238|5534,2373|5534,2501|5534,2634|5534,2766|5534,3029|5534,3295|5534,3435|5534,3572|5534,3831|5610,497|5610,630|5610,762|5610,896|5685,587|5948,587|6518,490|6518,757|6518,895|6518,1028|6518,1168|6518,1307|6518,1447|6518,1583|6518,1722|6518,1861|6518,1996|6518,2134|6518,2274|6518,2412|6518,2549|6518,2686|6518,2840|6518,2973|6518,3109|6518,3241|6518,3390|6518,3527|6518,3660|6518,3922|6651,349|6651,482|6651,615|6651,869|6651,1000|6651,1121|6651,1251|6651,1380|6651,1510|6692,497|6692,630|6692,762|6692,896|6755,482|6755,615|6755,869|6755,1121|6755,1251|6755,1510|7033,351|7033,495|7033,774|7033,917|7033,1047|7033,1177|7033,1312|7033,1451|7033,1575|7033,1709|7033,1838|7033,1971|7033,2104|7033,2238|7033,2373|7033,2501|7033,2634|7033,2766|7033,2900|7033,3029|7033,3167|7033,3295|7033,3435|7033,3572|7033,3831
1376e6bea6d247ffc89a303798a555b0 6651,1068|6755,1068
13858cac28262c137b0dd95929ebe1bc 6641,3324|7139,3324
13b166a2f0c12a9304331057b4e79820 5785,240|6438,240
13bee02ae98786bca11a6df39568eb96 7495,2189
13t04 6518,278|6518,550|6692,287
13z 5437,45|5483,46|5495,46|5521,47|5853,46|5854,47|6038,38|6158,45|6193,46|6228,45|6394,48|6469,47|6533,43|6574,43|6642,45|6700,46|6711,44|6828,38|6838,44|6898,47|6910,46|6938,47|6950,42|7038,45|7046,49|7057,38|7326,45|7425,44|7436,47|7476,38|7563,44|7663,46|7716,45|7736,38
142f6fdf74c5129df39ad602ec759e38 6518,975
145e950bbed178eb96adadb152b9a6d5 7635,3634
14b689 7916,5672|7938,5672
14ce14d347ec7f48ed00991586e2acad 7054,1219
14t00 6249,1339
14t01 5687,86|5982,92|6015,283|6015,344|6249,95|6249,246|6249,307|6249,378|6249,439|6249,508|6249,569|6249,637|6249,698|6249,765|6249,826|6249,893|6249,954|6249,1022|6249,1083|6249,1148|6249,1209|6249,1278
14t06 6015,102
14th 6203,5089|6203,5142|6688,5089|6688,5142
14z 5368,45|5392,40|5396,44|5406,59|5407,49|5462,44|5510,44|5539,49|5559,50|5563,47|5686,50|5973,50|5976,51|6019,51|6045,41|6047,45|6115,44|6246,43|6286,44|6292,51|6324,48|6347,44|6363,44|6430,53|6492,51|6524,49|6555,41|6560,54|6629,44|6694,54|6779,47|6787,51|6811,45|6852,50|6872,59|6890,45|6930,40|6985,49|7005,38|7032,38|7087,45|7088,55|7186,55|7216,53|7233,43|7241,50|7281,56|7377,49|7380,45|7468,50|7540,44|7562,51|7574,47|7617,40|7646,55|7745,44|7753,56|7767,48|7798,55|7813,47|7828,49
150a582d3aab8e7d6f82ca263f795e9d 6865,360|7406,360
1527fcd509bd294078d711312936a692 6804,615|7560,615
1538aea8ba34dd77cf5918a286adad96 6641,2417|7139,2417
154465e497aac5d6c3972f1a2bfc85af 7635,3267
1552e6b9a4018057e3dcfd4f94b6523 7495,4450
157129z 7074,345|7074,470|7074,597|7074,722|7074,848|7074,975|7074,1096|7074,1222|7074,1342
15c77be92547eaac255c216ae8a22b13 7635,2901
15cba57680c42393425f6de71a186ff6 5891,243
15t22 6490,3207|7058,124|7058,337|7058,470|7058,602|7058,861|7058,991|7528,3207|7766,337|7766,602|7766,861|7766,991
15z 7061,44
1634e5a818b81e6824d6e073e1ddbd00 5422,1127|7623,1127
16735485fbd034932363048e74146f50 6540,1650
167ceb99fe89b49f2f92cdee2c4f0b86 5436,1266
16a 7893,424|7893,2155|7908,40|7908,77|7909,424|7909,2155
16b 7893,1667|7909,1667
16t17 6490,2176|6947,1793|7528,2176|7635,1677
16t22 6472,1423|6540,1290|7128,1442|7585,1106
16t23 5374,3778|5610,1014|5911,121|5911,336|5911,469|5911,604|5911,738|5911,874|5911,1007|5911,1142|5911,1277|5911,1409|5911,1543|5911,1676|6198,121|6198,336|6198,470|6198,607|6198,739|6198,876|6198,1009|6198,1145|6198,1276|6198,1412|6198,1546|6198,1679|6198,1814|6198,1947|6518,3778|6692,1014|6936,122|6936,339|6936,476|6936,615|6936,750|6936,888|6936,1023|6936,1157|6936,1294|6936,1430|6936,1566|6936,1701|6936,1838|6936,1974|6936,2109|6936,2245|6936,2379|6936,2514|6936,2651|6936,2787|6936,2920|6936,3058|7128,897|7128,1034|7128,1170|7128,1306|7128,1580|7128,1713|7128,1860|7144,329|7144,726|7144,856|7144,988|7144,1117|7144,1252|7144,1380|7144,1514|7144,1644|7144,1784|7144,1916|7144,2051|7144,2189|7144,2320|7144,2585|7144,2718|7144,2851|7144,3381|7161,329|7161,881|7161,1017|7161,1288|7161,1420|7161,1693|7161,1825|7161,1959|7161,2490|7161,2753|7161,2884|7161,3018|7161,3154|7161,3285|7161,3416|7327,121|7327,337|7327,471|7327,605|7327,741|7327,876|7327,1012|7327,1147|7327,1280|7327,1415
170103z 5930,135|5930,300|5930,422|5930,548|5930,673|5930,812|6121,131|6121,325|6121,451|6140,136|6140,299|6140,422|6646,137|7098,145|7098,312|7098,431|7098,554|7098,672|7098,794|7098,915
178a628e7a8b79c09a2b6e34f5edd611 6865,3998|7406,3998
17bfb9d5c4f8cba3fd98fa846f8b838d 5610,444|6692,444
17dff6aff70fabc96a89653a5996c99f 6377,2271
17t00 6947,112|6947,325|6947,456|6947,586|6947,715|6947,848|6947,982|6947,1119|6947,1251|6947,1384|6947,1521|6947,1657|6947,1919|6947,2051|6947,2183|6947,2314|6947,2445|6947,2575|6947,2708|6947,2837|7537,604|7537,1001|7537,1134
17t01 5667,591|7058,735|7537,468|7537,875|7766,735
17t02 5596,322
17t05 6738,450
17t08 7074,118|7074,333|7074,458|7074,585|7074,710|7074,836|7074,963|7074,1084|7074,1210|7074,1330|7074,1452
17t18 7128,113|7128,329|7128,465|7128,612|7128,744|7537,116|7537,332|7537,739
17t20 7495,344|7495,467|7495,1084|7495,1207|7495,1328|7495,1695|7495,2679|7495,2928|7495,3431|7495,3678|7495,4303|7495,4430
17t21 7585,596
17t22 6051,353|6051,474|6150,347|6150,590|6150,1317|7054,1076|7054,1199|7388,1462|7611,353|7611,474|7620,349|7620,470
17t23 5596,108|5596,452|5596,583|5596,712|5596,849|5596,979|5596,1117|5596,1247|5596,1379|5596,1522|7144,115|7676,451
17th 6203,5112|6688,5112
18525452f3c6e35dcec4d11bae06150c 7495,1593
1872314c08c5cff5d9d07c02d35e4d13 5785,1597|6438,1597
18b3fcb490d33b8cba288d6a97dd35fc 7585,756
18be039c66656527edf74e8c15771de9 7495,1715
18c69d008e0aa8be0a679f0f04869786 6287,958
18e9b152500c5b2fa0e51303d3d6cb63 6264,251
18t00 6042,273|6738,269|6738,389|7676,270|7676,390
18t19 5436,351|5436,751|5436,876|5436,1125|5436,1246|5436,1497|5436,1620|5436,2371|5436,2491|5436,2734|5436,3099|5851,786|6771,584|6771,703|6771,824|6771,1306|6771,1554|6771,1799|6771,2046|6771,2299|6771,2673|6771,3039|6916,584|6916,703|6916,824|6916,1306|6916,1554|6916,1799|6916,2046|6916,2299|6916,2673|6916,3039|7136,584|7136,703|7136,824|7136,1306|7136,1554|7136,1799|7136,2046|7136,2299|7136,2673|7136,3039|7207,786|7585,1618
18z 5387,56|5411,40|5530,54|5634,55|5740,54|5759,47|5783,43|5864,44|6016,49|6046,53|6074,45|6134,40|6199,50|6258,45|6263,41|6293,46|6385,59|6427,50|6437,55|6509,40|6573,49|6583,41|6615,45|6717,53|6788,44|6891,39|6966,46|7023,40|7100,38|7252,41|7382,44|7463,50|7473,45|7632,41|7672,40|7704,42|7729,45|7773,38|7876,44
19020c075443952f03529ea9d7da3936 6249,657
199634333af5294b78fd0bbe9ffa2151 6936,298
19b1a04648d935f7ae592670843fbbf2 6377,3049
19fa0ae57fbd50dca2ad1784de94787 7585,1504
19t04 6834,487|6834,2547|7147,487|7147,2547
19t05 5455,1466|5855,1466|5954,224|5954,347|5954,470|5954,607|5954,741|5954,862|5954,982|5954,1101|5954,1254|6051,232|6051,597|6051,964|6254,227|6653,224|6653,347|6653,470|6653,607|6653,741|6653,862|6653,982|6653,1101|6653,1254|6912,1080|6912,1203|7117,227|7315,246|7335,246|7611,232|7611,597|7611,964|7801,1080|7801,1203|7826,351|7826,594|7826,1321|7879,351|7879,594|7879,1321
19t06 5422,227|5422,355|5422,489|5422,614|5422,740|5422,863|5422,984|5422,1107|5422,1230|5422,1351|5422,1470|5422,1591|5422,1713|5422,1833|5422,1953|5422,2076|5422,2201|5422,2321|5587,230|5843,249|5851,912|6804,227|6804,350|6804,472|6804,595|6908,230|7207,912|7560,227|7560,350|7560,472|7560,595|7607,249|7623,227|7623,355|7623,489|7623,614|7623,740|7623,863|7623,984|7623,1107|7623,1230|7623,1351|7623,1470|7623,1591|7623,1713|7623,1833|7623,1953|7623,2076|7623,2201|7623,2321
19t07 5785,220|5785,598|5785,716|5785,964|5785,1088|5785,1211|5785,1332|5785,1454|5785,1577|5785,1699|5785,1818|5785,1936|5785,2059|5785,2338|5785,2466|5785,2593|5785,2715|5785,2968|5785,3218|5785,3342|5785,3465|5785,3594|5785,3722|5785,3844|5785,4225|5785,4351|6438,220|6438,598|6438,716|6438,964|6438,1088|6438,1211|6438,1332|6438,1454|6438,1577|6438,1699|6438,1818|6438,1936|6438,2059|6438,2338|6438,2466|6438,2593|6438,2715|6438,2968|6438,3218|6438,3342|6438,3465|6438,3594|6438,3722|6438,3844|6438,4225|6438,4351|6742,221|7021,221
19t16 6264,2802
19t19 7495,216|7495,594|7495,712|7495,960|7495,1573|7495,2169|7495,2292|7495,2419|7495,2551|7495,2806|7495,4183|7495,4558
1a37fa9f17ad5cd7257d1c923b12c7eb 7495,980
1a4c05d61c4e07af08034b87ca7f78cd 5455,1610|5855,1610|7388,1606
1a99722a731ee96086dc5139821f3ccb 6834,3836|7147,3836
1a9dfac25d35961e52fbb89101aa06d5 6771,723|6916,723|7136,723
1aec7358c8762e1f21c3b394f5cf9a5d 6532,870|7740,870
1af20af4cefeb86a4fd9ce85b922dde3 6771,1574|6916,1574|7136,1574
1af4549195f73115946cbb625f584a45 6377,1497|6641,1509|7139,1509
1b79612ebb3a834604da83edcb86d11c 5436,2006|5851,260|6650,2184|6892,2184|7161,2184|7207,260
1b87cfc3c7712ba185d59858049b7708 5374,2081|6518,1943
1ba601927ea8176911e51752e336e7b3 5667,854
1bf965374c155b6e4f388a2e62a1d932 6490,289
1c481345f9abf09d2a3c50957ae2a6d9 6771,2066|6916,2066|7136,2066
1c5f4a78ba219a3e7d411f69695210e7 6936,1525
1d4ec1194c1355611e772dce45effeba 7508,2167
1e1cc5941735dd1ffc44f9bda59c1c08 6947,1078
1e2d752600ee00b9fecad6c477643977 6490,1210
1ed243721bc203ef6c02ff5ae11d18c5 6264,2700
1f 5426,10423|5426,10475|5426,14918|5426,14970|5426,19410|5426,19462|5426,23955|5426,24007|5426,24208|5426,24214|5426,25538|5426,25544|5426,26891|5426,26897|5426,28687|5426,28739|5426,28941|5426,28947|5426,30285|5426,30291|5426,31651|5426,31657|5426,33455|5426,33507|5426,33709|5426,33715|5426,35045|5426,35051|5426,36403|5426,36409|5426,38203|5426,38255|5426,38458|5426,38464|5426,39807|5426,39813|5426,41178|5426,41184|5426,42990|5426,43042|5426,43201|5426,44472|5426,45765|5426,47534|5426,47586|5426,47777|5426,47783|5426,49117|5426,49123|5426,50444|5426,50450|6100,10412|6100,10464|6100,14913|6100,14965|6100,19411|6100,19463|6100,23962|6100,24014|6100,24214|6100,24220|6100,25545|6100,25551|6100,26901|6100,26907|6100,28701|6100,28753|6100,28954|6100,28960|6100,30298|6100,30304|6100,31667|6100,31673|6100,33475|6100,33527|6100,33728|6100,33734|6100,35064|6100,35070|6100,36425|6100,36431|6100,38229|6100,38281|6100,38483|6100,38489|6100,39832|6100,39838|6100,41206|6100,41212|6100,43022|6100,43074|6100,43232|6100,44503|6100,45799|6100,47572|6100,47624|6100,47814|6100,47820|6100,49119|6100,49125|6100,50449|6100,50455|6272,23599|6404,23599|7200,10423|7200,10475|7200,14918|7200,14970|7200,19410|7200,19462|7200,23955|7200,24007|7200,24208|7200,24214|7200,25538|7200,25544|7200,26891|7200,26897|7200,28687|7200,28739|7200,28941|7200,28947|7200,30285|7200,30291|7200,31651|7200,31657|7200,33455|7200,33507|7200,33709|7200,33715|7200,35045|7200,35051|7200,36403|7200,36409|7200,38203|7200,38255|7200,38458|7200,38464|7200,39807|7200,39813|7200,41178|7200,41184|7200,42990|7200,43042|7200,43201|7200,44472|7200,45765|7200,47534|7200,47586|7200,47777|7200,47783|7200,49117|7200,49123|7200,50444|7200,50450|7382,23599
1f1322fc731652a867acd3b207be9939 5785,4245|6438,4245
1f30c2e3e9afebef13cd0e3dcf29aba0 7161,2048
1f33d0df5e8ed819269d93177538795a 7495,614
1f3fce5021731af922df4becab958808 6080,425|6399,425|6771,362|6916,362|7136,362|7144,421
1f4a2ed34b662469d9b1ef632f95ed18 5785,1108|6438,1108
1f747cfc049b8d86c9aa1f59a30ded0f 6200,1692|6344,1692|6641,1145|7139,1145
1gb 5415,1717|5800,1706|6072,1681|7208,1717|7328,1709|7551,1706
1k 5579,21142|6272,21174|6355,21126|6404,21174|7321,12570|7382,21174
1m 6109,1600|7628,1600|7808,1600
1r21lm010143 6203,8964|6688,8964|7081,3818
1st 5564,5597|5953,5597|7311,5597|7326,5972|7690,5597|7832,5586
1u 5464,525|5489,1023|5521,555|5525,1023|5676,525|5858,465|6207,1023|6277,525|6314,525|6401,465|6515,860|6557,465|6621,465|6631,525|6700,879|6722,860|6980,860|7038,495|7046,1052|7085,1023|7090,465|7195,860|7221,849|7525,1012
