0
183
366
16434
16511
16544
16693
16731
16771
16809
16963
17004
17035
17067
17120
17146
17340
17391
18201
18259
18299
18339
18377
18452
18482
18609
18649
18677
18708
18765
18798
18831
18884
18923
18976
19316
19349
19381
19420
19598
19628
19943
19975
20012
20054
20085
20117
20241
20312
20484
22201
22240
22311
22343
22382
22473
23208
23387
23469
23551
23622
23736
23789
24120
24332
24383
24421
25584
25803
25904
25959
25990
26021
26047
26075
26104
26135
26172
36434
36476
36517
36573
36617
36888
36953
36982
37330
37367
37435
37620
37648
37688
37762
37801
37830
37867
38032
38096
38125
38490
38596
38625
38664
38688
38716
38859
43330
43367
43456
49464
49507
49630
49773
49913
50043
50129
50203
50240
51510
51644
51926
51954
52002
52164
52320
52916
52962
52980
53112
53236
53354
53425
54231
54339
54384
54424
55961
55989
56054
56697
56725
56757
56797
56921
56961
56996
57037
57079
57116
57173
57214
57252
57437
57476
57558
57744
57913
58096
58151
58751
58788
58841
59230
59263
62724
62856
63092
63393
63600
63868
63968
65355
65421
66098
66233
66358
66935
66973
66999
67061
67091
67192
67226
67257
73069
73100
73156
73186
73276
73411
73785
73827
73868
73909
73936
74013
74052
74081
74156
74833
74864
74921
74974
75099
75171
75202
75353
75394
75435
75579
75605
75644
76925
76954
76994
77035
83069
83099
83128
83156
83195
83232
83273
83654
83888
83918
83966
83985
84039
84139
84206
84239
84278
84338
84393
84426
84498
84580
90206
90245
90271
90621
90807
90829
90904
91098
91299
91325
128888
129568
129758
129916
130082
130136
130231
130269
130356
130438
130468
130500
130541
130635
130660
130880
130920
130972
131611
131921
131984
132049
132079
132112
132158
132194
132231
132270
132305
132344
132371
132401
132490
132529
132561
132602
132632
132661
132698
132770
132809
132911
133152
134125
134231
134420
134542
134572
136045
137347
137784
137979
138022
138705
138800
139280
139313
139412
139449
139518
139537
140060
140105
140165
140413
143480
143498
143567
144249
144730
144774
144830
144882
144909
145013
145233
145280
145312
145342
145695
147367
147385
147464
147492
147529
147568
147600
147744
147885
149323
149531
149561
161758
162216
162624
162832
163244
163431
163502
163633
163841
169195
169260
169452
169487
169562
169629
169665
169682
171449
171479
171804
173160
173199
200794
200951
201050
201083
201118
201146
201177
201194
201356
201374
201409
201462
201567
201598
201626
201662
201704
201732
201760
201788
202070
202099
202125
202188
202237
202272
202311
202353
202383
202419
202449
202483
202522
202556
202583
202620
202650
202702
202743
202772
202825
203026
203059
203096
203126
203159
203232
203264
203336
203646
203723
203753
203948
203983
204016
204072
204102
204130
209399
209560
209750
209798
209819
209858
209934
209972
210010
210173
210221
210286
210334
210363
210390
210444
210474
210504
210542
210589
210614
210646
210741
210779
212011
212069
212104
212139
212171
212253
212292
212320
212347
213398
213426
213454
213484
213513
214014
214048
214225
214273
214329
214359
214411
214435
214504
214541
214596
214636
214676
214991
215029
215070
215104
215325
215430
215466
215494
215597
215633
216014
216043
216121
216197
216227
216255
216287
216431
216544
216572
216636
216677
216713
216786
216817
216848
216883
216923
216963
216989
217020
217061
217176
217203
217240
217434
217472
217556
217592
217630
217669
217741
218786
218817
218865
219106
219137
219167
219221
221195
221246
221326
221696
221734
221810
221848
221885
221922
221960
222001
222040
222079
222119
222160
222198
222241
222283
222323
222393
222431
222462
222503
222541
222582
222776
222844
222886
222925
222965
223006
223047
223085
223123
223155
223248
223278
223318
223359
223399
223437
223505
223544
223584
223623
223660
223697
223772
223813
223852
224338
224403
224467
224510
224542
224572
224589
224670
224774
224804
224838
224863
224922
224953
224990
225020
225059
225096
225163
225201
225291
225352
225610
227108
227146
227198
227238
227279
227306
227406
227704
227744
228519
228547
228835
228861
229581
229967
230052
230127
230180
230210
230308
230336
230365
230403
230432
230470
230510
230538
230643
234041
234204
234461
234499
234660
235813
235959
235996
236029
236075
236108
236229
236258
236370
236426
236454
236485
236574
236613
236687
236720
236756
236787
236817
237432
239031
239061
239388
239563
239622
239661
239693
