0
34038
35529
35785
35810
35935
35964
35993
36022
36122
36255
36284
36337
36435
36512
36541
36873
37021
37050
37095
37263
37410
37510
37600
37625
37678
37705
37767
37841
37865
37907
37932
37983
37998
38043
38145
38173
39161
39204
39229
39397
39473
39498
39666
39774
39896
39919
39969
40181
40210
40238
40336
40434
40487
40514
40567
40618
40652
40792
43392
43920
44042
44071
44195
44413
44487
44657
44740
44791
45653
45680
46224
46249
46675
46821
46850
46916
46958
47744
47792
48325
48467
48509
48561
48638
48760
48789
48861
48961
49105
49297
49632
49708
49733
49760
49802
49853
50513
50527
50556
50583
50636
50664
50726
50868
50917
50942
50994
51136
51165
51217
51429
51598
51623
51883
51936
51980
52152
52169
52365
52392
52434
52485
52519
53199
53346
53371
53775
53817
54223
54250
54341
54969
55333
55455
55625
55793
55822
55942
56029
56269
56296
57275
57339
57364
57391
57441
57484
57556
57608
57717
57769
57798
57944
57997
58093
58189
58252
58369
58398
58680
58731
58774
58838
60738
60812
60910
60937
64537
64638
64808
65100
65151
65180
65223
65265
65787
65814
66508
66728
66770
66799
66842
67036
67065
67125
67178
67272
67332
68401
69462
69886
70296
70444
70473
71143
71172
71692
72052
72081
72585
72613
72642
72980
73009
73379
73432
73461
73504
73516
80803
80817
80914
80967
80996
81120
81145
81198
81410
81535
81675
82010
82039
82068
82097
82361
82459
82511
82540
82569
82787
82862
82891
83173
83309
83550
83603
83718
83813
83937
83966
84019
84072
84123
84167
84218
84260
84311
84354
84397
84457
84517
84569
84611
84664
84706
84759
84810
84863
84905
84947
85000
85042
85084
85137
85194
