0
42
84
127
170
257
308
359
402
445
508
551
594
636
678
729
771
813
876
918
971
1014
1057
1110
1153
1196
1239
1290
1332
1374
1417
1460
1523
1573
1626
1669
1712
1762
1805
1865
1908
1971
2014
2074
2137
2179
2240
2293
2335
2398
2425
2497
3930
3983
4310
4340
4438
4479
4520
4557
4728
4765
4805
4971
5011
5041
5241
5275
5405
5453
5544
5571
5600
5640
5672
5700
5742
5785
5828
5855
5908
5937
5966
6112
6163
6205
6233
6262
6300
6555
6583
6720
6754
6785
11751
11793
11856
11909
11952
11989
12042
12067
12120
12158
12217
12334
12376
12414
12441
12782
12815
12852
12882
15642
20340
20706
21252
21380
21413
24272
24822
25372
26343
26372
26428
26466
26710
26748
27266
27290
27317
27496
28329
40490
41511
41677
41714
41783
41814
41865
41918
41961
41985
42027
42069
42111
42164
42206
42248
42589
42624
42673
43869
43939
43984
44033
44088
44118
44256
44287
44326
44378
44410
44440
44477
44516
44609
44637
44667
45464
45501
45541
45598
45638
45676
45715
45755
45794
45829
45903
45938
46016
46056
46124
46166
46205
46258
46334
46365
49482
49540
49572
49607
49641
49838
49937
49966
52154
53033
53145
53183
53241
53280
53353
53394
53468
53510
53540
53569
53620
53672
53713
53754
53796
53826
53933
53973
54013
54049
54089
54262
54300
54339
54409
54444
54480
54520
54557
54594
54643
54680
54718
54778
54820
54878
54935
54977
55020
55103
55133
55168
55208
55247
55326
55366
55548
55580
55609
55639
55678
55713
55770
55809
55849
55887
55924
55964
56002
56038
56075
56112
64429
64464
64531
64647
64715
64750
64790
64828
64864
64904
64941
64982
65017
65055
65178
65215
66544
66843
66947
67076
67113
67153
67193
67233
67274
67363
67595
67636
67652
67691
67730
67793
67830
68129
68161
68191
68232
68303
68333
68373
68401
68428
68551
68641
68698
68764
69438
69470
69498
69528
72138
72175
72291
72320
72358
72387
111243
111281
111518
111547
111578
112105
112711
144264
144302
144369
144740
144777
144807
144848
144888
145149
145809
145860
145886
147111
147142
147177
147210
147296
147349
147428
147502
147533
147563
147778
147813
148396
148489
148554
148593
148673
148703
148732
148775
148811
148843
148872
149016
149049
149193
149225
149258
153784
153950
154108
154169
154242
154275
154329
158206
158237
158266
158318
158343
158376
158685
159117
159143
159174
159207
160193
160256
160287
160316
160358
160387
160416
160442
160522
160552
160584
160822
160855
160969
161177
161320
161383
161437
162289
162412
162497
165467
165518
165572
165672
165800
165836
165873
165909
165944
165983
166012
166042
166081
166120
166158
166193
166236
166277
166312
166351
166391
166418
167581
167826
167894
168063
169076
172142
172173
172201
172239
172253
172351
172386
172419
172447
172668
172708
172764
172804
173249
173347
173382
174229
174267
174297
174919
175396
175438
175507
175544
175582
175642
175676
176269
176308
176340
176382
176568
176610
176959
176997
177052
177093
177134
177173
177958
177989
178029
178064
178102
178394
178435
178474
178514
178554
178592
178627
178666
178707
178744
178782
178818
178856
178911
178942
178983
179025
181548
181579
181684
181724
181795
181875
181915
181956
181987
182018
182075
182109
182149
182222
182263
182330
182371
182555
184154
184203
184371
184703
184731
184818
184884
184920
184957
184995
185040
185079
185156
185194
185233
185270
185313
185520
185626
190753
190891
190917
190946
190975
191004
191033
191062
191091
191117
191143
191169
191195
191221
191364
191409
191454
191499
191590
191662
191730
191801
191875
191958
192052
192761
192922
193962
194209
194261
194360
194506
194563
194729
194828
194881
195291
196726
196942
197039
197069
197176
197213
197832
198081
198154
198196
198315
203584
207483
207536
208175
208316
208458
208571
208761
208923
209063
209179
209236
209253
209460
209935
210149
210181
210298
211293
211430
211459
211527
211614
211668
211876
212312
212339
212433
212450
212482
212553
213618
213723
213758
213788
214482
214826
214877
214908
216317
216457
216553
216626
216653
216707
216734
