0
229
259
307
411
450
490
519
590
643
673
752
797
924
952
1038
1066
1101
1394
1510
1550
1577
1607
1639
1669
2656
2728
2759
2788
2815
2842
3185
3235
4460
4574
4600
4627
4658
4674
4716
4765
4891
4917
5005
5053
5413
5441
5472
6031
6293
6333
6374
6426
6476
6506
6557
6588
6619
6650
6679
6844
6877
6907
7025
7156
7207
7235
7265
7290
7320
7351
7459
7540
7576
7638
7711
7743
7774
7800
7825
8297
8663
8689
9175
9201
9227
9292
9457
9499
9530
9558
9610
9637
9668
9712
9740
9768
9800
9831
9859
9897
9970
10009
10119
10154
10189
10218
14220
14291
14493
14601
14640
14923
14963
15002
15031
15069
15108
15137
15176
15248
15314
15339
15378
15501
15530
15558
15590
15641
15703
15733
15764
15795
15825
15856
15909
15940
15970
16274
16316
16359
16403
16444
16497
16536
16579
16643
16721
16761
16837
16878
16919
16958
16991
17019
17083
17122
17163
17214
17253
17310
17348
17399
17431
17500
17556
17596
17632
17703
17745
17785
17814
19043
19389
19703
19743
19845
19901
20153
20230
20268
20546
21163
21294
21578
22162
22294
22423
22663
22913
23164
23818
23929
23952
24066
24363
24941
25923
25995
26631
27243
27619
27756
27827
28373
28410
28815
28848
28889
30007
30084
30130
30593
31061
31562
31621
33280
33406
33477
33543
33669
33695
34322
34369
34551
34586
34654
34946
35144
35394
35464
35555
35620
35681
35711
35857
36182
36315
36653
36711
36811
38421
38470
38498
38525
38553
38579
38718
38816
38863
38979
39080
39130
39172
39267
39304
39344
39379
39407
39436
39467
40376
40406
40482
40511
40551
40689
40891
40999
41029
41170
42033
42068
42106
42169
42202
42238
42270
42321
42377
42416
42445
42472
42529
42569
42606
42664
42694
42752
42780
42822
43329
43356
43689
43722
43794
43831
43869
43897
43926
43961
44005
44108
45097
45123
45255
46389
46618
46652
46773
46803
46855
47441
47480
47510
47627
47659
47718
47760
47963
48000
48035
48334
48407
48439
48479
48531
49003
49077
49268
49296
49359
49461
49491
49520
49560
49599
49662
49713
49757
49783
49809
49835
49861
49978
50005
50036
52031
52420
52452
52675
52707
53293
53307
53338
53367
53420
53449
53475
54142
54181
54262
54948
54980
55015
55046
55080
55116
55148
55182
55265
55458
55658
55686
55763
55796
56355
56412
56468
56668
56824
56861
56898
56935
56972
57009
57046
57083
57120
57165
57193
57294
57320
57349
57404
57436
57468
57521
57694
57808
57838
57870
57987
58070
58100
58115
58195
58274
58309
58342
58373
58403
58433
58461
58487
58520
58567
60230
60257
60285
60338
60579
60615
60655
60694
60726
60812
61057
64815
64845
64878
64933
64963
64996
72810
73008
73796
73858
73987
74012
74045
84548
85025
87124
87458
89905
90158
90286
91002
92999
93471
93748
94210
95015
95415
95450
95577
95907
98061
98570
99079
99204
99604
100005
101243
101835
101952
102092
102194
102230
102334
102366
102421
102453
102511
102544
102574
102625
102925
102961
105286
105762
105822
105853
105881
105915
105949
106361
106441
106459
106489
106748
106766
106931
106963
107002
107056
107111
107152
108572
108957
109487
109506
109536
109562
109638
109669
110394
110429
110464
110710
110744
110822
111017
111047
111160
111199
111232
111268
111307
111347
111387
111420
111452
111494
111525
111605
111755
111783
111815
111848
111881
111921
111960
112061
112118
112340
112466
112495
112757
112791
112819
112845
113128
113164
133463
133577
133622
133922
133993
134023
134099
134127
134216
134247
134279
134352
134380
134411
134444
134478
134513
134545
134579
134611
134938
134966
134993
135019
135091
135118
135181
135245
135531
135565
135622
135657
135697
135730
135762
135816
135918
135942
136834
136920
136952
136981
137011
137135
137177
137231
137332
137435
137464
137494
137571
137723
138136
138195
138227
138261
138294
138326
138375
138407
138443
138715
138745
138779
138806
138928
138957
138986
139021
139061
139101
139140
139171
139200
139278
139316
139357
139600
139632
139686
139717
139746
