0
104015
135739
137609
138778
139184
139284
139865
140026
140085
140136
140221
140323
140372
140421
140463
140545
140572
140839
141069
141098
141262
141350
142147
142196
142225
142252
142329
142356
142383
142432
142484
143666
144223
144296
144391
144490
144519
144546
144718
144747
144864
144891
144920
144983
145012
145072
145147
145174
145201
145228
145255
145326
145486
146451
146500
146529
146556
146605
146693
146718
147081
147110
147273
147300
147373
147486
147594
147855
147904
147931
148056
148109
148205
152774
152788
155075
155134
155147
155190
155239
155290
155650
156552
156581
156868
157490
157548
157577
157650
157699
157726
157808
157873
158135
158160
158174
158247
158298
158349
158376
158498
158549
158638
158732
158806
158914
158963
159033
159047
159142
159156
159235
160736
160910
160996
161119
161194
161221
161250
161279
161353
161475
161592
161619
161646
161788
161865
161914
161941
162014
162065
162121
162148
162175
162224
162265
162292
162319
162514
162589
162616
162645
162687
162751
163426
163438
168526
168655
168861
170770
170823
170874
171022
171049
171124
171225
171299
171326
171377
171621
171648
171785
171888
171958
172011
172040
172067
172096
172139
172167
172194
172223
172372
172757
172786
172815
172842
172891
172981
173126
173153
173182
173209
173313
174686
174715
174982
175011
175060
175087
175116
175432
175531
175558
175585
175614
175647
175700
175734
175780
177213
177247
177346
177375
177404
177477
181183
181232
181261
186171
187320
187347
187376
187405
188009
188038
188065
188092
188119
188146
188194
188223
188252
188267
188294
188321
188350
195658
195685
195714
195789
195816
195843
197065
197116
197145
197174
197227
197256
197344
197609
197756
197783
197836
198047
198100
198138
198353
198382
198435
198532
198561
200745
200822
200851
200878
200907
200934
200985
201028
201061
201337
214873
214945
214974
215073
215102
215131
215158
215185
215330
215620
215693
215746
215775
215800
215827
216335
216362
216391
216508
216557
216599
217465
217494
217615
218165
218264
218337
219130
219177
219206
219283
224729
224758
224853
224882
224909
224962
225005
226351
226404
226433
226534
226611
226640
226669
226698
226773
259275
259302
259355
259408
259423
259524
259553
260985
261034
261061
261088
261115
261144
261195
261224
261253
386217
386670
386723
386752
386781
386856
386905
386932
386975
386991
387197
387212
387257
387749
393478
396244
396375
396512
396563
396638
396667
396736
396787
408771
408820
408897
408926
408953
409002
409375
409426
412834
413775
413942
414019
414120
414171
414222
414750
414779
414806
414859
414884
414911
415008
415103
415154
415207
416243
417208
417237
417290
417343
417386
417437
417538
417615
417666
421038
421115
421144
421186
421215
421244
421345
426720
427109
427186
427309
427360
427437
427466
429326
430631
430723
430776
430805
430858
430911
431751
431874
431903
431930
431959
431988
432133
433047
433166
433193
433222
433249
433292
433334
433450
433462
448907
449519
449594
449623
449674
449773
449824
449899
449924
461156
461207
461236
461265
462845
462874
462903
462930
462959
462988
469502
469529
469558
469611
469662
469713
469740
469791
471190
471215
471288
471363
471390
471417
471492
471519
471596
471625
471674
476432
476821
476896
476971
477096
477642
477717
477864
477915
478134
478161
478260
478287
478673
478702
478755
478806
478849
478878
478921
478973
480248
480323
480376
480403
480742
480793
480940
480969
481115
481280
481309
481360
481461
481490
481567
481594
481652
481676
481722
481768
482763
486209
486223
486252
486440
486563
486616
486654
487378
487393
487422
487451
487598
487673
487818
487895
487970
488023
488120
488149
488178
488207
488451
488502
488529
488606
488635
488664
488686
488735
488764
488817
488846
488875
488923
488952
489005
489032
489061
489112
489164
489275
489304
489331
489499
489904
489929
490006
490033
490062
490210
490369
490446
490460
490511
490584
490635
490688
490737
490766
490795
490822
490873
490916
491144
491195
491210
491225
491334
491412
491536
491551
491669
491787
491812
493150
493361
493410
493439
493468
493495
493612
493638
494091
494234
494442
494825
494884
494911
494964
495063
495116
495169
495197
495316
495341
495368
495559
495588
495659
495673
495750
495803
495830
495905
496054
496129
496182
496327
496379
496450
496595
496720
496771
496846
496875
496926
496955
497008
497126
497485
497514
497557
497672
497841
497870
497923
497998
498047
498097
498198
498227
498276
498305
498334
498407
498454
498529
498606
498634
498663
498756
498809
498858
498909
498980
499009
499038
499159
499536
499572
499673
500022
500123
500150
500177
500274
500300
501955
502032
502247
502298
502509
502606
502648
502691
502733
502775
502826
503258
503574
504618
504659
506328
506355
506397
506518
506547
506836
506933
506986
507060
507087
507140
507381
507434
507487
507514
507563
508410
508527
508670
508789
508816
508863
508890
508943
508971
509160
509351
509446
509497
509548
509621
509744
509768
509795
509870
509969
510064
510141
510218
510269
510511
511134
512047
512076
512105
512250
512272
512299
512328
512379
512406
512529
512600
512797
512968
513044
513191
513286
513473
513574
513649
513700
513751
513799
513888
513981
514148
514241
514362
514463
514532
514652
515323
515338
515353
515395
515458
515487
515530
515572
515616
515994
516472
517008
517024
517146
517188
517251
517304
517364
517415
517478
517541
517632
517685
517727
517769
517832
517875
517918
517961
518004
518047
519766
519819
519862
519904
519991
520044
520117
520181
520250
520283
520326
520390
