0
14
28
42
71
91
254
275
297
602
615
628
658
676
791
817
875
895
920
1055
1077
1093
1134
1637
1651
1670
1686
1707
15884
15901
15917
15934
15964
15997
16026
16056
16078
16306
16353
16377
16417
16435
16465
16508
16530
16545
16560
16582
16627
16657
16679
16719
16789
16831
16912
16926
17058
17079
17122
17243
17264
17295
17307
17581
17603
17733
17753
17904
18042
18884
18897
18916
18984
19087
19100
19131
19143
19183
19200
19216
19232
19264
19308
19323
19342
19386
19686
19700
19730
19743
19757
19813
19830
19843
19858
19872
19904
19942
19979
19992
20066
20079
20189
20204
20249
20267
20284
20435
20480
20554
20600
20617
20641
20660
20780
20797
20821
20847
20867
20884
20909
20939
20964
20991
21022
21041
21069
21148
21178
22754
22823
22840
22881
22899
22975
22996
23139
23168
23190
23211
23230
24165
24191
24231
24282
24308
24327
24345
24378
24574
24694
24710
24723
24775
24838
24863
24888
24905
24932
25132
25149
25192
25466
25515
25559
25575
25597
25794
26125
26232
26254
26307
26326
26369
26411
26430
26520
26567
26582
26600
27495
27512
27559
27605
27627
27651
27669
27687
29642
29659
29685
29707
29734
29875
30086
30105
49082
49568
49707
49739
49968
50058
50725
50777
50797
50840
50925
50953
50980
51007
51124
51179
51207
51245
51739
52225
52251
52337
52351
52405
52475
52492
52528
52556
52599
52626
52665
52696
52720
52747
53131
53149
53178
53197
53241
53286
53320
53339
53399
53414
53450
53475
53518
53548
53565
53622
53695
53713
53733
53828
53846
54541
54616
54758
54774
54800
54841
54879
54910
54935
54952
54995
55028
55048
55061
55081
55099
55125
57012
57026
57122
57137
57200
57635
57658
57735
57809
57824
57848
57884
58054
58156
58413
58454
58819
58870
58903
58920
58935
58951
58978
58994
59129
59172
59199
59226
59272
59600
59742
59767
59848
59871
59915
59952
59968
59988
60065
60171
60192
60703
60742
60762
61766
61780
61795
61810
61825
61840
61855
61870
61885
61900
61915
61930
61944
61959
61974
61989
62004
62019
62033
62047
62061
62075
62089
62103
62117
63017
63067
63359
63382
63584
63771
63809
89336
89351
89366
89381
89396
89411
89433
89457
89490
89515
89535
89556
89576
89598
89618
89637
89659
89679
89699
89718
89749
93315
93330
93348
93366
93384
93402
93420
93438
93456
93474
93492
93510
93528
93546
93564
93582
93600
93618
93636
93654
93672
93687
93704
93720
93738
93766
93786
93815
93949
93968
93985
94011
94040
94059
94093
94123
94136
94160
94203
94227
94360
94385
94457
94470
94937
94959
95123
95147
95186
95275
95288
95413
95464
95508
95533
95557
95581
95597
95633
95655
95706
95734
95759
95788
96111
96137
96153
96168
96198
96313
96351
96394
96433
96447
96467
96559
96608
96620
96647
96697
96717
