60 11,4337|11,4555|14,1133|17,1835|34,17029|36,1708|36,3154|52,3782|52,6541|52,7681|52,9610|52,10349|52,11720|52,16611|75,3268|78,694|78,1591|128,2627|128,2678|128,2845|139,2670|139,12698|144,5489|144,7839|144,8925|144,9979|144,10677|144,11155|144,13218|144,19533|144,21173|144,24872|144,25728|144,26067|178,2891|184,1394|185,1575|186,1322|219,1887|219,1920|219,1953|219,2029|219,2790|219,3070|220,2657|227,1561|227,5510|253,410|253,544|253,1413|253,1637|256,2674|270,2296|270,3012|270,3094|298,5215|318,1556|319,6262|348,1575|365,2150|368,4122|368,4472|389,15402|396,1351|396,1841|403,794|418,5209|418,6274|445,2708|463,7624|469,5907|478,1759|478,6118|478,16588|498,2330|507,2659|513,1813|513,3108|532,9146|549,4480|550,3369|550,3598|550,8094|550,20215|552,2922|552,3422|552,5552|552,23651|559,14957|559,17024|586,2911|586,3506|592,5059|605,3824|625,3317|640,2014|645,1219|645,2098|645,2864|645,8010|648,2761|648,3146|663,2708|687,1767|707,12680|707,18072|707,18998|707,26764|707,26780|707,33530|732,3238|732,3279|732,3314|735,1076|735,1666|738,1747|740,4452|743,6423|746,985|746,9577|766,381|770,3830|800,13986|800,15109|811,5455|811,7777|811,24565|820,15973|823,3842|824,1064|836,5389|836,5402|836,9360|836,10448|836,10768|874,5469|883,1330|889,2407|893,3323|893,3362|916,4600|933,8093|933,8766|982,14748|982,14932|1033,4122|1033,4472|1036,1297|1053,15435|1053,17502|1054,732|1060,2222|1061,22265|1061,22301|1061,25510|1061,29328|1081,1348|1101,2637|1105,1744|1105,2108|1111,5699|1111,9940|1113,31351|1157,2680|1177,1759|1177,5564|1177,5676|1177,5788|1177,5900|1177,6171|1177,6283|1184,979|1198,694|1198,1591|1235,6524|1235,12750|1235,15388|1235,18289|1235,18320|1235,18502|1248,3231|1248,4974|1248,14544|1265,3009|1275,934|1275,946|1279,6311|1279,6341|1279,12075
600 87,1511|95,524|95,1088|116,8569|128,2807|186,514|186,808|186,1312|186,1508|256,1198|293,7356|322,26326|322,26336|325,3912|425,959|425,980|478,12662|478,16578|479,8040|507,1183|530,2491|550,3393|559,10434|563,8040|640,5128|715,3096|715,6813|715,6818|715,6823|715,6828|715,6833|715,6838|740,4455|809,1607|809,1641|889,3801|982,11875|982,20025|1032,7222|1053,10434|1061,29569|1061,29577|1092,1653|1157,1204|1229,8111|1248,14534|1248,18174|1265,994|1270,1850
6000 114,1883|740,4245|740,4459|740,7512|882,553
60000 740,4464|746,10010|800,6337|976,634|976,4691|1057,4550|1127,6360|1127,6515
6000000 404,635
60021 270,566
600352277 1061,20900
600mhz 1111,4154|1111,18206
601 239,451|239,1504|239,2819
60135 381,747
6019 61,3165
602 1224,1189
60201 822,770
60383 52,6976
603950 1136,842|1136,967|1136,1095|1136,1225|1136,1354
604 785,3324
60453332 1061,26747
606 251,1880|647,631|715,6679|829,433|829,600|829,1133
60606 125,986
60633 52,11149
60723 359,700
608 307,1002|353,1002|482,992|1082,992
6084 494,6568
60869 492,1758
6091 534,1967
60huan 1113,18993
60sec 1269,2010
60x8 648,2003
60â 1177,4202|1177,4824
61 52,6621|52,7501|52,15268|52,15551|52,17724|52,20131|52,20278|144,18293|203,2280|222,1015|247,1688|270,3203|318,768|318,871|319,709|319,1850|322,22010|322,22177|322,24467|359,868|388,3792|403,708|418,4422|418,4425|418,6188|445,660|471,7696|478,1808|481,646|485,959|485,980|509,1015|520,1702|549,4501|550,3603|554,959|554,980|585,3187|585,6838|592,5079|612,2227|612,5866|626,1252|632,833|640,671|640,2063|663,660|687,1808|707,13269|707,16308|707,25236|715,6795|732,2465|732,15137|735,885|740,8649|740,8723|743,6439|743,7344|770,2985|801,10654|801,10728|823,2997|835,1702|836,9383|836,10682|874,1512|874,8450|874,8999|1046,2111|1060,871|1060,974|1061,19550|1061,19884|1061,20162|1061,23520|1061,25592|1061,29620|1105,1753|1113,5210|1113,43354|1235,4872|1235,19161|1248,3280|1264,3452|1265,3338|1275,1014|1275,1026|1275,1038
610 52,20477|836,8407
61000 318,739|318,831|632,793|735,845|1060,842|1060,934
61108 52,11175
61113 52,4714
61139 52,7536
6118 80,635
6125971 1061,28120
61326 1239,676
61331 79,676
614 481,829|481,4174|625,3275|1061,28888
615 605,854|740,8674|784,2955|784,2967|801,10679|933,13581|933,13593
61516 13,793
615841986 1061,23455
616 149,11544
6161353 1061,27936
61643 706,626
6166 592,5185
617 298,1790|298,2406|298,5915|478,12124|552,1356|552,2874|568,546|1248,17636
61801 128,1720|188,871
6186927 426,1009|1283,1009
618901359765 812,2820|812,3032
619 453,677|494,4514
61977 645,710
619f 626,1189
62 25,478|25,1408|34,17024|47,4452|52,5445|52,8390|52,10902|52,14056|52,14191|52,16710|87,1895|87,1967|88,4469|270,3289|305,937|322,22058|389,15397|445,2366|445,2688|549,4523|550,5100|550,23190|550,23401|552,22849|552,23053|592,5099|598,928|598,1069|607,1655|625,4149|640,7279|650,4669|663,2366|663,2688|687,1850|716,2798|743,6455|780,1301|800,1298|811,4377|820,15968|836,5439|933,8761|933,9024|1013,881|1061,19404|1061,19410|1061,19502|1061,21239|1061,21274|1061,21280|1061,21383|1061,24150|1061,26119|1061,28721|1084,4180|1161,965|1161,4750|1161,5406
620 836,8427
62053725 1061,20889
62090 52,11682
621 499,2166
621676 236,823|325,743|631,806
6219 648,5063
622553011 1061,20207
623 22,3445|552,2070
62302 455,717
623476 1061,24336
6238 552,1346
6238iñaki 478,12131|1248,17643
624 770,5828|823,5840|916,4666
62496 715,851
625 48,5773|247,450|598,916|598,1057|701,1554|770,2424|770,7030|770,9697|800,3556|800,7782|823,2436|823,6444|823,9111|836,13890|836,23485
626 982,17746
6262 185,573
627 494,4518|552,2061
6277 1061,22566
62778 1061,28172
6281 1061,20353
62833 883,858
628367756 1061,19119
6291 922,2473
629295 1061,28464
62935 183,841
62967 52,7590
6297 588,4774|588,5151
63 52,6171|52,7261|52,9956|52,13608|52,18070|149,11448|227,3267|245,4156|270,3323|282,2517|282,6510|322,20028|322,22028|322,24485|322,24570|405,2185|549,4544|550,5182|592,5119|667,1205|687,1892|707,13275|715,6647|732,2459|732,15131|738,1742|743,6468|770,1875|770,3825|800,1323|811,16111|823,1887|823,3837|825,3629|883,5924|931,5179|956,3777|1061,19158|1061,19499|1061,21088|1061,22084|1061,22307|1061,23087|1061,23724|1061,24115|1087,1205|1113,5204|1113,5330|1113,8743|1113,18890|1113,43348|1113,43474|1192,3439|1192,6510|1235,4866|1235,19155
630 77,1115|311,1470|361,1470|715,6717
63000000 629,640
63016 730,777
6303 927,763
63088 52,12648
631 96,3125|96,3317
6315 588,4779|588,5156
63161 245,801
63199 52,9671|52,12968
632 559,11415|701,4879|1053,11930
633 801,13760|1069,2349|1235,16795
63302 1061,20336
63340 52,8985
633790226057226795 1030,1581
633994 22,1778
634 151,2186|1061,27067
6346 1061,20427
635 149,11537
6352 662,4081
63527 756,768
636484339 1061,28699
6369 453,685
637 280,447|499,2170
63779 52,9172
638 149,11605|933,13605|1111,2555|1111,2563
639 494,2813|494,4251
6399 287,875
64 34,2782|52,3803|52,8310|52,9530|52,13512|52,19326|63,1630|75,3011|125,472|125,1195|125,3359|125,4712|201,2160|214,719|282,6527|322,22076|365,2144|368,3595|389,1219|445,826|445,938|471,2554|476,3219|476,3502|527,357|527,561|527,900|549,4565|552,8649|562,2421|592,5139|592,6179|629,2316|650,4694|663,826|663,938|687,1935|707,13281|707,13287|713,2030|715,6624|730,675|730,1285|730,1479|730,1544|730,1624|743,6483|743,7072|770,1282|770,1993|770,2004|770,5849|800,13534|820,1225|823,1294|823,2005|823,2016|823,5861|825,3659|847,8825|847,8953|893,3311|906,405|948,1965|1033,3595|1046,2029|1061,19496|1061,20880|1061,21532|1061,21898|1061,22387|1061,22629|1061,25628|1100,5741|1100,6574|1111,23660|1113,6542|1166,1630|1171,596|1184,3526|1192,6527|1271,1388|1271,2120|1275,905|1279,13001
640 21,401|21,582|87,585|220,366|220,526|220,1582|365,367|365,607|365,2371|707,12796|1140,4152
6400 829,675
64017 522,725
640632054 1061,23904
640x640 970,1245
640ã 829,448|829,1148
64101 52,12995
642 198,5470|198,5853|388,3857|388,3889
642752 1145,1288
643 52,3668|151,2190|394,1305
6432 768,876
6435 801,2590|801,5885|801,8826|801,13080|836,11218|907,592|1124,592|1279,13147
64483973 1061,19438
645 55,1904|618,1381
646 478,6991|1248,5847
64615 745,809
6464 899,3133|899,4421
647 256,9739|507,9724|1157,9745
6474 467,7249
648 35,2983|1116,4845|1140,4161
64838 401,797
649 351,2244|351,2783|590,488|707,38245|715,6727|1271,621
64961 1005,601
6499 467,7254
64990 782,566
64bit 404,1612
64sigma0 104,8562
64x64 8,3093|8,3175|8,3233
65 34,2966|34,15036|34,16659|52,3835|52,7714|52,17901|52,19271|87,1675|87,1693|87,1711|87,1729|144,18280|208,2059|208,2244|227,3299|322,9238|322,24622|389,1403|389,13409|389,15032|404,1666|445,2582|469,3789|549,4586|550,15813|550,28416|552,10392|552,22970|552,23107|592,5158|625,4773|663,2582|687,1976|707,13034|707,21980|717,1777|738,1791|738,3268|738,3361|740,7468|743,6497|744,1699|770,1867|770,1878|770,2015|770,2498|770,2973|770,3874|770,7104|770,9771|800,13971|811,15766|820,1409|820,13980|820,15603|823,1879|823,1890|823,2027|823,2510|823,2985|823,3886|823,6518|823,9185|982,14935|1046,507|1046,1899|1061,5590|1061,20025|1061,20233|1061,21137|1061,22384|1061,23571|1061,23718|1061,25884|1101,824|1101,1883|1111,13797|1111,17720|1111,27540|1113,6726|1113,29336|1113,39125|1235,11290|1265,2184|1279,13126
650 55,1909|149,11680|149,11783|192,819|442,2302|1202,830|1202,1210
6500 114,1953
6503 1061,23979
651 625,4022
652 149,11721|770,5884|823,5896
65211 393,837
65245 953,788
65253 52,12542
653 34,3621|75,2349|99,9798|149,11980|389,2058|800,15081|820,2064|1113,4917
65383 1061,22584
654 149,11743|442,2306|618,1386|800,1200
654529 715,7383|847,8217
6548 358,818
65500 1061,24577
65535 927,1598
65554 774,595
655627787 1061,22216
656 1264,2511
65630 667,677
65637 1087,677
65653 52,10044
657 149,11633|885,1914|1116,4749
6577 191,6904
658309 1061,26375
658436367 1061,22142
6586 713,777
659 785,2944
6590 360,605
659470242 1061,21403
6598 667,496|1087,496
65999 847,9002
66 52,7341|75,3014|99,17218|163,1803|220,2878|298,1826|322,22111|322,22171|540,536|540,1292|549,4607|552,14673|592,5178|605,3828|645,1546|645,2112|687,2003|701,3387|701,4012|738,1725|743,6509|770,3808|823,3820|1061,19069|1061,19565|1061,21022|1061,23681|1061,24227|1061,25388|1061,29190|1111,23678|1113,25050
660 149,11598|322,26703|322,27924|1201,1354
6600 1265,3717
66069 313,825
6609 916,5780|1126,5753
661 885,1918
6611 744,709
66121 396,927
6616 592,4337
66160 393,760
6619 307,1010|353,1010|482,1000|1082,1000
662 715,6722
663 485,985|554,985|785,2948
66346 311,696
66357 361,696
664 1224,1193
6650 1258,518|1258,618
6657 498,1065
6660256 1061,28689
6666 49,922
66670 1061,24552
66670296 1061,20968
6669 348,3176
667 322,26342|322,26352
66753 647,804
667mhz 746,4228|836,6841
668 800,7384
6682 592,5504
6688 61,4228
668913 391,1304
6698 1169,760
669â 730,2140
67 52,6568|52,7181|52,17687|52,19418|55,3113|99,4963|128,3181|139,3283|144,13197|277,2529|282,735|282,797|282,5852|322,22123|322,24588|401,3110|418,4478|418,5239|467,6367|471,2371|478,3332|511,2700|532,4103|549,4628|592,5198|602,2700|631,3790|662,3448|687,2031|687,4337|707,12966|707,17990|717,686|732,10963|743,6521|800,13601|800,14986|896,990|915,2555|915,2837|930,4890|933,14690|933,16390|1054,762|1061,19092|1061,21236|1061,21386|1061,26661|1096,2978|1101,2916|1111,5944|1111,20062|1192,735|1192,797|1192,5852|1235,9847|1248,2844|1279,6597
67020316 1061,19234
6711 592,4497
671541352 1061,27888
672 184,2870|756,3639|836,8431
673 492,1779|800,7375
6734 94,855
67353 1287,798
67390 1155,670
67435 1142,770
6750 114,1965|114,1973
675374243 1061,28976
67557 46,439|836,13966|836,23561
6756 214,1946
676 219,1678
676848823 1061,19188
677 730,2146
6776 277,2664
67786 31,1851
678 322,26707|322,27928|857,7959|1077,7989
67825 52,6550
679 1232,5832
679959744 1061,22355
68 33,1254|52,6861|52,8364|52,9690|52,10929|52,15260|52,17717|75,3017|104,8601|144,27352|184,2480|184,2794|184,3171|203,2286|204,666|204,1223|204,1973|234,5342|298,1841|322,20078|360,1892|401,3132|422,679|422,2212|422,3209|430,2742|467,6467|478,3488|478,7015|532,2317|532,2339|549,4650|592,5218|687,2067|732,2471|732,2530|732,15143|732,15202|743,6390|743,6537|770,1287|770,1292|770,1889|770,1936|770,2400|770,7006|770,9673|823,1299|823,1304|823,1901|823,1948|823,2412|823,6420|823,9087|836,5370|836,19599|836,19718|933,16935|1061,19152|1061,19835|1061,22341|1113,5216|1113,5275|1113,8808|1113,43360|1113,43419|1116,3088|1144,1060|1203,666|1203,1223|1203,1973|1235,4878|1235,4937|1235,19167|1235,19226|1248,3000|1248,5871
680 562,1935
68001 1061,19790
68040 33,623
68062 52,10151
681 266,1900
681282799 1061,26804
682 34,9993|34,12381|389,10903|389,11425|820,10909|820,11431|1113,22185|1113,24611|1232,5836
6820 592,4200
68216 425,753
683 34,3539|52,16823|134,1753|234,5164|389,1976|421,1709|421,4207|421,16382|478,1774|640,637|640,1239|640,2029|738,798|820,1982|982,9663|1113,4835|1113,38751|1113,42844|1186,2975|1248,3246
68351693 1061,21689
68358 115,683
68364 129,683
685 94,851|94,871
686 149,11926
687 836,8957
68721342 1061,21112
688 266,1904|494,5811
68843 120,709
68850 1061,20409
689005635 1061,19925
6890256 1015,3203|1015,3807
6893 476,1027
689449 1061,26214
68999 233,798
69 52,7021|52,8230|52,12455|52,15111|52,16663|52,17893|52,18184|52,19440|52,20362|56,565|104,8498|163,1806|201,2170|203,2246|282,857|282,920|282,6530|322,25119|532,2274|549,4671|592,5238|594,565|607,619|607,1651|625,5734|687,2103|740,9302|743,6553|770,1279|770,2363|770,6969|770,9636|770,10205|823,1291|823,2375|823,6383|823,9050|823,9619|1060,2225|1061,19950|1061,21380|1061,22378|1061,25869|1081,1351|1126,2767|1192,857|1192,920|1192,6530|1220,1493|1220,1899
690 75,2476|99,1065|99,3088|99,9925|99,21193|421,4105|469,3712|506,481|533,950|550,7155|640,1137|650,1196|707,8543|707,21716|707,24357|738,696|770,10290|800,7459|800,7823|811,2474|823,9704|836,13867|836,13994|836,23462|836,23589|893,807|893,2292|893,2740|893,4992|893,5669|893,6169|933,1248|933,4100|988,606|1113,7681|1113,18859|1113,26640|1167,1803|1186,2959|1235,11213|1270,1519|1276,606
69037 400,799
69048 1285,799
6906 821,1765
69067 184,1128
69163 52,7243
692 277,2596|701,4892|857,7951|1077,7981
6922 222,1025|509,1025
6925859 1061,28604
6933 1061,19663
694 494,5815
69430 605,722
69509 52,8452
696 149,11912
69616 1061,19778
6969 817,2356|817,2610
697 696,2314
697462754 1061,22965
6978 1195,2414
698 86,744
69811 1132,600
6982 817,2361|817,2615
69842 1061,20421
698552626 1061,28412
698640874 1061,21994
699 34,894|34,2934|34,3952|34,7523|34,13951|34,15004|34,15977|34,16631|34,21004|99,625|117,626|144,8896|164,493|164,1516|199,1878|256,4694|256,12733|389,888|389,1371|389,4366|389,7517|389,13377|389,14350|389,15004|389,19377|389,20371|469,3782|507,4679|507,12718|550,620|550,8065|550,15698|550,20124|552,10277|707,24397|770,2490|770,7096|770,9763|770,10230|811,5749|820,894|820,1377|820,4372|820,7523|820,13948|820,14921|820,15575|820,19948|820,20942|823,2502|823,6510|823,9177|823,9644|836,13924|836,23519|1047,493|1047,1516|1111,13682|1113,1729|1113,6694|1113,7640|1113,8082|1113,14692|1113,18837|1113,26621|1113,29308|1113,38081|1113,39093|1113,40183|1113,41937|1157,4700|1157,13860|1186,6440|1235,11283
69978 1178,821
699mehmet 640,6602
6_2 31,1857
6_6 388,3899
6aa 72,1033|72,1212|72,1346
6g 995,2880
6georg 1216,3747
6marc 116,1982
6pedagog 707,40811
6pm 1,852|2,852|3,852
6robert 1113,7822
6s 744,1253
6sigma 469,3818|1235,11319
6simpl 1219,178
6suresh 552,24745
6th 5,1375|47,7423|49,2115|178,4239|188,1622|245,5364|463,2446|500,1494|631,1856|645,5222|645,8951|762,6421|762,7055|1073,1499|1177,6693
6wl 421,9879
6y 1161,2511
