x1 119,1047|119,1320|208,1391|214,3312|308,2121|388,2159|451,2656|476,2000|539,1685|539,1839|665,1478|796,2450|882,2656|1204,2340|1204,2362
x10 214,3700
x10jupit 997,290
x11 214,3726|796,2781|796,2994
x12 214,3803|796,3258|796,3305
x13 214,3845|796,3356
x14 214,3887
x15 214,3932
x16 214,3994|308,2134
x17 214,4048|796,3262|796,3411
x178 476,2013
x18 214,4085|796,3459|796,3508
x19 214,4117|796,3546
x1x1 952,5282
x2 119,1108|208,1476|214,3341|308,2125|388,2453|451,2695|476,2004|539,1863|665,1481|796,2585|882,2669|1204,2346
x20 214,4142
x21 214,4172
x215 550,21012|687,9246|743,14576|1081,12313|1111,16069|1113,41151
x22 214,4200
x23 214,4250|796,3463|796,3587
x24 214,4273
x25 214,4318
x26 214,4362
x27 214,4414
x28 214,4470
x29 214,4505
x2bar 822,1930
x2ybr 822,2051
x3 119,1133|208,1506|214,3377|388,2778|451,2734|539,1879|665,1489|796,2620
x30 214,4535
x3023 661,858
x3033 368,1032|1033,1032
x31 214,4574
x32 214,4612
x33 214,4668
x34 214,4716
x35 214,4759
x36 214,4794
x37 214,4825
x38 214,4884
x39 214,4920
x4 119,1176|208,1563|214,3411|388,3106|451,2773|539,1892|796,2702
x40 214,4948
x41 214,5020
x42 214,5105
x43 214,5148
x44 214,5202
x45 214,5234
x46 214,5261
x47 214,5319
x48 214,5365
x49 214,5439
x5 119,1212|208,1638|214,3454|451,2840|539,1905|796,2760
x50 214,5506
x51 214,5545
x52 214,5587
x53 214,5647
x54 214,5673
x55 214,5709
x56 214,5729
x57 214,5773
x58 214,5871
x59 214,5900
x6 119,1259|119,1326|208,1693|214,3573|451,2888|539,1923|796,2776|796,2899
x60 214,5935
x61 214,5957
x62 214,5981
x63 214,6023
x64 214,6058
x7 214,3609|539,1938|796,2945
x8 214,3632|539,1690|539,1954
x9 214,3676
x_ 1127,3791|1127,4435
x_i 56,1632|594,1632|1127,3328|1127,3444|1127,3518|1127,3749|1127,4397
x_maximum 858,1105
x_minimum 858,1095
x_perimet 858,1148
x_t 112,2871|112,3475
xaa 486,156
xab 486,165
xac 486,174
xad 486,183
xae 486,192
xaf 486,201
xag 486,210
xah 486,219
xai 486,228
xavier 78,3415|128,1532|312,973|312,3464|312,3749|312,4038|312,4396|312,4782|318,2871|440,1001|440,5981|440,6261|440,6573|440,6865|440,7227|440,7620|467,8571|522,2613|522,2790|631,3363|700,923|700,2095|907,7370|907,7932|1124,7370|1124,7932|1198,3415|1253,968|1269,2855
xd6 116,3634|800,1777
xed 256,3560|507,3545|1157,3566
xeditor 1305,2830
xegvi 822,2182
xf 829,2812
xhypo 743,5141
xi 58,2919|112,4551|225,805|232,4344|263,989|368,6684|443,833|576,2349|636,554|746,638|788,2919|801,591|907,5063|1033,6551|1038,796|1124,5063|1171,2113|1184,632|1235,639|1245,2117|1251,4447|1264,3592|1279,597
xia 308,2524
xiang 1264,4821
xiangxiang 161,2504
xiao 55,4823|122,3676|203,1572|259,9041|277,7907|320,3484|421,13306|532,9275|532,9709|542,1583|552,26513|626,6246|631,5380|721,3498|776,9936|800,12075|857,6599|979,3939|982,19033|1058,3340|1077,6629|1158,2977|1202,3957|1229,9334|1241,6059|1264,4996|1280,3935
xiaofeng 365,2858|1102,513|1271,3087
xiaoj 1253,1055
xiaojian 1127,8872
xiaojin 445,4496|663,4496|732,2570
xiaoli 99,1951|122,2931|351,518|552,2447|735,3470|776,2961|822,2738|907,5406|930,3944|1058,2795|1124,5406|1271,2917|1280,2931
xiaom 506,1710|988,2632|1167,512|1276,2632
xiaowei 618,1241
xiaoyong 743,7545|982,1535|1199,2744|1229,4801|1245,2425
xico 973,1001|973,1263
xie 686,2723|686,3105|1016,1898|1016,2067
xifara 539,829|539,2047|539,2263
xii 576,2387|1195,404
xiii 576,2438|784,2649
xin 122,2801|471,3017|707,1971|857,542|1050,1713|1058,2665|1077,572|1280,2801
xing 48,1879|421,4746|707,3627|746,1349|811,3825
xinyang 358,2882|358,3143
xipe 898,781|898,931|898,1556|898,1723
xiuzhen 550,11924|743,10446|982,6638|1229,6170
xiv 576,2506
xix 576,2828
xjennif 34,11640|389,12163|820,12169
xjtu 263,857
xk 478,3861|732,1763|1248,4381
xl 399,164|544,807|559,7869|596,160|632,1254|849,120|884,151|952,669|952,803|952,822|952,2257|952,3410|963,147|1018,129|1053,8229|1134,1258|1189,136
xle 829,2891
xlm 829,3013
xlsx 16,127|39,130|86,1233|86,2739|102,130|152,3308|152,3393|269,129|281,129|286,140|342,136|370,138|380,130|515,153|586,2149|589,2493|726,133|729,142|838,153|884,129|894,135|952,560|952,600|952,1184|952,3155|952,3448|952,5365|952,5376|1037,128|1129,146|1268,147
xmapper 1149,1172|1149,1241
xml 192,3517|251,1639|636,2807|774,1642|952,1978|952,3288|967,121|1107,1410|1107,1426|1110,3904|1149,1098|1197,2641|1245,3106|1302,2507|1302,2899|1302,3185|1302,3885|1302,5039|1302,5211|1302,5478|1302,5652|1302,6070|1302,6437|1302,6907|1302,10052|1302,10934|1302,11095|1303,1766|1303,1888|1305,2631|1305,2729|1305,2785
xn 829,2932|1204,2356
xor 144,15499|144,23903|357,831|357,906|404,465|404,1216|404,1310|404,1596|404,1954|857,4772|1077,4802
xor_128bit 404,1254
xor_64bit 404,1541
xor_arbiter_puf 961,116
xp1000 746,4206|836,6819
xpo 457,349
xquak 1277,1784|1277,2059
xqueri 1301,2079
xre 829,2849
xrm 829,2969
xs 85,2427
xsen 648,512
xstab 632,1234
xtal 88,574|247,2834|318,2758|701,2177|1081,4063|1113,5918
xttbar 952,5292
xu 17,586|75,1153|115,4661|122,2805|129,4534|133,4377|171,2598|267,4629|293,11675|349,5473|418,2563|437,5473|471,3021|478,13710|479,12203|481,2784|550,20325|552,15761|559,17348|563,12359|637,1458|707,1975|716,1516|735,7523|738,2382|743,14261|776,10292|784,2460|857,546|933,13294|1032,10186|1038,2001|1038,2219|1053,17826|1058,2669|1073,3563|1077,576|1168,2166|1248,11666|1280,2805|1284,6769|1301,3596
xv 365,1170|576,2549|976,7125|976,7453|976,7755|976,8072
xvi 576,2595|1235,9167
xvii 576,2656
xviii 576,2732
xx 254,4112|254,4415|440,4091|440,4297|576,2902|687,1438|687,2461|707,32873
xx1 882,1970|882,2408
xx2 882,1978|882,2416
xxi 576,1877|576,2950
xxx 277,5143|277,5192|277,5241
xxxxx 1179,2485
xy2br 822,2091
xybar 822,2008
xyear_id 536,1686
xyear_paperid 536,1255
xylol 605,2501
xyuan 1253,1070
xz 1139,140
