0
2042
2892
3114
3213
3229
3291
3319
3334
3348
3390
3405
3427
3441
3532
3546
3614
3628
3642
3665
3686
3782
3798
3811
3824
3845
3859
3873
3888
3902
3935
3950
3971
4040
4203
4219
4983
5006
5027
5095
5119
5134
5150
5234
5259
5273
5294
5344
5365
5378
5391
5405
5424
5439
5517
5531
5545
5560
5573
5585
5645
5659
5676
5696
5715
5764
5778
5792
5807
5821
5842
5866
5882
5905
5920
5934
6713
6752
6766
6779
6793
6806
6820
6835
6855
6869
6910
6933
6975
6990
7003
7019
7035
7067
7083
7136
7154
7169
7189
7202
7216
7230
7272
7287
7305
7319
7447
7466
7480
7528
7543
7564
12905
12999
13047
13064
13086
13099
13123
13143
13157
13171
13204
13216
13231
13245
13259
13272
13286
13298
13321
13335
13367
13388
13401
13477
13495
13516
13555
13578
13601
13621
13644
13658
13677
13700
14369
14415
14428
14442
14473
14487
14518
14533
14548
14573
14591
14606
14701
14715
14735
14754
14786
14810
14834
14854
14879
14904
14918
14933
14947
14969
15026
15041
15058
15083
15175
15191
15215
15230
15254
15269
15283
15298
15313
15337
15350
15992
16034
16048
16062
16076
16192
16206
16248
16262
16323
16340
16363
16377
16391
16406
16430
16472
16485
16497
16510
16526
16547
16562
16577
16595
16608
16622
16641
16673
17323
17354
17368
17383
17475
17490
17505
17521
17574
17588
17601
17639
17660
17674
17689
17714
17737
17758
17772
17789
17810
17823
17840
17861
17893
17906
18065
18079
18801
18860
18882
18896
18918
18932
18945
18959
18973
18996
19014
19062
19076
19092
19105
19119
19133
19147
19161
19204
19219
19278
19293
19306
19320
19334
19889
19936
19966
19980
20022
20046
20059
20089
20110
20124
20145
20178
20195
20225
20247
20260
20274
20289
20319
20332
20345
20377
20390
20404
20425
20438
20454
20469
20489
20507
21182
21207
21222
21261
21275
21299
21321
21337
21358
21372
21403
21417
21432
21446
21462
21484
21510
21531
21546
21560
21600
21614
21656
21670
21691
21705
21719
21737
21770
21792
21820
21833
21847
21886
21903
21920
21941
21956
22089
22104
22118
22217
22238
22277
22305
22333
22350
22510
22527
22566
22579
22594
22610
22643
