0
10176
10262
10276
10303
10465
10479
10523
10551
10816
10838
10863
10912
10933
10993
11011
11028
11047
11090
11110
11138
11155
11182
11288
11457
12203
12220
12311
12416
12435
12514
12541
12559
13221
13240
13266
13281
13341
13833
13856
13890
13906
13939
13962
14028
14155
14306
14318
14352
14368
14624
14845
14874
15069
15131
15399
15444
15531
15571
15608
15635
15801
15846
15862
15907
15935
16149
16182
16211
16312
16331
16356
16369
16406
16432
16460
16476
16505
16524
16539
16552
16631
16689
16705
16833
17085
17098
17301
17409
17451
17635
17667
17685
17728
17781
17827
17845
17928
17952
17970
18083
18264
18278
18304
18410
18424
18484
18642
18658
18685
18703
18754
18797
18832
18966
19030
19058
19456
19473
19488
19514
19531
19558
19710
19810
19833
19858
19911
19953
20077
20466
20480
20495
20510
20661
20676
20695
20891
20910
20930
20950
20970
21026
21039
21054
21078
21102
21114
21140
21162
21179
21373
21435
21485
21499
21523
21635
21652
21678
21745
21823
22022
22039
22117
22200
22216
22228
22250
22578
24456
24474
24658
24685
24702
24727
25295
25317
25641
25655
25678
25693
25848
25945
26496
26534
26608
26650
26796
26995
27014
27157
27172
27311
27328
27525
27559
27590
27625
27642
27657
27692
27714
27765
27798
27813
30131
30424
30492
30660
30702
30718
30737
30828
31425
31462
31486
31507
31521
31535
31557
31570
31602
31626
31657
31787
31810
31832
32294
32314
32331
32354
32498
32545
32572
32645
32896
33200
33298
33338
33447
33516
33959
34002
34174
34306
34607
34624
35020
35485
35499
35569
35585
35720
35974
36044
36060
36096
36195
36227
