z 11,3466|11,3605|11,3610|11,3615|20,3607|20,5204|20,5254|45,187|47,4705|47,4809|47,6072|47,6080|47,6086|53,171|53,187|57,1545|67,193|72,2107|79,3394|79,3397|99,1958|115,1087|122,2938|124,4047|124,4055|124,4063|124,4073|124,4084|124,4095|124,4106|124,4117|124,4128|124,4711|124,4814|124,4821|129,1087|144,2833|185,2956|213,169|213,221|222,1682|222,3427|232,4548|243,2971|254,4836|254,4885|254,4939|259,2715|261,234|267,1182|271,186|286,116|298,1890|313,1627|351,525|383,713|383,2358|388,2406|388,2721|388,3048|388,3386|401,2248|401,2901|401,2962|401,2992|401,3023|401,3057|401,3092|401,3118|401,3145|401,3175|401,3203|401,3231|401,3261|401,3306|442,1141|442,1303|442,1414|442,1466|442,1514|506,1305|509,1682|509,3427|515,129|525,886|525,2964|547,155|552,2454|557,1435|558,284|558,313|585,50|585,300|585,2276|585,3471|585,3676|585,3977|585,4777|585,5307|585,5524|585,6470|585,6553|609,168|612,37|612,266|612,1769|612,2511|612,2716|612,3017|612,3817|612,4347|612,4564|612,5497|612,5581|612,6140|625,5737|630,1573|630,2020|648,2892|648,2914|648,2932|649,142|649,186|649,209|649,234|667,3346|667,3349|669,189|679,133|679,175|680,8682|686,2728|686,3110|717,1601|717,1712|732,4550|732,4562|735,3477|740,1024|762,4906|762,5172|762,5327|762,5507|762,5702|762,5873|762,6068|763,2607|774,2931|776,2968|780,674|780,1886|801,1015|807,2227|811,21306|822,1619|822,2745|851,14827|857,945|876,166|876,180|876,190|876,200|876,216|876,233|876,254|907,5413|930,3951|933,1565|964,232|988,1804|990,146|1006,2596|1006,2666|1009,198|1011,201|1011,245|1016,1903|1016,2072|1022,157|1030,2266|1034,2971|1038,2005|1038,2223|1058,2802|1076,283|1077,975|1087,3346|1087,3349|1101,1707|1101,1818|1124,5413|1162,140|1170,2943|1170,3272|1195,1354|1209,165|1209,187|1229,2384|1229,3045|1239,3394|1239,3397|1251,4651|1258,1555|1258,1631|1258,1674|1258,1775|1258,1862|1258,3363|1258,4160|1258,4198|1259,152|1271,2924|1276,1804|1280,2938|1284,1182|1300,2504|1301,3156|1301,3399
z1 388,2355
z12oglnpoq3gjh4om04cfdlbgp2uepyytpw0k 1287,1582
z2 388,2670
z3 388,2997
z4 388,3335
z_scratch 858,979
za 171,775
zabrz 807,2301
zaccaria 763,2831|763,3067
zachari 1301,4668
zack 245,5199
zadeh 111,4664|114,3758|205,3777|268,4378|1092,3511
zadrozni 293,5547|355,1514|426,3179|479,6231|500,3231|500,4611|559,5307|563,6231|806,5379|836,3044|836,8026|1032,5547|1053,5307|1086,591|1283,3179
zaffalon 41,1712|56,5924|256,1092|256,3851|311,3977|311,4492|361,3701|361,4661|485,5756|485,6576|507,1077|507,3836|554,5756|554,6271|594,5737|770,943|787,527|787,1001|823,955|912,1525|1017,2731|1017,3551|1060,2964|1060,3092|1089,2731|1089,3695|1157,1098|1157,3857
zahid 383,1804|525,2526
zahra 585,814|585,5063|612,773|612,4103
zain 902,839|902,1900
zainamin1 902,857
zak 974,1079|974,2533
zal 34,14761|164,9493|243,4744|307,9234|353,8594|389,13134|469,7088|471,13009|482,8350|550,23525|707,40073|743,15450|820,13705|982,16660|1034,5067|1047,7761|1081,11434|1082,10374|1113,38850|1229,8500
zaman 95,1291
zamora 140,771|140,836|140,2342|420,885|420,990|420,3965|420,4131|420,4460
zanghirati 112,5072|112,5125|500,4027|500,4080|746,3726|746,3779|836,6547|836,6600
zangooei 585,4530|585,6878|612,3570|612,5906
zanibbi 1204,2911|1204,3199
zaniolo 99,5394|139,3714|511,2748|602,2748|930,4938
zanna 112,5091|500,4046|746,3745|836,6566
zanni 112,5145|112,6643|500,4100|500,9913|746,3799|746,9640|836,6620|836,15660
zarchi 1237,740|1237,1141|1237,2581|1237,2848|1237,3281|1237,3637
zarchi2018scadi 1237,3132
zareen 638,767|638,1114|638,1219
zareensharf76 638,781
zarzycki 968,3746|968,4042
zaunsed 84,2372|84,2695|272,2724|272,3047
zavrel 78,9749|144,24774|298,5117|568,4037|1198,10142
zbigniew 766,2110|766,2583
zc 839,4051
zcan 585,6006|612,5046
zcr 883,3457|883,6270
zdemir 49,896|49,2271
zdenek 72,1220|72,1236
zdf1 625,6146|625,6326
zdrahal 72,1227|72,1243|72,2098
zealand 28,873|52,5467|471,17101|707,51726|887,830|898,922|1040,1758|1040,2017
zellerfeld 1179,1057
zema 396,896|396,971|396,992
zeng 161,2515|436,2469|436,2713|467,8708|762,6576
zer 1043,177|1271,1481|1271,2213
zernik 1271,1489|1271,2221
zero 11,3461|11,4940|17,1262|30,4211|30,4532|34,3441|38,1826|47,1850|47,1871|79,3030|111,4048|147,2113|164,1945|164,2121|222,3264|222,3363|222,3462|268,2080|389,1878|421,8439|421,12049|431,2154|485,3416|485,3984|501,1017|509,3264|509,3363|509,3462|519,2629|552,12254|552,24922|554,3416|554,3984|559,23944|598,1559|624,1216|624,1415|643,3419|643,3740|643,4009|667,2982|700,1963|707,17464|739,2609|796,2028|810,3153|811,10502|820,1884|839,4036|847,4610|883,2740|883,3437|889,2997|889,3124|933,9221|982,7110|1047,1945|1047,2121|1053,14949|1087,2982|1111,7486|1113,4737|1113,25616|1127,4977|1172,1699|1202,1818|1216,3267|1239,3030|1257,2475
zeroedgar 707,17568
zf 171,778
zgi 1105,969
zh 171,781
zhai 215,774|215,1546|215,1989|1048,1494|1048,1764
zhalehpour 383,1765|525,864|525,1212|525,2942
zhan 263,912
zhang 1,2832|2,2832|3,2832|22,1320|22,3322|78,8831|79,4703|79,5018|79,5498|125,2155|125,4127|144,22353|161,2497|164,3068|225,1490|225,1501|225,1744|225,1755|243,1398|259,9656|282,2613|282,5026|282,6027|340,2700|355,2074|368,9622|421,14926|443,1591|443,1818|467,8729|520,2162|525,1705|525,1721|525,1977|525,2242|525,2258|530,1560|550,11932|552,18061|667,4863|667,5468|667,5757|687,3312|743,10454|762,6597|776,7076|806,5557|835,2162|982,6646|1033,8804|1034,1398|1038,1963|1038,2181|1047,3068|1087,5153|1087,5468|1087,5948|1091,2650|1091,2838|1111,2338|1186,1048|1186,2743|1192,2183|1192,5026|1192,6027|1198,9224|1199,2674|1199,3164|1229,6178|1239,4703|1239,5018|1239,5498|1253,902|1253,909|1264,4854|1279,8976
zhang24 22,1327
zhao 1300,1991|1300,2760
zhaoqian 550,4201|743,8529|979,3305|1241,4140
zhen 161,2468
zheng 126,3967|293,11101|479,11629|513,4530|559,15623|563,11785|614,3186|636,8503|982,20333|1032,9612|1053,16101|1081,12553|1113,42153|1229,9801|1245,6400
zhi 65,512|78,2375|79,4677|79,4992|79,5343|79,5472|115,1669|115,4644|129,1669|129,4517|133,4360|144,599|171,1959|171,2581|247,2620|259,3972|267,1764|267,4612|293,4579|293,10800|293,11658|325,2598|376,1793|381,2103|421,3960|471,3663|471,5653|479,5115|479,11328|479,12186|501,2944|505,3084|532,512|532,1025|550,4180|550,20308|552,1502|559,2009|559,14756|559,17331|563,5263|563,11484|563,12342|631,2584|631,2719|640,992|667,4837|667,5442|667,5731|667,6082|680,2127|687,2710|701,507|707,4285|735,3324|735,7506|738,509|743,8113|743,8508|743,14244|776,2699|776,10275|811,498|979,3273|1032,4075|1032,9311|1032,10169|1053,2009|1053,15234|1053,17809|1087,5127|1087,5442|1087,5793|1087,5922|1198,2375|1216,4152|1239,4677|1239,4992|1239,5343|1239,5472|1245,2305|1284,1764|1284,6752
zhihua 687,3305
zhiliu 376,813|381,794
zhiqiang 936,4752
zhiyuan 204,7234|403,531|500,5371|1073,4479|1203,7234
zhong 46,2287|55,5159|116,5420|116,6493|169,5066|259,3379|259,8641|277,9018|368,6514|398,4587|421,485|421,12229|471,2868|471,13852|500,10572|552,533|552,18582|677,1015|707,1438|707,42394|776,2556|776,7213|836,17765|936,4776|936,5080|982,13872|1033,6744|1229,11174|1279,1019
zhou 17,549|65,520|75,1116|78,2383|79,4685|79,5000|79,5351|79,5364|79,5480|115,1677|115,4652|129,1677|129,4525|133,4368|144,607|171,1967|171,2589|247,2628|256,2738|259,3980|267,1772|267,4620|282,2595|282,4491|282,4504|282,5008|282,6009|293,4587|293,10808|293,11666|311,4928|320,2975|325,2606|349,5436|361,4304|418,2526|421,3968|422,826|422,837|422,938|422,949|422,3615|422,3792|437,5436|471,3671|471,5661|478,1126|478,13701|479,5123|479,11336|479,12194|481,2747|485,6219|501,2952|505,3092|507,2723|532,520|532,1033|550,1826|550,4192|550,20316|552,1510|552,15752|554,6707|559,2017|559,14764|559,17339|563,5271|563,11492|563,12350|631,2592|631,2727|636,979|640,1000|667,4845|667,5450|667,5739|667,6090|667,6103|680,2135|687,2718|701,515|707,4293|707,8336|716,1479|721,1876|735,3332|735,7514|738,517|738,2373|743,8121|743,8520|743,14252|776,2707|776,10283|784,2451|811,506|862,1277|862,1469|933,1041|933,13285|979,3281|1017,3194|1032,4083|1032,9319|1032,10177|1053,2017|1053,15242|1053,17817|1073,3526|1081,6830|1087,5135|1087,5450|1087,5801|1087,5814|1087,5930|1089,3338|1111,1022|1113,10126|1157,2744|1168,2129|1192,2165|1192,4491|1192,4504|1192,5008|1192,6009|1198,2383|1216,4160|1239,4685|1239,5000|1239,5351|1239,5364|1239,5480|1241,4116|1245,2313|1248,1126|1248,11657|1284,1772|1284,6760
zhu 6,708|8,494|9,708|245,5204|445,4504|663,4504|732,2578|1204,2942|1204,3230
zhuang 404,885|404,896|404,1851
zi 214,6672|232,4532|1116,5327|1251,4635
zibulevski 505,2679|552,10565|776,5957|979,3630|1216,2432|1241,5236
zieba 214,1075|214,1089|214,6101|214,6318|1116,1098|1116,1112
zieba2013boost 1116,5139
zigbe 794,975|1145,2138|1145,2278|1145,4518|1145,6004|1145,6055|1145,6803|1145,6910|1145,7156|1145,8594|1145,8701|1145,8947|1145,10527|1145,10634|1145,10880
zijian 126,3960|293,11094|479,11622|513,4523|559,15616|563,11778|614,3179|636,8496|982,20326|1032,9605|1053,16094|1081,12546|1113,42146|1229,9794|1245,6393
zikeba2016ensembl 214,6533
zikova 72,1062|72,1375
zimmer 304,3872
zinc 1042,1462
zip 10,564|10,656|15,128|37,137|76,146|89,122|98,129|100,121|105,143|107,128|121,130|127,133|130,135|142,137|147,1339|154,156|159,128|162,124|166,127|174,128|177,131|187,127|194,133|230,138|244,129|246,121|249,142|253,1304|258,130|264,131|291,150|296,169|316,123|324,130|333,132|336,132|341,133|343,126|343,155|344,140|350,132|354,125|362,155|374,129|384,141|386,132|386,142|390,140|410,141|411,137|412,131|426,1282|426,2282|426,2337|452,121|456,125|466,128|468,122|472,121|474,133|491,148|493,177|512,189|512,222|521,121|528,140|535,158|541,143|545,1270|546,121|553,125|566,153|570,136|570,154|572,132|576,1196|591,137|597,132|599,119|610,121|610,149|616,181|619,121|621,1810|621,1842|623,139|628,139|635,124|643,2230|651,122|658,121|659,140|660,121|664,161|672,127|685,129|691,124|693,134|703,146|704,219|711,146|714,129|718,144|719,128|724,124|748,129|750,130|757,123|764,138|777,122|778,121|797,124|805,124|814,154|829,2093|829,2608|833,158|844,140|846,156|866,137|868,145|875,138|878,1884|880,140|892,129|897,125|908,120|915,1504|917,123|919,138|921,133|926,129|927,1018|937,123|942,141|943,125|944,129|952,311|952,855|952,869|952,880|952,897|952,927|952,944|952,1212|952,1589|952,1606|952,1802|952,1931|952,1944|952,1964|952,2414|952,2589|952,2600|952,2640|952,2727|952,2877|952,3541|952,3590|952,3813|952,3915|952,4005|952,4022|961,133|965,122|967,125|973,3596|983,124|987,128|991,121|992,136|993,186|998,147|1001,144|1011,213|1011,257|1021,161|1035,122|1044,123|1056,135|1066,146|1067,138|1079,126|1085,130|1093,128|1095,135|1097,967|1097,7107|1098,135|1120,132|1120,143|1120,154|1120,176|1120,198|1120,220|1120,268|1125,145|1133,142|1140,1247|1141,131|1145,10986|1147,161|1152,168|1153,124|1156,139|1159,141|1161,5063|1164,142|1165,141|1165,156|1182,138|1183,134|1193,131|1194,137|1200,124|1205,124|1205,161|1221,129|1222,124|1225,128|1250,156|1252,129|1256,158|1283,1282|1283,2282|1283,2337|1286,124|1291,131
zip_old 1164,125
zipcod 426,1808|426,1913|1283,1808|1283,1913
ziyatdinov 931,894|931,913|931,2795|931,5619|931,8972|931,9828|931,10128|931,10789|931,13244
ziä 1116,4416|1116,4871
zm 171,784
zn 1042,1444
zoltan 626,3125
zomato 1281,1498
zonal 860,4936|860,5620
zone 233,470|236,1346|1229,3040
zongkai 376,2034
zoo 65,669|88,4558|227,2524|227,2948|256,6672|256,7047|325,37|325,254|398,1716|421,4230|421,6582|444,1476|478,1903|507,6657|507,7032|532,1390|552,1659|559,2374|640,37|640,263|640,456|640,746|640,1262|640,1688|640,2158|640,2697|640,3233|640,3722|640,4312|640,4747|640,5303|640,5893|640,5998|640,6452|640,6854|640,6964|640,7368|640,7901|640,8475|640,8699|707,758|707,13323|716,6095|721,888|721,1741|731,4980|732,4228|732,5121|738,821|811,2504|982,22502|982,22612|1053,2374|1113,25195|1117,43|1117,89|1117,119|1117,129|1157,6678|1157,7053|1248,3375|1279,10414
zoolog 770,4873|823,4885
zoran 24,4456|115,5058|129,4931|209,570|267,5026|655,5970|680,2577|782,2862|811,2082|1284,4446
zorch 1277,1705
zou 225,1464|225,1718
zoubin 58,3276|471,10474|626,3673|626,7411|788,3276|800,979|800,9312|907,6189|930,4114|1105,2596|1124,6189
zs 171,787|717,2149|1101,3108
zsolt 717,836|1101,944|1101,2153|1101,2541|1101,2755
zubiaga 30,1297|30,5471
zubrod 1116,2119
zulfiqar 638,818
zum 41,3984|56,8196|78,8532|88,4334|99,12814|104,4498|109,2306|117,1493|144,21435|227,6216|247,3399|293,11348|318,3752|325,4455|368,10058|471,12825|479,11876|550,23055|552,22714|559,16254|563,12032|594,8059|640,7144|680,9528|687,10917|701,3879|707,39657|735,6952|743,15266|770,6666|776,8665|811,23705|823,6080|912,3847|930,7737|933,11391|1032,9859|1033,9240|1053,16732|1081,17039|1091,4497|1111,21043|1113,34220|1144,11118|1198,8925|1273,2306|1279,10115
zupan 169,835|169,852|169,3705|445,5618|663,5618|732,5811|936,844|936,861|936,2781
zurada 34,16217|99,23601|139,8594|164,10034|307,9775|353,9135|389,14590|471,18793|482,8891|511,4323|602,4155|636,10155|687,8959|707,32526|820,15161|930,7109|982,18486|1047,8302|1081,15236|1082,10915|1111,27069|1113,28894|1229,9173|1245,5103
zurich 245,1966|320,1255|463,963|463,1046|463,1142|562,899|562,907|562,1061|562,1069|743,796|743,17698
zustandsã¼berwachung 13,2025
zvb14 239,1159|239,2474
zvona 79,888|667,889|1087,889|1239,888
zweck 41,3988|56,8200|78,8536|88,4338|99,12818|104,4502|109,2310|117,1497|144,21439|227,6220|247,3403|293,11352|318,3756|325,4459|368,10062|471,12829|479,11880|550,23059|552,22718|559,16258|563,12036|594,8063|640,7148|680,9532|687,10921|701,3883|707,39661|735,6956|743,15270|770,6670|776,8669|811,23709|823,6084|912,3851|930,7741|933,11395|1032,9863|1033,9244|1053,16736|1081,17043|1091,4501|1111,21047|1113,34224|1144,11122|1198,8929|1273,2310|1279,10119
zwitter 88,2311|88,4037|318,4168|770,7272|787,4631|787,5836|823,6686|1060,5091|1081,664|1081,18231|1113,20560|1113,27118
zymogenet 1105,895
zz 254,4176|254,4544
zzalpha 878,60|878,341|878,944|878,1010|878,1078|878,1104|878,1186|878,1260|878,1326|878,1394|878,1420|878,2427|878,5947
zzalphaâ 878,471|878,1948
