0
14850
17926
18923
19130
19196
19212
19229
19246
19261
19280
19300
19316
19405
19430
19454
19469
19484
19500
19515
19530
19546
19744
19758
19772
19804
19821
20040
20053
20068
20082
20096
20326
20645
20659
20674
20688
20741
20759
20784
20801
20818
20841
20857
20891
20906
20941
20966
20980
21150
21190
21380
21398
21412
21435
21460
21484
21542
21561
21577
21593
21608
21625
21641
21655
21670
21684
21872
21894
21915
21940
21954
21969
21986
22003
22017
22031
22045
22075
22099
22265
22278
22295
22338
22353
22369
22385
22398
22426
22469
22498
22515
22531
22547
22706
22722
22745
22759
22801
22815
22845
22872
22887
22901
22916
22931
22953
22992
23013
23038
23416
23432
23448
23466
23480
23516
23530
23545
23560
23614
23632
23648
23662
23684
23830
23852
23867
23889
23909
23929
23942
23963
23977
24002
24174
24277
24291
24318
24333
24349
24364
24514
24528
24563
24584
24598
24630
24644
24659
24691
24731
24760
24777
24792
24871
24897
24920
24935
24957
25007
25023
25111
25126
25149
25162
29679
29831
29858
29875
29928
30134
30187
30204
30218
30233
30254
30268
30291
30312
30328
30466
30710
30724
30739
30753
30839
30860
30874
30889
30909
30926
30949
30963
30983
30997
31106
31120
31134
31150
31165
31188
31202
31220
31241
31258
31282
31297
31384
31397
31415
31429
31455
31470
31486
31501
31515
31625
31648
31663
31677
31692
31711
31725
31739
31755
31770
31788
31811
31841
31855
31869
31904
32088
32111
32127
32142
32154
32169
32186
32207
32222
32237
32263
32279
32300
32324
32347
32506
32520
32535
32558
32582
32596
32758
32773
32796
32843
32858
33047
33070
33097
33112
33126
33174
33189
33271
33286
33313
33330
33353
33439
33453
33477
33501
33525
33540
33556
33573
33603
33616
33638
33696
38289
38823
38896
38928
38953
38967
38990
39005
39020
39038
39068
39081
39106
39325
39418
39432
39446
39473
39659
39674
39691
39704
39732
39747
39771
39788
39804
39818
39833
39937
39954
39970
39985
39999
40014
40028
40043
40060
40078
40102
40184
40197
40213
40228
40251
40266
40281
40298
40314
40338
40371
40387
40402
40426
40658
40689
40704
40723
40738
40753
40777
40791
40815
40831
40845
40878
41082
41096
41120
41135
41149
41164
41179
41193
41209
41305
41327
41344
41364
41385
41400
41421
41460
41640
41661
41676
41692
41706
41730
41778
41935
41959
41982
41996
42020
42036
42061
42076
42097
42110
42227
42240
42264
42280
46728
46936
46988
47003
47018
47032
47047
47060
47093
47108
47128
47142
47246
47272
47288
47302
47317
47331
47347
47389
47412
47581
47605
47626
47640
47657
47671
47686
47745
47777
47804
47831
47846
47870
47884
48011
48035
48050
48067
48080
48095
48119
48133
48147
48171
48185
48328
48351
48366
48399
48441
48456
48480
48494
48519
48569
48583
48620
48641
48655
48736
48754
48768
48783
48798
48811
48826
48840
48855
48919
48935
48949
48968
48987
49010
49025
49049
49081
49178
49196
49243
49258
49281
49297
49315
49330
49343
49367
49384
49397
49503
49518
57723
57937
57964
58000
58015
58035
58058
58081
58105
58119
58150
58296
58313
58329
58344
58359
58392
58408
58421
58517
58531
58548
58562
58586
58603
58618
58651
58729
58744
58760
58774
58788
58811
58852
58868
58955
58987
59038
59059
59072
59087
59110
59133
59149
59261
59286
59309
59327
59341
59362
59376
59390
59403
59424
59466
59506
59522
59545
59588
59617
59634
59712
59735
59759
59786
60031
60055
60073
60094
60133
60179
60199
60223
60238
60252
60267
60336
60350
60364
60379
60395
60419
60433
60446
60460
60475
60490
60533
60554
60571
60587
60660
64617
65380
65549
65563
65580
65613
65626
65639
65654
65670
65687
65701
65726
65849
65864
65878
65891
65914
66021
66053
66067
66090
66107
66221
66237
66340
66355
66379
66395
66413
66433
66473
66505
66520
66534
66549
66565
66588
66733
66748
66762
66778
66793
66807
66819
66833
66857
66943
66960
66978
66993
67008
67029
67069
67092
67113
67162
67187
67202
67243
67257
67298
67417
67431
67445
67493
67507
67530
67547
67562
67594
67612
67625
67641
67733
67766
67789
77186
77299
77354
77436
77451
77465
77482
77498
77540
77554
77569
77583
77682
77754
77768
77782
77804
77894
77907
77932
78009
78042
78086
78173
78188
78202
78216
78276
78294
78309
78325
78339
78404
78419
78433
78447
78462
78476
78491
78508
78533
78782
78803
78817
78831
78851
78871
78885
78906
79055
79070
79091
79324
79348
79362
79376
79391
79415
79430
79593
79609
79625
79640
79654
79678
79853
79867
79881
79915
79932
79945
79959
79980
80000
80016
80108
80140
80153
83320
83446
83473
83498
83514
83667
83691
83707
83721
83735
83784
83797
83812
83830
83871
83886
83946
83979
83993
84008
84022
84037
84052
84066
84183
84197
84211
84225
84250
84399
84412
84426
84441
84462
84477
84526
84540
84555
84572
84585
84599
84614
84702
84718
84731
84748
84763
85119
85134
85154
85169
85183
85197
85245
85259
85311
85383
85413
85431
88327
88693
88758
88816
88836
88856
88869
88884
88901
88917
88932
88946
88962
88985
89000
89015
89078
89093
89108
89123
89137
89158
89182
89233
89248
89262
89282
89369
89384
89398
89411
89426
89440
89558
89572
89595
89616
89638
89652
89676
89697
89718
89823
90070
90084
90099
90114
90192
90206
90226
90257
90270
90294
90320
90337
90355
93461
93531
93576
93592
93608
93621
93642
93663
93687
93706
93727
93740
93800
93814
93828
93843
93885
93902
93918
93932
94004
94024
94043
94058
94073
94123
94136
94157
94229
94256
94283
94322
94343
94356
94372
94393
94407
94421
94436
94451
94467
94481
94502
94522
94544
94584
94601
94617
94635
94656
94670
94691
94764
94814
94829
94844
94860
94876
94900
94916
95034
95090
95106
95121
95144
95158
95174
95188
95202
95233
95248
95315
95330
95344
95386
95400
95521
95679
95702
95754
95773
95907
96124
96246
96516
97051
97537
98191
98205
98219
98268
99106
99721
100394
101060
101075
101090
101105
102179
102195
102210
102225
102240
104545
104580
104596
106668
106683
106711
106727
106743
108867
112007
115036
115068
115108
115149
115172
115212
115235
115250
115272
115306
115350
115378
115397
115413
115426
115438
115453
115466
115486
115507
115525
115536
115558
115575
115587
115608
115622
115670
115820
115841
115855
115886
115900
115916
115936
115996
116035
116264
116281
116296
116314
116368
116381
116410
