0
6590
6756
6800
6827
6853
6869
6892
6906
6926
6947
6962
6980
7038
7062
7079
7093
7114
7175
7200
7213
7227
7249
7280
7294
7309
7323
7338
7351
7363
7377
7400
7413
7428
7470
7494
8112
8126
8140
8161
8176
8190
8204
8333
8347
8367
8380
8413
8668
8689
8739
8755
8770
8784
8807
8824
8844
8859
8877
9346
9371
9388
9401
9420
9434
9449
9463
9482
9497
9517
9536
9566
9589
9603
9623
9637
9650
9670
9692
9759
9776
9797
9811
9825
9853
9868
9881
9894
9920
10435
10449
10465
10525
10539
10553
10585
10599
10618
10634
10649
10662
10709
10724
10742
10756
10773
10786
10807
10827
10840
10859
10873
10888
11540
11564
11578
11596
11613
11673
11696
11710
11731
11746
11765
11956
11971
12005
12019
12053
12065
12093
12113
12130
12148
12972
13046
13059
13073
13086
13098
13116
13138
13152
13172
13195
13210
13232
13252
13292
13334
13348
13371
13392
13406
13429
13450
13472
14135
14148
14186
14203
14226
14240
14255
14268
14281
14295
14323
14335
14370
14497
14519
14548
14568
14586
14664
14689
14717
14732
14746
14759
14774
15566
15598
15612
15625
15641
15659
15673
15695
15709
15732
15746
15759
15774
15787
15808
15839
15880
15894
15914
15936
15953
15974
16547
16569
16584
16605
16619
16635
16649
16664
16686
16700
16723
16738
16784
16800
16816
16833
16847
16865
16878
16910
17478
17492
17506
17518
17534
17549
17564
17587
17601
17623
17643
17675
17718
17733
17761
17799
17820
17832
17849
17865
17895
17907
17946
18005
