0
7526
7565
7641
7664
7723
7744
7765
7786
7824
7838
7869
7891
7905
7917
7929
7943
7955
7969
7981
7996
8038
8098
8113
8129
8146
8162
8178
8194
8210
8260
8436
8462
12895
12915
12937
12957
12978
13169
13187
13215
13232
13265
13414
13457
13474
14196
14211
14268
14301
14344
14360
14683
14699
14816
14839
15036
15052
15080
15096
15119
15154
15303
15337
15352
15367
15391
16043
16108
16318
17000
17969
17993
18011
18029
18046
18070
18095
18119
18298
18330
18346
18382
18744
18770
18797
18812
18827
18869
18902
18917
19074
19096
19752
19772
19793
19899
19922
19950
20011
20262
20309
20326
20358
20383
20402
20466
20976
21021
21044
21058
21084
21100
21161
22621
22636
23914
23931
23952
23975
24005
24031
24048
24070
30392
30418
30507
30522
30569
30629
30653
30667
30682
30707
30816
30841
30914
30931
30956
30981
31051
31080
31286
31356
31371
31385
31401
31443
31480
31499
31519
31552
31574
31610
31667
31693
31708
31722
31735
31751
31767
31782
31805
31831
31852
31868
31887
32213
32226
32244
32389
32433
32461
32484
33092
33128
33163
33187
33225
33271
33302
33319
33375
33396
33429
33450
33510
33536
33878
33922
34952
34973
34996
35102
37172
37194
37229
37691
41758
41777
41802
41830
41859
41877
41897
41916
41942
41967
41998
42108
42154
42183
42210
42236
42270
42287
42312
42335
42640
42668
42762
42792
42832
42860
42879
43018
43055
43208
43252
43359
43373
43399
43577
43611
43664
43683
45117
45233
45250
45325
45827
45864
45885
45903
46558
46730
46829
46846
46890
46933
46970
47029
47063
47086
47274
47345
47363
47388
48108
48271
48298
48314
48350
48411
48468
48512
48584
48607
48633
48647
48717
48752
48785
48839
56679
56693
56707
56721
56735
56749
56763
56790
56806
56869
56887
56908
56923
56994
57019
57050
57082
57097
57117
57180
57198
57218
57235
57251
57268
57284
57342
57423
57440
57470
57624
59745
59763
59780
59796
59811
59933
60243
60258
60276
60297
60312
60328
60340
60417
60466
60480
60549
60651
60736
60785
60834
60920
61046
61428
61441
61551
61583
61600
61654
61679
61721
61747
61764
61801
61818
61836
61853
61870
65340
65359
65379
65397
65658
65688
81159
81180
81203
81231
81251
81280
81298
259348
259379
259396
259433
259476
259502
259528
259548
259567
259622
259643
259690
259707
259737
259765
259783
259805
259826
259854
259883
259900
259927
259949
259965
260003
260056
260074
260092
260134
260165
260190
260208
260245
260264
260289
260316
262431
262450
262471
262497
262513
262552
262571
262598
262613
262633
262653
262672
262691
262708
262744
262760
262776
262791
262812
262834
262850
262869
263789
263831
263848
263885
263939
263959
263975
264006
264036
264056
264077
264097
264117
264135
264209
265745
265766
265807
265842
265863
265888
265978
266048
266723
268121
268220
268241
268282
268299
268319
268339
268357
268387
268406
268454
268472
268564
268584
272209
272237
272281
272879
272907
272933
272953
272987
273044
273063
273081
273138
273154
278280
278299
278324
278340
278388
278405
279451
279470
279574
279593
279740
279758
279777
279814
279834
279854
279888
279904
281965
281982
282014
282034
282051
282068
304383
304417
304433
304514
304550
304616
304747
304762
304935
304958
305101
305169
305608
305634
305679
305698
305720
305741
305759
305780
306864
307099
307114
307135
307179
307195
307219
307237
307265
307293
307338
308412
308749
308810
308908
308921
308936
309012
309082
309136
312467
312492
312513
312531
313082
313106
313123
313140
313163
313182
314896
315051
315081
315213
315867
315977
316015
316055
316078
316105
316122
316140
317002
317028
317080
317155
317170
317193
317210
317240
318133
318164
318222
318243
318282
318297
318322
318356
318393
318432
318447
318460
318547
318567
318592
318607
318622
318635
318675
318689
318760
318834
318866
318880
318917
318932
318948
318986
327727
327757
327776
327823
327856
327883
327904
327938
327955
327988
328006
328033
328574
328590
328611
328626
328722
328745
328877
329005
329018
329949
330004
330019
330033
330075
330099
330119
330202
330219
330236
330260
330470
330515
330606
330631
330658
331482
331513
331536
331562
331802
331817
331833
331889
331903
331926
331949
331977
331991
332006
332036
332051
332065
332093
332134
332154
332167
332255
332270
332284
332333
332345
379907
379923
379937
379957
379983
380016
380038
380139
380183
380200
380312
380358
380399
381093
381110
381129
381145
381185
381212
381226
381422
381495
381796
381822
381847
381884
381918
382170
382199
382216
382240
382600
382619
382639
382680
382734
382758
382777
382797
382929
382993
383010
383109
383148
383164
383243
383443
383476
383632
383900
383919
383937
383956
384058
384076
384088
384112
384158
384219
384800
384819
384836
385118
385138
385157
385455
385471
386051
386086
386104
386120
386153
386780
386824
387280
387298
387315
387332
387358
387397
387677
387706
387723
387740
387757
387798
387821
387838
387854
387900
387979
388125
388151
388169
388210
388227
388257
388427
388452
388649
388669
391358
391407
391426
391455
391490
391509
391528
391552
391603
391639
391664
391723
391770
391790
391817
391840
391894
391921
391936
391955
392024
392102
392139
392157
393198
393375
393414
393429
393455
393643
393692
393716
393736
393772
393794
393807
393820
393861
393877
393894
393912
393926
393959
393980
394002
394020
394596
394612
394650
394675
394895
394918
394960
394974
395302
395321
395349
395417
395434
395449
395618
395677
395800
396199
396222
403506
403541
403596
403611
403626
403641
403656
403684
403701
403716
403733
403761
403784
403806
403830
403856
404199
404220
404810
405736
405846
406042
406069
406096
406195
406217
406419
406679
406699
407482
407593
407720
407968
408323
408342
408505
408580
408605
408631
408656
409799
409830
409854
409874
409904
409989
410005
410133
410152
410267
410294
410314
410351
410378
410407
410706
411098
416642
416658
416684
416702
416724
416749
416766
416825
416957
416999
417025
417043
417068
417085
417477
417972
417998
418030
418064
418098
418117
418137
418184
418268
418294
418310
418344
418360
418447
418464
418497
418512
418530
418545
418573
418653
418677
418808
418825
418878
418905
418930
418947
418971
419014
419067
419098
419133
419171
419201
419221
419255
419275
419327
419492
419505
419703
420313
420340
420366
420426
420531
420614
420993
421014
421034
421059
421135
421201
421313
421350
421365
421387
421400
421413
421432
421448
421462
421476
421505
421650
421698
421732
421775
421802
421842
421883
421896
421917
421931
422016
422187
422225
422242
422291
422344
422366
422380
422447
422503
422518
422559
422639
422663
422675
422723
422740
422754
422787
422850
422869
423014
423038
423064
423105
423126
423148
423183
423208
423224
423370
423904
423960
423985
423999
424016
424050
424263
424278
424347
424394
424412
424598
424614
424734
424782
424798
424977
425002
425114
425271
425298
425320
425757
425786
425874
425947
426290
426309
426334
426481
426506
426520
426547
426570
426592
426689
426743
426760
426890
426973
426988
427012
427035
427050
427205
427240
427338
427424
427475
427501
427534
427647
433840
433877
433904
433919
433937
433958
433977
434013
434032
434051
434068
434086
434109
434122
434137
434234
434247
434261
434274
434289
434309
436010
436030
436047
436106
436146
436159
436173
436186
436208
436221
439503
439532
439561
439582
439602
439628
439654
439672
440124
440142
440159
440307
440335
440352
440365
440382
440408
440421
440435
440448
440467
440497
440520
440574
