q 1,1547|2,1547|3,1547|24,2569|42,184|47,4669|47,4773|47,5757|47,5765|47,5771|48,2585|144,7721|144,7835|144,7970|251,2464|277,1247|282,1649|360,3431|422,984|422,3628|422,3805|436,2741|442,1255|442,1406|442,1456|442,1504|506,1265|532,5076|532,5195|532,5297|540,3762|540,4093|540,4346|552,5840|552,5969|707,18880|707,18994|746,6175|774,2504|780,676|780,1888|825,2520|825,2553|825,2601|825,3017|825,4018|857,8144|988,1723|1042,1405|1046,3117|1077,8174|1192,1649|1216,1158|1216,1168|1241,4831|1241,4839|1276,1723|1300,2699
q1 467,3610|467,6019|467,6122|467,6225|467,6328|467,6431|467,6534|467,6637|467,6741|467,6846|775,1621|775,3943
q10 775,2436
q11 775,2528
q12 775,2607
q13 775,2687
q14 775,2751
q15 775,2801
q16 775,2877
q17 775,2952
q18 775,3004
q19 775,3076
q2 24,1215|467,3613|467,6023|467,6126|467,6229|467,6332|467,6435|467,6538|467,6641|467,6745|467,6850|775,1724
q20 775,3134
q21 775,3219
q22 775,3288
q23 775,3378
q24 775,3441
q25 775,3537
q26 775,3634
q27 775,3780
q28 775,3865|775,3946
q3 24,1203|467,3616|467,6027|467,6130|467,6233|467,6336|467,6439|467,6542|467,6645|467,6749|467,6854|775,1815
q327 471,2054
q4 467,3619|467,6031|467,6134|467,6237|467,6340|467,6443|467,6546|467,6649|467,6753|467,6858|775,1881
q5 775,1974
q6 775,2070
q7 775,2155
q8 775,2250
q9 775,2341
qa 124,5904|1305,1620
qader 1300,930|1300,1095|1300,1314|1300,1530
qap 42,198
qap2 42,214
qav 784,2662|784,2774|784,2778|933,13400|933,13404
qcm 541,116|769,1959|809,45|809,285|809,382|809,1783|809,2004|809,2316
qcm10 809,1256|809,1861
qcm12 809,1263|809,1871
qcm3 809,1238|809,1832
qcm6 809,1244|809,1841
qcm7 809,1250|809,1850
qda 259,2682|305,876|421,17788|746,1892|801,2927
qian 48,5741|63,973|63,1062|63,1557|63,1890|513,2075|1166,973|1166,1062|1166,1557|1166,1890
qiang 6,702|8,488|9,702|550,2884|636,1370|743,7575|982,1565|1186,1007|1186,1529|1199,2633|1199,2774|1229,4831|1245,2455|1245,3178
qin 58,2937|112,4569|368,6702|636,572|746,656|788,2937|801,609|907,5081|1033,6569|1124,5081|1171,2131|1184,650|1235,657|1245,2135|1279,615
qingp 48,504|48,595|79,3813|79,3904|79,4049|116,510|116,601|171,2077|171,2168|282,515|282,606|282,1133|471,3412|471,3503|667,4263|667,4354|667,4499|707,3811|738,918|782,700|782,883|782,974|936,2953|936,3044|979,2209|979,2300|1081,3078|1081,3169|1087,4263|1087,4354|1087,4499|1113,2398|1192,515|1192,606|1192,1133|1239,3813|1239,3904|1239,4049|1241,1141
qiuyi 476,808
qo 6,1688|9,1688
qp 418,8928|500,7100|550,27292|746,4001|836,14813|1073,5413
qr 825,2403|825,2428|825,2836
qrsa 825,4196|825,4302
qrst 825,2868
qrsta 825,4294
qsar 68,37|68,272|68,902|68,1091|68,2570|199,37|199,270|199,916|199,1060|199,1129|199,1477|199,5020|630,37|630,269|630,926|630,1115|630,1726|630,1825|630,2196|630,2295|630,2472|630,2573|630,2672|731,4439|769,1608|769,1645|1216,751|1235,17215|1290,43|1290,90
qsar_aquatic_tox 377,116
qsar_fish_tox 252,116
qtyt40i10d100k 484,116|853,37|853,265
qu1 1138,2547
qu2 1138,2587
qu3 1138,2626
qu4 1138,2671
qu5 1138,2764
quad 1081,1705
quadrant 236,1363|607,2549
quadrap 375,43|375,96|731,4446
quadrat 78,3708|99,20581|144,4780|811,9885|1081,4541|1113,2944|1198,3708
quadrup 359,37|359,268|359,426|359,1037
qualifi 349,4875|437,4875
qualit 85,6377|104,6079|289,366|289,862|349,2010|349,2320|349,2669|349,3056|349,3308|349,3612|349,3865|349,4056|349,4362|349,4482|349,4667|349,5010|349,5130|405,1865|437,2010|437,2320|437,2669|437,3056|437,3308|437,3612|437,3865|437,4056|437,4362|437,4482|437,4667|437,5010|437,5130|492,2403|557,1157|557,1696|565,387|565,1269|565,1839|655,1942|655,4515|655,4619|661,37|661,295|707,20420|933,10977|1040,1314|1113,16161
qualitative_bankruptci 565,37|565,273|642,116
qualiti 20,6226|36,1833|36,1861|36,1884|61,4819|88,3406|116,3483|119,1150|139,7880|139,7954|171,1087|185,1114|195,2237|195,2699|202,1785|222,74|222,333|222,563|222,1422|310,843|310,917|331,1998|331,2236|394,1161|421,7373|421,19861|443,1676|443,1903|463,12333|471,9811|503,1755|509,74|509,333|509,563|509,1422|567,1835|590,3889|592,1475|592,1577|607,37|607,293|607,436|707,24963|707,43195|731,4943|768,2250|768,2711|769,1824|769,2248|775,856|807,2538|811,4133|847,4691|874,6238|933,13250|936,3956|955,48|955,103|974,1565|982,2538|982,16262|985,41|985,266|985,1102|985,1387|1023,2675|1023,3190|1038,60|1038,309|1038,1018|1038,1052|1038,1165|1038,1921|1038,2054|1038,2272|1048,509|1048,1036|1063,41|1063,266|1063,1102|1063,1387|1091,2671|1100,2815|1138,1182|1138,2539|1138,2723|1140,5765|1179,1160|1250,116|1253,2674|1260,74|1260,342|1260,577|1260,1265|1262,42|1262,268|1262,471|1262,2214
quantif 22,1614|22,1906|52,1743|52,3070|396,579|428,737|463,9827|931,2731|1059,2983
quantifi 52,55|52,298|52,1725|314,2996|499,2292|1016,1130|1140,4462
quantil 204,5681|1203,5681
quantis 368,3582|1033,3582
quantit 68,458|68,1067|68,2058|68,2171|104,943|139,1905|199,1483|199,2235|199,4777|199,5128|307,4254|307,4473|353,4254|353,4473|396,1530|396,2020|405,1834|430,2591|430,2648|430,2697|430,2759|482,3659|485,4322|492,2088|500,6067|539,2065|539,2281|544,3447|552,16901|552,24969|554,4322|588,895|622,367|626,3159|630,452|630,1091|630,1966|630,2063|655,3662|655,3714|655,3773|655,3850|655,3951|655,4053|655,4122|655,4211|655,4299|655,4408|707,20438|735,4255|776,10663|785,1091|785,1127|785,1533|785,1622|785,1700|785,1778|785,1866|785,1954|785,2040|785,2101|785,2181|836,12390|853,1177|874,3954|882,3077|906,1209|906,1553|933,4463|933,9268|1082,3659|1091,3187|1113,16179
quantiti 161,1602|161,1616|259,1132|340,1517|340,1531|396,2326|447,1321|618,407|853,1769|853,1783|1036,555|1296,2350|1298,900|1299,900|1307,2350
quantiz 17,1820|737,1444|746,4618|824,1049|1028,1896|1028,2711|1123,2633|1279,5284
quantum 65,963|471,4979|471,7764|501,3100|707,10421|707,16716|716,523|1168,1945
quarter 24,1182|236,2520|236,2540|365,2169|451,2824|879,2161|879,2203|879,2279|879,2439|879,2460|1091,1027
quarterli 544,747|544,825|559,7844|1053,8204|1161,4160|1161,4457
quartil 322,15683|322,15846|322,15919|322,16097|1061,12247|1061,12410|1061,12514|1061,12533|1061,12607|1061,12785|1061,12878|1061,12897|1113,42274|1113,42344
quaternion 463,7299|467,1921|467,3597
quebec 266,1919|576,5733
queen 408,1517|408,1697|408,1877|408,2057|408,2237|408,2819
queensland 259,2449|259,3018
queretaro 589,1131
queri 24,3492|33,3424|33,3836|33,4088|38,1410|38,1496|78,2777|83,280|112,5420|116,4464|144,2151|186,1601|192,1639|204,7282|231,499|385,2240|398,4249|403,579|418,6059|464,1107|500,5419|520,1912|530,548|530,1194|680,4327|746,2767|811,7622|811,7780|812,37|812,284|812,434|812,504|812,1182|812,1283|812,1473|812,1623|812,1715|812,1928|812,1963|812,2070|812,2229|812,2260|812,2397|812,2636|812,2690|812,3107|812,3274|812,3327|812,3380|812,3454|812,3483|812,3544|812,3573|812,3626|812,3655|812,3964|812,4351|835,1912|836,623|836,10553|1073,4527|1107,1107|1198,2777|1203,7282|1257,1506|1257,1526|1298,651|1298,871|1298,1931|1299,651|1299,871|1299,1931|1300,410|1301,492|1301,3919|1301,5846|1301,6003|1305,349|1305,1076|1305,1890|1305,2883
quesiton 1140,12835
quest 418,1868
question 7,295|10,370|20,6059|52,1852|104,2944|196,174|232,3853|239,5372|314,919|321,1149|321,1577|500,826|604,996|625,1690|645,1903|727,1285|735,2463|769,694|775,522|775,3570|775,3693|806,6884|811,14854|860,3021|865,2992|995,4432|1017,1704|1027,258|1073,832|1089,1704|1128,58|1128,326|1128,431|1128,1257|1128,1358|1128,1647|1251,3956|1297,3374|1303,1988
questionmark 865,2965
questionnair 306,3367|321,982|321,1002|321,1106|321,1266|590,1043|606,3367|629,1747|629,2623
queue 21,1236|21,1574|21,1705|21,1784|21,3205|21,3494|21,4004
qui93 104,6757
quick 163,1940|1302,144|1302,1342
quickbird 817,364|817,1099|817,1373
quickli 256,11402|507,11387|1157,12529
quickprop 636,8419
quickstart 1302,1638|1302,2496|1302,2888|1302,3174|1302,3874|1302,5028|1302,5200|1302,5467|1302,5641|1302,6059|1302,10041|1302,10923|1302,11084
quiet 973,3973
quieter 24,2726|24,2766
quimica 1042,728|1042,3715|1042,3744
quin 1216,4937
quinlan 56,879|58,1722|99,2990|104,3088|104,3098|104,4101|256,9606|282,3654|311,752|311,1330|311,3107|361,752|361,1330|361,3107|432,645|432,661|485,1552|485,3513|485,4607|505,686|505,722|505,1296|505,1727|505,1901|506,730|506,1485|506,1589|507,9591|522,1973|554,1552|554,3513|554,4607|559,23194|559,23215|594,879|636,6281|636,12405|707,35471|707,35492|707,35714|740,3725|788,1722|893,2271|933,9879|933,9900|933,10122|979,996|979,1368|979,1778|988,847|988,2117|988,2226|1053,23672|1053,23693|1132,660|1132,1559|1132,2050|1157,9612|1192,3654|1245,684|1245,774|1245,1094|1245,1173|1245,1724|1245,1949|1276,847|1276,2117|1276,2226
quinnipiac 232,1000|232,1044|1251,1007|1251,1051
quiscla 800,5512|800,10800
quit 34,18375|144,21277|234,869|277,5597|389,16748|469,7511|550,30160|552,7050|552,7094|552,7180|552,12702|552,13201|636,4485|636,10263|650,4168|740,5710|820,17319|933,14028|968,2356|1113,35157|1235,13103
quitekai 1113,15340
quito 1108,961
quiz 831,3879
quizz 775,2259
quizán 191,1523
qun 550,11985|743,10507|982,6699|1229,6231
quot 68,1737|83,293|199,2138|202,1632|630,1635|735,2038|865,2907|916,2326|916,2360
quotat 865,2927
quotient 673,2610|673,2751|673,2804|673,2862
qw9477 476,890
