0
14
32
59
73
87
101
115
135
153
192
220
250
353
383
394
410
422
466
485
13388
13406
13426
13447
13478
13497
13514
13538
13585
13606
13646
13693
13715
13738
13853
13978
14016
14041
14064
14082
14098
14165
14216
14235
14277
14438
14522
14648
14662
14782
14798
14833
14850
14873
14891
14909
14926
14950
14963
14974
14998
15013
15027
15052
15135
15182
15206
15364
15414
15443
15459
15504
15536
15747
15812
16233
16268
16295
16517
16533
17355
17385
17414
17430
17501
17542
17738
18063
18082
18102
18134
18162
18209
18266
18288
18311
18331
18355
18390
18430
18467
18511
18529
18546
18564
18956
18984
19018
19034
19054
19071
19084
19127
19318
19334
19361
19960
19991
20136
20161
20450
20474
20506
21006
21039
21067
21088
21111
21134
21242
21260
21352
21745
21899
21926
21951
21964
21989
22015
22028
30288
30333
31186
31206
31224
31245
31261
31540
31637
31678
31775
31792
32207
32248
32261
32277
32290
34186
34240
35869
35885
36040
36064
36076
36091
36161
36175
36221
36319
36359
36509
36528
36540
36554
36570
36586
36602
36646
36669
36690
36827
37136
37159
37175
37204
37268
37300
37704
37722
37741
37759
37853
37886
37902
38070
38092
38574
38630
38658
38694
39206
39218
39240
39264
39280
39295
39310
39377
39395
39579
39626
39642
39685
39705
39719
39793
39806
39848
39890
39906
39920
39937
39952
39978
40002
40044
41185
41232
41313
41360
41400
41626
41674
41705
41746
41777
41799
41841
41865
41891
42383
42412
42438
42459
42473
42800
43044
43059
43083
43432
43482
43499
43523
43552
43595
43649
44049
44177
44202
44216
44240
44262
44350
44364
44392
44492
44518
44534
44550
44566
44589
44698
44740
44769
44813
44845
44946
44973
45125
45169
45185
45225
45451
45473
45508
45703
45717
45912
47006
47032
47054
47083
47106
47119
47178
47194
47208
47574
47588
47671
47693
47714
47728
47760
48253
48270
48289
48446
48475
48488
48604
48649
48666
48783
48814
48840
48922
48988
49003
49055
49118
49188
49233
50710
50733
50758
50779
50800
51762
51826
51932
51998
52019
52063
52105
52442
52638
52660
52676
52691
52756
52777
52800
52870
52905
53423
53450
53529
53565
53591
53621
54983
55002
55017
55294
55312
55331
55347
55367
55458
55577
55600
55639
56598
56625
56653
56761
57739
57783
57804
57823
62866
62885
63055
63102
63138
63566
63588
63800
63822
63846
63863
63878
63893
63908
63960
63994
64020
64035
64072
64090
64268
64283
64324
64424
64467
64517
64557
69017
69052
69111
69125
69255
69269
69339
69369
69443
69478
69787
69990
70028
70082
70187
70207
70230
70664
70712
71155
71176
71283
71318
72379
72613
72637
72653
72677
72689
72723
72745
72760
72780
72794
72851
72867
72890
72948
72998
73046
73079
73097
73117
73146
73165
73223
73238
73254
73301
73320
73339
73466
73480
73497
73528
73568
73583
73597
73655
74399
74467
74509
74526
74616
74668
74836
74897
75005
75026
75039
75113
75217
75235
75251
75323
75413
75432
75448
75465
75490
75587
75613
75647
75768
76139
76201
76214
76258
76718
76735
76785
76801
76831
76897
76911
77004
77020
80487
80507
80527
80544
80567
80616
80646
80671
80698
80725
80745
81127
81187
81200
81223
81285
81385
81484
81501
81532
81604
81650
81688
81714
81738
81803
81836
81882
81908
81932
81948
81962
82004
82021
82039
82060
82102
82128
82297
82315
82342
82505
82662
82686
82711
82824
82864
82887
83020
83146
83241
85738
85761
85808
85830
85845
85860
85877
85899
87718
87785
88576
88589
88772
88791
88948
89019
89038
89125
89153
89211
89244
89261
89475
89496
89521
89539
89558
89724
89740
89786
89813
90098
90117
90132
90147
90160
90233
90248
90324
90342
90362
90385
90412
90452
90999
91031
91066
91084
91108
91125
91321
91377
91416
91440
91527
95077
95102
95130
95161
95179
95197
95240
95287
95843
95911
95929
97214
97277
97353
97983
98020
98042
98062
98079
98104
98123
98138
98161
98336
98360
98374
98386
98423
98564
99413
99466
99479
99503
99516
99556
99579
99594
99608
99818
100137
100314
100400
100794
105423
105441
105517
105540
105564
105599
105648
105702
105723
105809
106698
106721
106748
106895
107006
107028
107043
107068
107093
107267
107454
107470
107486
107499
107523
107902
107997
108025
108059
108663
108696
108713
108729
108762
108778
108815
108840
109049
109122
110112
110131
110223
110242
110330
110350
110406
110543
110558
110573
110588
110603
110618
110641
110898
110915
111629
111778
116745
116866
118790
118817
118843
118869
118891
120029
120086
120113
120147
120534
120790
120830
121044
121164
121492
122015
122045
122183
122206
122254
122269
122293
122564
122589
122841
122875
122893
123492
123507
123523
123556
123627
124253
124622
124650
124668
124751
125008
125069
125092
125117
127880
127920
128056
128090
128113
128140
128159
128185
128506
128526
128544
128565
128585
128930
128983
128995
129037
129059
129076
129090
