0
35196
39699
40626
44459
44582
44622
44637
46935
50634
50650
54264
54280
57700
58491
58509
58792
59456
59472
60062
60889
60913
60937
60952
61025
62002
62998
63020
63110
64465
66158
66190
66209
67917
67937
67958
67974
67996
69665
69692
69712
69732
69750
71350
71371
71388
72904
72921
72950
74647
75243
75329
75343
75359
75391
75409
75425
75449
75463
75516
75531
75557
75575
75589
75628
75643
75731
75752
75798
75812
75826
75844
75864
75877
75947
75964
75985
76005
76019
76046
76060
76388
76407
76428
76443
76459
76474
76551
76574
76593
76614
76635
76652
76665
76681
76696
76713
76753
76769
76791
76843
76941
76981
79155
79359
79461
79475
79493
79514
79528
79550
79571
79589
79694
79708
79722
79815
79833
79848
79869
79891
79930
79979
80004
80019
80044
80064
80565
80581
80597
80612
80626
80650
80664
80754
80768
80789
80804
81006
81022
81036
81141
81163
81179
81193
81207
81224
81300
81314
81329
81388
81403
81436
81459
81474
81497
81511
81542
81563
81577
81604
81625
81648
81665
81687
81820
81880
84235
84339
84364
84379
84412
84503
84535
84550
84564
84588
84601
84615
84629
84645
84660
84748
84762
84785
84806
84820
84841
84856
84873
84967
84983
84998
85171
85185
85199
85215
85230
85243
85263
85277
85292
85309
85324
85338
85352
85372
85414
85429
85452
85466
87457
87513
87534
87549
87563
87574
87685
87700
87715
87736
87750
87771
87785
87799
87820
87841
87862
87877
87894
87908
87987
88020
88035
88050
88072
88086
88102
88117
88168
88181
88199
88240
88262
88283
88302
88334
88347
88366
88380
88399
88415
88435
88467
88482
88498
88512
88532
88565
88582
88653
91478
91608
91641
91662
91676
91697
91718
91739
91759
91785
91963
91996
92014
92052
92071
92090
92105
92154
92176
92190
92206
92227
92252
92266
92299
92312
92326
92347
92372
92409
92430
92444
92458
92477
92500
92549
92572
92587
92608
92622
92698
92713
92727
92741
92765
92781
92794
92846
92861
92875
92888
95338
95544
95619
95641
95656
95670
95693
95714
95737
95754
95796
95856
95871
95889
95908
95924
95939
95962
95994
96012
96026
96055
96071
96092
96106
96120
96143
96359
96381
96395
96410
96583
96597
96611
96650
96667
96690
96711
96726
96747
96774
96815
96836
96851
96867
96880
96893
96913
96928
97003
97020
97035
97050
97064
97078
97103
97136
97151
97170
97219
97236
99162
99238
99278
99293
99308
99322
99336
99359
99382
99396
99453
99467
99502
99516
99537
99577
99598
99618
99640
99691
99706
99766
99877
99892
99910
99935
100088
100103
100175
100190
100250
100264
100277
100295
100329
101931
102244
102277
102292
102305
102321
102346
102363
102413
102427
102444
102465
102482
102496
102515
102529
102549
102660
102678
102694
102765
102780
102794
102810
102841
102855
102870
102885
102926
102941
102954
102988
103020
103036
103132
103148
103165
103224
103238
103257
103308
104773
104795
104809
104825
104847
104862
104877
104936
104953
104968
104989
105004
105020
105045
105059
105076
105092
105196
105217
105241
105255
105270
105293
105307
105321
105344
105365
105387
105602
105616
105630
105649
105670
105744
105759
105780
105822
105837
105851
105867
105884
105900
105916
105936
105950
105962
105983
106004
106025
106044
106060
106110
106125
107487
107546
107563
107594
107608
107622
107660
107675
107694
107716
107731
107757
107788
107803
107947
107962
107977
107992
108077
108096
108117
108131
108191
108206
108220
108368
108389
108402
108425
108445
108460
108491
108514
108529
108550
108574
108598
108613
108626
108647
108662
108680
108712
108728
108743
108820
108840
108856
109155
109170
109202
109214
109233
109249
109283
114131
114146
114159
114183
114414
114431
114450
114482
114497
114508
114578
114591
114604
114625
114637
114660
