œ 44,1928|790,2088|847,5955|847,6433|881,3367|1005,763
œ000â 149,8069
œ060â 149,8164
œ0â 149,12992
œ100â 149,8259
œ10â 549,2920
œ132 549,2830
œ132â 549,2880
œ1â 149,11098|149,12557|847,8237
œ22 149,12297
œ22250â 149,12018
œ63 149,12313
œ_nâ 745,3562
œa 160,1326|160,1548|160,1782|475,2359|475,2621|585,6702|612,5730
œaaâ 549,3234
œadapt 665,1877
œadoc 1108,1662|1108,2170
œaeâ 549,3365
œajaâ 549,3991
œalessandro 747,1050
œalgorhythmicâ 737,2936
œansrâ 549,4275
œarab 584,2216
œathâ 549,7037
œauthor 381,1860
œautomat 178,4624
œayaâ 549,4186
œaâ 549,3213
œbaâ 549,3927
œbbâ 549,6453
œbdâ 549,5261
œbhaâ 549,3948
œbhmâ 549,6513
œbhrâ 549,6102
œbig 1295,1908
œbjâ 549,4575
œblâ 549,5240
œboard1 149,10848
œboard9 149,10887
œbrrâ 549,6761
œbxgâ 549,4298
œcariâ 549,6952
œcayâ 549,6995
œcaâ 549,3556
œcbnâ 549,4320
œccaâ 549,3577
œcccâ 549,4511
œccâ 549,4490
œcharacter_nam 549,3009
œcharacterâ 549,3046
œcitat 467,5509|762,4369
œcommerci 883,6904
œcompar 851,14650|851,15378
œcomparison 564,1586|564,1920
œcounter 498,4030
œcurvesâ 254,3967|254,4230
œcxxyy_zz 254,4392
œdata_t 549,2400
œdaâ 549,3820
œdbâ 549,5134
œddhâ 549,6205
œddâ 549,6185
œdeep 332,1746|332,2097
œdetect 49,2299
œdevelop 588,4597|588,4974
œdghâ 549,6164
œdgâ 549,6144
œdhaâ 549,3841
œdhraâ 549,4230
œdhrrâ 549,6718
œdiesâ 405,2207
œdraâ 549,4208
œdrrâ 549,6697
œdsrâ 549,6824
œduiâ 549,6909
œdvâ 549,5219
œdxaâ 549,4120
œeeâ 549,3277
œeffici 665,1662
œekâ 549,6889
œemad0 847,6206|847,6225|847,6247|847,6684|847,6703|847,6725
œemai0 847,6026|847,6045|847,6067|847,6504|847,6523|847,6545
œemg 839,4234
œend_charact 549,7543
œevalu 74,1827|74,2101|444,2293|444,2567
œeâ 549,3256
œfactor 1138,5111
œfan_readingâ 149,10352
œfan_set_pointâ 149,10328
œfirst 451,3449
œfkâ 549,5466
œfnâ 549,5646
œfpâ 549,5936
œfrct 178,4490
œfrontalâ 829,1494|829,1889|829,3380
œftâ 549,5666
œgaâ 549,3492
œgdhâ 549,4702
œggnâ 549,6267
œgguâ 549,6246
œghaâ 549,3513
œghnâ 549,4745
œghrâ 549,6635
œglâ 549,4469
œgmâ 549,4724
œgnâ 549,4596
œgrowth 451,3593
œgrâ 549,6615
œhaâ 549,4142
œhnâ 549,6393
œhrrâ 549,6845
œhrâ 549,6226
œid 549,3128
œimprov 839,4597
œindustri 851,14884
œiâ 549,3190
œjaâ 549,3599
œjbâ 549,4554
œjhaâ 549,3620
œjjbâ 549,4638
œjjâ 549,4533
œjrâ 549,6656
œkaâ 549,3449
œkhaâ 549,3470
œkhrâ 549,6594
œkhyaâ 549,4163
œkkâ 549,4342
œklâ 549,4427
œkmâ 549,4448
œkrâ 549,6061
œksâ 549,4406
œktaâ 549,4253
œkttâ 549,4384
œktâ 549,4363
œlaâ 549,4034
œlbâ 549,6473
œldâ 549,5486
œleftâ 314,2241
œlegitimateâ 1005,1823
œlgâ 549,4660
œlinear 1023,3491|1023,3764
œlinesâ 254,3951|254,3988
œlivesâ 405,2229
œlkâ 549,5425
œllâ 549,5506
œlmâ 549,6493
œlook 829,1473|829,1513|829,1786|829,1983|829,3359|829,3399
œlpâ 549,5526
œltâ 549,5546
œlxx_zz 254,4091
œm 549,2714
œmarsya 422,2884
œmaâ 549,3970
œmbâ 549,5405
œmcf1_readâ 149,10603|149,10622
œmcf1_setpointâ 149,10441
œmcf3_setpointâ 149,10464
œmdaâ 549,3710
œmddâ 549,4767
œmdhaâ 549,3732
œmfâ 549,6433
œmlâ 549,6534
œmmâ 549,5303
œmnaâ 549,3755
œmndâ 549,5445
œmnthâ 549,6018
œmnâ 549,5364
œmpâ 549,5344
œmrrâ 549,6782
œmtaâ 549,3665
œmthaâ 549,3687
œmulti 385,3374|385,3566
œmvâ 549,5324
œmxaâ 549,4098
œmâ 549,2761
œn 381,1624
œnaaâ 549,7058
œnaâ 225,1042|549,3863
œnbâ 549,5071
œnddâ 549,4983
œndhâ 549,5027
œnew 1059,3173
œngcâ 549,5915
œnggâ 549,5894
œnghâ 549,6309
œngjâ 549,5997
œngkhâ 549,6330
œngkâ 549,6040
œngnâ 549,5956
œngâ 549,3535
œniyaâ 549,3642
œnkhâ 549,6288
œnmmâ 549,4831
œnmâ 549,5113
œnnnâ 549,5049
œnnâ 549,4810
œnonlinear 1059,2891
œnsâ 549,5092
œnthâ 549,5005
œntrâ 549,5384
œnttâ 549,4939
œntâ 549,4789
œnumberâ 549,7230
œnâ 549,2799
œobject 1059,1515|1059,2349|1059,3614
œoiâ 549,3387
œon 715,2075
œonlineâ 549,479
œoptionalâ 995,1961
œorigin 817,1557
œouâ 549,3428
œoâ 549,3408
œp7â 149,8740
œpacâ 549,6974
œpamap2 995,4646|995,4674
œpaâ 549,3884
œpen_downâ 549,7317|549,7400|549,8129
œpen_upâ 549,7359|549,7502|549,8024
œperform 638,1249|1048,464|1048,991
œphaâ 549,3905
œphishyâ 1005,1862
œphysiobank 529,2407
œplâ 549,5198
œpnâ 549,6373
œprotocolâ 995,1821
œprrâ 549,6740
œpsâ 549,6574
œpttâ 549,5176
œpython 927,2996
œqjâ 549,5155
œr 853,1292
œraâ 549,4013
œread 149,10231
œreal 208,381|208,1177
œreeâ 549,3342
œrightâ 314,2294
œrrgâ 549,4961
œrâ 149,10729
œsbâ 549,5626
œscannedâ 927,1522
œscâ 549,5586
œsegment 817,1516
œsemg 839,379
œsemi 1108,1454|1108,1962
œskhâ 549,5873
œskâ 549,5686
œslâ 549,6554
œsmâ 549,5606
œsnâ 549,5566
œsort 796,1605
œsound 1048,502|1048,1029
œsphâ 549,5831
œspâ 549,5811
œssbâ 549,5770
œssmâ 549,5728
œssnâ 549,5749
œssthâ 549,5706
œstatu 622,997|622,1247
œsthâ 549,5852
œstroke_count 549,7196
œstrokeâ 549,7812|549,8161
œstylus_stateâ 549,7789|549,7893|549,7975|549,8049|549,8074
œstâ 549,5791
œsunyaâ 549,6866
œsynthet 391,1995
œtaâ 549,3777
œtbâ 549,5282
œthaâ 549,3798
œthbâ 549,6123
œtiniâ 549,6930
œtmâ 549,4897
œtnâ 549,4617
œtoluene_200â 149,6293
œtolueneâ 149,8622
œtoâ 865,2899
œtrain 467,4293
œtrrâ 549,6676
œtruâ 549,6081
œtrâ 549,4918
œtsrâ 549,6803
œttbâ 549,4875
œtthâ 549,6352
œttpp 254,4636
œtttâ 549,4853
œttâ 549,4681
œtxaâ 549,4076
œtâ 149,10717
œuse 1140,18838
œuuâ 549,3320
œuâ 549,3299
œwaâ 549,4055
œxatâ 549,7016
œxmâ 549,5977
œxnâ 549,6413
œyou 881,3354|881,3374
œî 847,5939|847,6417
