0
56997
57923
59067
59081
59109
59125
59140
59154
59168
59182
59197
59211
59226
59241
59256
59277
59297
59312
59337
59649
59663
59695
59709
59739
59767
59797
59827
59855
59883
59911
59939
59981
60024
60049
60091
60116
60140
60199
60227
60255
60285
60315
60345
60373
60401
60431
60459
60487
60515
60541
60569
60597
60627
60655
60683
60711
60741
60771
60786
60814
60844
60872
60900
60928
60956
60984
61012
61040
61068
61096
61126
61154
61182
61210
61238
61268
61296
61324
61352
61380
61408
61436
61462
61490
61518
61544
61570
61598
61626
61654
61682
61710
61738
61766
61792
61820
61848
61876
61906
61934
61962
61990
62020
62048
62076
62104
62132
62160
62188
62216
62244
62274
62302
62330
62358
62386
62414
62442
62470
62498
62526
62556
62586
62614
62642
62672
62700
62728
62756
62784
62814
62842
62872
62900
62928
62956
62984
63014
63042
63075
63103
63131
63159
63188
63217
63246
63277
63306
63335
63366
63395
63426
63455
63484
63513
63542
63571
63598
63625
63654
63685
63714
63743
63772
63803
63832
63863
63892
63921
63959
63988
64017
64054
64083
64112
64143
64172
64201
64230
64259
64288
64319
64350
64379
64410
64439
64468
64499
64528
64555
64569
64598
64627
64656
64685
64714
64743
64774
64805
64834
64863
64892
64923
64952
64983
65012
65041
65070
65097
65126
65155
65169
65200
65229
65258
65287
65316
65345
65374
65403
65432
65469
65498
65529
65560
65591
65622
65651
65680
65711
65742
65771
65800
65827
65858
65887
65918
65949
65978
66007
66036
66067
66096
66116
66130
66157
66186
66215
66246
66275
66304
66333
66362
66391
66420
66434
66463
66492
66521
66550
66581
66610
66639
66668
66699
66728
66757
66788
66817
66846
66875
66904
66933
66964
66993
67024
67053
67082
67123
67152
67181
67210
67239
67270
67301
67332
67363
67392
67558
67587
67616
67645
67674
67703
67734
67763
67792
67821
67852
67881
67910
67939
67968
67997
68028
68057
68086
68105
68136
68165
68194
68223
68252
68281
68312
68341
68370
68399
68428
68457
68486
68517
68546
68575
68606
68637
68666
68697
68728
68757
68786
68815
68844
68875
68906
68935
68964
68993
69022
69051
69080
69111
69140
69169
69198
69229
69258
69289
69318
69347
69376
69405
69434
69463
69492
69523
69563
69789
69804
69825
69837
69851
69866
69883
69905
69960
69981
69994
70010
70027
72046
72127
72141
72162
72182
72204
72433
72454
72478
72494
72514
72540
72587
72608
72631
72646
72685
72727
72741
72757
72855
72880
72905
72920
72941
72989
73002
73015
73031
73044
73059
73100
73142
73166
73207
73231
73254
74163
74235
74256
74277
74290
74401
74413
74636
74650
74665
74685
74705
74725
74738
74751
74767
74788
74804
74846
74868
74882
74895
74910
74953
74967
74981
74995
75008
75022
75040
75996
76039
76060
76076
76100
76115
76136
76287
76351
76364
76378
76410
76430
76461
76476
76497
76520
76533
77393
77421
77448
77610
77630
77647
77689
77710
77723
77737
77751
77801
77822
77842
77866
77887
77908
77921
77941
77961
77975
77988
78002
78024
78038
78060
78074
78090
78124
78976
79006
79020
79034
79067
79080
79113
79127
79141
79154
79168
79184
79198
79213
79230
79251
79286
79307
79328
79348
79371
79394
79427
79449
79471
79484
79504
79518
80379
80398
80412
80426
80454
80483
80504
80517
80538
80552
80575
80600
80614
80656
80677
80695
80708
80758
80772
80793
80814
80829
80843
80876
80951
80972
81005
81039
81072
81094
81108
81141
82199
82220
82241
82254
82275
82296
82323
82336
82356
82369
82384
82405
82419
82439
82462
82483
82497
82530
82544
82563
82578
82605
83225
83245
83269
83281
83314
83326
83359
83380
83412
83426
83447
83465
83480
83493
83514
83528
83549
83563
83587
83611
83632
83646
83670
83684
83700
83740
84622
84642
84656
84672
84690
84733
84776
84790
84862
84883
84933
84948
84962
84976
85009
85044
85068
85091
85105
85119
85142
85163
85184
85205
85226
85246
85264
85276
85297
85311
85343
85360
85371
85386
85399
85435
85452
85466
85477
85496
85511
85533
85620
85646
85663
85677
85692
