0
2133
2144
2246
2281
2330
2369
2390
7247
7261
7282
7294
7308
7322
7335
7411
7424
7515
7559
7577
7595
7638
7672
7697
7748
7792
7834
7850
7898
7940
7957
8006
8040
8074
8119
8137
8156
8883
8899
8916
8936
8953
11326
11350
11374
11389
11414
11651
11708
11815
11834
11861
27799
27871
27937
27965
27987
28010
28034
28066
28102
28118
28603
28620
28656
28674
28699
28724
28755
28784
28850
28864
28879
29028
29054
29128
29161
29177
29353
29372
29391
29410
29427
29469
29908
29955
33848
33870
33891
33912
35245
35570
36006
36030
36319
37220
37242
37256
37271
37288
37444
37706
37729
37752
37784
37796
37809
37822
37835
37848
37861
37885
37899
37914
37963
37986
38010
38196
38211
41564
41598
41626
41708
41742
41785
41814
43377
43401
43440
43483
43520
43545
43559
43754
43781
43812
43828
43881
44088
44114
44138
44175
44227
44248
44270
44292
44326
44420
44439
44469
44510
44534
44595
44613
44643
44731
44786
44799
44812
44925
44959
44977
45051
45085
45282
45328
47020
47129
47299
47334
47354
47408
47423
47596
47611
47638
47799
47826
47869
47932
48094
48134
48154
50048
50088
50128
50145
50344
50366
50407
50437
50680
50719
50740
50756
50775
50802
50829
50851
50873
50902
50919
51010
51070
51095
51119
51142
51177
51212
51375
51393
51449
51464
51479
51491
51515
51710
53533
53676
53692
53736
53762
53787
53863
53879
53895
54036
54073
55167
55183
55211
55236
55282
55310
55326
55341
85466
85486
85502
85532
85559
85588
85610
85643
85677
85937
86053
86080
86109
86126
86164
86185
86226
86244
86361
86374
86418
86439
86582
86616
86702
86719
86745
86902
86973
87009
87031
87047
87075
87099
87114
87134
87162
87224
87384
87401
87488
87515
87581
87618
87693
87708
87723
87738
87770
87793
87810
87826
87850
87900
88193
88422
88698
88779
88794
88810
91101
91119
91150
91170
91185
91233
91358
91417
91437
91454
91467
91487
91604
91639
91653
91684
91697
91797
91814
91844
91856
91945
92077
92095
92265
92386
92401
92492
92507
92534
92546
92561
92630
92659
92717
92758
92781
92862
93003
93046
93071
93461
93479
95048
95180
95304
95318
95406
95427
95472
95513
95668
96742
96759
96776
97044
97081
97097
97115
97130
97155
97242
97263
97311
99673
99763
99780
99803
99824
99859
99901
100924
100953
100965
101085
101127
102013
102026
102048
102063
102089
102114
102248
102282
102298
102313
102336
102351
102372
102384
102399
102412
102425
102438
102473
102502
