0
12
60
72
84
96
114
125
140
167
185
199
251
398
662
686
726
748
766
788
988
1002
1077
1160
1205
1233
1285
1327
1406
1472
1498
1531
1553
1580
1622
1676
1703
1715
1738
1760
1782
1805
1828
1860
1939
1960
1989
2039
2072
2099
2736
2756
2767
2780
2791
2842
2888
2901
3609
3625
3650
3696
3710
3865
4636
4652
4675
4693
4747
5021
6312
6390
6422
6463
6531
6593
6618
6775
6931
6958
6981
6997
7012
8931
8948
8993
9086
9110
9121
9134
9150
9167
9191
9223
9240
9797
9822
9917
9933
9955
10062
10092
10145
10169
10186
10203
10657
10740
10981
11084
11113
11137
11176
11632
11753
11772
11793
11914
