00 34,16903|52,14083|52,20424|52,20501|87,1747|87,1765|87,1783|87,1801|128,2663|128,2669|128,2675|128,2681|128,2687|128,2694|128,2830|128,2836|128,2842|128,2848|128,2854|128,2861|227,5698|227,5713|227,5718|322,2463|322,2468|322,3037|322,3103|322,26086|347,1729|389,15276|418,4442|418,5205|459,2775|534,2605|534,2608|534,2611|545,1583|545,1592|545,2310|545,2322|545,2334|545,2347|545,2361|545,2375|545,2389|545,2403|545,2417|545,2431|545,2445|545,2459|545,2473|545,2487|624,1393|624,1405|624,1516|624,1528|650,4630|650,4637|650,4643|687,1067|687,1082|687,1098|687,1119|707,17974|707,17995|735,1444|735,1450|735,1456|740,8667|756,1631|756,1640|770,3012|801,10672|820,15847|823,3024|874,5401|874,5407|874,5413|874,5419|874,5425|874,5431|874,5437|874,5443|874,5449|874,5454|874,5460|874,5466|874,5472|874,5478|874,5485|874,5545|874,5551|933,8985|933,8992|933,8998|973,3092|973,3095|1013,873|1050,938|1054,728|1113,28510|1144,8311
000 38,1360|38,2116|75,3135|99,10921|99,10957|192,3699|215,453|215,1470|218,1473|254,1758|256,11566|322,26192|322,26422|351,1874|385,1294|403,1514|403,1886|418,1224|418,3711|418,9216|418,9667|418,10992|428,1382|428,1393|428,1398|455,1518|469,6971|478,1286|478,1305|478,1412|501,970|507,11551|534,2120|542,818|567,1602|707,8589|707,38241|707,38308|746,9580|746,9614|760,2574|760,2918|760,3277|821,1616|821,1698|821,1854|821,1858|821,1943|821,1947|822,1162|830,425|831,1686|831,4037|836,902|836,15101|836,15552|836,21330|836,24940|878,3634|889,3204|889,6081|933,1294|982,9769|982,9776|982,9830|1030,1569|1030,1882|1030,1898|1030,1914|1030,1930|1030,1978|1030,2016|1030,2048|1030,2079|1061,2107|1111,13146|1113,9208|1157,12693|1186,6322|1248,1286|1248,1305|1248,1412|1257,2067|1257,2166|1264,1800|1271,1133|1302,2070|1302,2089|1302,2989|1302,3012|1302,4111|1302,4704|1302,4727|1302,4794|1302,4816|1302,5784|1302,5811|1302,5877|1302,5903|1302,6159|1302,7231|1302,7250|1302,7291|1302,7327|1302,7355|1302,7378|1302,7404|1302,7437|1302,7458|1302,7685|1302,7976|1302,8013|1302,8053|1302,8953|1302,9163|1302,9184|1302,9213|1302,9278|1302,9339|1302,9396
0000 171,1619
00000 731,104|952,43|952,91
000000 715,7306
00001 277,2671
00004 52,7901
0001 277,2639
00016 52,9297
00024 52,11906
00026 52,4205
00039 52,13299
0004 1264,5435
00053 52,10517
000883481 1061,21845
0009765625 847,8933
000m2 191,3010
000recordsbulk 1302,8965
001 147,1355|191,4515|219,1768|219,1775|253,1320|277,2608|298,5960|421,9865|545,1286|576,1212|589,1949|715,4598|715,5538|715,5689|746,5749|829,2367|847,6166|847,6348|847,6644|847,6826|905,767|1084,2409|1216,3733|1279,3873|1302,7269|1302,7306|1302,7711|1302,8018|1302,8073|1302,9242|1302,9307|1302,9364|1302,9421
0012 929,1109
00128 604,2499|858,848|858,1868
0014 739,2212
00192 731,112|1018,43|1018,91
00193 731,120|849,43|849,91
00194 731,128|1205,43|1205,91
00195 731,136|1187,43|1187,91
00196 235,43|235,91|731,144
00197 599,43|599,91|731,152
00198 731,160|984,43|984,91
00199 561,43|561,91|731,168
001_1 715,5092|715,5128|847,5677|847,5713
001_16 715,5270|715,5309|847,5859|847,5898
001_1â 847,6033|847,6213
001_2 715,5178|715,5214|847,5765|847,5801
001_2â 847,6511|847,6691
001_j 715,5425|715,5578
002 219,1685|219,1754|219,1782|219,1796|831,2266|1128,1776
00200 555,43|555,91|731,176
00201 170,43|170,91|731,184
00202 731,192|1029,43|1029,91
00203 731,200|1067,43|1067,91
00204 731,208|1286,43|1286,91
00205 566,43|566,91|731,216
00206 659,43|659,91|731,224
00207 731,232|1014,43|1014,91
00208 373,43|373,91|731,240
00209 731,248|921,43|921,91
00210 528,43|528,91|731,256
00211 27,43|27,91|731,264
00212 731,272|875,43|875,91
00213 731,280|754,43|754,91
00214 731,288|1163,43|1163,91
00215 435,43|435,91|731,296
00216 731,304|828,43|828,91
00217 731,312|908,43|908,91
00218 731,320|1079,43|1079,91
00219 731,328|1153,43|1153,91
0022 1136,3137
00220 346,43|346,91|731,336
00221 731,344|1207,43|1207,91
00222 386,43|386,91|731,352
00223 130,43|130,91|731,360
00224 635,43|635,91|731,368
00225 731,376|854,43|854,91
00226 731,384|919,43|919,91
00227 731,392|777,43|777,91
00228 693,43|693,91|731,400
00229 158,43|158,91|731,408
00230 720,43|720,91|731,416
00231 731,424|1141,43|1141,91
00232 731,432|757,43|757,91
00233 397,43|397,91|731,440
00234 248,43|248,91|731,448
00235 718,43|718,91|731,456
00236 731,464|1062,43|1062,91
00237 724,43|724,91|731,472
00238 484,43|484,91|731,480
00239 731,488|917,43|917,91
00240 362,43|362,91|731,496
00241 410,43|410,91|731,504
00242 269,43|269,91|731,512
00243 26,43|26,91|731,520
00244 731,528|791,43|791,91
00245 731,536|992,43|992,91
00246 29,43|29,91|731,544
00247 39,43|39,91|731,552
00248 574,43|574,91|731,560
00249 731,568|873,43|873,91
00250 265,43|265,91|731,576
00251 166,43|166,91|731,584
00252 372,43|372,91|731,592
00253 343,43|343,91|731,600
00254 173,43|173,91|731,608
00255 16,43|16,91|731,616
00256 660,43|660,91|731,624
00257 399,43|399,91|731,632
00258 301,43|301,91|731,640
00259 731,648|1146,43|1146,91
00260 731,656|967,43|967,91
00261 731,664|793,43|793,91
00262 364,43|364,91|731,672
00263 731,680|1227,43|1227,91
00264 462,43|462,91|731,688
00265 587,43|587,91|731,696
00266 382,43|382,91|731,704
00267 141,43|141,91|731,712
00268 610,43|610,91|731,720
00269 633,43|633,91|731,728
00270 731,736|892,43|892,91
00271 623,43|623,91|731,744
00272 731,752|1154,43|1154,91
00273 697,43|697,91|731,760
00274 553,43|553,91|731,768
00275 411,43|411,91|731,776
00276 338,43|338,91|731,784
00277 363,43|363,91|731,792
00278 483,43|483,91|731,800
00279 216,43|216,91|731,808
00280 327,43|327,91|731,816
00281 642,43|642,91|731,824
00282 731,832|1133,43|1133,91
00283 731,840|1093,43|1093,91
00284 281,43|281,91|731,848
00285 546,43|546,91|731,856
00286 731,864|1256,43|1256,91
00287 493,43|493,91|731,872
00288 658,43|658,91|731,880
00289 250,43|250,91|731,888
00290 731,896|946,43|946,91
00291 731,904|1094,43|1094,91
00292 123,43|123,91|731,912
00293 731,920|1181,43|1181,91
00294 731,928|991,43|991,91
00295 127,43|127,91|731,936
00296 341,43|341,91|731,944
00297 572,43|572,91|731,952
00298 731,960|1156,43|1156,91
00299 413,43|413,91|731,968
003 219,1747|475,1208|1111,18799
00300 731,976|833,43|833,91
00301 165,43|165,91|731,984
00302 731,992|764,43|764,91
00303 731,1000|884,43|884,91
00304 731,1008|944,43|944,91
00305 711,43|711,91|731,1016
00306 731,1024|1228,43|1228,91
00307 168,43|168,91|731,1032
00308 731,1040|937,43|937,91
00309 731,1048|1159,43|1159,91
00310 719,43|719,91|731,1056
00311 731,1064|1291,43|1291,91
00312 597,43|597,91|731,1072
00313 291,43|291,91|731,1080
00314 238,43|238,91|731,1088
00315 731,1096|998,43|998,91
00316 350,43|350,91|731,1104
00317 76,43|76,91|731,1112
00318 15,43|15,91|731,1120
00319 177,43|177,91|731,1128
00320 731,1136|1164,43|1164,91
00321 333,43|333,91|731,1144
00322 521,43|521,91|731,1152
00323 714,43|714,91|731,1160
00324 731,1168|1007,43|1007,91
00325 675,43|675,91|731,1176
00326 731,1184|1021,43|1021,91
00327 387,43|387,91|731,1192
00328 456,43|456,91|731,1200
00329 52,14396|731,1208|911,43|911,91
00330 258,43|258,91|731,1216
00331 731,1224|868,43|868,91
00332 52,8852|591,43|591,91|731,1232
00333 466,43|466,91|731,1240
00334 366,43|366,91|731,1248
00335 731,1256|1194,43|1194,91
00336 531,43|531,91|731,1264
00337 731,1272|866,43|866,91
00338 731,1280|994,43|994,91
00339 704,43|704,91|731,1288
00340 100,43|100,91|731,1296
00341 731,1304|1085,43|1085,91
00342 731,1312|1189,43|1189,91
00343 731,1320|844,43|844,91
00344 731,1328|1165,43|1165,91
00345 731,1336|890,43|890,91
00346 731,1344|987,43|987,91
00347 731,1352|1103,43|1103,91
00348 174,43|174,91|731,1360
00349 89,43|89,91|731,1368
0035 532,3698
00350 731,1376|963,43|963,91
00351 370,43|370,91|731,1384
00352 102,43|102,91|731,1392
00353 684,43|684,91|731,1400
00354 731,1408|960,43|960,91
00355 681,43|681,91|731,1416
00356 731,1424|1222,43|1222,91
00357 731,1432|1193,43|1193,91
00358 731,1440|891,43|891,91
00359 230,43|230,91|731,1448
00360 731,1456|750,43|750,91
00361 731,1464|1035,43|1035,91
00362 344,43|344,91|731,1472
00363 731,1480|1200,43|1200,91
00364 159,43|159,91|731,1488
00365 731,1496|778,43|778,91
00366 619,43|619,91|731,1504
00367 98,43|98,91|731,1512
00368 194,43|194,91|731,1520
00369 107,43|107,91|731,1528
0037 532,3726
00370 731,1536|1112,43|1112,91
00371 731,1544|962,43|962,91
00372 731,1552|965,43|965,91
00373 427,43|427,91|731,1560
00374 639,43|639,91|731,1568
00375 200,43|200,91|731,1576
00376 473,43|473,91|731,1584
00377 336,43|336,91|731,1592
00378 354,43|354,91|731,1600
00379 52,5199|690,43|690,91|731,1608
00380 105,43|105,91|731,1616
00381 731,1624|1188,43|1188,91
00382 731,1632|1231,43|1231,91
00383 731,1640|1119,43|1119,91
00384 731,1648|1250,43|1250,91
00385 317,43|317,91|731,1656
00386 450,43|450,91|731,1664
00387 731,1672|1211,43|1211,91
00388 731,1680|1115,43|1115,91
00389 731,1688|814,43|814,91
00390 731,1696|838,43|838,91
00390625 847,8832|847,9014
00391 731,1704|1068,43|1068,91
00392 691,43|691,91|731,1712
00393 731,1720|1039,43|1039,91
00394 731,1728|1135,43|1135,91
00395 731,1736|748,43|748,91
00396 523,43|523,91|731,1744
00397 223,43|223,91|731,1752
00398 731,1760|1052,43|1052,91
00399 342,43|342,91|731,1768
004 277,893|905,759
0040 662,4161
00400 37,43|37,91|731,1776
00401 731,1784|949,43|949,91
00402 162,43|162,91|731,1792
00403 731,1800|1104,43|1104,91
00404 101,43|101,91|731,1808
00405 731,1816|943,43|943,91
00406 142,43|142,91|731,1824
00407 698,43|698,91|731,1832
00408 384,43|384,91|731,1840
00409 465,43|465,91|731,1848
0041 592,5723
00410 276,43|276,91|731,1856
00411 515,43|515,91|731,1864
00412 286,43|286,91|731,1872
00413 731,1880|805,43|805,91
00414 731,1888|1044,43|1044,91
00415 324,43|324,91|731,1896
00416 535,43|535,91|731,1904
00417 651,43|651,91|731,1912
00418 731,1920|1252,43|1252,91
00419 664,43|664,91|731,1928
00420 154,43|154,91|731,1936
00421 731,1944|1072,43|1072,91
00422 641,43|641,91|731,1952
00423 374,43|374,91|731,1960
00424 729,43|729,91|731,1968
00425 470,43|470,91|731,1976
00426 731,1984|846,43|846,91
00427 731,1992|1066,43|1066,91
00428 380,43|380,91|731,2000
00429 731,2008|1037,43|1037,91
00430 103,43|103,91|731,2016
00431 613,43|613,91|731,2024
00432 70,43|70,91|180,43|180,96|731,2032
00433 672,43|672,91|731,2040
00434 731,2048|841,43|841,91
00435 474,43|474,91|731,2056
00436 731,2064|932,43|932,91
00437 731,2072|1129,43|1129,91
00438 731,2080|1056,43|1056,91
00439 731,2088|1139,43|1139,91
00440 731,2096|1182,43|1182,91
00441 390,43|390,91|731,2104
00442 190,43|190,108|283,43|283,132|448,43|448,109|517,43|517,132|731,2112|789,43|789,117|813,43|813,106|819,43|819,124|938,43|938,91|950,43|950,120|1223,43|1223,125
00443 731,2120|852,43|852,91
00444 731,2128|909,43|909,91
00445 731,2136|880,43|880,91
00446 620,43|620,91|731,2144
00447 472,43|472,91|731,2152
00448 731,2160|1175,43|1175,91
00449 538,43|538,91|731,2168
00450 412,43|412,91|731,2176
00451 731,2184|894,43|894,91
00452 731,2192|1183,43|1183,91
00453 731,2200|983,43|983,91
00454 703,43|703,91|731,2208
00455 731,2216|761,43|761,91
00456 296,43|296,91|731,2224
00457 249,43|249,91|731,2232
00458 731,2240|1180,43|1180,91
00459 468,43|468,91|731,2248
00460 731,2256|910,43|910,91
0046049 1061,28250
00461 731,2264|1225,43|1225,91
00462 731,2272|926,43|926,91
00463 731,2280|961,43|961,91
00464 244,43|244,91|731,2288
00465 695,43|695,91|731,2296
00466 264,43|264,91|731,2304
00467 731,2312|1055,43|1055,91
00468 352,43|352,91|731,2320
00469 316,43|316,91|731,2328
00470 731,2336|888,43|888,91
00471 242,43|242,91|731,2344
00472 731,2352|954,43|954,91
00473 548,43|548,91|731,2360
00474 731,2368|1233,43|1233,91
00475 187,43|187,91|731,2376
00476 415,43|415,91|731,2384
00477 731,2392|1268,43|1268,91
00478 731,2400|1049,43|1049,91
00479 731,2408|802,43|802,91
00480 731,2416|1001,43|1001,91
00481 731,2424|1125,43|1125,91
00482 731,2432|797,43|797,91
00483 616,43|616,91|731,2440
00484 560,43|560,91|731,2448
00485 480,43|480,91|731,2456
00486 731,2464|1098,43|1098,91
00487 731,2472|1152,43|1152,91
00488 135,43|135,91|731,2480
00489 731,2488|855,43|855,91
00490 497,43|497,91|731,2496
00491 175,43|175,91|731,2504
00492 106,43|106,91|731,2512
00493 731,2520|897,43|897,91
00494 731,2528|1221,43|1221,91
00495 246,43|246,91|731,2536
00496 541,43|541,91|731,2544
00497 731,2552|867,43|867,91
00498 731,2560|1095,43|1095,91
00499 339,43|339,91|731,2568
005 184,1134|212,2158|219,1740
00500 452,43|452,91|731,2576
00501 491,43|491,91|731,2584
00502 726,43|726,91|731,2592
00503 685,43|685,91|731,2600
00504 252,43|252,91|731,2608
00505 377,43|377,91|731,2616
00506 121,43|121,91|731,2624
00507 731,2632|1147,43|1147,91
00537 52,8185|52,9118|52,10883|52,13048
006 41,1661|56,5873|234,643|293,4537|298,1027|328,4397|479,5073|552,1205|559,1763|563,5221|568,3054|594,6019|636,1835|650,660|755,3365|770,688|776,3250|823,700|905,775|912,1807|1032,4908|1053,1763|1186,643|1199,2586|1245,2723
00665 52,12942
006663834 1061,25850
007 44,1347
0072 396,4446
00721 52,13863
0078125 847,8991
007_et_l_me_h 11,5118
008 126,433|126,1358|277,930|550,5216|614,433|614,1358
008936744 1061,22279
009 839,1548
00blai 874,5557
00gamma 982,6580
01 33,719|34,17158|40,687|44,2069|47,595|47,2222|52,5022|52,16939|61,642|61,4768|82,629|85,761|112,619|120,642|122,701|137,617|139,6102|140,661|144,3541|144,3606|144,3649|144,3696|144,12052|144,12117|144,12160|144,12210|147,655|147,658|161,428|161,1077|163,663|169,630|225,704|227,5708|234,5048|243,628|256,2417|259,553|259,2905|277,2574|287,676|289,608|294,631|298,5966|307,594|318,545|320,617|322,19939|322,20040|322,20189|322,21232|322,22326|322,22415|322,22667|322,23445|322,23750|322,25620|322,25718|328,590|328,593|331,689|332,750|340,1036|347,1723|347,2060|347,2063|353,594|389,15531|393,564|394,759|408,549|408,552|418,5266|420,701|421,698|421,9848|425,675|441,624|442,566|445,681|445,684|459,1620|471,520|478,7064|479,555|479,558|482,594|485,620|487,727|500,609|501,534|503,551|505,552|507,2402|530,2388|532,4119|549,775|550,22836|552,746|554,620|556,621|559,21921|563,555|563,558|564,711|585,3199|585,3938|585,4738|592,590|605,644|612,2239|612,2978|612,3778|612,6402|615,675|626,568|632,567|645,629|645,6989|645,7677|650,2167|650,4540|655,540|663,681|663,684|680,560|680,563|706,556|706,559|707,1651|707,13300|712,592|715,4592|715,5545|715,5696|732,2554|732,15226|735,631|738,3296|739,623|743,594|744,809|746,5755|755,543|769,996|775,723|776,637|780,545|781,557|796,719|800,1303|820,16102|822,585|822,588|825,626|825,629|825,1643|847,6173|847,6355|847,6651|847,6833|847,9328|882,674|893,1798|916,3983|920,567|930,642|931,7582|933,8895|936,657|968,955|970,810|974,1291|982,1455|1017,611|1023,597|1034,628|1042,570|1050,700|1053,22399|1054,789|1057,601|1058,586|1060,650|1061,26008|1065,684|1065,687|1073,617|1082,594|1089,611|1091,565|1110,648|1111,9014|1113,5299|1113,43443|1132,518|1136,582|1143,656|1145,13749|1145,14008|1145,14265|1145,14527|1145,14783|1145,15041|1145,15300|1145,15562|1145,15820|1145,16083|1145,16343|1150,597|1157,2423|1158,678|1167,850|1168,530|1170,819|1171,620|1178,605|1191,646|1199,533|1202,546|1216,3716|1235,4961|1235,19250|1245,579|1245,582|1248,5920|1251,729|1279,1232|1280,701
010 87,2855|212,2164|1030,1878|1030,1926|1030,1974|1030,2012|1264,5119|1264,5431
01003 85,1019
010162351 1061,27099
01020316 1061,25320
011 215,1906|550,5205
011002 58,8755|169,5359|256,12364|311,7119|361,7403|398,5195|445,8461|485,8732|507,12349|554,8898|663,8461|732,14680|787,6108|788,8755|1017,5707|1060,4609|1081,12924|1089,5707|1110,4218|1113,43094|1149,2081|1157,13491|1235,18704
0115 686,846|817,884
012 707,38333|1123,2822
012389 874,3189
0125698789 831,3481
0129126 745,4113|745,4607
013 21,3860|22,1729|487,1573|487,1961|662,4157
014 383,870|383,2516
0142 586,2951|586,3546
01450 52,12302
015 212,2170|451,3396|451,3963|905,791
01504 147,1349|253,1314|545,1280|576,1206
0151 592,5364
015625 847,8909
016 293,5277|479,5961|559,4401|563,5961|588,4812|588,5189|1032,5436|1053,4401|1204,3500|1224,1795
0165551515620551 95,2382
0165551516683617 44,2086
01729 52,11469
017700909 1061,23480
018 368,6385|550,5161|905,743|905,783|1033,6385
0180 776,942
01803 94,830
018474 245,1140
019 513,6093
01928 52,10178
01_1 715,5105|715,5141|847,5690|847,5726
01_16 715,5284|715,5323|847,5873|847,5912
01_1â 847,6052|847,6232
01_2 715,5191|715,5227|847,5778|847,5814
01_2â 847,6530|847,6710
01_j 715,5438|715,5591
02 13,712|34,17060|38,711|46,540|47,2228|57,767|61,4774|77,675|95,783|111,737|114,706|133,614|139,12793|160,714|184,655|195,2177|195,2639|198,790|205,738|218,628|222,762|256,2422|259,2336|268,734|272,748|313,735|322,19933|322,20140|322,21226|322,22226|322,22717|322,22767|322,22818|322,23636|322,24368|322,24634|322,24689|322,24695|322,24921|322,25765|322,25819|347,1726|358,744|378,659|385,730|389,15433|436,635|447,733|455,636|459,707|478,7137|494,691|507,2407|509,762|534,703|562,682|565,586|584,2138|626,1255|645,7685|650,3981|650,3996|665,1992|707,8768|712,589|738,3273|738,3329|738,3369|738,3391|763,739|768,2191|768,2652|794,652|820,16004|825,1677|831,4063|862,677|898,680|902,728|907,692|933,809|933,1473|933,8797|968,698|980,718|1005,523|1050,703|1059,725|1061,751|1061,28383|1092,736|1108,728|1111,23737|1113,8702|1124,692|1127,692|1134,661|1157,2428|1160,620|1161,708|1224,606|1248,5993|1279,12059
020 212,2176|701,4827|1030,1565|1030,1894|1030,1910|1030,2044|1030,2075
0200 31,1905|661,853
020110177 1061,19057
0202 624,790
0206006 256,3952|311,4593|361,4762|485,6677|507,3937|554,6372|787,1102|1017,3652|1060,3193|1089,3796|1157,3958
021 453,647
0211003 58,4320|169,4106|256,4477|311,4737|361,4906|398,1113|445,4465|485,6821|507,4462|554,6516|663,4465|732,2160|787,1595|788,4320|1017,3796|1060,3337|1081,3859|1089,3147|1110,4089|1113,5102|1149,1667|1157,4483|1235,4567
02119 52,6576
02138 133,3395
02142376 1061,26682
02161174 1061,21242
02162507 1061,22292
022 550,5178
023 701,4840
023374 874,3154
023535103 1061,19391
023575 874,3172
024 550,5150|701,4866|1030,1886|1030,1982
025 212,2182|701,4853
0258 592,4557
026 199,4144
0260 1204,3504
026119291404200106 68,1985|68,2461|68,2831
0269 592,4737
027 149,13838
0278 592,5146
028 125,3540
029 1224,1309
02sigma1 104,8622
03 21,687|24,672|36,709|41,564|52,4108|57,764|212,653|228,626|245,720|256,2427|263,715|306,675|311,619|313,732|320,614|322,19978|322,20424|322,22397|322,22927|322,23439|322,24327|322,24438|322,25458|322,25559|322,25813|322,26098|323,775|361,619|418,4348|420,704|425,672|426,773|430,663|430,2619|441,627|453,514|464,751|464,754|492,665|501,531|504,769|507,2412|520,631|524,721|567,732|586,687|588,716|592,587|606,675|607,640|624,616|626,7463|627,655|647,723|686,639|727,709|727,712|730,699|732,2483|732,2495|732,15155|732,15167|738,3284|746,8533|760,712|769,993|769,1153|785,692|800,9364|807,677|817,679|821,576|831,4069|835,631|851,770|883,765|889,775|906,625|912,564|922,702|929,677|952,156|956,786|985,716|1030,735|1030,1614|1061,748|1061,19223|1061,21308|1061,22007|1061,25863|1063,716|1097,710|1113,5228|1113,5240|1113,8779|1113,43372|1113,43384|1157,2433|1172,651|1185,701|1235,4890|1235,4902|1235,19179|1235,19191|1264,699|1269,856|1283,773|1287,717
030 550,5114|1030,1934|1030,2020|1050,1638
030768767 1061,24284
030934 874,3163
03125 847,8802|847,8858
03177 874,3181
031949477 1061,19257
032 48,5444|58,5481|63,2665|445,6521|550,5210|636,4935|663,6521|732,8845|782,2357|788,5481|1030,1918|1030,2083|1096,2241|1166,2665|1235,8579|1245,3765
033 1030,1573|1030,1890|1030,1902|1030,1986|1030,2052|1264,4258
034 550,5199
03461 52,3947
0378 140,2553|794,3613|794,3863
037rafael 933,13651
038 550,5096|770,5814|823,5826
038564 624,801
039 35,3083|219,1704
03972 52,8745|52,11335
03e2 99,3239
04 44,680|46,543|52,15681|52,18873|66,1317|80,732|84,706|96,601|137,620|139,6013|198,793|214,740|219,1790|227,3277|247,550|256,2432|314,740|322,20128|322,20183|322,21571|322,22308|322,23074|322,24915|322,25452|322,25614|360,704|388,832|391,738|396,776|445,2541|451,678|502,687|507,2417|520,634|544,624|549,772|556,624|562,1859|576,660|584,738|584,2124|585,3935|612,2975|612,6399|650,3972|650,4581|663,2541|666,710|673,754|717,710|737,684|738,3318|738,3403|745,719|769,908|769,911|807,674|827,724|835,634|836,19648|837,690|847,728|847,8876|865,759|878,4570|913,661|929,680|933,8936|956,783|973,688|1013,691|1040,742|1050,964|1061,19207|1061,19976|1061,22530|1061,23063|1061,26770|1100,773|1100,5058|1138,579|1157,2438|1177,768|1201,638|1229,627|1237,536|1253,798|1257,3530|1258,723|1279,12064|1297,2118|1297,2354|1302,12142|1303,2029|1306,196|1306,410|1306,791
040 33,1257|68,1679|68,2164
04015066 160,1477|160,1933
0403025 41,1803|56,6015|256,1183|311,4068|361,3792|485,5847|507,1168|554,5847|594,5828|770,1034|787,618|823,1046|912,1616|1017,2822|1060,3055|1089,2822|1157,1189
04073584 1061,24049
0408124 326,1400
041 368,1019|368,1045|1033,1019|1033,1045
041124153 1061,27287
042 550,5085
04257 52,7110
0432 801,5098
044 282,2745|282,6523|905,735|1192,2315|1192,6523
045 234,5041|905,727
04504833 1061,22056
04506 52,12755|52,12808
045241535 1061,21172
045251915 1061,19531
046 418,1888
04633782 1061,27923
04712343 1061,21338
0475 801,5144
048 219,1646
0483 801,5158
0485 85,6726|592,4019
0486 801,5151
049 534,2671|701,4798
0493 801,5105
04mark 227,3639
04wl 34,17199|389,15572|820,16143
05 34,2771|52,15129|52,17647|52,20347|61,639|61,4780|87,685|92,600|96,604|116,956|119,585|139,6093|149,787|149,13835|195,774|219,1762|233,720|236,538|256,2437|270,672|280,540|304,696|319,730|322,24288|325,530|347,677|389,1208|421,12721|475,707|476,697|478,7000|495,734|500,606|505,549|507,2422|550,28425|552,19074|576,663|598,599|625,691|631,592|650,4661|700,756|707,4166|707,13312|707,13344|707,18061|707,21968|707,42886|732,2542|732,4473|732,15214|738,1273|743,3646|747,808|756,687|760,709|766,697|780,542|800,2986|800,14030|800,14077|800,15046|820,1214|829,698|847,8900|850,691|915,702|933,9016|980,721|1015,748|1016,639|1030,1603|1046,697|1061,21302|1061,23416|1061,23750|1073,614|1113,2753|1113,5287|1113,6531|1113,28515|1113,43431|1138,576|1148,685|1157,2443|1169,682|1220,592|1235,4949|1235,19238|1241,1496|1248,5856|1257,746|1265,553|1278,1868
050 68,1528|68,2121|1224,1675
0500 171,1624
05048 52,7083
0508 478,2505|801,5052|1248,2017
0509 321,776
0510 478,2512|801,5059|1248,2024
05188 52,7030
0521 592,4397
053 701,4759
05308 52,7643
05348 1050,1642
0535 801,5112
055 1113,17106
05508 1061,20276
055637064 1061,19600
056 256,11593|507,11578|1157,12720
056080974 1061,26758
056100531 1061,27759
05687585 1061,21100
057 701,4785|1224,1422
0571 274,1539|274,2356
0574 478,2437|801,4984|1248,1949
058 770,5550|823,5562
0589 25,1280|274,1204
059 701,4772
05912867 1061,21970
05921 52,4794
06 22,730|35,810|47,592|49,783|49,786|52,5586|52,6088|52,6133|52,13480|58,646|120,1938|136,681|149,784|149,9307|149,9322|161,712|163,660|169,627|176,734|186,606|195,777|199,675|256,2442|274,776|289,605|294,1802|308,688|321,622|322,2638|322,19915|322,20034|322,20226|322,20406|322,21208|322,22921|322,23301|322,24230|322,25295|334,614|347,1720|347,1745|347,2032|365,702|376,684|393,561|394,756|401,707|463,815|485,617|487,724|499,653|507,2427|519,540|527,660|554,617|559,14988|707,13233|707,13241|707,13249|725,751|732,4478|738,3262|769,1201|769,2046|788,646|790,2147|790,2215|812,740|831,661|831,2610|834,613|836,19735|860,655|878,816|878,819|904,543|906,628|923,843|936,654|970,807|995,755|1006,794|1042,567|1048,693|1053,15466|1061,19619|1061,21678|1061,23827|1061,28873|1061,28906|1061,28913|1075,642|1140,838|1144,639|1157,2448|1195,685|1279,13057|1281,759
060 49,537|220,919
0600 171,1629
0601 801,5066
0601joao 478,2519|1248,2031
0602 236,818|325,738|631,801
060250637 1061,20578
0603 133,846
061058949 1061,25271
06114 625,944
0615 586,2956|586,3551
061907 476,3223|476,3506
06238 52,9804
0625 478,2391|801,4938|847,8960|1248,1903
063296009 1061,25343
063446 1061,20768
064 550,5155
0643 198,5087|198,6470|228,2307|451,3316|451,3883
06440 125,956
064537838 1061,27601
064554813 1061,21416
06500 775,1087
06510 328,776
0653 478,2444|801,4991|1248,1956
06533 328,932|328,1124|825,864|825,1006|825,1264|882,908|882,1050|882,1308
065928304 1061,26148
0666 478,2451|801,4998|1248,1963
067 322,26198|322,26208|1264,3680
0677 478,2398|801,4945|1248,1910
06800 49,1187|648,953
0686 592,4127
0698 478,2405|801,4952|1248,1917
07 25,799|33,716|34,17177|52,16387|52,18995|77,678|82,626|94,680|112,616|124,727|139,12755|164,588|178,659|192,666|192,669|195,2180|195,2642|212,650|215,658|227,3309|227,3602|227,5723|245,723|259,550|280,537|293,556|306,678|321,619|322,712|322,20134|322,20371|322,21624|322,24671|322,25399|322,25596|322,25712|347,2057|389,15550|418,5281|426,770|430,2634|431,667|440,837|443,733|467,769|471,517|478,7163|478,7186|503,548|508,704|529,698|551,766|585,3196|585,4228|589,718|601,647|606,678|612,2236|612,3268|618,671|622,667|624,787|643,775|648,749|650,4559|665,705|713,700|717,707|732,4483|738,3380|743,591|762,667|768,2194|768,2655|769,1862|769,1890|769,1936|769,1981|779,695|809,711|820,16121|831,2900|831,3124|850,694|881,628|882,671|896,751|896,754|916,719|931,7630|933,8914|935,735|948,671|979,578|979,581|1013,688|1028,671|1032,556|1047,588|1048,690|1054,804|1061,27565|1075,645|1081,546|1113,8814|1126,692|1128,1773|1132,515|1136,585|1143,653|1155,600|1158,675|1171,617|1202,543|1212,629|1212,632|1232,781|1248,6019|1248,6042|1262,719|1265,3536|1283,770
070943862 1061,25618
072778715 1061,26828
073 199,3771
073197363 1061,25994
073203166 1061,26474
0738532543182373 1030,1644
074 847,9331
07499323 1061,23165
075 701,4898
07533 52,10910
075697852 1061,27167
0760 171,1634
07608745 1061,23177
0770 893,1604|1167,656
07808726822 831,4008
0784 475,2516
07848 52,11442|52,14014|52,14379
07854 52,3689
0789218 1061,28880
07987 52,14176
07na27344 22,1570|391,1249
08 14,614|38,714|55,593|56,586|95,786|151,764|186,609|208,720|227,3609|304,693|322,20461|322,21284|322,22711|322,23421|322,23901|322,23952|322,24479|322,24582|322,25434|322,25759|322,25795|322,25866|348,694|359,620|381,657|404,742|418,5275|453,511|478,7045|498,830|562,3172|594,586|605,641|607,643|638,668|648,752|655,537|687,1064|696,712|732,4488|745,716|785,689|790,643|800,14962|810,765|811,16081|836,19622|927,594|931,5570|973,685|976,745|995,752|999,679|1016,1526|1017,608|1036,790|1054,798|1061,21610|1061,22740|1061,28844|1089,608|1144,636|1150,594|1168,527|1169,679|1172,648|1177,765|1185,704|1220,589|1248,5901
08027532 1061,19719
08028 931,1537|931,1632
0806 94,875
0811 478,2345|801,4892|1248,1857
082 851,569
0821 478,2352|801,4899|1248,1864
082634597 1061,25773
083 550,5172|784,2944|933,13570
0832 801,5210
084 143,892|219,1666
0844574 1297,3142
0857 550,27382
086 219,1697
086294263 1061,19730
0864 801,5217
086578248 1061,24795
0871 831,4118
0872 282,3418|1192,2988
08800 312,1262|440,1173
088174777 1061,24417
08903 739,815
0898 282,5819|1192,5819
0899 592,5026
089928 874,3092
08e 836,3648|836,3702|893,1064|893,1118
09 24,675|30,5715|35,807|52,19010|68,681|79,596|140,664|152,805|161,443|161,1092|176,737|185,671|191,663|254,685|266,381|266,828|266,1620|322,21031|322,22375|322,22403|322,22661|322,22761|322,22812|322,23851|322,25666|322,25968|332,747|340,610|340,1051|348,697|381,654|383,595|383,2157|388,835|426,3106|426,4338|431,664|436,638|445,2590|463,818|481,670|525,687|565,589|568,568|579,663|629,741|630,706|663,2590|667,597|707,18055|732,2477|732,15149|739,620|755,540|768,799|769,817|769,1101|769,1529|769,1593|769,1630|769,1670|769,1705|769,1786|769,1840|775,720|776,634|781,554|806,697|831,4066|865,762|878,4632|903,711|931,766|974,683|1038,697|1051,569|1051,572|1061,27859|1084,774|1087,597|1113,5222|1113,43366|1128,666|1145,799|1179,720|1179,723|1196,686|1197,753|1199,530|1235,4884|1235,19173|1239,596|1253,3044|1269,859|1283,3106|1283,4338|1297,1865|1302,12148|1303,2035|1306,797
09010469076 952,116
09015 52,9911
090686 874,3110
0910989 1297,3166
092 784,2900|933,13526|933,13630|1224,1907
0920 282,3432|282,5826|1192,3002|1192,5826
09207 52,8212
0925 149,13805|985,3261|985,3580|985,4204|1063,3261|1063,3580|1063,4204
093114808 1061,27546
0941 198,5082|198,6465|228,2302|451,3311|451,3878
0943 550,27396
09449 52,3759
0948 592,5086
0955 478,2359|801,4906|1248,1871
096 1030,1938|1030,2024|1061,35337
0972 282,3425|1192,2995
0974 585,5890|612,4930
0975 475,2791
09765 52,5363
0986 809,2159|809,2471
098964807 1061,20220
099124153 1061,22902
099169625 1061,23554
099280979 1061,21325
0aa 161,957|340,870
0alexand 227,6092
0c 532,9207
0christian 800,13608
0dbm 191,3769
0e 916,4039|1126,3399|1126,3475
0elena 144,27056
0fd 80,987
0http 1204,954
0j2 1091,788
0jinyan 256,6798|507,6783|1157,6804
0marina 732,4354
0nir 721,1014
0pd 52,849
0richard 144,13306
0ron 1279,6363
0s 232,3829|1251,3932
0sigma1 478,10572|550,15928|552,10507|716,2881|716,2894|716,2907|1111,13912|1248,10572
0sigma6 716,2775|716,2788
0sigma7 716,2826
0wl 636,10106
0x3f 1258,5544
0â 927,1665|1177,4537
