0
140
153
170
201
232
254
267
280
302
333
347
378
400
414
526
539
552
619
632
663
676
689
702
715
728
741
756
771
846
859
873
898
911
924
937
950
963
976
989
1002
1015
1081
1094
1107
1120
1133
1146
1159
1172
1185
1198
1211
1268
1281
1294
1307
1320
1333
1346
1359
1372
1385
1398
1473
1486
1499
1512
1525
1538
1568
1598
1610
1633
1704
1723
1742
1761
1783
1795
1807
1819
1831
1843
1855
1867
1879
1891
2160
2182
2214
2232
2247
2259
2274
2483
2496
2512
2532
2791
2828
2844
2863
2898
3024
3067
3084
3141
3164
3206
3239
3261
3284
3362
3411
3437
3476
3523
3536
3549
3586
3599
3630
3779
3792
3805
4068
4096
4415
4437
4540
4560
4579
4603
4628
4640
4666
4683
4696
4709
4720
4733
4748
4807
4823
5224
5281
5304
5318
5333
5409
5431
5453
5475
5506
5522
5537
5552
5570
5593
5608
5624
