0
85
101
129
141
199
215
242
327
349
371
393
459
471
483
495
516
528
553
567
597
616
641
655
670
685
702
718
732
759
783
813
843
874
904
917
945
969
999
1029
1059
1089
1116
1144
1172
1200
1228
1257
1285
1313
1341
1369
1384
1400
1415
1431
1710
1735
1749
1762
1927
1942
1962
1985
2011
2164
2190
31632
31653
31676
31698
31710
31774
31833
31870
32247
32260
32283
32298
32324
32362
32675
32702
33146
33895
33914
34059
34081
34113
34144
34211
34243
34263
34305
34544
34626
34716
34733
34749
34866
34928
34973
34992
35049
35102
35197
35266
35292
35345
35373
35580
35615
35650
35685
35858
35984
36008
36026
36045
36140
36156
36251
36296
36314
36336
36348
36488
36511
36537
36552
36577
36594
36628
36647
36664
36684
36727
37363
37392
37418
37432
38118
38156
38177
38197
38213
38230
38309
38325
38350
38392
38601
38774
38798
38815
38831
38854
39610
39634
39655
39681
39708
41017
41034
41140
41157
41285
41321
41346
41362
41381
41423
41439
41476
41880
41914
41967
42021
42175
42201
42218
42260
42277
42303
42318
42378
42394
42804
42828
42880
42895
42944
43034
43101
43122
43165
43522
43554
45097
45125
45144
45161
45178
45202
45219
45305
45324
45344
45359
45374
45410
45874
45904
45928
45962
47485
47541
47568
47595
47619
47636
47653
47687
47704
47800
47845
47978
48040
48065
48094
48364
48562
48596
48685
48711
48755
48780
49106
49467
49487
49592
49630
49817
49837
49857
49874
49892
49960
50950
50963
50997
51022
51241
51266
51400
51425
51442
51698
51714
51858
52196
52220
52362
52388
52403
52925
52953
53352
53366
53446
53463
53579
53597
53641
53656
55139
55161
55178
55247
55376
55472
55490
55602
55771
55806
55925
55948
55971
55993
56039
56992
57628
58001
58019
58037
58063
58319
58826
58959
59001
59018
59036
59061
59155
59187
59412
59438
59454
59470
59519
59546
59580
59602
59637
59674
59811
60304
60434
60502
60547
60562
60576
60617
60632
60655
60726
60741
60825
60851
60874
60891
60928
60966
60987
61041
61186
61201
61219
61289
61372
61446
61685
62254
62307
62832
63311
63357
63466
63502
63691
63706
63986
64024
64052
64069
64086
64115
64156
64171
64290
64489
64503
64528
64574
65247
65261
65313
65398
65428
65448
65481
65543
65588
65887
65934
65950
65966
66091
68224
68247
68284
68299
68332
68362
68395
68412
68428
68611
68680
68892
69740
69821
69863
69885
69937
70217
70324
70348
70365
70381
70418
70528
70585
70609
70626
70650
70675
70688
71528
71546
71574
71602
71621
71981
72000
72027
72751
72779
72794
74767
74795
74828
75120
75136
75152
75164
75186
75239
75345
75360
75406
75421
75547
75563
75582
75623
75638
75658
75711
75730
75870
75931
75951
75975
75995
76019
76039
76063
76095
76122
76147
76168
76202
76219
76234
76284
76310
76334
76403
76430
76443
76535
76550
76566
76579
76592
76739
76762
76780
76793
76814
76829
76844
76972
76995
77014
77028
77045
77071
77166
77386
77403
77435
81365
81390
81417
81442
81460
81499
81533
81598
81617
81642
81657
81688
86004
86073
86096
86130
86156
86179
86193
86719
86821
86917
87077
87094
87128
87177
87211
87243
87276
87700
87725
88145
88166
89989
90626
90643
90680
90749
90806
91158
91192
91241
91277
91334
91396
91434
91482
91562
91576
91593
91670
91745
91813
91905
92100
92123
92153
92189
92216
92238
92255
92282
92299
92314
92336
92382
92483
92583
92599
92613
92631
92680
92722
92836
92929
92944
93011
93028
93052
93146
93161
93179
93205
93226
93382
93418
93709
93755
93776
93803
93965
94025
94088
94337
94375
94440
94470
94898
94973
94988
95116
95156
95197
95211
95236
95251
95270
95346
95668
95955
95977
96005
96022
96096
96114
96130
96323
96350
96366
96428
96478
96513
97270
97296
97326
97388
97435
97481
97498
97554
97575
97597
98197
98213
98261
98294
98312
98342
98360
98409
98426
99251
99271
99299
99328
99445
99467
99635
99802
100020
100039
100059
100076
100095
100139
100165
100212
100230
100286
100305
100334
100353
100476
100913
100953
100979
101121
101139
101158
109419
109759
109776
109811
110922
110945
110969
110990
111029
111084
111140
111194
111223
111303
111337
111382
111409
111424
111484
111557
111571
111624
111661
111806
111821
111836
111852
111878
112199
112212
112226
112269
112290
112333
112724
112743
112758
112807
112832
112864
112895
112909
112927
113023
113208
113228
113244
113259
113275
113537
113630
115631
115684
115711
116077
116102
116129
116161
116191
116304
116503
116522
116555
116576
116640
116656
116683
116727
116791
116855
116875
116906
116934
116960
116990
117011
117039
117059
117076
117097
117933
117957
117982
118001
118037
118170
118417
118441
118475
118508
118532
118552
118568
118585
118600
118645
118675
118690
118859
118888
118914
118940
118966
119045
119070
119095
119166
119189
119287
119362
119433
119445
119468
119485
119500
119550
119656
119768
119813
119898
120147
120164
120181
120201
120226
120299
120317
120376
120433
120452
120491
120510
120528
120556
120638
120857
120876
121016
121033
121078
121109
121131
122720
122748
122776
122789
122816
126743
126760
126824
126868
126890
126918
127790
127808
127839
127904
127962
127991
128014
128032
128064
128086
128961
128998
129024
129047
129074
129137
129193
129747
129775
129799
129822
129850
129864
129894
129910
129963
130127
130186
130597
130660
130731
130749
130785
131974
131997
132047
132276
132288
132302
132372
132403
132428
132469
132516
132552
132594
132609
132671
132686
132974
132996
133012
133043
133175
133295
133316
133334
133357
139221
139237
139259
139281
139306
139329
139350
139372
139392
139419
139440
139460
139495
139584
139601
139651
139702
139726
140300
140451
140500
140524
140554
140572
140597
140630
140761
140862
140884
140909
141084
141124
141173
141214
141261
141301
141344
141383
141420
141436
141460
142622
142849
142863
142874
142902
142916
152014
152151
153091
153104
153119
153142
153186
153226
153507
153553
153618
153630
153643
153671
153685
154347
154380
154416
154431
154445
154459
154474
154491
154750
154882
155057
155080
155103
155171
155196
155209
155228
155908
155927
155955
155976
156102
156115
156217
156244
156269
161114
161141
161174
161198
161228
161258
161288
161318
161349
161532
161742
168201
168225
168244
168266
168286
168302
168347
168534
168626
168687
168701
168782
169005
169034
169352
169399
169416
169440
169454
169480
169796
169851
169981
170348
170445
170558
170620
170647
170668
170706
170721
170770
170925
171030
171084
171247
171263
171329
171374
171400
171442
171456
172090
172764
172851
172870
172886
172902
172976
172992
173295
173321
173375
173432
173485
173512
173648
173674
173718
173742
173770
173798
173815
173831
173859
174528
174569
174588
175433
175559
175591
175669
175727
175765
175782
175820
175837
175851
175917
175938
176077
176153
176291
176309
176326
176352
176381
177353
177375
177485
177501
177597
177633
177651
177665
177689
177703
177954
178464
178499
178532
178609
178703
178727
178745
178761
182576
182597
182763
182782
182799
183005
183023
183442
183467
183515
183531
183557
183573
183640
183853
183871
183895
183934
183950
184000
184017
184039
184064
184101
185444
185546
185564
185587
185610
185624
185704
185720
186309
186350
186452
186746
186938
186967
186992
187027
187051
187073
187293
187374
187442
187460
187547
187598
187637
187655
187699
188681
188696
188712
188727
188742
188763
189174
189232
189267
189303
189338
189373
189408
189435
189469
189495
189526
189554
189573
189807
189833
189970
190014
190034
190055
190068
190108
190123
190148
190163
190530
190546
190562
190575
190606
190618
190633
190729
190764
190777
191206
191237
191258
191298
191314
191337
191353
191415
191501
191542
191578
191658
191678
191745
191766
191779
191821
191835
191935
191993
192008
192021
192050
192075
192087
192162
192207
192797
192993
193008
193024
193055
193085
193196
193264
193390
193408
193508
193554
193578
195646
195698
196760
196778
196810
196869
196887
196907
196935
197318
197399
197424
197453
197595
197813
197831
198011
200015
200172
200209
200230
200322
200383
200411
200501
200541
200581
200619
200638
200699
200788
200807
200862
204695
204741
204779
204802
204816
204839
204857
204900
204915
204930
204943
204962
205022
205123
205167
205726
205745
205885
205971
205994
206085
206099
207443
207996
208014
208033
208069
209253
209278
209303
209321
209337
209797
209860
209876
209914
209979
210040
210054
210071
210084
210109
210439
210463
210476
210547
210560
210575
210598
210662
210676
210690
211410
211424
211438
211463
211509
211524
211549
211631
211716
211780
211813
211831
211850
211869
211884
212065
212090
212105
212117
212135
212149
212163
212220
212244
212256
212271
