0
77
90
157
171
186
207
228
240
252
303
322
341
360
382
580
635
668
692
705
1038
1052
1074
1089
1113
1131
1298
1315
2037
2064
2108
2138
2154
2171
2349
2363
2386
2461
2507
2543
2560
2577
2600
2709
2768
2801
5284
5316
7847
7883
7899
7948
7988
8015
8034
8461
8488
8879
8900
8919
8933
8948
9225
9517
9530
9552
9566
9691
9716
9728
9787
10156
10183
10197
10321
10559
10606
10622
10638
10745
10935
10947
10960
10977
11000
11019
11041
11167
11181
11196
11239
11265
11282
11295
11321
11349
11458
11498
11590
11744
11995
12076
14484
14677
14693
14711
14894
15571
15617
15633
15901
15924
16091
16104
16117
16144
16543
16850
17026
17104
17131
17166
17352
17367
17381
17406
17420
17514
17536
17558
17696
17714
17740
17773
