j48 701,3480|701,3583|701,4105|701,4208|770,2826|770,2894|823,2838|823,2906|1241,5920
j_dz 199,2518
jaafar 1169,1258|1169,1429
jaakko 234,946|298,485|568,2797|740,521|755,3555|801,5700|822,2518|822,4872|907,5576|907,5817|907,6733|907,8987|1124,5576|1124,5817|1124,6733|1124,8987|1271,2820
jaap 1202,697
jabbari 137,1964|137,2648|556,1968|556,2652
jaccard 1302,1932|1302,4562
jacek 34,16208|99,23592|139,8585|164,10025|307,9766|353,9126|389,14581|471,18784|482,8882|511,4314|602,4146|636,10146|687,8950|707,32517|820,15152|930,7100|968,797|968,987|974,2677|982,18477|1047,8293|1081,15227|1082,10906|1111,27060|1113,28885|1229,9164|1245,5094
jack 287,790|408,2826
jacket 469,996|982,21357
jacketcolor 34,7406|389,7400|820,7406|1113,14575
jackfruit15 280,1350
jacob 513,989|1178,728|1294,317|1300,815|1300,1715|1305,650
jacobian 898,1828
jacobin 898,1806
jacquot18 280,1397
jafari 137,2002|137,2686|556,2006|556,2690
jafcpereira 906,785
jaggedtop 904,1515|904,2136
jaguar 1265,2345
jahangir 593,1245|593,1571
jaim 126,3198|513,5575|607,823|607,6535|607,6804|614,3605|727,893|727,2329|727,2597|1081,13744|1113,45100
jain 79,784|79,909|636,12585|667,785|667,910|667,3591|667,3834|1087,785|1087,910|1087,3591|1087,3834|1110,3535|1191,4889|1239,784|1239,909|1245,5958|1271,2571|1271,2700
jair 34,12661|41,3145|56,7357|88,3269|115,3539|126,2631|129,3539|139,1787|164,7187|227,3220|234,2638|243,4081|267,3634|293,6113|293,7918|307,8495|318,3598|320,3187|353,8495|389,12655|445,5855|469,3932|478,7479|479,6797|479,8602|482,8068|500,4904|511,2350|513,666|550,10352|552,8765|559,7105|559,13745|563,6797|563,8602|594,7511|602,2350|614,2631|626,5325|663,5855|680,5614|687,5508|716,4233|721,2445|732,6409|735,4497|743,10929|755,3948|770,5525|776,5177|787,5072|800,6570|811,11350|820,12661|823,5537|836,8700|912,3299|933,4959|982,12379|1032,6113|1032,7918|1034,4081|1047,7187|1053,7105|1053,11348|1060,4480|1081,7655|1081,8114|1081,10443|1082,8068|1111,11038|1113,15436|1113,17603|1113,26009|1144,10184|1168,2857|1229,8242|1248,7479|1284,3634
jakarta 952,4211
jakob 122,3142|463,8487|463,12729|471,5547|707,7833|857,1481|1058,3006|1077,1511|1280,3142
jakub 72,910|72,925|78,9743|214,1112|214,1130|214,6729|568,4031|1116,1136|1116,1154|1116,5359|1198,10136
jalandhar 1097,874
jam 636,5366|636,6490|637,1192|637,1479|740,4815|1065,1087|1160,1445|1245,4083
jamaica 500,2332|1073,2337
jamaican 973,4932
jame 58,7116|78,7807|80,831|80,1403|115,2340|122,4819|129,2503|144,19282|171,2720|171,2737|227,6581|256,3282|259,2418|259,2987|259,6728|259,9351|267,2598|289,741|305,646|311,4302|311,4768|351,1943|361,4471|361,4937|368,7176|421,14005|421,17626|471,13522|485,6059|485,6386|507,3267|552,21464|552,25446|554,6081|554,6547|618,766|687,3322|707,41303|730,795|730,981|730,1057|730,1089|730,1200|730,1212|730,1861|730,1877|730,2381|730,2393|738,2898|776,8170|776,8187|776,9631|788,7116|1017,3034|1017,3361|1033,7329|1058,4483|1073,3964|1089,3178|1089,3505|1111,2348|1144,11234|1144,11251|1157,3288|1198,8200|1235,14050|1248,3598|1271,3197|1277,2331|1280,5078|1284,2598
jamestansc 618,777
jamjala 837,1117|837,1706
jammer 637,551
jamova 318,821|632,783|735,835|1030,1081|1030,1207|1060,924
jan 34,19638|164,1922|164,8317|225,979|229,503|243,3810|259,3253|293,6571|307,10968|353,10328|389,18011|421,1014|443,998|459,2230|471,3164|479,7255|482,10084|559,7951|563,7255|687,6543|707,2384|743,11337|756,1225|776,5816|820,18582|878,607|878,2084|878,4566|878,4820|879,2172|879,2473|893,3539|904,3740|913,2719|913,3125|988,4009|1032,6571|1034,3810|1047,1922|1047,9495|1053,8311|1081,2791|1081,10797|1082,9198|1097,3187|1097,9327|1097,12618|1113,524|1113,37190|1161,3011|1264,4863|1276,3376
jana 1030,969|1030,982
janeiro 388,972|557,977|1295,2192
janet 1171,1501
janez 445,5646|663,5646|732,5839
jang 430,2939|430,3259
janjao 293,8715|479,9243|559,18715|563,9399|1032,10580|1053,18714
jankowski 58,7299|243,4381|469,6050|471,14026|471,17627|707,28658|707,42954|788,7299|982,12868|1034,4704|1229,10900|1235,14616
jann 34,14166|164,9280|307,9021|353,11291|389,20586|482,8137|655,6218|740,5236|820,13110|822,4002|1047,7548|1081,11616|1082,10161|1113,39313|1123,2927
jano 5,2034
janosi 743,759|743,6824|743,17661
janski 592,2044
januari 44,2061|164,1181|164,1377|164,1892|304,1349|319,1552|447,1687|447,1988|534,2619|601,1069|622,881|638,1322|715,2251|806,2070|847,1786|860,3963|915,2204|1047,1181|1047,1377|1047,1892|1059,1701|1059,2535|1059,3800|1150,2601|1295,406|1300,529|1301,604
japan 31,1666|78,10982|144,16495|199,1775|220,929|298,5757|442,2291|485,4173|487,1302|500,2253|501,2689|554,4173|568,4292|686,851|755,763|817,889|915,887|1016,410|1073,2258|1198,7165|1199,753|1295,971|1295,1995|1300,2131
japan_credit_bureau 973,2279
japanes 34,3590|220,37|220,266|220,1159|236,1620|298,3949|389,2027|533,37|533,285|533,499|533,917|533,1151|627,37|627,276|627,413|627,1015|707,38272|820,2033|973,2789|973,4941|982,5314|1113,4886
japanesevowel 689,43|689,104|689,142|689,168|689,189|731,2719
jar 1302,2402|1302,2436|1302,2792|1302,2826|1302,3082|1302,3116|1302,3777|1302,3811|1302,3987|1302,4021|1302,4935|1302,4969|1302,5107|1302,5141|1302,5372|1302,5406|1302,5546|1302,5580|1302,5968|1302,6002|1302,9944|1302,9978|1302,10827|1302,10861|1302,10992|1302,11026
jarine 293,8599|479,9127|563,9283|1032,10464
jarkko 164,9242|307,8983|353,11253|482,8099|1047,7510|1081,11578|1082,10123|1113,39275
jartool 202,58|202,311|202,397|202,2223
jarujamru 809,1083|809,1938|809,2250
jasist 1138,5189|1138,5343
jason 1,2186|2,2186|3,2186|256,2197|311,4139|361,4139|418,3005|485,5918|507,2182|511,737|554,5918|602,737|1017,2893|1073,3697|1089,2893|1157,2203|1204,2964|1204,3252
jathavedan 74,1807|74,2081|444,2273|444,2547
jauhari 394,886
jaum 47,796|191,995|191,2965|254,957|645,896
jaundic 1197,1384|1197,1393
java 30,2613|95,1455|588,2403|636,6495|717,1490|1101,1596|1245,4088|1297,1673|1298,573|1299,573|1302,6996|1302,7039|1302,7070|1302,7120|1302,9808|1302,9851|1302,11271|1302,11720|1303,152|1303,180|1303,941|1303,969
javad 239,7140|585,5017|612,4057
javascript 1292,39|1297,3474
javier 191,1483|885,774|1042,810|1100,884|1100,5328|1100,5548|1100,5793|1100,6166|1100,6381|1267,876
jayamartin 565,738
jayant 837,1073|837,1662
jaykay 4,849
jazani 1128,1050|1128,1349|1128,1624
jblackard 655,833|655,951
jburgues8 1100,901|1100,932
jclore 760,1033
jcu 259,933|780,903|780,1238
jczerniak 968,1023
jdcta 376,1904
jdw 980,1199
je 122,3409|598,2138|907,8635|930,8416|1058,5237|1124,8635|1245,5197|1280,3668
jean 14,793|116,3415|492,2235|936,3888|1013,904|1013,1062
jeddah 404,1106
jeff 245,984|245,5256|293,1010|293,1026|311,777|311,793|361,777|361,793|500,10091|544,874|1032,1010|1032,1026|1081,795|1229,891
jeffrey 17,578|75,1145|245,3333|245,3592|245,3945|245,4213|245,4517|245,4888|245,5615|340,2928|349,5465|368,8952|418,2555|437,5465|481,2776|511,5127|544,890|602,4959|716,1508|1033,10416|1073,3555|1081,811|1168,2158|1229,907|1265,666|1265,688|1301,5926
jel 212,1016
jen 48,8051|58,3163|58,6190|63,2904|99,1457|99,14419|500,3390|500,3879|500,9752|782,2579|788,3163|788,6190|836,1040|836,6070|836,25635|930,3831|930,8260|1096,3073|1166,2904|1179,947|1235,1112|1235,11352
jeng 34,4569|164,4435|307,5743|353,6328|389,6129|482,5901|820,6135|1047,4435|1081,5610|1082,5316|1113,11044
jenkin 536,1751|536,1987|956,893|956,3610
jennif 164,6916|259,3815|307,8224|353,8224|471,4170|482,7797|552,1935|631,4661|680,2880|680,4923|687,6944|776,2837|801,1830|907,5693|1047,6775|1081,9934|1082,7797|1111,14941|1124,5693
jensen 20,1634|20,5423|666,2591
jeopardi 1128,457
jep 478,4386|982,17550|1248,3839|1279,3290
jeremi 78,2639|259,4553|471,5799|1168,1997|1198,2639
jeremia 550,25771|743,16168|825,5137|1270,533
jeremiah 467,8048
jergen 41,689|56,738|88,4184|594,738|770,7419|787,5983|823,6833|912,689|1113,27265
jerlin 212,946|212,1020
jermain 1301,5760
jeroen 75,551|349,5258|437,5258|471,4312|680,2720|687,2550|743,7953|893,575|930,3615|988,2346|1111,491|1276,2346
jerom 41,4644|55,5354|56,8856|115,1374|129,1374|256,13364|267,1469|311,7468|361,7752|485,9081|501,3439|507,13349|554,9247|594,8719|912,4507|1017,6056|1089,6056|1157,10894|1284,1469
jerri 956,884
jersey 1134,1677|1142,865
jerzi 78,10044|126,3396|144,25836|393,852|393,877|513,2877|614,3803|974,822|1116,885|1116,5406|1198,10437
jess 618,1614
jessica 607,877|607,6557|607,6826|727,948|727,2351|727,2619
jet 218,1768|218,1778|218,1789|218,1800|218,1813|218,1823|218,1834|218,1845|218,1858|218,1868|218,1879|218,1890|218,1903|218,1913|218,1924|218,1935|1295,1412
jewish 973,6324
jfonollosa 87,813|643,1212
jhausdor 245,1034
jhu 55,728|55,772|133,756|164,885|680,704|1047,885
jia 1100,5767|1301,1130|1301,2886|1305,934
jian 1186,1022|1199,2648|1301,4757
jianbin 63,2124|78,2495|243,3009|247,2439|259,4409|469,512|626,3447|782,1395|800,1349|936,3317|1034,3009|1096,609|1166,2124|1198,2495
jianchang 66,1597|287,2345|355,2547|500,5917|806,5652|836,11856
jianfeng 1301,1121|1305,925
jiang 65,502|78,2397|144,621|171,1949|247,2642|259,3962|293,4569|325,2588|421,3950|471,3653|471,5675|478,4082|479,5105|501,2934|532,534|532,1015|550,1840|550,4174|552,1492|559,1999|563,5253|631,2606|631,2709|636,993|640,982|680,2149|687,2732|701,529|707,4275|707,8350|732,1984|735,3346|738,499|743,8135|743,8502|776,2689|811,520|933,1055|1032,4065|1053,1999|1111,1036|1198,2397|1245,2327|1248,4602
jianhong 263,918
jianp 505,3068
jianwen 376,1802|376,2021
jiaotong 263,995
jiawei 1048,1500|1048,1770
jie 58,4991|169,4403|311,5524|361,5073|485,6852|500,5222|500,6796|554,7303|788,4991|836,10147|936,4190|982,4052|1017,3827|1073,5285|1089,4095|1229,5636
jihoon 41,2567|56,6779|171,2313|368,10607|594,6779|680,6853|811,16149|912,2567|1033,9789|1279,11472
jim 716,1989|1168,2260
jimã 1100,5348|1100,6186
jin 126,3167|513,5544|614,3574|1081,13713|1113,45069
jinbo 532,1563|631,2872|680,2422|811,1546
jing 78,4551|78,5485|144,7607|471,7836|532,4962|552,5649|631,4001|636,3268|707,18614|776,4841|1198,4551|1198,5485|1245,3193
jinyan 55,2858|55,4185|58,3434|169,4269|169,5660|311,5256|311,5673|320,2449|320,2816|361,5405|361,5673|445,3927|445,4725|445,4885|445,5285|471,7280|485,7184|485,7452|554,7035|554,7452|644,501|663,3927|663,4725|663,4885|663,5285|721,501|732,618|735,3562|743,8365|743,10432|780,2375|788,3434|979,2585|1017,4159|1017,4427|1073,4902|1089,3827|1089,4427|1229,5340|1229,6022|1229,6156|1229,8644
jiot 744,2941
jirina 61,4976
jist 1169,1498
jitend 293,7598|293,10197|479,8282|479,10725|552,24768|559,22299|563,8282|563,10881|735,6033|776,6706|776,9339|933,9067|1032,7598|1032,8708|1053,22777
jitesh 913,760
jitesh2k12 913,783
jitter 274,5017|274,5032|274,5057|274,5070|274,5084|274,5640|274,5655|274,5680|274,5693|274,5707|323,2846|458,3236|458,3246|458,3258|458,3269|458,3281|519,2260|519,2275|519,2305|673,2492|673,2522
jitter_ab 673,2530
jitter_ppq 673,2620
jitter_rap 673,2574
jitter_rel 673,2500
jj 80,955|723,3231|825,3992|865,1680|865,1767|1216,1172
jjr 865,1727
jjwjj 550,6771
jkanno 232,957|1251,964
jkp94 104,6645|104,6896
jl 811,4446
jmgomezh 831,944|831,4816
jminguillona 1138,752
jniewcza 974,992
jo 453,1962|532,5449|550,10867|584,881|626,7581|631,4218|687,5947|743,11060|800,9870|905,1677|936,4960|982,21752|1045,528|1069,507|1070,1087|1081,7380|1111,10398|1113,16950|1212,2719|1229,10204
joachim 268,1437|268,1460|268,1563|268,1982|836,3296|1051,933
joan 191,1258|191,8128|191,8529|312,4433|440,7264
joana 906,813
joanacrisostomo 906,831
joao 115,1924|128,521|129,2208|267,2019|522,2481|551,955|655,5575|662,3653|662,3872|662,4429|1123,495|1284,2303
joaobern 431,875
joaquin 331,1919|331,2157
joaquã 254,829|254,890|254,993|254,4980|254,5055|254,5324|254,5399
joaquín 191,789|191,905|191,1181|191,1302|191,8051|191,8172|191,8452|191,8573
job 349,4687|437,4687|590,2590|590,2729|605,2069|952,4229|1138,1673|1138,3884|1161,2154|1161,2168|1196,1955|1196,2013|1301,5713|1302,2518|1302,2639|1302,3408|1302,5260|1302,8558|1302,8595|1302,10145
jochem 1278,2187
jochen 55,3018|511,2605|602,2605|631,3005|631,3569|631,3695|687,4242|930,4795
jock 34,4515|389,4057|655,815|655,933|655,4785|655,5043|655,5315|655,6717|820,4063
jodrel 494,5501
joe 723,806
jog 467,2452|762,4050
johann 41,2407|56,6619|204,7251|256,2216|311,4158|361,4158|403,548|418,3024|418,6028|485,5937|500,5388|507,2201|554,5937|567,1238|594,6619|626,3932|626,6640|626,7223|655,5850|755,4600|770,2545|800,1955|823,2557|836,10522|912,2407|979,3729|982,7804|1017,2912|1073,3716|1073,4496|1089,2912|1157,2222|1203,7251|1229,6580|1241,5650
john 34,5274|34,6250|34,18537|34,19892|34,20275|46,670|46,710|55,4058|55,4858|58,7452|63,981|63,3229|65,2127|73,517|78,4875|99,11065|99,16595|99,17456|104,3982|104,8387|112,6841|112,7215|122,3711|122,3907|122,4293|126,4519|139,8192|144,8609|164,7986|164,8579|176,1542|203,1607|236,3253|236,3398|259,9076|277,5885|277,7942|277,10000|293,8626|307,10637|307,11230|320,3519|353,9997|353,10590|359,882|359,2117|368,10231|368,10462|389,5304|389,6834|389,16910|389,18265|389,18648|421,13341|432,493|432,996|471,1945|471,2064|471,3932|471,3953|471,10748|471,11620|479,9154|482,9753|482,10346|500,6382|500,7070|500,8218|511,4148|532,8213|532,9310|532,11331|542,1618|544,4480|550,7778|550,19741|550,21814|550,27504|550,28161|552,26548|559,18626|563,9310|576,5506|576,5671|592,757|592,826|602,3980|614,4519|626,6281|631,5415|631,6075|631,6301|636,7398|680,771|680,796|680,2032|687,7665|687,7941|707,5221|707,5242|707,27092|707,36323|721,3533|743,9771|743,13663|743,14064|743,14796|743,16882|743,17158|746,5872|746,7017|760,1021|760,2484|760,2828|760,3187|776,9971|788,7452|800,12110|811,6886|811,9452|811,15061|820,5310|820,6840|820,17481|820,18836|820,19219|836,11362|836,21384|850,786|850,798|857,2313|857,6634|857,7118|874,7470|893,3895|893,4037|907,1577|930,6656|930,8916|930,9307|974,888|979,3974|982,11074|982,19068|988,4271|1032,10491|1033,9413|1033,9644|1047,9164|1047,9757|1053,18625|1058,3375|1058,3571|1058,3957|1073,5383|1077,2343|1077,6664|1077,7148|1078,1711|1081,6004|1081,11940|1081,12677|1081,13107|1081,14538|1081,16366|1082,8867|1082,9460|1091,4102|1091,4247|1091,5399|1111,23398|1111,24063|1113,9870|1113,10809|1113,12149|1113,27349|1113,32010|1113,37444|1113,40401|1124,1577|1158,3012|1166,981|1166,3229|1171,2915|1184,2628|1198,4875|1202,3992|1229,9369|1235,10061|1235,15112|1241,6094|1245,4461|1258,2738|1276,3638|1279,10519|1279,10943|1280,3970|1280,4166|1280,4552
john_do 1277,1819
johnson 202,3321|686,744|686,866|686,2710|686,2890|686,3092|686,3272|817,784|817,903|817,1035|817,2147|817,2401|915,807|915,816|915,2320|915,2602|1016,744|1016,752|1016,1871|1016,2040
johnsson 331,1969|331,2207
johnston 488,690
johutchi 120,768|294,756
join 48,2716|63,2203|116,1646|243,3088|247,2518|304,2259|469,591|626,3526|666,2468|701,1121|782,1474|800,1428|936,3396|1034,3088|1096,688|1166,2203|1297,38|1297,106|1297,405|1297,547|1297,620|1297,846|1297,871|1297,1428|1297,2607|1301,6346|1302,178|1302,298|1302,314|1302,429|1302,1259|1302,1777|1302,1821|1302,1915|1302,3050|1302,3243|1302,3305|1302,4173|1302,4337|1302,4376|1302,4545|1302,5936|1302,6221|1302,6399|1302,6652|1302,7214|1302,8386|1302,8455|1302,8991|1302,9510|1302,11234|1302,11319|1302,11681|1303,1463|1303,1565|1305,1885|1305,2196|1305,2551|1306,666
joinandpolish 395,217
joint 55,1854|55,2791|116,5618|184,4415|184,4502|184,5291|188,3334|232,1601|277,1666|304,1524|304,1597|304,2426|325,3315|400,2669|501,2624|505,1799|545,3600|550,4297|640,2991|696,2139|696,2230|743,8625|836,4732|1030,2665|1030,2888|1061,34929|1081,5539|1107,1552|1107,1825|1113,8382|1113,17367|1113,17463|1251,1608|1285,2669
joke 831,3385
jolla 453,660|931,1252
jomaa 970,1578
jon 78,9173|120,751|144,23253|294,739|471,14602|680,9841|687,7296|707,44618|760,1093|811,24646|940,2998|1111,22477|1126,4918|1186,4739|1198,9566|1199,3800
jona 11,6276|149,13562|976,1038|976,1052|976,2217|976,2231|1057,897|1057,911|1057,2076|1057,2090
jonathan 34,5543|34,7702|78,4707|78,5630|78,6327|104,2072|115,1407|129,1407|144,8059|144,11238|144,13797|164,4844|164,5768|267,1502|307,6152|307,7076|353,5777|353,7252|389,4597|389,8637|445,6010|482,5350|482,6919|506,1846|506,2152|544,2755|550,8867|663,6010|680,4571|680,5398|680,6352|732,7318|743,10094|760,2389|760,2733|760,3092|811,8522|811,10746|811,13897|820,4603|820,9120|1047,4844|1047,5640|1081,6258|1081,7156|1081,8723|1082,5725|1082,6649|1091,3551|1113,13139|1113,16339|1113,18059|1167,1032|1167,1999|1198,4707|1198,5630|1198,6327|1284,1502
jonathon 471,5171|707,11380|707,11451
jone 88,3888|787,5687|879,41|879,270|879,391|879,2384|879,3760|1113,26969
jong 243,1181|565,1333|565,1903|1034,1181
joost 75,572|99,887|349,5279|437,5279|471,4333|550,1289|680,2741|687,2571|707,6254|743,7974|811,2539|893,596|930,3636|988,2367|1111,512|1276,2367
jordan 58,4379|71,1525|112,5618|169,4165|365,2978|398,1854|445,5181|471,10507|513,980|584,2396|663,5181|707,26465|732,4383|746,2887|746,4302|788,4379|1102,1011|1105,2629|1148,904|1148,1490|1235,5005
jordanian 584,1159
jordi 11,919|11,1072|11,6005|11,6259|11,6593|87,796|149,1083|149,13545|643,1145|643,4538|643,4797|715,1074|889,896|889,1049|931,1148|1100,5776
jordã 184,1082
jorg 184,4618|312,889|312,3481|312,3763|312,4055|312,4355|312,4799|440,937|440,5895|440,6278|440,6587|440,6882|440,7186|440,7572|1269,2872
jornada 420,3761
jose 147,903|253,878|331,918|331,1901|331,1939|331,2139|331,2177|467,7776|482,3098|532,5425|545,944|550,10843|576,870|631,4194|687,5923|743,11036|980,1159|1081,7356|1082,3098|1111,10374|1113,16926
josep 191,1437|500,8018|1229,8273
joseph 35,936|231,1003|495,972
josephin 75,3847|349,5928|437,6243
joshua 1301,4090
josquin 24,930
jossinet 598,806|598,2005|598,2160
josã 492,2296|831,915
josé 463,8600|463,8850|463,12842|463,13147|906,771
jouf 903,1171|903,1198|1281,1189
journ 885,1634
journal 5,483|12,2418|25,4594|25,5447|28,1570|34,3252|34,9730|35,4378|41,1987|44,2007|44,2256|56,6199|58,4420|63,2018|80,1490|95,2343|96,3462|99,2056|112,5659|116,2134|119,1510|122,3036|125,4877|133,3576|133,3784|137,2144|137,2828|149,12853|160,1419|160,1674|160,1875|161,2116|161,2788|164,3666|164,6272|169,4206|185,3721|199,2330|199,4872|199,5223|204,7127|214,6741|215,1717|227,1183|227,1798|239,6234|239,7990|259,3052|259,3894|274,4080|274,6398|274,7098|280,1840|280,2090|293,916|304,3625|304,3792|307,4974|307,7580|312,3871|321,2998|322,26660|322,27881|325,2805|340,2121|340,2358|340,2869|348,2577|351,623|353,4974|353,7858|360,2335|365,3019|376,1925|383,1571|385,3836|389,1689|389,10640|398,1895|405,2495|405,4370|405,4657|421,3503|440,6694|445,5222|447,1082|451,3628|471,4249|475,2469|475,2723|479,894|482,4547|482,7431|485,4972|485,5109|499,2353|501,2415|520,1650|522,2040|532,6446|540,3062|542,1143|549,8615|554,4972|554,5109|556,2148|556,2832|563,894|567,4559|579,1887|579,2148|585,3368|585,4446|585,4937|585,5190|585,5831|585,6187|585,6384|586,2858|586,3453|588,4747|588,5124|589,3544|594,6199|601,1286|601,1605|612,2408|612,3486|612,3977|612,4230|612,4871|612,5227|612,5424|626,4518|631,4614|640,1578|648,4682|662,4089|663,5222|680,2959|680,6668|686,2829|686,3211|687,6749|707,5791|732,4424|737,2695|740,1122|743,7049|744,2739|744,2772|745,4100|745,4594|746,4343|747,4367|747,4930|766,2319|770,1602|784,661|785,2855|785,3084|785,3254|788,4420|800,3318|801,1113|807,2344|807,3253|809,2132|809,2444|811,3139|811,14986|817,2320|817,2574|820,1695|820,10646|822,2843|823,1614|835,1650|857,1043|862,1386|862,1578|864,1539|887,1519|907,5511|912,1987|913,2249|922,2598|930,4049|936,3649|977,1332|977,1847|985,3834|1028,2122|1028,2321|1028,2937|1032,916|1047,4069|1047,6272|1058,2900|1059,3052|1063,3834|1077,1073|1078,1557|1081,3683|1081,9039|1082,4547|1082,7153|1084,4110|1084,4371|1084,4760|1084,4769|1097,3043|1097,3066|1097,9183|1097,9206|1097,12474|1097,12497|1101,2821|1102,1052|1105,2283|1111,14035|1113,4548|1113,21922|1116,5416|1124,5511|1138,3334|1138,5197|1144,9559|1144,9907|1155,1671|1166,2018|1168,723|1168,1809|1185,1848|1203,7127|1204,3429|1220,1463|1220,1869|1235,5046|1237,2767|1237,3342|1237,3365|1237,3664|1253,3558|1257,3248|1264,951|1264,5025|1264,5336|1271,3022|1278,1284|1280,3036|1300,1609
joydeep 34,11094|58,5105|78,5912|144,12243|164,6754|307,8062|353,8062|389,11617|471,8546|482,7635|506,1989|707,20069|740,5857|788,5105|801,8508|820,11623|822,4246|907,7110|982,8312|1047,6613|1081,8162|1081,9638|1082,7635|1113,15810|1113,22370|1124,7110|1167,1558|1198,5912|1229,6717|1235,7638
jozef 188,2032|318,798|632,760|735,812|1030,1057|1030,1183|1060,901
jp 220,973|368,1397|368,6447|598,699|598,2156|686,886|755,795|755,825|756,921|817,923|913,2612|913,2774|913,3018|915,836|1016,772|1033,1397|1033,6447|1199,785|1199,815
jp13 79,2289|667,2241|1087,2241|1239,2289
jpastor 420,955
jpdeshazo 760,1106
jpeg 8,3115|8,3329|186,1139|615,1703|952,337|952,3632|952,4121|1204,1848|1249,156|1249,167
jpg 132,205|153,147|153,159|153,171|153,183|153,194|153,206|558,151|558,183|558,210|558,240|564,490|564,1050|564,1161|564,1365|564,1476|647,1944|829,2199|829,2234|913,486|913,2430|952,171|952,190|952,220|952,472|952,612|952,843|952,1319|952,1398|952,1541|952,1555|952,1639|952,1654|952,1709|952,1909|952,2012|952,2039|952,2188|952,2204|952,2242|952,2369|952,2664|952,2695|952,2713|952,3091|952,3106|952,3180|952,3197|952,3665|952,3748|952,3771|952,3796|952,4133|952,4145|952,4206|952,4234|952,4285|952,4812|952,4906|952,4926|952,5008|952,5101|952,5123|952,5204|952,5245|952,5262|952,5324|1187,191
jpl 202,846|202,924|202,952|202,1303
jpmdesa 431,786|598,782
jr 905,560|1212,2364
jr1 1138,3898
jr2 1138,3985
jrj 116,3374|800,5965
jsb 766,1079
jsbach_chorals_harmoni 1156,116
jsen 985,3899|1063,3899
json 201,1762|276,124|499,1520
jt6 78,9305|144,23385|471,14734|680,9973|687,7428|707,44750|811,24778|940,3130|1111,22609|1126,5050|1186,4871|1198,9698|1199,3932
jtorr 191,813|254,1018
ju 831,3588|1281,1233
juan 78,4274|115,2639|115,2834|115,3003|115,4907|115,5287|115,5482|129,2639|129,2808|129,3253|129,4780|129,5160|129,5355|140,814|184,771|219,509|219,1543|219,3141|267,2734|267,2903|267,3348|267,4875|267,5255|267,5450|331,1930|331,2168|478,15622|605,3878|605,4047|605,4242|605,4358|605,4786|680,4155|760,2427|760,2771|760,3130|973,812|973,1050|973,6601|973,6903|1100,5336|1100,6174|1198,4274|1248,13578|1284,2734|1284,3179|1284,3374|1284,4675|1284,4870|1284,7015
juancolonna 184,793
jubile 1101,2571
jude 63,1812|1166,1812
judg 79,1149|79,1220|282,2463|282,2534|289,1445|604,2350|667,1151|667,1222|858,1700|1087,1151|1087,1222|1192,3385|1192,3456|1239,1149|1239,1220
judgement 97,2171|201,4046|1144,3796|1144,3974
judgment 304,2110|607,1099
judit 717,902|717,2163|1101,1009|1101,2165|1101,2525|1101,2811|1101,3121
judith 55,4879|122,3732|203,1628|259,9097|277,7963|320,3540|421,13362|471,3884|532,9331|542,1639|552,26569|626,6302|631,5436|721,3554|776,9992|800,12131|857,6655|979,3995|982,19089|1058,3396|1077,6685|1158,3033|1202,4013|1229,9390|1241,6115|1280,3991
juha 34,8695|164,6002|256,7753|307,7310|311,6019|353,6925|361,6019|389,7673|482,6592|485,7798|500,6909|507,7738|554,7798|735,4544|787,3480|801,7557|801,9649|820,8156|836,14344|907,7396|907,7958|933,5366|1017,4773|1047,5874|1060,3950|1081,8430|1082,6883|1089,4773|1113,19402|1124,7396|1124,7958|1157,7759
juho 115,4088|129,4088|267,4183|471,9987|478,9797|626,5374|707,24039|800,6997|1248,9797|1284,4050
juic 74,1379|444,1762|973,2798|973,4950
jul 31,507|31,1017|124,6558|195,2183|195,2645|383,1911|585,3429|585,6842|612,2469|612,5870|768,2197|768,2658
julho 147,1196|253,1162|253,1882|545,1133|545,1749|576,1059|576,1622
juli 5,800|7,823|95,1360|111,3400|114,2533|164,1560|184,4662|205,2552|218,2228|218,2406|227,501|268,3140|287,2020|293,1992|307,3879|308,2539|322,1243|323,4146|353,3879|385,1258|391,1795|391,3071|404,1890|455,2196|455,2373|471,5913|479,2676|482,3279|529,1052|544,2610|545,3453|563,2676|576,419|576,432|839,4780|858,1608|915,2221|929,1716|980,925|980,1013|1015,3453|1032,1992|1047,1560|1061,35638|1082,3279|1092,2271|1144,9261|1300,747|1301,450
julia 544,3022|874,2743|982,2400|1229,5095
julien 112,6038|139,7594|310,557|511,3921|542,934|602,3753|632,1746|740,8162|746,8098|801,10167|822,5072|907,8091|1107,1500|1107,1787|1124,8091|1158,2708|1168,790|1168,798
jump 55,4261|169,5736|277,6350|398,2614|467,2480|467,2494|467,2518|467,2538|467,2570|648,2634|762,4092|982,17265|995,3357|1229,8720
jun 78,6060|78,10858|99,3827|99,18602|144,12775|144,16371|220,751|220,941|263,832|298,3521|298,5633|325,4749|358,2913|358,3174|471,6754|471,14384|487,507|511,2024|511,5358|525,2117|525,2384|568,3595|568,4168|602,2024|602,5190|707,11850|878,1457|879,2218|879,2490|930,4521|930,9679|1198,6060|1198,7041
junaid 1028,1354
junction 48,6168|256,4754|256,12793|261,68|261,159|445,63|445,327|445,430|445,1189|445,4549|478,8646|507,4739|507,12778|513,1427|513,4355|537,210|636,13311|663,63|663,327|663,430|663,1189|663,4549|707,20905|732,63|732,336|732,576|732,1292|732,2623|732,2691|732,2888|732,8530|732,10419|732,11384|732,12387|732,13509|732,13903|732,15281|1157,4760|1157,13920|1167,1934|1235,5184|1235,8264|1248,8646
june 30,2347|112,4423|115,6704|124,5814|124,6083|129,6577|149,9302|164,1415|188,3017|208,1464|232,5295|266,1927|267,6672|293,1987|321,3067|426,3110|426,4342|442,2093|458,4108|467,8021|478,11820|479,2671|519,3121|545,4030|563,2671|666,2958|666,3042|839,4394|1032,1987|1042,4311|1047,1415|1050,1331|1050,1857|1161,975|1161,4760|1161,5416|1248,17332|1251,5399|1283,3110|1283,4342|1284,6092|1295,978|1300,370|1301,2457|1301,2651|1301,3500|1301,3732|1301,4225|1301,5650
junk 743,6695
jupit 217,1654|457,59|457,131|997,59|997,125|997,211|997,226|1114,270
jurofm 171,1440
jussi 134,553|259,5175|259,7249|393,2966|421,6835|421,19435|500,6493|500,8836|532,4413|631,3836|636,4313|836,13319|836,23027|1245,3524
just 24,3039|24,3215|25,3241|44,1556|139,833|149,8529|256,1909|359,2419|388,4145|507,1894|552,12542|584,872|707,45558|707,50861|721,2163|739,2258|825,3085|831,3216|836,2665|836,21593|881,3738|1113,10195|1144,5179|1157,1915|1235,15461|1279,1898|1279,1966
justic 322,27343|322,27362|322,27647|1061,36118|1061,36137|1061,36422
justif 227,1266
justifi 732,7179|836,5268|1279,1806
justin 164,4581|266,832|266,1678|307,5889|353,6474|482,6047|680,4698|1047,4581|1081,6915|1082,5462
jutland 666,60|666,314|666,1027
jwj 956,1018
