0
71805
71824
71866
71889
71903
71927
71941
72080
72121
72144
72167
72190
72258
72326
72385
72426
72449
72472
72540
72608
72631
72654
72677
72727
72750
72773
72796
72827
72849
72872
72895
72918
72941
72963
72994
73017
73040
73096
73226
73239
73262
73296
73319
73332
73345
73358
73371
73384
73397
73419
73432
73445
73565
73596
73627
73658
73689
73711
73726
73811
73833
73855
73878
73900
73922
73944
73966
73988
74010
74032
74054
74139
74153
74238
74260
74282
74304
74326
74348
74415
74437
74459
74481
74503
74525
74574
74623
74645
74667
74689
74711
74733
74769
74792
74985
75796
75819
75833
75874
75905
75932
75994
76009
76209
76919
76932
76991
77148
77231
77262
77311
77338
77393
77416
77462
77519
77545
77581
77606
77625
77646
77661
77700
77765
77794
77809
77852
77878
78097
78127
78439
78812
78825
78837
93315
94538
94558
94586
94602
94624
94647
94688
94709
94744
94771
94791
94845
95153
95787
95854
95883
95915
95949
96202
96244
96261
96278
100806
100822
100847
100869
100882
100894
101025
101953
101975
101999
102294
102473
102519
102534
102553
102584
102604
102706
103634
103668
103702
103736
104325
104349
104392
104673
104729
105330
105352
105373
105395
105421
105496
105515
105610
105653
105678
105703
105741
105851
106535
106556
106577
106910
106980
107982
113162
113193
113214
113238
113254
113349
113444
113468
113749
113768
113834
113949
113975
114025
114049
114083
114933
114949
115007
115302
115319
115345
115725
115751
116301
116324
116338
116358
116373
116454
116488
116512
116538
116559
116934
117408
117439
117893
118090
118135
118537
118556
118578
118619
123087
123105
123123
123157
123180
123204
123229
123258
123303
123413
124301
124321
124474
124516
124731
124744
124756
125873
125987
126636
126660
126682
126713
127187
127850
127866
127883
127898
128835
128878
128928
128982
129070
129091
129128
129966
129991
130016
130036
130815
130886
130910
130941
131083
131103
131128
131149
131180
131198
131213
131325
131344
131367
131396
131421
131446
131461
131474
131821
131895
131916
131932
131956
132104
132147
132184
132362
132549
132570
132611
132626
132685
132713
132902
132921
133348
133410
133426
133442
133458
133497
133548
133663
133684
133699
133724
133749
133784
135070
135687
135912
135964
135992
136119
136142
136176
136205
136249
136330
136343
136468
136681
136696
136728
136746
136764
136782
136827
136849
136863
136877
137217
137241
137266
137282
137332
137403
137428
137455
137469
137507
137532
137549
137574
137660
137674
138785
138813
138832
138856
138886
138910
138936
138952
139192
139689
139742
139755
139770
139811
139837
139851
141234
141278
141325
141359
141557
141587
141637
141687
141737
141786
141805
141828
142432
142572
142623
142665
142681
142708
142817
142868
142974
143000
143229
143247
143303
143321
143348
143375
143395
143472
144188
144223
144282
144305
144327
144421
144451
144468
144487
144509
144526
144552
144577
144597
144613
144633
144646
145278
145303
145332
145357
145377
145684
145702
145730
145747
145774
145791
145808
145835
145852
145869
145886
145903
145940
145954
145979
145991
146058
146073
146117
146627
146650
146663
147586
147614
147631
147649
147675
147733
147769
147788
148088
148110
148135
148148
148164
148176
148200
148238
148255
148274
148290
148303
148324
148395
148858
148881
148909
148960
149016
149032
149074
149091
149309
149328
149344
149360
149376
151345
151374
151400
151557
151573
151597
151626
151655
151759
151791
151872
151919
151937
151950
151985
152073
152327
152416
152430
152500
152517
152531
152547
152592
152624
152907
153162
153179
153205
153234
153264
153277
153299
153314
153340
153358
153401
153417
153440
153456
153477
153615
153639
154710
155867
155894
155970
156201
156235
156251
156329
156345
156359
156376
156393
156457
156483
156566
156586
156602
156630
156661
166334
166357
166378
166402
166439
166468
166492
166520
166537
166598
166635
166672
166741
167113
167127
167151
167167
167192
167321
167365
167380
167405
167469
167562
167741
167796
168160
168177
168190
168225
168254
168276
168309
179791
179820
179838
179857
179895
179922
179939
179954
179977
180011
180049
180088
180111
180126
180154
180171
180200
180222
180242
180259
180398
180415
181063
181078
181096
181124
181155
181171
181186
181202
181291
181312
181325
181340
181355
181372
181407
181506
181523
181782
181807
181819
181843
181865
181899
181940
182599
183082
183171
183365
183425
183498
183585
183601
183626
183992
184014
184245
184265
184291
187812
187854
187874
187896
187915
188024
188043
188134
188583
188647
188669
189444
189478
189791
189812
189866
189935
190038
190063
190081
190119
190170
190184
190224
190237
190257
190275
190765
190809
191322
191339
191362
191393
191584
191615
191657
191673
191699
191714
191776
191790
191806
191832
191846
191870
191980
192008
192043
192069
192178
192211
192228
192690
192752
192780
192797
192830
192847
192932
192950
192978
193002
193071
193364
193399
193413
193427
193468
193535
193600
193619
193634
193674
193791
193973
193994
194070
194096
194137
194173
194197
194231
194258
194285
194315
194331
194358
194391
194405
194430
194455
194479
194505
194577
194592
195263
195280
195296
195312
195848
195864
195881
195906
195934
195953
196044
196188
196205
196241
196334
196414
196495
196509
196549
196582
207919
207933
207968
207990
208161
208178
208192
208609
208625
208660
209207
213008
213032
213051
213081
213099
213723
213773
214384
214420
214439
214457
214472
214487
214504
214520
214537
214615
214633
214661
214689
368452
368468
368486
368515
368533
368552
368588
368616
368634
368679
368705
368727
368745
368760
368811
368837
368880
368901
368921
368938
368959
368979
368997
369023
369040
369059
369079
369099
369131
369186
369233
369476
369495
369529
369915
369938
369959
370064
370082
370127
370144
370172
370244
370258
370278
370293
370310
370326
370348
370363
370388
370402
370415
370516
370533
370575
370599
370617
370632
370685
370705
370753
371447
371471
371494
371540
371746
371836
371854
371873
371896
371912
373605
373621
373646
374052
374082
374097
374124
374157
374189
374342
374369
374635
374656
374678
375390
375405
375504
376041
376065
376204
376398
376682
376743
376911
376925
377072
377125
377574
377592
378023
378049
378064
378095
378223
378811
378847
378864
379005
379023
379040
379155
379173
379332
379362
379384
379398
379425
379453
379516
379533
379566
379584
379620
379727
379742
379775
379793
379942
379986
379999
380082
380105
380127
380143
380320
380336
380388
380415
380442
380457
380555
380570
380584
380827
380857
380896
386167
386186
386265
386353
386458
386481
386497
386514
386549
386595
386611
386639
386660
386675
386693
386713
386733
386746
386771
386796
386853
387026
387079
387103
388650
388745
388909
388933
388959
388983
389355
389372
391441
391527
394521
394539
394648
394692
394723
398010
398036
398300
398548
398591
400323
400345
400358
400391
400432
400473
400523
400962
401024
401054
401084
401118
401144
401211
401228
401289
401443
401462
401505
401519
401534
401548
401570
401592
401795
401832
401876
401917
401935
401959
401995
402009
402062
402148
402195
402354
402633
402748
402768
402797
402826
402875
402897
402920
402964
403230
403250
408739
408761
408775
431117
437513
437538
437555
437578
437601
437620
437636
437657
437674
437694
437716
437738
437753
437772
437803
437822
437839
437876
437893
437907
437940
437966
437981
438007
438026
438045
438064
438081
438282
438315
438334
438351
438410
438522
438559
438582
438597
438679
438755
438798
438912
438947
438966
438984
439008
439022
439042
439469
439504
439539
439566
439581
439623
439641
439654
439687
439730
439755
440199
440214
440347
440360
440411
441014
441031
441065
441287
441307
441444
441473
441884
441904
441951
442043
442114
442160
442395
442409
442423
442437
442482
442814
442861
442886
442903
443865
443909
444862
444988
445012
448617
448702
448882
448904
448929
449033
449071
461784
461853
461866
461881
461980
462023
462066
462098
462359
462383
462425
462455
462473
462533
462565
462582
462605
462627
462647
462706
462773
462790
462811
462854
462868
462904
463058
463131
463145
463164
463393
463408
463423
463440
463462
463479
463502
463515
463538
463553
463566
463585
463638
463659
464007
464022
464040
464057
464183
464202
464226
464243
464265
464331
464422
464469
464513
464584
464609
464636
465348
465643
466131
466153
466180
466204
466659
466683
466699
466752
474394
474426
474736
474790
474858
474873
474892
474941
474967
474995
475223
475785
475802
475828
475847
475862
475876
475984
476059
476082
476110
476124
476138
476155
476188
476205
476241
476261
476288
476323
476338
490225
490239
490272
490291
490316
490334
490348
490361
490376
490393
490465
490514
490735
490752
490765
490902
490966
490985
491032
491184
491225
491239
491262
491387
491776
491791
491805
491959
491987
492037
492441
492710
492766
492915
492985
493087
493103
493129
493204
493231
493318
493369
493385
493402
523051
523082
523107
523133
523169
523196
523221
523240
523263
523277
523632
523678
523693
523772
523843
523858
524316
525348
525433
525452
525485
525502
525528
525579
525593
525701
526005
526060
526077
526182
526207
526231
526256
526270
526286
526317
526333
526348
526366
526827
527007
527038
527062
527144
527161
527535
528808
528834
529124
529138
529151
529218
530574
530599
530625
530756
530835
530912
531517
531538
531555
531583
531645
531691
531717
532489
535781
535841
535873
536012
536038
536144
536226
536272
536289
536308
536326
536347
536390
536439
536521
536547
536565
536617
536860
539464
539482
539511
539526
539540
539560
539597
539622
539658
539672
539769
539785
539820
540005
542812
542848
542885
542915
542940
542965
543020
543075
543128
543181
543217
543253
543304
543365
543414
543463
543500
543552
543610
543660
543701
543742
543781
543820
543872
543924
543974
544024
544076
544120
544164
544208
544250
544292
544350
544408
544464
544520
544554
544588
544632
544681
544730
544781
544832
544854
545220
545248
545276
545295
545314
545333
545347
545400
545416
545430
545499
545517
545630
545652
545959
545978
546000
546035
547353
547446
547638
547785
547801
547824
547850
547874
547887
547908
547921
547935
547949
548046
548061
549318
549456
549473
549500
549520
549559
549587
549636
549650
549671
549685
549699
549734
549756
550136
550153
550342
550363
550380
550407
550423
550474
550488
550502
550562
550625
550671
550682
