70 34,17139|52,7768|52,16372|52,16740|75,3020|75,3271|139,2673|139,11292|144,18250|144,24875|164,1205|178,1863|219,2032|234,2777|234,2838|256,2677|282,973|298,5218|305,931|312,1896|315,1341|322,20449|322,25854|389,15512|393,1776|393,1791|398,2047|418,4092|440,2144|469,5910|507,2662|532,2267|532,2281|532,2353|549,4692|550,3372|550,9126|552,3429|552,5559|559,17027|592,5258|605,2612|605,2625|605,2636|605,3593|650,4521|656,641|687,2134|707,22026|707,22046|715,6512|735,1080|735,1670|738,1807|743,6576|760,2571|760,2915|760,3274|770,2468|770,3890|770,7074|770,9741|800,14011|820,16083|823,2480|823,3902|823,6488|823,9155|860,1247|860,5943|878,4651|931,4871|933,8876|948,1160|974,1504|982,14751|982,14938|1047,1205|1053,17505|1060,2231|1061,19429|1061,19704|1081,1355|1113,5318|1113,43462|1116,2868|1126,3189|1157,2683|1192,973|1235,6527|1235,18292|1235,18323|1235,18505|1237,445|1237,1318|1264,1660|1279,5018
700 125,3041|128,2811|205,1976|215,1350|418,11712|478,9562|629,2224|713,1938|809,1593|1054,2179|1061,29581|1061,29589|1113,36969|1248,9562|1253,2028
7000 205,2053
7001 626,1212|626,1440|1045,757
70015 52,5783
700334848 1061,20138
7007938 952,323
701 35,3459|588,5432|1224,1853
70126 442,734|1158,866
70172 52,11122
702 973,3183|1005,1429
70219 565,667
7027 214,1870
702756 1061,28331
7028 592,4677
703 347,1691
7032612 1143,1803|1143,2128
704 149,11865|219,1660|696,2318|887,535
7051 1040,642
706 588,5436
70624 1091,631
7062606 323,674
706344058 1061,26816
7066437 1061,24915
707 800,15057
7070 25,1055|274,1016
707327314 1061,19032
708 822,826|974,957
70809 443,810
708385 1061,26059
70874 656,1674
708901 1061,28967
71 21,3817|21,4033|52,14021|52,18888|52,20024|75,2465|99,9914|144,1940|144,19313|189,1409|214,1172|282,1026|322,22022|418,4428|421,5798|421,17488|421,17943|428,2030|459,1612|471,2374|488,3438|532,2346|549,4714|550,3545|550,9418|592,5278|615,581|615,1280|625,3733|661,846|687,2173|707,13014|707,22031|738,3397|743,6599|836,5383|878,4721|1061,22041|1061,22304|1061,22897|1061,23351|1061,23566|1061,29096|1097,5934|1116,1192|1148,664|1148,1320|1192,1026
710 66,902|185,649
71126 52,13524
712 740,3552|1232,1528
7124 982,13682
7125 982,9744
713 347,1541|347,1870|1070,951
714 501,720|743,1053|1178,881
71416 94,757
71494 643,856
715 77,1088|149,11694|1061,28426
7151267 396,3908|396,4784
716 839,4412|1224,1229
71679 763,832
71727 52,9778
71732 700,849
718 347,1519|1070,955
7182 899,2863|899,4151
7189 584,2021|1061,26295
719 149,11687
7195 184,562|184,1789
71sigma0 104,8592
72 34,2785|52,5102|75,3023|104,5573|104,8513|117,2413|144,27283|149,1342|149,1470|149,1833|149,5535|149,5615|149,10929|149,11153|203,2228|227,3567|227,3597|234,3949|270,1252|282,5840|282,6337|322,22082|322,23471|322,25197|359,599|389,1222|418,5252|420,2184|420,2362|420,3286|549,4735|550,9129|592,5298|687,2212|707,12954|738,1812|738,3332|743,6622|745,1925|770,3895|800,703|811,4394|820,1228|823,3907|834,592|836,19602|836,19738|878,4724|933,12147|933,16866|1054,775|1061,22010|1061,22078|1061,22808|1061,29608|1105,1763|1113,6545|1192,5840|1192,6337|1195,2151|1195,2688|1265,3017|1275,918|1279,13084
720 857,7955|883,2266|1077,7985
7200 636,11174|1245,473
72009 1061,19650
72012 52,7056
72020 58,726
72033 788,726
720788 1061,28068
721 61,5605
722 111,2591|111,2665|552,2075|839,4418
722foster 732,8341
722xavier 801,7528
723 1030,1620
72330 52,9644
72373 321,700
72381 858,758
7239 592,5126
724 800,14448
725 86,4930|192,823
72506 903,791
727 625,5481
728 665,2070|1061,28430
7280 592,5265
728058986 1061,22068
72827 52,8265|52,12355
728430851036 812,2786|812,2968
729 61,5609
7291 321,771|1184,2994
7299 191,4908
72krista 550,25734
72ron 99,22546
73 34,16935|34,17134|52,7101|52,16891|52,19448|52,20332|99,7572|99,22431|99,22487|104,8525|117,2298|117,2354|163,1809|178,4580|184,4869|229,815|234,5033|282,1091|322,25173|389,15308|389,15507|396,3224|451,3526|478,10645|478,15337|488,3360|488,3398|488,3518|549,4757|550,5165|550,25619|550,25675|550,28368|559,8271|559,14966|592,5318|631,2545|636,2871|650,4516|732,2564|732,15236|743,6645|770,1996|800,13484|800,13526|811,16105|820,15879|820,16078|823,2008|836,5510|878,4727|913,2735|913,3141|933,8871|982,6611|1053,8631|1053,15444|1061,19613|1061,21019|1061,23602|1105,2324|1111,17700|1111,23616|1113,5309|1113,5321|1113,5333|1113,5342|1113,5345|1113,5354|1113,25030|1113,43453|1113,43465|1113,43477|1113,43486|1113,43489|1113,43498|1192,1091|1229,3781|1235,4971|1235,19260|1248,10645|1248,13293|1253,777
730 821,1939
7302 916,2706
7322564 1061,18955|1061,19636
733 149,11940|322,26358|322,26368
73392777 1061,22838
734 1281,1995
73498 492,1682
735 393,2673
73545 52,7670
7357 592,5006
736 665,2074
73629 441,701
7367 184,3669
7368 86,4841
737 79,879|79,1036|149,11757|667,880|667,1037|1087,880|1087,1037|1239,879|1239,1036
7371 592,5905
737136 549,1186|549,1339
7374 184,3674
73790 52,4474
738 347,2003
7380 492,1698
738089083 1061,22518
7387712196 464,1034
739 476,1023
73951 22,811
74 52,15574|52,18980|52,20439|75,3026|234,5315|256,828|305,1025|322,22070|322,22363|322,24594|322,25137|322,25878|383,825|383,2471|418,9744|430,2622|430,2629|445,2409|488,3479|507,813|522,1440|542,1444|549,4779|550,3550|550,9427|550,15826|552,10405|559,8274|559,15922|592,5338|625,6752|636,8802|663,2409|707,8758|707,13037|707,21985|715,6524|743,6667|746,8407|800,14983|817,1181|836,15629|893,3317|896,1096|933,1463|973,3618|982,898|1053,8634|1053,16400|1061,20991|1061,21967|1061,25634|1061,28152|1111,13810|1111,17662|1111,17683|1140,554|1140,733|1140,9492|1140,9601|1157,834|1202,1555
740 35,3191|280,1857|280,2107|393,2677|576,555
74048307 1061,23530
74091 52,8638
7425 592,5424
7429 383,833|383,2479
74331 436,716
7436 592,4091
744 149,11619|715,6712
745 149,11572|149,11626|421,20769
745000 927,485
7450159714 191,4999
7457 899,2592|899,3880
7458 899,2079|899,3367
7459 383,838|383,2484
746 360,1350|360,1408|360,1672|360,2163|360,2397|360,2517|360,2573|360,2948
74642 277,2658
747 280,1861|280,2111|1061,28493
748 430,565|430,1343|430,1395
74888 186,698
749 567,2523
7491 277,2591
74927 551,861
7494 72,2250|478,12060|552,1397|1248,17572
74944 1061,20493
75 34,15849|34,16892|34,17126|52,3399|52,5998|52,15459|52,18107|52,18900|73,951|75,3234|78,2322|84,1674|87,1901|87,1973|87,2035|87,2112|88,4462|139,10364|144,3584|144,12095|149,1700|203,2264|232,3618|234,4989|272,1898|305,1068|322,20066|322,25872|330,1763|389,14222|389,15265|389,15499|398,600|398,4184|418,4095|418,4416|418,4434|421,1693|421,1696|432,1430|445,2418|494,5305|532,2329|549,4800|550,9492|550,23183|550,23394|552,22842|552,22979|552,23046|559,8277|559,17237|592,5357|605,3207|640,7272|650,4508|663,2418|707,17985|707,34062|715,6783|716,2772|716,2785|740,7477|743,570|743,4588|743,6692|770,2007|800,14959|811,15775|811,21773|811,21785|820,14793|820,15836|820,16070|823,2019|825,3665|836,19487|874,8086|893,3401|930,2690|933,8863|982,6479|982,14941|1053,8637|1053,17715|1061,22004|1061,22189|1061,23000|1061,25583|1061,28636|1100,4005|1105,2115|1113,41809|1198,2322|1251,3625|1264,5404
750 40,1827|40,2057|368,3508|879,537|985,3247|985,4190|1033,3508|1063,3247|1063,4190
7500 931,6326|931,11151|931,12608
75006116 1061,25606
75080 655,1286
75093454 1061,19982
75128 540,743
7515 478,7079|1248,5935
7525 394,1293
753 1253,3671
75358 534,796
754 1046,672|1224,1269
755 68,758|149,11612|878,4248
756 149,11797|1046,588
75696 52,6683|52,11575
757 149,11858|149,11933|985,3251|985,4194|1063,3251|1063,4194
75730 567,813
758 35,2933
7583 52,12249
75883 847,8844
759 52,15535
7590 1061,20820
75h 552,23116
75m 124,2439|935,2182
75â 1177,4131|1177,4896
76 52,6941|52,9770|52,12401|75,3029|86,527|86,670|86,1276|86,2286|86,4365|86,4888|86,5169|144,25558|201,2173|315,3403|322,26315|394,579|418,9747|430,2890|478,10663|549,4821|550,9458|550,13919|550,15865|552,10444|559,8280|586,2510|592,5377|707,13031|738,3254|743,1116|743,6715|770,2435|770,7041|770,9708|776,1515|801,1711|823,2447|823,6455|823,9122|825,3695|836,15632|836,19682|885,434|982,6577|1053,8640|1061,19841|1061,20046|1061,21681|1061,22226|1061,22695|1061,28947|1102,1359|1111,13849|1113,25325|1123,2659|1248,10663|1271,1283|1271,2015|1279,5046|1279,6594|1279,13176
7600 1061,28471
76000 1057,499
76069 1097,787
76096 52,10776|52,11069
761 1061,28314
76131 1278,982
762 732,3275
76250 52,8905
763 1061,28398
763500 80,1008
764 1253,3675
7643 592,5603
764785553 1061,27803
765 732,3310
765131 1061,20691
76540 52,14230
7656 592,5345
765878 164,2020|1047,2020
76606 12,796
7672 812,829
768 99,1130|144,10374|144,18262|421,3136|421,4188|421,6544|421,20745|513,4731|539,577|539,1371|539,1414|550,5516|550,7212|550,15676|552,6606|552,10255|559,16075|636,8955|640,1220|640,3684|707,21733|738,779|770,10322|811,2492|811,6052|823,9736|893,872|933,4157|982,20534|1053,16553|1111,2187|1111,6223|1111,7149|1111,11764|1111,13312|1111,13660|1111,14228|1111,18971|1111,19521|1111,21839|1111,23604|1111,23608|1111,23630|1111,23652|1111,23674|1111,23694|1111,23713|1111,23731|1111,25054|1111,27504|1113,7702|1113,18908|1186,2940|1186,6386|1279,13122
7687 592,5066
769 149,11872|513,6059|707,14714
7695 191,4882
77 5,792|7,815|25,702|47,7282|52,7581|52,8284|52,12615|52,14029|52,20051|99,7569|99,23978|104,8510|104,8631|139,10337|307,4312|322,23489|353,4312|381,1794|421,1597|478,10569|478,10587|482,3477|482,3717|488,3565|492,1899|495,713|549,4843|559,8283|559,9951|592,5397|625,2693|636,2996|707,22000|738,1730|745,382|745,1744|745,3509|770,1911|770,1922|770,1933|770,3001|770,3813|780,1113|785,3139|800,14971|800,15052|823,1923|823,1934|823,1945|823,3013|823,3825|916,3516|948,1121|1053,8643|1053,9951|1061,19571|1061,21875|1061,22232|1061,25747|1061,28514|1061,29597|1082,3477|1082,3717|1111,17640|1191,1518|1248,10569|1248,10587|1279,6546|1279,6653
77041 899,779
771 701,4779|800,15011
7712002 163,898
772 478,1246|478,1362|625,3026|857,7947|1077,7977|1248,1246|1248,1362
77200 52,11602
773 149,11565|149,11804|149,11994|1107,1696
77388713 1061,24261
774 784,2937|933,13563
77497 422,793
775 149,11490|732,3378
776 776,938
7767327 315,935
777 948,580
777565216 1061,19588
778 1107,1700
77800000 1127,6444
77834736 1061,23851
778523702 1061,24191
7788 140,2558|794,3618|794,3868
779 784,2798|933,13424
7797 298,2393|568,470
78 35,2948|52,6781|52,15099|75,3032|77,1303|99,9568|104,8528|111,2585|111,2659|139,10346|184,4872|322,24491|322,25143|322,25191|418,4410|418,9750|421,1600|478,10592|478,10658|478,10668|502,1200|549,4865|550,15313|550,15852|552,10431|559,8286|559,15902|592,5417|636,8782|715,6787|745,3475|800,14953|811,2508|836,15635|893,3414|916,3362|936,2756|982,6558|1053,8646|1053,16380|1061,19341|1061,19474|1061,19480|1061,19844|1061,19881|1061,20809|1061,20996|1061,21728|1061,25663|1061,29758|1111,13836|1113,8755|1116,3334|1132,1676|1248,10592|1248,10658|1248,10668
780 559,3769|707,48001|1053,3769
780097693 1061,22647
78095 232,622|1251,631
781 94,846|94,866|219,1672|701,4753
78153 1061,24558
78155 52,12462
781670 760,2667|760,3011|760,3370
78169 52,12915
7817 1061,26221
7820665 637,1698
7835 1202,838
784 425,3068|746,9940
7840 239,608
784028 549,1013
7845182 1061,28892
7858 858,1630
786 149,11919
786516730871000 191,4913
787 800,15069
78712 1017,2108|1089,2108
78792465 1061,19994
78793 52,11042
788 770,5912|823,5924|1264,2750|1264,3064|1264,3361
7890 776,1234
79 35,4396|52,15636|52,17644|52,19102|117,1780|234,4981|322,22847|322,24645|360,2356|478,10582|520,1698|549,4887|550,14754|559,8289|559,10036|585,5263|592,5437|612,4303|625,602|650,4640|745,3652|746,8477|770,1892|770,2968|800,1274|811,23829|823,1904|823,2980|835,1698|933,8995|933,11627|1053,8649|1053,10036|1061,21091|1061,22874|1061,23727|1061,25783|1061,28354|1061,28938|1081,1358|1113,25044|1229,3784|1248,10582|1269,1879
790 707,48005|836,8403|933,13623|1220,933
7907 592,4517
791 469,4314
7910 732,8326|801,7513
7914 592,5802
79151 52,7777
792 482,4098|1082,4098
7926 1061,20698
793269 769,2456
793303 459,784
7935 592,4357
7940 1126,2713
794309411 1061,23322
7950 378,1865
7951 492,1727
79588 622,760
796 482,4103|732,8303|801,7490|1082,4103
79630 696,805
79796 935,816
798 171,422|421,4088|640,1120|738,679|800,7426|836,19616|836,19642
7984086 1061,26464
7988 879,3838
799 809,1579
7991617 1061,25984
7997 298,1766
79c 542,1514
7_15 147,2870|147,3182
7christoph 800,7484|1241,1599
7daniel 116,1059
7e 836,3743|893,1159
7epsilon 952,343
7fei 1113,2856
7jihoon 738,1376
7k 524,1386|524,1494
7khz 143,1128
7km 1036,1186
7min 643,1835
7pm 1,858|1,3232|2,858|2,3232|3,858|3,3232
7rh 52,1138|52,1261
7sigma7 716,2839|716,2852
7th 186,1645|308,2422|463,9466|500,1440|576,5172|576,5429|631,1080|631,1249|1073,1445
7yuan 707,4269
7z 952,2678|1039,154|1039,196
