50 34,17042|34,17151|34,19192|40,1383|40,1431|52,4105|52,6881|52,8543|52,9549|52,10921|52,12473|52,15360|52,15375|52,19057|52,19264|58,2361|58,2367|61,3281|66,1306|68,1334|75,3265|87,1889|87,1961|87,2029|87,2106|87,2977|94,796|104,1328|104,1452|116,1175|116,1222|116,4461|116,4506|128,1476|136,2498|139,2667|139,12715|144,5628|144,24869|178,1795|178,1844|183,1178|192,2992|198,5454|214,981|219,2026|220,2798|234,4978|256,2671|270,2206|298,1877|298,1908|298,5212|305,964|312,2145|319,5591|322,20634|322,21475|322,21510|322,22214|322,23329|322,26427|326,668|326,1156|326,1220|376,1411|381,1066|381,1133|381,1377|381,1440|389,15415|389,15524|389,17565|398,6024|418,3708|418,4189|418,9213|418,9664|430,2675|440,2395|469,5904|471,969|478,7181|507,2656|536,1605|549,4265|550,3366|550,5118|550,5220|550,26716|552,3169|552,5289|552,26743|559,8319|559,17021|564,526|564,614|564,1086|564,1401|585,1751|588,3886|588,3995|588,4104|592,4750|604,1641|604,1684|605,3554|612,1710|625,2898|630,1301|636,7614|650,4533|662,3294|707,8740|707,14363|707,20866|707,20933|707,26255|707,26930|707,27308|707,28503|707,30015|707,30733|707,38716|707,40981|707,42204|707,42219|707,42233|707,42284|707,42298|715,3052|717,1415|721,3070|725,513|725,730|725,1820|732,8491|732,8558|735,1072|735,1662|740,2966|740,8741|743,4622|743,5856|743,6270|743,6315|747,2145|760,1431|762,3086|770,3075|787,1743|787,6408|788,2361|788,2367|800,13946|800,13991|800,14087|801,10746|811,1134|811,1425|811,1473|811,5594|811,12002|811,12166|811,20489|820,15986|820,16095|820,18136|823,3087|836,9511|836,9562|836,15098|836,15549|881,4391|923,2649|933,1445|933,8779|933,8888|982,2266|982,11458|982,14745|982,19767|982,23029|1053,8679|1053,17499|1060,2215|1061,21305|1061,29659|1081,1341|1081,1498|1086,757|1101,1521|1102,1402|1111,5838|1113,8829|1113,12086|1113,33223|1116,975|1116,1060|1123,2803|1144,6675|1149,1815|1149,2381|1157,2677|1235,6276|1235,6521|1235,8225|1235,8292|1235,18286|1235,18317|1235,18499|1248,6037|1253,2961|1257,463|1257,584|1257,1455|1257,2104|1257,2892|1275,795|1279,3811
500 40,1822|40,2052|44,1287|92,1244|92,1261|99,4208|99,5235|99,5279|104,3889|112,1663|112,1670|112,2466|114,1906|114,1913|128,2803|128,4598|139,1462|139,3555|139,3599|186,1487|208,1455|218,1469|298,1884|298,1915|349,3163|349,3185|358,719|358,1150|358,1891|358,1919|381,1366|381,1429|430,2399|437,3163|437,3185|451,2488|455,1514|464,1461|464,2040|476,1495|476,1776|478,9421|478,9428|478,10130|487,1184|598,944|598,1085|598,1595|645,7149|662,1475|662,1544|673,2970|715,3065|732,3382|735,1577|800,3508|800,3582|800,3598|801,6469|811,8460|817,1878|839,1194|860,1854|860,5110|905,1287|976,4113|982,17721|1057,3972|1061,29557|1061,29565|1091,939|1092,714|1092,1799|1100,1736|1100,5106|1102,1342|1102,1379|1111,2202|1111,6311|1111,8119|1111,18985|1111,27535|1132,1510|1220,490|1220,922|1229,1117|1248,9421|1248,9428|1248,10130|1253,2180|1257,1813|1257,1836
5000 12,1911|35,2436|48,7973|114,683|114,2060|115,506|115,1098|129,506|129,1098|267,506|267,1193|426,1457|478,1887|478,14116|478,17302|592,2152|640,730|640,2142|1248,3359|1248,12072|1248,15258|1283,1457|1284,506|1284,1193
50000 111,2896|111,2910|836,9493|836,9499|836,9519|836,9525|836,9546|836,9552|1061,26244|1136,2194
5000000 455,536
500001 1061,24533|1061,24608|1061,24657|1061,24685|1061,24736
5000rich 559,1044|1053,1044
500hz 839,1384
500v 149,7490
501 186,1504|809,1621|1061,25099|1134,566
50101 1084,851
502 205,1994|534,3166
50212 52,5920
503 79,1032|329,143|329,170|667,1033|920,471|920,829|920,2076|920,2269|1087,1033|1239,1032
5034 592,5404
504 149,11673|622,568|622,846|622,954|800,6227|800,15022|1061,28685
50400 120,531
5046 1271,824
505 52,15627|1232,6054
505349223 1061,20912
506 35,3111|52,4773|418,10272|625,3855|707,14579|800,4794|811,2454|1216,764|1216,2245|1241,5070
506039 874,2843
50672 24,571
507 655,1059
507329566 1061,23708
50796 52,9065
50841 920,648
50859 665,1172
50875 508,781
509 149,11591|304,3450|1145,1163
50936 1016,720
509410495 1061,28554
50hz 312,1749|440,1946|440,4209|440,4419|440,4691|839,1425|1269,2127
50k 116,3910|192,3598|306,3511|418,8819|500,357|500,1122|500,1184|500,1191|606,3511|836,12280|836,24617|836,25541|1073,373|1073,1128|1073,1189|1073,1196|1113,9003
50ron 707,25495
51 11,4002|17,2039|35,3098|52,6961|52,7741|52,8623|52,9629|52,10382|52,11001|52,12553|52,15096|77,1112|80,711|231,703|234,5045|270,2291|270,2510|270,3059|270,3162|319,5662|322,21528|322,22232|322,22238|322,23347|347,1757|347,2044|418,5235|430,2680|488,3553|525,2067|549,4288|592,4770|618,1071|648,5075|732,2518|732,15190|738,3313|743,2286|743,5900|770,2376|770,5846|770,6982|770,9649|800,13479|800,13546|800,13582|823,2388|823,5858|823,6396|823,9063|825,3593|874,2952|881,4460|920,3276|933,7687|933,8086|968,3989|968,4285|982,6516|1006,550|1006,1295|1006,1555|1006,1585|1006,2184|1023,2784|1048,595|1048,1085|1054,758|1061,19432|1061,20097|1061,20190|1061,25669|1061,28569|1105,2321|1113,5263|1113,43407|1148,470|1167,1731|1235,4925|1235,19214|1258,3465|1265,4050
510 149,11652|745,2130
510455756 1061,21638
511 61,5215|307,4081|353,4081|482,3909|732,3264|1082,3909|1224,1247
51133 147,2864|147,3176
5118 1265,3884
5119 1061,28735
512 144,5055|453,931|453,935|459,3260|459,3854|605,523|707,34320|732,3331|1113,3219
512213 715,7365|847,8199
5123 592,5325
512686001 1061,23916
513 185,2998|185,3066|464,729|1110,3425|1191,4779
513568853 1061,26693
514 715,6689
515 214,2872
515345 77,581
5158309 1061,26597
51597 1277,725
516 61,5206|307,4085|315,1992|315,2690|353,4085|482,3913|1061,28600|1082,3913
5162 396,4197
51632 280,630
51651 1166,750
51660 63,750
517 459,611
5170 139,9275|403,2267|418,11373|425,1237|605,863|836,22381
51742 251,796
5178917 696,2368
51792598 1061,25684
517johann 234,5057
518 645,7140|700,734|700,1119|857,7913|1077,7943
5180 1169,584
51824 896,828
51840 52,13075
51842 360,785
518622844 1061,19379
5186511 430,933|785,958
518896 1047,669
519 383,2288|1195,1590
519018 164,669
5191 744,1357
52 17,2083|31,1898|52,3712|52,7041|52,8204|52,8703|52,9709|52,11080|52,12633|52,13736|52,15405|52,18915|57,1227|86,4544|99,5212|104,8571|104,8646|139,3532|227,3614|256,8816|270,2557|270,2987|319,5733|322,21272|322,23546|322,23694|347,1754|347,2041|388,3789|408,1008|507,8801|549,1526|549,1664|549,4310|568,1108|585,3184|585,6835|592,4790|612,2224|612,5863|618,444|618,868|618,883|618,965|622,1503|622,1783|645,1576|645,4757|707,18019|725,2226|732,10064|738,3364|743,5966|770,2501|770,7107|770,9774|811,16093|823,2513|823,6521|823,9188|825,3623|881,4516|899,2096|899,3384|906,440|920,945|933,7635|980,949|995,731|995,2403|1023,1184|1023,2845|1061,19568|1061,21435|1061,21509|1061,21796|1061,23450|1061,25705|1111,23710|1116,3885|1116,4386|1150,1696|1157,8822|1279,13027|1287,1649
520 191,3875|191,3951|191,4673|247,799
52003 747,889
5201 85,6261
5203 442,1671
521 191,4827
52135 52,7510
52177 847,8947
52178781 1061,22192
52197 52,6763
522 191,4939|307,3666|353,3666|1195,1610
5225 812,2763|812,2931
523 191,5043|459,3264|459,3858|1061,26371
523180 590,678
5232 391,715
5233 1061,24622
5237 1061,20331
524 191,5134|383,2292|552,14729
5246 1061,20348
525 149,11659|191,5281|289,1393|1061,28286|1229,1121
525693 1061,22638
52593 52,14122
52595184 1061,21982
526 191,5434
52617 817,760
52683 956,866
527 191,5589|732,3234|1042,462|1061,24966
52745 52,12622
527557 1061,22411
5279 592,4317
528 61,5219|124,5836|191,5671|400,634|421,873|421,20685|425,559|552,921|552,1468|552,5899|707,1826|811,24602|1279,1407|1285,634
5281562 1061,28182
52854 443,626
529 191,641|191,3396|191,5765|970,1561|970,2116
52975 52,13620
52christoph 933,7693
53 15,208|16,208|18,293|19,375|23,259|26,217|27,225|29,215|32,333|37,217|39,211|42,318|43,257|45,272|51,239|52,7121|52,8783|52,9789|52,11160|52,12713|52,15126|52,16434|52,16556|52,17831|53,265|54,581|59,300|60,696|64,473|67,271|69,324|70,223|76,226|83,438|89,202|90,304|91,240|93,577|98,209|100,201|101,225|102,211|103,201|105,223|106,231|107,208|110,259|113,347|118,247|121,210|123,221|127,213|130,215|131,422|132,441|135,201|138,447|141,225|142,217|144,9414|144,9444|144,18320|145,314|146,312|148,240|150,249|153,425|154,236|155,226|157,311|158,209|159,208|162,204|165,231|166,207|167,367|168,235|170,201|173,203|174,208|175,199|177,211|180,517|182,281|187,207|190,284|193,244|194,213|196,278|197,296|199,2376|199,4918|199,5269|200,191|206,265|207,235|210,330|211,418|213,315|214,1182|216,204|221,256|223,231|224,312|226,323|230,218|234,2859|234,4986|235,239|237,312|238,235|240,259|241,338|242,215|244,209|246,213|248,191|249,222|250,220|252,215|255,243|257,260|258,210|260,241|261,341|262,236|264,211|265,209|269,210|270,2630|270,3004|271,291|275,262|276,205|278,251|279,247|281,210|283,332|284,256|285,269|286,221|290,229|291,230|292,372|295,236|296,249|299,298|300,227|301,220|302,307|304,2584|316,203|317,203|319,5804|322,21778|322,22262|322,23236|322,23353|324,210|327,205|329,341|333,212|335,305|336,212|337,319|338,224|339,247|341,213|342,217|343,262|344,220|346,225|350,212|352,222|354,205|356,265|362,235|363,213|364,274|366,204|367,508|369,240|370,219|371,268|372,209|373,243|374,209|375,234|377,218|379,359|380,211|382,211|384,221|386,222|387,258|390,220|392,461|395,377|397,218|399,244|406,359|409,346|410,221|411,217|412,211|413,208|414,245|415,216|416,329|419,302|423,261|424,315|427,214|429,241|433,247|435,223|438,234|439,348|446,284|448,286|449,256|450,200|452,201|456,205|457,434|460,236|461,307|462,211|465,228|466,208|468,202|470,202|472,201|473,213|474,213|477,261|480,218|483,205|484,211|486,312|489,322|490,252|491,228|493,257|496,288|497,191|512,328|514,221|515,234|516,269|517,332|521,201|523,230|526,421|528,220|531,219|535,238|537,311|538,228|541,223|543,298|546,201|547,233|548,204|549,4332|553,205|555,191|558,426|560,215|561,210|566,233|569,316|570,234|571,376|572,212|573,212|574,210|577,257|578,227|582,488|583,244|587,201|591,217|592,4810|595,332|596,261|597,212|599,224|603,307|608,302|609,259|610,229|611,278|613,217|616,261|618,650|619,201|620,210|623,219|628,234|633,205|634,236|635,204|639,216|641,214|642,235|646,278|649,371|651,202|652,409|653,275|658,201|659,220|660,201|664,241|669,283|670,395|671,350|672,207|674,210|675,223|678,558|679,280|681,204|682,265|683,253|684,219|685,209|688,248|689,338|690,210|691,204|693,214|695,202|697,270|698,241|699,237|703,226|704,299|705,309|707,18108|709,268|710,208|711,226|714,209|718,224|719,208|720,201|722,305|724,204|726,214|728,224|729,223|731,5061|733,265|734,316|736,259|738,3279|740,8661|741,2653|742,284|743,5992|748,209|750,210|751,219|752,421|753,302|754,225|757,203|758,327|761,219|764,218|767,361|770,1971|771,253|772,307|773,231|777,202|778,201|780,1312|783,321|786,263|789,283|791,216|792,219|793,203|795,219|797,204|798,343|799,236|800,1269|801,10666|802,226|803,330|804,208|805,204|808,240|813,261|814,234|816,259|819,316|823,1983|826,252|828,221|832,229|833,238|838,234|841,207|843,357|844,220|845,247|846,236|849,200|852,191|854,232|855,241|861,293|863,311|866,217|867,204|868,225|869,224|870,254|871,268|872,227|873,208|875,218|876,332|877,223|878,4673|880,220|881,4580|884,231|886,216|888,215|890,191|891,191|892,209|894,216|895,255|897,205|900,412|901,278|908,200|909,191|910,219|911,215|914,493|917,203|918,247|919,218|921,213|924,322|926,209|932,232|937,203|938,526|939,255|940,1731|940,1790|942,258|943,205|944,209|945,345|946,200|947,231|949,227|950,308|951,260|952,5505|954,211|955,268|957,323|958,231|960,211|961,213|962,211|963,227|964,310|965,202|966,267|967,205|969,258|975,265|978,228|982,6465|983,204|984,219|986,263|987,208|989,265|990,241|991,201|992,216|993,266|994,256|996,272|997,383|998,227|1000,284|1001,224|1003,298|1004,307|1007,228|1009,302|1010,288|1011,403|1012,228|1014,191|1018,209|1020,246|1021,241|1022,235|1025,220|1029,204|1035,202|1037,209|1039,275|1041,293|1043,280|1044,203|1049,204|1052,227|1055,206|1056,215|1061,19908|1061,22081|1061,23878|1062,210|1064,240|1066,226|1067,218|1068,209|1071,223|1072,276|1074,283|1076,369|1079,206|1083,298|1085,210|1088,216|1090,259|1093,208|1094,215|1095,215|1097,6755|1098,215|1099,229|1103,306|1104,215|1109,338|1112,216|1114,446|1115,201|1116,1202|1117,215|1118,314|1119,225|1120,348|1121,243|1122,235|1125,225|1129,227|1131,351|1133,222|1135,212|1137,341|1138,555|1139,219|1140,9221|1141,223|1146,220|1147,241|1152,248|1153,204|1154,216|1156,219|1159,221|1162,218|1163,227|1164,222|1165,236|1173,226|1175,213|1176,259|1180,215|1181,204|1182,218|1183,214|1186,3470|1186,3530|1187,271|1188,226|1189,216|1190,215|1193,211|1194,217|1200,204|1205,336|1207,227|1208,252|1209,312|1210,243|1211,204|1213,244|1214,307|1215,244|1217,238|1218,309|1219,369|1221,209|1222,204|1223,318|1225,208|1226,358|1227,191|1228,217|1231,211|1233,203|1234,355|1235,6968|1235,7028|1236,443|1238,454|1240,312|1242,275|1243,244|1244,220|1246,282|1247,283|1249,360|1250,236|1252,209|1254,295|1255,395|1256,238|1259,249|1263,342|1266,255|1268,228|1272,295|1274,255|1286,204|1290,215|1291,211
530 201,2148|307,3671|353,3671|475,1204|645,7076|645,7084|645,7092|645,7100|645,7108|800,1082
531 35,2961|125,4303|149,11666|592,481|592,1568
53117 1061,18963
532 715,6546|836,8419
53211 35,888
532201 475,987|475,1404
53229797 1061,21392
5325 228,2095
5328 592,4182
533 124,5840|322,26310|322,26320
534 453,681
534099 153,199
53414 251,588
53429 527,738
5345 202,900
53469 618,748
535 48,4063
53500 896,652|896,1075
53532 178,740
536 487,629|1110,3429|1191,4783
536548564 1061,21857
537 625,5399
53706 307,972|307,1124|353,972|353,1124|482,962|482,1114|1082,962|1082,1114
537246 1061,24904
537302801 1061,21783
53792 307,828|353,828|482,817|1082,817
538 125,4307|931,13451
53830 52,8345|52,11202
53859594 1061,25672
539 857,7917|1077,7947
53907 388,913
5396298 1061,25595
53manoranjan 707,18118
54 34,19126|52,3768|52,5391|52,7201|52,8863|52,9869|52,11240|52,12793|52,16640|52,17614|52,18965|66,1331|201,2233|270,2839|298,1806|319,5876|322,21890|322,22280|322,23248|322,23540|322,24519|322,24537|322,25239|389,17499|467,6264|471,2551|549,4353|550,24000|592,3885|592,4830|592,6176|612,1850|655,516|707,18041|707,38337|732,2501|732,15173|743,6018|811,7314|820,18070|836,11705|836,21829|881,607|881,4648|916,5838|982,19217|995,2315|995,2466|995,2669|1061,19360|1061,19544|1061,19955|1061,25711|1061,27279|1081,1501|1097,689|1097,6885|1111,10269|1113,5246|1113,33157|1113,43390|1123,941|1123,2840|1126,5811|1158,1037|1235,3136|1235,4908|1235,19197|1265,3475|1265,3833
540 22,634|22,2302|645,7060|645,7068|1023,500
54048 40,768
5408 436,1779
5409 436,612|436,1658|436,1832
54095 198,871
541 645,7042|645,7051|737,1062
541138 349,797
541252 437,797
5416 836,10413|836,14222
5418323 1177,6797
541909 161,602
542 48,4068|184,2511|184,2643|184,2946|585,4491|612,3531|882,3131|976,2796|1057,2655|1057,7225
5425 592,2379
54264108 1061,22268
5428335 1061,27368
543 970,1565|970,2120|1224,1824
5438 513,4807|982,20610
544 1224,1554|1224,1725
54418059 1061,22772
5443196 442,795|1158,927
5443269 442,771|1158,903
545 149,11530
54510 1185,782
54536 922,780
5456 444,600|1177,668
546 68,428|68,586|540,3376|1264,2835|1264,3163|1264,3461
5460 1267,1812
54648 1061,20745
5469 1171,1579|1184,3075
547 35,3161|149,11966|534,3170|552,14003|931,13455|1061,28497|1172,2126|1262,2442|1262,2746
5472 1061,20404
5473 1158,569|1158,1012
5477 1267,1817
548 800,14518|1005,1374
54834 1070,630
5485 592,4837
54858 52,14041
54877 1142,665
549 1126,2801|1232,6058
54992 72,892
55 52,3800|52,5630|52,5680|52,7281|52,8124|52,8943|52,9949|52,11320|52,12295|52,12375|52,12873|52,16384|52,17694|52,19363|52,19425|115,1056|115,1334|119,1529|125,4477|129,1056|129,1334|267,1144|267,1429|270,2953|270,3064|270,3167|319,5948|322,21927|322,23522|383,1637|445,2448|467,6364|469,3719|492,1678|549,4374|550,23336|559,8322|592,4846|592,4959|625,4316|663,2448|707,21931|715,6791|738,3310|743,6044|760,688|770,3070|800,14050|807,7251|811,15757|811,16099|823,3082|893,5087|940,1822|956,3774|982,19273|1053,8682|1061,23597|1061,27391|1061,28526|1061,28662|1081,1505|1169,1145|1186,3562|1202,2211|1235,7060|1235,11220|1284,1144|1284,1429
5500 149,8322|214,3228|592,5583|1253,2206
5503 592,4477
55078 52,7323
5511 592,5884
552 149,11558|368,1023|368,1049|530,2428|552,14007|784,2868|930,956|930,983|933,13494|1033,1023|1033,1049|1172,2130
5520 340,2899
553 585,4495|612,3535|1262,2446|1262,2750
5530 340,2904
554 149,11851|469,5792|530,2458|800,1247|982,14633|1186,6353
55419 1061,22578
55455 481,887|481,4234
5549 394,1309
555 149,11469
55521 52,10231
55524 52,13460|52,13847
5559 79,1040|667,1041|1087,1041|1239,1040
556 289,1397
557 52,5672
5574 831,563
557627 769,2484
557786505 1061,20006
557807 408,629
558 1061,24003
558523 1061,20358
559 502,1613
55942 625,802
5597668 1061,26046
55geoffrey 559,15055|1053,15533
56 52,7361|52,7554|52,9023|52,10029|52,11400|52,12953|52,16909|52,18885|52,19341|99,22420|117,2287|133,3585|139,12678|144,2117|203,2274|205,1906|205,1940|270,3007|270,3089|282,5942|312,2134|319,6020|322,20536|322,20554|322,20707|322,21534|322,21790|322,21879|322,23224|322,23242|322,25491|404,2081|418,4473|418,5222|440,2384|445,2374|458,2830|458,3889|459,2510|464,2544|532,5301|549,4396|550,25608|552,22945|586,2391|586,2448|592,4979|612,520|625,3692|663,2374|707,12769|740,8691|743,6103|744,2603|770,2962|780,521|801,10696|811,7739|823,2974|851,566|893,1914|1054,745|1061,24156|1061,25666|1061,28214|1148,497|1167,966|1192,5942|1241,4321|1241,4324
560 539,2214|539,2430|1028,573
56002 267,683
56019 1284,683
561 312,755|312,3252|418,918|440,815|440,2762|440,3751|800,7393|836,5968|1269,834|1269,2451
56124 198,1203
56127 198,1076
5612az 152,1228
562 347,1848|478,9449|559,14907|1053,15385|1248,9449
5620 1171,517
5625 648,726
563 57,2519|57,2771|313,1852|313,2079
563107116 1061,20150
56342 122,778
56351 1280,778
564 801,12660|1061,25400
5645 585,5896|612,4936
565 755,759|1199,749
5650 920,3503
565892 836,11813
565892chri 836,21942
566 308,2177
56622 1061,24768
5665 766,394|766,606
567 149,11973|539,2218|539,2434
568 715,6732
569 34,14547|34,19405|144,8970|389,17778|389,20967|421,20722|482,499|550,8139|550,20145|707,14672|820,13491|820,18349|1082,499|1113,33436|1113,39694|1278,1321
56922 807,755
57 48,3473|52,7441|52,7634|52,9876|52,10109|52,11480|52,13033|52,15298|58,2311|104,8749|139,12721|222,2489|251,2296|282,2342|282,5694|305,947|319,6078|322,20744|322,21938|322,22286|322,25509|322,25515|322,26331|421,3070|421,6496|478,7040|488,3349|488,3468|509,2489|549,4417|550,18460|550,23280|559,16949|592,4999|625,3358|636,2948|640,3636|648,4691|650,1167|687,1633|740,8729|743,6143|788,2311|800,11371|800,15064|801,10734|811,2435|811,4412|836,9259|836,9314|878,4679|933,14961|940,2404|1053,17427|1061,19226|1061,23208|1061,23492|1061,26799|1091,447|1113,7816|1113,8694|1126,2770|1186,4692|1186,6399|1192,3264|1192,5694|1202,522|1202,2214|1235,2762|1235,18427|1248,5896|1264,2832|1264,3160|1264,3458|1265,4054|1270,1490
570 307,3870|353,3870|482,3270|745,2069|807,3294|1082,3270
57009 52,5645|52,5759
5705 475,2796
571 14,1227|149,11551
57137 906,706
572 502,1617
57233 723,760
573 149,11987
57309 52,8958|52,12435
573464 1061,28476
574 125,3496|700,398|700,1023|700,1155|715,6684
5744 1269,758
5749132 567,637
575 394,1301
5754 839,4794
57545 52,8532
5757 839,4801
5758 592,4073
576 144,25498|883,2272|1102,1164|1111,7730
57617 1177,846
577 307,3874|326,1436|353,3874|482,3274|807,3298|1082,3274
5779 800,14435
578 806,3300
5796 492,1689
57996 624,705
58 52,7521|52,8444|52,9103|52,10189|52,11009|52,11560|52,18870|52,20039|58,625|88,4563|144,9825|203,2075|234,4999|280,1849|280,2099|319,1854|319,6132|322,20560|322,20646|322,22159|405,2530|405,4405|405,4692|418,5245|445,2506|549,4438|592,5019|625,5154|640,7373|663,2506|687,1676|738,1796|738,3346|743,2313|743,6183|770,3059|770,3879|788,625|800,15001|811,7340|823,3071|823,3891|883,6525|916,3465|920,3720|931,413|931,667|931,3935|931,4456|931,12411|1054,768|1061,19357|1061,20883|1061,22038|1061,23445|1061,27559|1061,27813|1264,4328|1302,12151|1303,2038
580 57,2523|57,2775|313,1856|313,2083|732,3327
58000 511,536|602,536|862,576
58016 52,6630
581 119,1760|119,2064|707,38329|1123,2818
581012 298,1781|655,426
5811 536,985
5812 536,644|536,930|536,1679
581533276 1061,28011
582 1278,1325
5820 775,398|775,629
5822 426,2086|836,9443|1283,2086
58284 1061,22436
583 475,606|770,5894|823,5906
58331 52,9564|52,9858
584 732,3260
58487 52,8558
58489 52,12169
585 22,3441|394,1285|476,1019
58509 13,614
586 836,8864
587 125,3525|149,11844|800,1223
5875 458,483
5876 665,2060
5879 970,433|970,708
588 348,3185
5884 1061,20763
589 1061,28876
58983204 1061,19313
58sigma1 104,8637
59 52,4622|52,7601|52,9183|52,10269|52,11640|52,13113|52,17871|52,19194|58,2291|144,9288|144,19309|227,3550|247,2386|256,13709|318,1550|319,6199|322,24543|322,26299|347,2066|405,2537|405,4412|405,4699|421,5794|421,17466|421,17939|488,3387|488,3507|507,13694|549,4459|584,2135|585,562|585,2357|585,5260|592,5039|612,4300|625,5195|687,1721|740,3499|740,8735|740,9268|743,6379|743,6411|770,1977|770,2996|780,1336|788,2291|801,10740|823,1989|823,3008|865,738|883,6569|916,4042|916,4597|936,2753|952,168|973,2405|1060,2218|1061,20091|1061,23753|1061,25744|1061,28670|1081,1344|1081,1508|1111,23681|1113,8686|1113,25162|1140,9413|1157,11239|1264,2747|1264,3061|1264,3358|1265,3078
59000 976,4730|1057,4589
59042 52,11789
591 488,518|488,3244|488,3717|488,3739
5910 214,3152
5914 478,7010|1248,5866
59171 52,3829|52,3939
591mb 1297,3025
592396207 1061,24203
5927 592,4657
593 119,1764|119,2068|737,3131
59391 420,794
59422 1172,729
59429 253,719
5948â 1005,2322
595 348,3189|806,3126
59513 1050,1387|1050,1913
595766262 1061,22914
5959 1005,2329
596â 152,5082
597 152,5088|770,5870|785,3320|823,5882
5973 592,5782
598 282,6515|667,1633|1087,1633|1192,6515
59860 586,855
599131346 1061,23773
5992 592,5683
59967 839,810
5alexand 836,4607
5bb 1017,1835|1089,1835|1264,943
5dt 222,1170|509,1170
5dx 236,814|325,734|631,797
5gb 562,1955
5ghz 562,1893
5hankil 256,11246|507,11231|1157,12373
5jaakko 740,7597
5jeremi 707,8852
5m 124,2083|935,2043
5more 936,2463
5nn 421,10610|421,10798|552,24372|552,24561|552,24729|636,11792|636,11967|650,2902|707,47371|707,47539|707,47714|1279,9618|1279,9809
5nnr 552,14474
5paul 75,3325
5rule 139,4787|139,4910|139,5079|738,2303|893,3206|893,3241|982,4182|1289,1027|1289,1150|1289,1319
5s 85,3044|1100,1956
5sigma0 550,15855|552,10434|1111,13839
5sigma1 469,3792|1235,11293
5sigma2 469,3722|1235,11223
5sigma7 716,2801
5th 214,3022|348,3035|467,7680|500,1490|505,1784|522,2216|545,4201|590,2340|590,2501|590,4835|590,5215|904,3126|995,3853|995,5000|1042,4162|1073,1495|1229,3731
5thyear 214,2971
5v 11,2488|149,7547|149,9389|1100,2185
5x2 586,1913
5x2cv 604,1634
5x2cvh 650,2518
5x2cvsuresh 559,22272|1053,22750
5xiaoli 933,1557
