0
14904
16671
17130
17179
17260
17276
17290
17311
17339
17369
17383
17396
17410
17424
17438
17493
17506
17526
17581
17595
17610
17624
17663
17677
17692
17706
17724
17740
17754
17778
18602
18624
18680
18695
18709
18723
18735
18754
18769
18782
18823
18892
18905
18926
18940
18959
18973
18987
19065
19088
19115
19146
19167
19181
19195
19748
19761
19781
19796
19809
19840
19854
19875
19896
19910
19928
19942
19973
20004
20018
20156
20170
20183
20205
20221
20238
20254
20268
20289
20303
20321
20335
20349
20372
20915
20954
20971
20985
20998
21013
21033
21056
21070
21093
21127
21162
21179
21193
21222
21237
21261
21277
21291
21305
21319
21340
21353
21374
21388
21432
21454
21467
22250
22345
22358
22372
22393
22410
22432
22447
22487
22504
22534
22547
22627
22647
22668
22691
22705
22728
22760
22774
22806
22820
22878
22893
22907
22921
22936
22954
22981
23791
23859
23873
23889
23902
23934
23948
23962
23977
24053
24070
24111
24136
24149
24166
24181
24195
24216
24230
24244
24259
24274
24307
24321
24339
24360
24373
24386
24399
24420
24442
24457
24766
24810
24825
24839
24863
24876
24889
24903
24917
24931
24973
24986
25015
25029
25043
25057
25080
25094
25113
25125
25142
25162
25176
25200
25214
25239
25252
25266
25279
25295
25309
25323
25867
25887
25901
25922
25953
25975
25987
26002
26017
26032
26055
26076
26109
26123
26136
26157
26170
26184
26198
26241
26255
26269
26290
27011
27024
27041
27054
27069
27082
27103
27196
27210
27224
27413
27433
27447
27461
27479
27493
27506
27526
27548
27562
27579
27600
27628
27642
27660
27674
28135
28525
28539
28554
28568
28583
28597
28638
28661
28680
28696
28709
28723
28737
28751
28768
28791
28804
28825
28840
28851
28866
28889
28906
28927
28948
29654
29669
29688
29700
29713
29741
29753
29770
29785
29804
29826
29844
29856
29883
29899
29917
30054
30067
