0
1809
2101
2313
2337
2354
2369
2441
2489
2503
2518
2569
2589
2610
2624
2639
2653
2677
2691
2706
2726
2740
2770
2790
2804
2825
2840
2855
2887
2928
2943
2964
2979
2999
3014
3031
3063
3076
3090
3109
3127
3158
3907
3920
3940
3952
3972
3986
4000
4021
4037
4052
4104
4118
4132
4146
4161
4174
4188
4244
4257
4272
4286
4298
4320
4336
4429
4469
4483
4498
4521
4562
4585
4606
4620
4641
4671
4694
4708
4793
4809
4860
4875
4889
4910
4928
4948
4962
4983
5003
5021
5699
5742
5755
5769
5785
5800
5812
5832
5908
5931
5944
5958
5982
6005
6018
6033
6047
6060
6082
6103
6133
6154
6168
6190
6204
6219
6243
6257
6411
6425
6440
6454
6467
6480
6496
6510
6523
6538
7291
7304
7343
7357
7381
7399
7420
7453
7497
7589
7624
7638
7669
7692
7709
7724
8043
8077
8091
8113
8137
8151
8165
8188
8204
8218
8232
8246
8271
8285
8300
8342
8356
8370
8386
8400
8414
8437
9503
9585
9636
9688
9702
9716
9730
9742
9756
9773
9789
9803
9836
9849
9864
9992
10006
10027
10051
10070
10088
10108
10124
10138
10151
10211
10231
10246
10260
10312
10351
10398
10414
10446
10459
10473
10487
10510
10524
10542
10560
10580
11381
11432
11447
11506
11521
11535
11549
11588
11603
11629
11648
11662
11677
11727
11743
11757
11778
11792
11812
11829
11844
11859
11892
11914
11944
11958
11972
12168
12236
12250
12271
12285
12304
12328
12351
13020
13042
13059
13101
13116
13138
13151
13171
13185
13200
13260
13274
13297
13362
13378
13400
13494
13508
13547
13562
13582
13597
13620
13634
13653
13671
13715
13729
13743
13763
13777
13793
13818
13832
13865
13886
13900
14657
14709
14722
14738
14751
14800
14832
14862
14880
14902
14954
14975
14996
15027
15050
15064
15179
15193
15207
15222
15252
15267
15284
15298
15312
15325
15344
15363
15386
15399
15413
15427
15442
15457
15478
16405
16535
16548
16562
16587
16614
16628
16667
16696
16735
16764
16783
16795
16809
16823
16836
16892
16906
16952
16966
16980
16994
17015
17029
17043
17057
17083
17099
17112
17126
17141
17174
17188
17205
17222
17236
17255
17269
17299
17315
17331
17347
17361
17377
17400
17413
17426
17440
18260
18329
18343
18359
18378
18410
18424
18439
18462
18477
18493
18511
18534
18557
18579
18599
18613
18626
18640
18656
18688
18703
18717
18731
18744
18761
18775
18790
18863
18879
18898
18911
18926
18948
18969
18981
18994
19007
19026
19047
19059
19090
19111
19170
19239
19255
19533
19550
19579
19593
19605
19627
19649
