0
65
78
92
116
275
296
317
338
359
380
436
475
492
525
542
593
622
652
678
1064
1186
1215
1248
1337
1399
1522
2167
2274
2290
2316
2330
2360
2388
2427
2486
2586
2631
2647
2677
2691
2873
2953
2980
3005
3032
3046
3067
3097
3119
3144
3159
3262
3303
3320
3344
3405
3466
3531
3557
3590
3617
3644
3667
3708
3726
3754
3779
3804
3832
3917
3943
4137
4213
4306
4653
4667
4688
4765
4820
4837
5080
5129
5155
5508
5549
5575
5615
5663
5679
5713
5742
5770
6050
6080
6097
6121
6141
6177
6569
6600
6636
6653
6693
6763
6777
6854
6872
6895
6925
6956
6974
7010
7026
7065
7108
7184
7209
7232
7244
7267
7289
7329
9783
9838
9858
9915
9955
9968
9982
10058
10073
10087
10110
10188
10335
10380
10476
10552
10577
10625
10658
10684
10998
11022
11038
11105
11122
11172
11191
11212
11238
11394
11412
11533
11551
11581
11925
12080
12206
12220
12325
12358
13977
14020
14042
14157
14452
14464
14846
14863
14892
14967
15005
15436
15467
15570
15587
15604
15779
15813
15831
15922
15958
15984
16011
16026
16070
16086
16210
16291
16326
16339
16363
16515
16533
16573
16586
16675
16707
16721
16856
16868
16891
17072
17127
17166
17261
17382
17396
17443
17461
17478
17516
17530
17947
18013
18135
18151
18177
18487
18503
18528
18552
20198
20303
20340
20393
20408
20472
20490
20503
20526
20578
20744
20766
20810
20852
20877
20898
21018
21094
21110
21138
21152
21191
21212
21238
21252
21270
21290
21311
21341
21365
21565
21582
21601
21657
21686
21716
21733
21748
21777
21795
21846
21950
21985
22019
22043
22061
22085
22118
22131
22147
22260
22275
22685
22700
23032
23047
23089
23104
23119
23173
23525
24281
26593
27449
27469
27485
27511
27539
27552
27597
27612
27637
27654
27947
27981
27998
28012
29800
29825
29843
29909
29934
29964
29991
30005
30149
30293
30382
30401
30418
30438
30486
30761
30853
31252
31268
31290
31320
31534
31549
31565
31579
31644
31658
31702
31772
31790
31806
31953
32658
32680
32707
32722
32776
32864
32893
32908
32935
33031
33089
33129
33145
33167
33338
33364
33397
33442
33488
33514
33563
33590
33612
33646
33688
33715
33825
33856
33891
33919
34906
34932
34950
34975
34998
35142
35156
35197
35220
35263
35288
35332
35358
35999
36032
36046
36075
36089
36167
36186
36197
36282
36370
36392
36534
36547
36572
36609
36626
36775
36806
36821
36894
36957
36984
37054
37071
37094
37216
37299
37426
37459
37493
37654
37684
37714
37734
37754
37774
37794
37814
37834
37854
37874
37894
37927
37973
37986
37999
38012
38178
38230
38255
38270
38299
38331
38344
38374
38403
38564
38671
38684
38723
38741
