0
13605
14513
14662
14676
14708
14722
14743
14759
14790
14813
14828
14851
14865
14879
14897
14911
14924
14952
14992
15006
15019
15034
15050
15071
15090
15104
15126
15147
15167
15181
15199
15214
15232
15683
15702
15717
15740
15755
15769
15800
15830
15843
15857
15890
15916
15939
15953
15967
15981
16003
16026
16051
16065
16087
16105
16706
16738
16762
16779
16793
16806
16820
16838
16850
16890
16909
16928
16942
16956
16970
16984
16998
17012
17032
17046
17059
17083
17097
17118
17141
17172
17184
17207
17221
17240
17255
18060
18073
18087
18117
18151
18171
18185
18200
18213
18227
18241
18254
18268
18282
18295
18379
18393
18418
18432
18446
18459
18473
18494
18514
18527
18540
19128
19175
19195
19209
19223
19245
19259
19273
19296
19330
19345
19365
19388
19411
19433
19509
19524
19557
19587
19601
19614
19628
19642
19685
19702
20599
20684
20718
20738
20753
20773
20787
20811
20825
20839
20853
20876
20906
20929
20952
21014
21028
21040
21054
21069
21082
21098
21112
21134
21158
21732
21748
21763
21778
21802
21817
21832
21845
21859
21874
21889
21903
21917
21938
21951
21969
21984
21998
22024
22037
22050
22600
22614
22647
22661
23303
23317
23340
23356
23426
23441
23485
23505
23528
23542
23565
23577
23593
23605
23626
23640
23659
23679
23700
23732
23755
23777
24335
24368
24389
24412
24448
24465
24480
24514
24529
24545
24562
24576
24598
24611
24627
24646
24660
24674
24699
24713
24739
24759
24774
24826
24840
25266
25308
25322
25335
25358
25372
25386
25409
25425
25441
25456
25470
25485
25506
25520
25534
25548
25589
25603
25617
25684
25703
25717
25730
25749
25763
25776
25799
25829
25846
25867
25884
25899
25916
25937
25951
25965
25979
26022
26042
26068
26154
26169
