0
12525
12538
12553
12592
12625
12650
12673
12696
12720
12946
12966
12980
13019
13063
13078
13121
13146
13161
13177
13195
13214
13247
13271
13285
13393
13408
13454
13478
13496
13560
14987
15032
15048
15414
15502
15665
15681
15706
20498
20512
20720
20800
20831
20852
20904
20929
21116
21147
21161
21177
21201
21263
21407
21435
21452
21485
21539
21555
21635
21983
21998
22047
22063
22094
22120
22160
22194
22239
22255
22300
25075
25265
25858
26328
26382
26401
26483
26706
26738
26805
26853
26957
27318
27529
27545
27573
27586
27601
27711
27726
27743
27760
27777
27794
27811
27828
27846
27949
27967
27980
28028
28041
28053
28066
28080
28102
28116
28131
28145
28160
28185
28226
28257
28272
28287
28301
28325
28339
28363
28377
28409
28421
28440
28655
28670
30528
30749
31059
31284
31366
31433
31447
31528
31555
31569
31583
31598
31623
32379
32497
33627
33727
33742
33837
33860
35607
35664
35702
35880
36079
36258
36281
36357
36390
36403
36419
36655
36682
36736
36762
36789
36807
36840
36946
36972
37008
37027
37048
37064
37113
37150
37773
37830
37914
37957
37988
38005
38401
47065
47086
47118
47147
47167
53233
53252
53273
53295
53318
53446
53475
53495
53704
53741
53770
53791
53973
54074
54198
54324
54349
54482
54507
54524
54540
54563
54848
54915
54931
54966
57983
57997
58010
58024
58043
58060
58076
58091
58117
58149
58183
58198
58213
58238
58278
59071
59088
59118
59139
59234
59251
59275
59317
59331
59370
59458
59475
59885
60456
60481
60506
60581
60596
60613
60630
60670
60709
60767
60795
60807
60836
60856
60873
60917
60949
60964
60977
60999
61029
61066
61095
61115
61145
62136
62707
62722
62748
62768
62813
62982
63025
63140
63371
63383
63396
63420
63447
63472
63496
63508
63522
63540
63591
63606
63725
63814
63870
64206
64221
64763
64792
64814
64832
64898
64913
64986
65041
65132
66612
66630
66648
66861
67021
67059
67087
67121
67146
67163
67265
67282
67296
67310
67459
67483
67497
67523
67557
67572
67638
67656
67700
67725
67828
67861
67872
67884
67984
67998
68043
68056
68070
68094
68107
68123
68139
68153
69016
69036
69054
69140
69155
69174
69194
69215
69249
69271
69296
69308
69338
75503
75603
75622
75647
75668
75714
75752
75774
75790
75824
76026
76041
76059
77391
77410
77428
77445
77458
77482
77506
77529
79480
79507
79530
80044
80077
80103
80135
80153
80169
80187
80204
80220
80242
80340
80364
80400
80421
82669
82690
82721
84935
84950
84974
84988
85008
85027
85068
85105
85149
85199
85240
85271
85308
85324
85355
85968
86008
86027
86049
86068
86087
86395
86422
86476
86497
86547
86575
86602
86630
86648
86664
86714
86730
87239
87366
87396
87411
87439
87486
87521
87603
87617
87631
87658
87804
87824
87891
87956
87971
88075
88091
88122
88896
88916
90750
90778
91049
91068
91084
91105
91319
91342
91360
91389
91425
91480
91502
91530
91547
91691
91807
91823
91866
98093
98109
98131
98154
98174
98194
98213
98229
98271
98288
98310
98344
98370
98399
98415
100293
100315
100331
100348
100368
100392
100422
100444
100496
100727
100771
100804
100830
100849
100875
100948
100970
100989
101004
101036
101054
101095
101262
101399
101421
101437
101453
101521
101945
101964
101982
102192
102297
102313
102638
102664
102744
102787
102809
102822
102844
102875
102888
102909
102925
102940
102966
102996
103018
103057
103080
103269
103300
103326
103352
103378
103395
103422
103436
103546
103559
103576
103592
103640
103688
103704
103726
103755
103770
103786
103812
103823
103871
103885
103898
103920
104057
104139
104164
104192
104309
104336
104359
104393
104421
104465
104488
104506
104536
104763
104959
105112
105132
105150
105169
105187
105204
105225
105243
105261
105279
105299
105317
105340
105359
105378
105397
105415
128043
128060
128083
128117
128139
128168
128189
128220
128237
128285
128324
128353
137710
137741
137764
137807
137844
137882
137930
137981
138011
138069
138100
138150
138177
138228
138268
138305
138371
138883
138907
138921
138934
138950
138976
138995
139039
139053
139069
139081
139094
139134
139155
139345
139362
139376
139425
139469
139481
139512
139584
139599
139611
139622
139634
