y1 308,2139|388,2257|451,3018|539,1737|539,1983|882,2659|1204,2343|1204,2365
y16 308,2151
y2 308,2143|388,2561|451,3035|539,1744|539,1999|882,2672|1204,2349
y26 1136,3130
y2bar 822,1969
y3 388,2887|451,3052
y4 388,3220|451,3071
y5 451,3085
y6 451,3102
y_ 30,4409|30,4482|30,4680|30,4858|30,4866|30,4878
y_maximum 858,1125
y_minimum 858,1115
y_perimet 858,1160
y_t 112,2876|112,3480
ya 34,7109|78,5004|99,15989|144,9118|164,5429|307,6737|353,6737|389,7103|482,6310|544,3622|550,9837|680,5209|743,10665|811,10169|820,7109|874,4516|1047,5429|1081,7725|1082,6310|1113,14278|1198,5004
yacht 441,37|441,270|441,424|441,985|441,2117|441,2310
yacht_hydrodynam 26,116|952,5304
yadav 585,6239|612,5279
yael 323,930
yahoo 44,825|136,847|137,770|137,1188|256,11839|311,6983|355,3519|361,7267|475,1072|475,1283|485,8596|487,986|500,10379|507,11824|549,1039|549,1212|549,1364|554,8762|556,774|556,1192|565,753|585,1211|612,1170|775,1156|806,6001|831,954|831,4826|836,16892|903,1312|1005,1241|1017,5571|1046,1514|1046,1647|1089,5571|1157,12966|1281,978
yain 161,2478
yair 323,899|323,1331
yairm 323,1344
yamada 755,741|1199,731
yamakami 831,4428
yan 78,8030|126,3175|144,20265|320,2971|513,5552|614,3582|687,3344|721,1872|972,534|1081,6826|1081,13721|1100,5771|1111,2370|1113,10122|1113,45077|1191,5073|1198,8423
yandex 1136,1016
yang 34,7117|41,2574|56,6786|78,5012|116,5405|144,9126|164,5437|171,2320|293,8666|293,8757|293,10817|307,6745|353,6745|368,10614|376,2042|389,7111|430,2928|430,3248|479,9194|479,9285|479,11345|482,6318|544,3630|550,885|550,2890|550,9845|559,14773|559,18666|559,18757|563,9350|563,9441|563,11501|594,6786|636,1376|636,3259|666,2572|680,5217|680,6860|738,1384|743,7581|743,7811|743,10673|770,3467|780,683|780,1895|806,3646|811,10177|811,16156|820,7117|823,3479|874,4524|912,2574|936,4761|982,1571|1032,9328|1032,10531|1032,10622|1033,9796|1047,5437|1053,15251|1053,18665|1053,18756|1081,2936|1081,7733|1082,6318|1113,1924|1113,14286|1186,1013|1186,1535|1198,5012|1199,2639|1199,2780|1229,4837|1245,2461|1245,3184|1279,11479
yangzhi 282,4996|1192,4996
yaniv 298,4513|471,17155|568,4412|707,52162
yann 114,900|114,940|746,3082
yanni 1301,5565
yanzhang 263,930
yao 58,2922|112,4554|368,6687|636,557|746,641|788,2922|801,594|907,5066|982,4056|1033,6554|1050,1191|1050,1717|1124,5066|1171,2116|1184,635|1229,5640|1235,642|1245,2120|1279,600
yap 1264,5021
yar01 865,900|970,1019
yara 865,858|865,3941|865,4133|865,4360|970,977|970,1314|970,1585|970,1869
yardstick 65,2191|501,3315|716,5232|1168,3322
yarifard 585,3745|612,2785|612,6209
yasmina 191,1318
yasser 1301,4556
yatä 487,1713|487,2101
yau 122,4833|171,2751|227,6595|552,21478|738,2912|776,8201|857,3836|1058,4497|1077,3866|1144,11265|1280,5092
yaw 222,1658|222,3874|509,1658|509,3874|557,1476|1258,4647
yazd 1237,811|1237,849|1237,1112
ye 20,1090|24,734|28,732|41,618|49,840|56,643|72,868|73,633|73,640|73,647|73,654|73,661|73,668|73,675|73,682|73,689|73,696|73,703|73,710|82,683|94,733|120,685|125,764|133,671|140,714|164,645|171,590|192,712|201,769|202,776|212,707|212,2939|212,2988|212,3043|212,3131|212,3170|214,797|225,757|232,798|263,790|280,606|293,613|293,2157|293,2865|306,732|307,660|308,741|315,678|318,599|318,1694|318,1721|318,1741|318,1763|318,1789|318,1810|318,1831|318,1851|318,1871|318,1902|318,1925|318,1952|318,1977|320,1732|320,1831|322,765|322,19500|328,647|331,1327|331,1380|331,1428|340,691|349,5073|349,5179|353,660|365,759|393,618|394,837|405,731|420,2983|425,729|425,1929|430,2859|432,1112|432,1119|432,1126|432,1133|432,1140|432,1147|432,1154|432,1161|432,1168|432,1175|432,1182|432,1189|436,692|437,5073|437,5179|443,786|463,872|464,808|469,3354|476,2321|479,2841|479,3549|488,615|500,663|503,605|506,650|529,767|544,681|551,837|557,847|563,2841|563,3549|567,789|576,3558|576,3707|576,3739|590,3406|590,3465|590,3561|590,3625|590,3682|590,3745|590,3803|590,3866|593,864|594,643|605,698|605,2121|605,2201|605,2462|605,2571|606,732|621,1271|625,778|625,6066|625,6118|625,6183|632,1382|656,715|717,794|723,736|727,766|735,685|735,1134|735,1162|735,1187|735,1212|735,1238|735,1265|735,1293|735,1326|735,1351|735,1376|735,1401|735,1704|743,648|743,3137|743,3443|743,3938|743,4008|743,4074|743,4154|743,4229|743,5120|743,5153|744,878|745,785|746,4941|746,4953|746,4964|760,778|766,1494|768,852|774,779|780,599|796,2309|800,7812|800,7834|800,7900|825,683|851,836|860,701|864,775|874,7910|874,7917|874,7924|874,7931|874,7938|874,7945|874,7952|874,7959|874,7966|878,873|885,587|887,689|902,1869|912,618|916,4521|916,4569|920,624|948,728|968,2918|968,2922|968,2926|968,2930|968,3041|968,3098|968,3126|968,3189|968,3382|968,3412|968,3476|968,3512|968,3583|968,3643|968,3703|973,731|973,3253|976,799|977,837|979,631|985,769|988,775|995,809|1013,745|1032,613|1032,2157|1032,2865|1036,855|1038,750|1047,645|1050,781|1057,658|1060,1547|1060,1579|1060,1611|1060,1635|1060,1664|1060,1696|1060,1728|1060,2122|1060,2154|1061,801|1061,16428|1063,769|1073,671|1081,603|1081,1630|1081,1776|1101,902|1126,738|1128,723|1134,730|1138,659|1138,1448|1138,1725|1138,1930|1140,895|1144,693|1144,1288|1144,7876|1144,9064|1145,856|1150,651|1160,689|1161,1275|1161,2028|1161,2664|1161,2733|1161,2800|1161,4584|1168,1628|1184,2209|1184,2221|1184,2232|1202,600|1212,1752|1229,684|1232,846|1251,798|1253,855|1265,606|1276,775
yea 544,1196|874,5009|874,10149
year 1,2582|2,2582|3,2582|24,1190|31,1734|52,2327|52,2536|52,4422|52,4498|52,4578|52,4658|52,15341|52,16599|52,17859|52,19130|52,20236|77,375|77,501|77,1349|116,3916|116,7491|133,406|133,1095|133,1266|133,1691|133,1969|133,3061|133,3103|133,3141|139,3162|149,7083|152,1383|169,1047|178,1679|185,3760|191,1846|192,2042|201,2311|201,2422|201,5195|202,1080|208,1500|212,2059|214,1743|214,1845|214,2063|214,2165|214,2384|214,2486|214,2706|214,2808|214,3026|214,3128|214,4296|214,6787|215,951|215,1023|215,1753|225,1089|225,1095|239,5992|239,6294|239,7748|239,8050|256,752|270,1632|293,2194|303,887|306,2960|306,3451|311,3598|312,1434|315,1524|315,2900|319,471|322,13207|322,13307|322,13407|322,13509|322,13618|322,13725|322,13832|322,13941|322,15374|322,17019|322,17129|322,17241|331,1474|340,396|349,2206|349,3404|349,3436|349,3471|349,3504|349,4340|355,790|361,3598|385,3770|394,526|405,2064|405,3283|418,1587|418,3725|418,8825|418,9673|418,9962|418,10120|437,2206|437,3404|437,3436|437,3471|437,3504|437,4340|440,1341|443,1105|443,1111|447,1191|459,2223|471,2784|479,2878|481,458|481,1430|481,1590|481,2159|485,5377|494,4786|494,6267|500,1128|502,1223|507,737|513,1816|520,1100|520,1119|520,1282|520,1339|524,1620|540,545|540,1302|554,5377|563,2878|567,1525|567,2381|567,3474|586,456|586,1163|590,1434|593,1087|606,2960|606,3451|618,1394|618,1770|622,1134|624,1316|624,1442|625,1808|626,2899|636,10563|636,10625|643,3228|662,428|662,2481|662,4056|700,1281|707,1098|717,2262|727,1498|727,1526|727,1594|727,1623|743,2529|743,3215|743,3232|743,3855|743,6151|744,2881|760,67|760,326|760,1325|760,2247|769,1475|775,2519|775,4669|794,1798|796,2769|806,5169|810,1309|810,3473|825,2238|835,1100|835,1119|835,1282|835,1339|836,15558|839,2750|839,2913|860,2807|878,595|878,1917|878,2072|899,1125|906,1584|915,1030|948,350|948,384|977,1879|979,1629|982,683|985,1304|1013,1799|1015,3432|1017,2352|1032,2194|1036,527|1038,1405|1038,1411|1061,9749|1061,9849|1061,9949|1061,10051|1061,10160|1061,10267|1061,10374|1061,10483|1061,11931|1061,13849|1061,13959|1061,14071|1063,1304|1073,1134|1073,3252|1084,1691|1084,4877|1089,2352|1091,1392|1091,1474|1091,1554|1097,1470|1097,3192|1097,7610|1097,9332|1097,10901|1097,12623|1101,2263|1101,2644|1101,3219|1111,14268|1111,19621|1111,19925|1111,27468|1116,507|1116,1407|1116,2694|1116,5452|1138,1462|1140,10296|1140,14138|1157,758|1161,2991|1169,1148|1179,1272|1197,2344|1220,833|1229,4582|1237,2014|1237,3400|1237,3733|1265,1746|1265,1937|1269,1882|1277,487|1277,949|1289,828|1289,882|1298,403|1299,403
yearbook 104,1842|1265,363|1265,812
yearli 879,2453
yearmonthday_subject_driv_imnum_headpos 829,2158
yearpredictionmsd 77,37|77,268|1067,116
yearsch 204,5102|1203,5102
yearsexp 1138,1452
yearwood 34,20280|112,6846|112,7220|122,3912|122,4298|164,8584|307,11235|353,10595|368,10236|389,18653|482,10351|532,8218|532,11336|550,27509|550,28166|631,6080|631,6306|687,7670|687,7946|743,16887|743,17163|746,5877|746,7022|820,19224|857,2318|857,7123|893,4042|988,4276|1033,9418|1047,9762|1058,3576|1058,3962|1077,2348|1077,7153|1081,14543|1082,9465|1111,23403|1111,24068|1113,27354|1276,3643|1279,10524|1280,4171|1280,4557
yearwrk 204,5135|1203,5135
yeast 229,652|234,37|234,265|234,460|234,747|234,1181|234,1290|234,1717|234,2272|234,2390|234,2740|234,2801|234,3380|234,3896|234,4321|234,4474|234,4870|234,5320|234,5911|234,6135|298,2742|731,4960|731,4972|755,37|755,256|800,5417|800,10706|886,43|886,91|886,116|886,128|940,2887|940,3936|940,4065|1012,43|1012,95|1012,124|1012,141|1186,4105|1186,5677|1186,5806|1199,897|1264,2279|1279,2369
yeastmichael 48,3709
yeastyuan 552,1482
yee 1264,4986
yegvx 822,2282
yeh 208,860|208,1908|208,2093|430,799|430,2914|430,3194|430,3234|451,787|451,3155|451,3412|451,3557|451,3722|502,797|502,1498|502,1633|502,1756|502,1905|502,2082|502,2257|785,824|785,2256|785,2435|785,2590|785,2754|785,2971|785,3156|785,3453|785,3501|796,833|796,3640|796,3867
yellow 73,721|73,743|73,765|85,3386|144,2082|236,2095|293,2566|293,2582|432,1200|432,1222|432,1244|479,3250|479,3266|563,3250|563,3266|973,6467|1032,2566|1032,2582|1078,1028|1078,1069|1078,1107|1078,1161|1078,1287|1229,1758|1229,2240|1229,2641|1229,2748|1229,2872|1229,3151|1240,185|1240,218
yelp 92,1204
yen 831,4899|896,2866
yeni 952,3111
yet 20,2866|46,869|192,3080|396,3571|463,2912|550,12762|860,5487|933,13243|982,17438|1160,2422|1161,3304|1298,2095|1299,2095
yeung 687,3348|1111,2374
yf 829,2815
yi 232,4438|544,3012|874,2733|982,2390|1229,5085|1251,4541
yield 99,22748|104,5450|112,3240|198,2993|266,1045|330,1721|368,6083|436,861|488,1487|488,2011|488,2313|552,3173|552,3446|552,5293|552,5576|559,691|559,1225|559,1335|559,2651|559,2761|707,26300|707,26375|735,7144|800,2142|836,2487|933,11818|1033,6083|1053,691|1053,1225|1053,1335|1053,2651|1053,2761|1091,4874|1132,1389|1149,640|1149,750|1235,15822|1270,1829|1270,2040
yildiz 1046,1099|1046,1479
yime 806,3639
yin 78,8827|116,7023|259,9652|368,9618|520,2158|776,7072|835,2158|936,5295|1033,8800|1075,758|1198,9220|1279,8972|1300,2785
ying 115,4664|129,4537|133,4380|171,2601|267,4632|293,11678|478,13713|479,12206|544,2797|550,20328|552,15764|559,17351|563,12362|735,7526|738,2385|743,14264|776,10295|784,2463|874,2137|933,13297|1032,10189|1053,17829|1248,11669|1284,6772
yingyi 1301,3561|1301,4061|1301,4625|1305,1390
yishay 930,8616
yisroel 323,943
yiu 256,2241|311,4183|361,4183|418,3049|485,5962|507,2226|554,5962|1017,2937|1073,3741|1089,2937|1157,2247
yk 164,5987|256,7738|307,7295|311,6004|353,6910|361,6004|389,7658|482,6577|485,7783|500,6894|507,7723|554,7783|735,4529|1017,4758|1047,5859|1060,3935|1081,8415|1082,6868|1089,4758|1157,7744
yl 829,2895
ylm 829,3017
ymejora 420,3724
ymet 487,1708|487,2096
ymultimod 420,3818
yn 829,2935|1204,2359
yoav 99,8470|368,8149|445,5887|663,5887|680,6116|743,11230|801,9038|811,13280|907,7734|930,5837|1033,8067|1124,7734|1279,5777
yomi 810,1041
yomut 274,6767
yona 298,4596|471,17238|568,4495|707,52245
yoncaci 500,3579|836,5110
yoneda 1006,2719
yong 33,3298
yongg 1178,2330|1265,4458
yongmei 1081,3890|1202,3785
yongseog 293,9572|471,16222|479,10100|559,20694|563,10256|687,9421|707,49379|1032,11437|1053,21172|1091,4613
yoo 66,570|287,2217|1081,4878|1113,8852
yoon 256,11254|311,6688|361,6972|485,9565|507,11239|554,8467|1017,6540|1089,6540|1157,12381
yoram 234,3588|298,2541|298,4532|471,17174|500,7328|568,3455|568,4431|636,3792|707,52181|755,4173|806,3607|836,18750|1150,704|1150,902|1150,915|1245,3387
york 24,1930|30,5417|30,6105|65,2293|84,2573|84,2896|99,1909|99,19755|125,891|125,924|125,5537|215,1253|247,1701|272,2925|272,3248|501,3417|524,1362|524,1531|629,2963|716,5334|831,2909|1105,842|1107,333|1168,3424|1229,859|1265,897|1301,2635|1301,2645
yoshida 58,4065|58,6912|735,3741|788,4065|788,6912|933,2927|1235,3930|1235,13464
you 1,741|1,1019|1,3293|2,741|2,1019|2,3293|3,741|3,1019|3,3293|4,238|7,282|10,318|10,350|11,6570|14,2758|20,5919|20,6042|25,2381|25,4117|25,4981|28,1630|30,5812|31,2029|35,4598|40,2724|44,2701|47,3806|47,3939|47,4271|68,2537|77,1018|80,1587|84,1832|84,1847|86,5693|92,911|94,1849|94,1919|94,2028|94,2305|97,447|97,649|97,1016|97,1103|97,1170|97,1220|97,1311|97,1358|97,1440|97,1518|97,1543|97,2214|97,2414|97,2611|120,2125|161,2473|164,10275|199,4987|202,2534|202,2579|220,3214|232,5562|233,1258|236,999|239,5589|239,7345|245,6411|263,1108|266,1558|270,1944|270,2057|272,2055|272,2070|274,3836|274,6868|303,273|303,403|311,1174|314,906|318,4247|321,3102|334,1490|340,3178|347,2341|358,3023|360,927|360,2184|360,2538|360,3659|360,3906|360,3966|360,4083|361,1174|365,1146|365,1383|365,2210|365,2264|365,3102|368,10971|368,11011|388,1361|388,1426|388,1575|388,1663|388,1711|388,1788|388,3955|388,4135|394,4246|422,3764|426,3866|428,755|436,3058|436,3126|453,819|453,1406|458,2288|458,4144|459,3491|463,12059|464,1062|464,2947|467,9992|479,1812|479,1879|494,6115|519,1743|519,2866|524,2328|529,2599|536,1893|562,3586|563,1812|563,1879|568,1439|584,2484|588,4847|589,1575|589,1819|589,2413|589,3611|590,5042|601,1393|615,2206|621,465|621,1674|622,1531|624,1943|625,6891|626,7804|626,7823|626,7831|629,3019|629,3096|630,2439|637,1730|645,6297|668,368|713,2571|713,2648|723,3688|723,3776|723,3873|723,3903|723,3954|756,1953|756,2202|756,3033|756,3103|762,7590|769,381|769,612|775,4068|775,4198|790,2814|800,10378|800,10397|800,10405|806,6658|810,3612|817,1756|829,3126|831,3346|831,3364|831,3918|831,4108|831,4648|831,4678|831,4843|839,4453|864,1599|878,2442|879,893|879,964|879,1082|879,1127|879,1175|879,1209|879,1259|879,1499|879,1612|879,1987|879,2033|879,2271|879,2307|879,3888|879,3961|881,2909|883,7080|887,1579|902,2175|906,1947|907,4300|907,4726|907,4735|931,13220|953,1191|976,1317|976,1762|980,2745|995,4394|995,4419|995,4548|1005,2048|1015,3842|1033,10971|1033,11011|1046,2818|1047,10275|1051,1146|1057,1176|1057,1621|1057,7511|1059,3513|1060,5170|1070,719|1081,18310|1100,6133|1124,4300|1124,4726|1124,4735|1127,7333|1134,1912|1138,2360|1138,5359|1140,2078|1140,2141|1140,2895|1145,4001|1145,4175|1161,5218|1172,2344|1174,49|1220,1661|1224,2230|1232,6127|1237,3075|1251,5662|1258,6255|1262,2537|1281,2515|1283,3866|1287,2194|1287,2392|1302,671|1302,737|1303,449|1303,515|1303,1365|1303,1393|1303,1998
young 55,3775|227,4187|277,4975|325,4715|434,954|557,451|640,7691|665,998|716,4795|780,969|1081,17504|1113,35311|1130,1131|1144,1405|1150,3130|1168,1491|1168,3247|1260,1176|1301,4686|1305,1114
younger 24,3814
youngest 625,2088
youngkeol 41,4682|55,5392|56,8894|65,1764|256,13402|277,9637|311,7506|361,7790|485,9119|501,3477|507,13387|554,9285|594,8757|770,8800|823,8214|912,4545|1017,6094|1089,6094|1157,10932
your 10,243|14,2439|49,1349|49,1432|72,2041|97,663|97,946|97,1526|97,2161|119,1181|137,1612|137,1695|164,10361|202,2590|254,4947|263,2535|303,353|303,507|314,3054|331,1068|334,1352|388,1723|453,1539|455,1562|463,12180|492,927|494,6138|504,1052|556,1616|556,1699|588,4881|593,1203|601,1427|615,2230|621,315|621,537|621,614|621,1233|621,1312|621,1441|621,1522|621,1761|621,1902|621,2000|621,2036|622,1565|624,883|668,376|723,3880|735,2458|737,2916|775,4148|775,4302|781,1165|806,6810|831,3759|831,3804|831,3993|831,4744|879,1631|879,1698|879,3977|881,1362|881,2555|899,1928|902,1140|976,1494|1047,10361|1057,1353|1140,1968|1174,57|1185,2131|1197,1161|1224,2035|1292,53|1303,1431
yousif 1028,920|1028,1618|1028,2235|1028,2433
youth 1258,2721
youtub 1,1051|2,1051|3,1051|105,116|314,37|314,286|314,483|314,953|314,1029|314,2025|314,2074|314,2745|314,3018|593,610|593,1122|977,37|977,288|1015,553|1015,1099|1015,1127|1015,1415|1015,2080|1015,2405|1015,3718|1287,37|1287,274|1287,857|1287,941|1287,1053|1287,1781
youtube_video 1015,961
yr 293,2208|293,2224|293,2266|479,2892|479,2908|479,2950|500,361|563,2892|563,2908|563,2950|662,2476|800,1111|800,1117|878,4503|1032,2208|1032,2224|1032,2266|1073,377
yre 829,2853
yrm 829,2973
yrsserv 204,5168|1203,5168
yu 17,589|75,1156|99,3844|99,18676|139,1098|139,11999|227,2668|293,10822|325,3127|325,4823|349,5476|358,2854|358,3115|404,882|404,893|418,2566|437,5476|471,6771|471,14458|479,11350|481,2787|500,7468|511,2041|511,5432|559,14778|563,11506|602,2041|602,5264|618,1237|640,2417|640,8182|666,2561|707,11867|707,44086|716,1519|836,19270|930,4538|930,9753|1032,9333|1053,15256|1073,3566|1144,9681|1168,2169
yuan 65,497|78,2392|144,616|171,1944|247,2637|259,3957|293,4564|325,2583|471,3648|471,5670|479,5100|501,2929|532,529|550,1835|563,5248|631,2601|631,2704|636,988|680,2144|687,2727|701,524|707,8345|735,3341|738,494|743,8130|743,8497|776,2684|811,515|933,1050|1032,4060|1111,1031|1198,2392|1245,2322|1253,1064
yugoslavia 88,4123|188,2020|318,847|318,4139|500,2496|632,809|735,861|770,7358|787,5922|823,6772|1060,447|1060,950|1060,5062|1073,2501|1081,760|1081,2276|1081,18202|1113,27204
yuh 34,4565|164,4431|307,5739|353,6324|482,5897|1047,4431|1081,5606|1082,5312
yuksek 1028,2023|1028,2838
yumusak 809,1134|809,1956|809,2268
yun 41,4692|55,5402|56,8904|65,1774|256,13412|277,9647|311,7516|361,7800|469,2671|485,9129|501,3487|507,13397|554,9295|594,8767|770,8810|823,8224|912,4555|1017,6104|1089,6104|1157,10942
yusuf 1294,246
yuval 323,999
yuy 164,11003|1047,11003
yver 391,3178
yy 120,1438|120,1636|254,4422|294,1198|294,1519|440,4128|440,4334|687,1441|687,2464|707,32881
yy1 882,1974|882,2412
yy2 882,1982|882,2420
yyyi 624,1740|687,1414|687,2437|717,1516|744,2318|763,2106|985,2060|1030,2154|1036,1935|1063,2060|1101,1622|1145,3520|1196,2917|1196,2957
yyyymmdd 915,2290
yyyymmdd_hhmmss 1100,4583
yöntem 881,745|881,4728|881,4993
yüksek 648,4538
