0
14
53
66
79
92
122
138
159
175
196
217
238
264
276
288
300
319
985
1002
1020
1037
1054
1071
1088
1735
1769
5140
5174
5196
5787
5823
7265
7286
7311
7327
7369
7395
7417
7457
7474
7492
7536
7740
7764
7843
7859
7887
7964
7981
8004
8021
8039
8066
8094
8118
8135
8166
8191
8234
8259
8273
8296
8434
8461
8505
8519
8534
8562
8651
8782
8802
8976
8993
9014
9040
9059
9446
9517
9535
9599
9617
10336
10353
10380
10485
10508
10533
10742
11795
11818
11881
11904
11920
11953
12026
12070
15461
15479
15781
15802
15822
15841
15862
16103
16118
16132
16278
16367
16383
16407
16449
16473
16524
18024
18048
18073
18132
18163
18194
18227
18251
18276
18294
18310
18333
18367
18380
18395
18410
18427
18444
18459
18483
18508
18540
18589
18615
18652
18686
18846
19147
19180
19204
19322
19357
19374
19484
19517
19719
19922
19982
20000
20031
20050
20064
20082
20152
20197
20221
20240
20255
20293
20308
20430
20555
20931
20998
21075
21100
21373
21389
21505
21529
21563
21589
22059
22103
22120
22145
22219
22252
22274
22294
22351
22390
22413
22426
22447
22460
22512
22526
22550
22608
22628
22900
22916
22932
22948
22964
22980
22993
23268
23288
23301
23819
23851
23901
23939
23968
23983
24421
24437
24458
24476
24596
24629
24650
24681
24724
24742
24758
64112
64142
64165
64910
64935
64956
64975
65783
66667
66747
66794
66812
66834
66852
66869
66884
67177
67217
68132
68156
68366
68445
68464
68490
68508
68527
68971
70206
70225
70245
70272
70299
70332
71668
72023
72041
72066
72082
72107
72123
72205
72232
72245
72286
72326
72371
72406
72434
72448
72499
72516
72576
72636
72696
72753
72814
72870
72923
72977
73035
73050
73120
73135
73149
73186
74326
74352
74441
74575
74964
74979
75020
75109
75126
75169
75210
75226
75250
75272
75300
75388
75401
75426
75452
75790
75934
75951
76600
76619
76638
76664
76689
76704
76853
79702
79725
79749
79764
79786
79802
79836
79854
79869
79894
80208
80226
82376
82402
82439
82574
82631
82654
82678
82709
82768
82781
82798
82837
82858
82881
82901
82956
82969
82987
83019
84248
84261
84291
84532
84556
84599
84683
84708
84759
84774
84798
84843
84921
85710
85745
85774
85799
85815
86272
86288
86313
86327
86606
86644
86663
86686
86701
88010
88049
88076
88095
88159
88185
88277
88294
88310
88840
88868
88884
88906
88951
88974
89112
90125
90231
90257
90273
90348
90389
90436
90451
90469
91107
91406
91454
92217
92232
92249
92265
92297
92395
92504
92550
92611
94795
94811
97272
97295
97475
97501
97947
98089
98106
98122
104828
104921
104965
104990
105017
105040
105066
105101
105145
105159
105173
105208
105225
105243
105274
105312
105329
105346
105401
105415
105439
105488
105504
108015
108030
109436
109470
109491
109512
109884
110051
110065
110108
110438
110472
112149
112165
112192
112884
112899
114090
114207
114240
114268
114295
114310
114538
114564
114604
115113
115147
115160
115227
115244
115262
115279
115296
115313
115330
115343
115369
115393
115406
115419
115492
115578
115681
115696
115752
115843
115859
115899
115920
115988
116045
116070
116230
116595
116614
116736
116761
116821
116836
116870
116887
116904
116917
116935
118491
118592
118609
118633
118654
119841
119859
119891
119926
119977
120035
120087
120631
120646
120661
120682
120703
120749
120768
121940
121962
121982
121998
122510
122532
122546
122592
122708
122727
122746
122807
122832
122865
123072
123085
123098
123113
123128
123143
123167
123385
124105
124252
124308
124344
124950
125150
125197
125219
125238
125253
125278
125732
125851
125932
125963
125976
126390
126438
126463
126485
126502
126535
126550
126927
126962
126978
127017
127070
127350
127369
127561
127585
127610
127680
127709
127741
127768
127786
127802
127818
127861
127877
129583
130303
130347
130410
130434
130452
130613
130739
130760
130781
130802
130823
130844
130903
130978
131000
131022
131036
131136
131149
131318
131332
131346
131360
131381
131411
131465
131484
131538
131633
131685
131777
131929
131945
131967
131997
132274
132298
132313
132328
132348
132368
132388
132408
132578
132592
132610
132625
132641
132661
132674
132689
132707
132723
132792
132805
132818
132864
132914
133123
133465
133482
133505
133549
133621
133638
133653
133666
133679
133715
133731
133840
134036
134063
134077
134161
134187
134266
134304
134336
134388
134403
134429
134447
134488
134502
134914
134932
135021
135036
135082
135097
135122
135180
135197
135210
135240
135251
135265
135296
135315
135391
135405
135419
135433
135447
135459
135471
135485
135544
135562
135761
135832
135854
135876
135898
136116
136134
136150
136821
136848
136862
136945
136960
137001
137014
137047
137058
137073
