0
4131
4164
4190
4393
4422
4441
4644
4674
4933
4976
5208
5368
5411
5910
5952
6021
6047
6077
6109
6174
6288
6360
6432
6504
6576
6648
6687
6721
2273478
2273511
2273546
2273591
2273636
2273673
2273702
2273746
2273790
2273834
2273871
2273911
2273951
2273991
2274023
2274061
2274100
2274140
2275051
2275104
2275193
2275927
2276298
2276677
2277747
2278001
2278247
2278539
2278644
2278815
2278833
2278888
2278919
2278964
2279219
2279314
2279370
2279393
2279454
2279609
2279653
2279706
2279860
2279892
2279920
2279950
2280418
2280436
2280467
2280589
2280624
2280659
2280680
2280699
2280729
2280806
2280839
2280872
2280905
2280939
2280972
2281002
2281036
2281064
2281099
2281279
2281317
2281355
2281392
2281430
2281468
2281506
2281544
2281578
2281616
2281654
2281686
2281722
2281885
2282026
2282080
2282117
2282153
2282189
2282214
2283060
2283285
2283347
2283377
2283455
2283805
2284657
2284688
2284815
2284879
2285002
2285052
2285068
2285356
2285401
2285432
2285453
2285513
2285530
2285761
2285800
2285827
2285855
2285885
2285912
2285944
2286545
2286597
2286629
2286661
2286706
2286902
2286965
2287020
2287056
2287089
2287123
2287158
2287193
2287227
2287297
2287322
2287339
2287369
2287546
2287734
2287809
2287870
2287938
2288011
2288047
2288082
2288118
2288151
2288179
2288788
2288829
2288849
2288873
2288901
2288924
2288946
2288970
2288993
2289017
2289037
2289061
2289084
2289108
2289142
2289162
2289184
2289208
2289232
2289254
2289274
2289297
2289320
2289352
2289373
2289515
2289580
2289611
2289643
2289683
2486416
2486717
2486827
2486859
2487835
2487881
2487974
2488075
2488109
2488182
2488279
2488542
2488571
2488684
2488758
2488859
2488887
2489860
2489919
2489962
2490734
2490764
2492002
2492377
2492681
2493098
2493127
2493158
2493497
2493780
2493812
2493890
2494617
2494642
2495053
2495105
2495125
2495396
2495614
2495629
2495709
2495741
2495771
2495852
2495923
2496058
2496285
2496442
2496496
2496602
2497905
2497920
2498081
2498132
2498180
2498208
2498589
2499149
2499315
2499735
2499916
2499946
2500199
2500229
2500246
2500274
2500309
2500343
2500366
2500388
2500452
2504538
2504602
2504698
2507851
2507906
2507941
2507995
2508038
2508059
2508087
2508115
2508174
2515329
2515407
2515485
2515563
2515641
2515719
2515797
2515875
2516304
2516732
2516757
2516937
2517512
2517778
2517917
2518053
2518314
2518358
2518419
2522519
2522569
2522664
2523106
2523136
2523331
2523362
2523386
2523481
2523509
2523812
2524157
2524578
2524609
2524917
2524957
2525021
2525063
2525092
2525169
2525200
2525231
2525262
2525280
2525346
2525376
2527377
2527408
2527440
2527503
2527550
2527582
2527613
2527690
2527711
2527750
2527775
2528100
2528129
2528777
2528809
2528843
2528975
2529182
2529529
2529910
2530142
2530194
2531765
2532283
2532747
2533531
2534486
2534527
2534579
2534604
2534632
2534660
2534690
2534916
2534955
2535021
2535194
2535211
2535228
2535257
2535322
2535344
2536890
2537023
2538020
2538052
2538092
2538193
2538365
2538861
2539020
2539234
2539375
2540114
2540534
2541335
2542079
2542283
2544612
2546406
2546423
2546440
2546459
2546891
2546930
2548355
2548390
2548418
2548493
2548546
2548572
2548612
2548627
2548653
2548763
2548778
2548907
2548939
2548967
2549001
2549704
2549967
2550226
2550557
2550580
2550608
2550656
2550673
2550892
2551437
2551469
2551496
2551704
2552010
2552539
2553138
2553343
2553731
2554127
2554159
2554177
2554207
2554242
2554275
2554307
2554339
2554371
2554403
2554435
2554467
2554884
2555874
2556322
2557030
2557537
2557801
2558755
2559196
2559920
2560758
2561185
2561492
2561918
2562558
2562637
2562805
2563058
2563286
2563397
2563484
2563605
2563684
2564264
2564593
2565352
2565799
2566173
2566883
2567619
2568134
2568763
2569090
2569434
2569563
2570073
2571223
2571829
2572539
2572956
2573255
2573953
2574387
2575443
2576336
2576357
2577146
2577681
2578002
2578054
2578141
2578353
2578373
2578690
2578721
2578782
2578835
2578860
2578912
2578944
2578960
2579111
2579138
2579217
2579283
2579301
2579332
2579741
2579960
2580616
2580853
2580987
2581077
2581110
2581213
2581242
2581344
2581378
2581434
2581487
2581524
2582029
2582482
2583594
2584145
2584381
2587922
2587955
2588149
2588186
2588215
2588312
2588411
2588610
2590557
2590615
2590693
2590710
2590834
2590861
2591007
2591060
2591618
2591832
2592034
2592094
2593317
2593406
2593493
2593634
2593652
2593725
2594197
2594227
2594308
2594478
2594533
2594950
2595425
2595858
2595877
2597754
2598094
2598453
2598931
2599150
2599367
2599704
2599733
2599784
2599813
2600015
2600049
2601205
2601240
2601297
2601354
2601383
2601436
2601488
2601520
2601548
2601602
2601646
2601707
2601947
2602003
2602037
2602256
2602310
2602341
2604289
2604649
2604855
2605078
2605238
2605268
2605347
2605373
2605399
2605429
2629654
2629732
2629797
2629864
2630343
2630870
2630899
2631072
2631104
2631239
2631277
2631316
2645575
2645615
2645669
2645728
2645786
2645824
2645855
2645884
2646172
2646247
2646276
2647216
2647242
2647277
2647334
2647537
2647691
2647728
2647788
2647869
2648332
2648480
2648516
2648548
2648590
2648690
2648728
2648771
2649604
2649638
2649674
2649709
2649745
2649781
2649818
2649853
2649887
2649922
2650005
2650041
2650077
2650112
2650148
2650186
2650246
2650285
2650324
2650363
2651778
2654222
2654299
2654335
2654373
2654409
2654444
2654475
2655030
2655151
2655186
2655222
2655257
2655293
2655440
2655473
2655517
2655772
2655805
2655886
2655922
2655958
2656090
2656193
2656220
2656297
2656688
2656783
2656859
2680896
2680942
2681002
2681272
2681511
2682517
2682974
2683994
2684106
2684477
2684633
2704573
2704602
2704630
2704657
2704729
2704769
2704818
2704844
2704873
2704937
2704971
2705002
2728479
2728507
2728532
2729497
2731958
2733588
2734226
2734387
2734588
2734624
2734661
2734878
2734905
2735072
2735150
2735888
2736054
2736723
2737013
2737122
2737150
2737268
2737303
2738835
2739874
2740481
2741014
2741186
2742166
2742199
2742248
2742294
2742340
2742559
2742659
2744780
2744850
2745826
2746043
2746086
2746194
2746337
2746371
2746749
2746784
2747568
2748161
2748214
2748608
2748810
2749318
2749354
2749390
2749893
2749927
2750859
2750994
2751067
2751148
2751165
2751190
2751212
2751277
2751302
2751495
2751561
2751595
2751789
2751819
2751849
2751879
2751919
2752419
2752467
2752486
2752756
2752806
2752866
2752880
2752896
2752926
2753344
2753399
2753623
2753676
2753699
2753764
2753787
2754265
2754292
2754389
2754441
2754471
2754543
2754576
2754610
2754663
2754829
2754885
2754937
2754968
2755021
2755237
2755256
2755503
2755859
2755878
2755905
2755934
2756018
2756048
2756081
2756139
2756157
2756186
2756250
2756289
2756319
2756352
2756921
2757026
2757267
2757681
2757710
2757762
2757883
2760191
2760217
2760242
2760832
2760938
2760972
2761033
2761088
2761116
2761133
2761517
2761592
2761627
2762884
2762958
2763077
2763104
2763133
2763448
2763502
2763672
2763701
2763732
2763818
2764954
2764982
2765071
2777783
2777840
2777876
2777938
2778023
2778086
2778171
2778206
2778396
2778424
2778489
2778771
2778813
2778845
2778934
2778960
2778988
2779180
2779213
2779387
2780427
2780687
2780753
2781078
2781169
2781188
2781289
2781651
2781707
2781739
2782072
2782117
2782321
2784413
2784430
2784463
2784528
2784543
2785244
2785488
2785515
2785549
2785670
2785727
2785765
2785830
2785858
2785891
2786045
2786074
2786104
2786367
2786386
2786445
2786994
2787068
2787087
2787220
2787260
2787289
2787453
2788029
2788304
2788379
2788533
2788572
2789257
2789730
2789917
2790113
2790141
2790774
2790837
2791042
2791420
2791864
2792381
2792623
2793639
2793689
2793719
2793749
2793872
2793926
2794028
2794070
2794205
2794233
2794257
2794292
2794317
2794341
2794365
2794400
2794424
2794447
2794494
2794518
2794577
2794601
2794636
2794660
2794684
2794745
2794780
2794805
2794830
2794853
2794877
2794912
2794937
2794962
2794986
2795032
2795057
2795082
2795106
2795139
2795163
2795222
2795245
2795304
2795339
2795364
2795389
2795424
2795448
2795485
2795509
2795533
2795570
2795595
2795642
2795666
2795690
2795715
2795739
2795785
2795809
2795833
2795857
2795881
2795906
2795930
2795954
2795989
2796014
2796038
2796073
2796110
2796134
2796167
2796191
2796226
2796296
2796331
2796355
2796379
2796401
2796436
2796460
2796484
2796508
2796532
2796568
2796592
2796615
2796672
2796757
2796806
2796843
2796867
2796904
2796928
2796952
2796976
2797001
2797038
2797073
2797143
2797167
2797192
2797238
2797262
2797298
2797322
2797346
2797371
2797395
2797432
2797469
2797506
2797530
2797553
2797577
2797614
2797638
2797697
2797720
2797743
2797778
2797812
2797836
2797871
2797896
2797920
2797944
2797969
2797993
2798028
2798074
2798109
2798134
2798157
2798181
2798206
2798230
2798255
2798279
2798304
2798328
2798353
2798377
2798402
2798426
2798451
2798475
2798512
2798536
2798560
2798584
2798615
2798640
2798665
2798689
2798713
2798750
2798785
2798810
2798834
2798859
2798884
2798909
2798946
2798970
2798994
2799031
2799077
2799101
2799134
2799157
2799181
2799218
2799273
2799297
2799321
2799357
2799390
2799413
2799449
2799473
2799497
2799534
2799559
2799583
2799607
2799632
2799656
2799680
2799705
2799740
2799764
2799821
2799858
2799893
2799939
2799998
2800022
2800047
2800072
2800096
2800120
2800145
2800170
2800205
2800230
2800255
2800280
2800304
2800328
2800364
2800388
2800410
2800434
2800458
2800483
2800508
2800543
2800580
2800604
2800627
2800652
2800676
2800699
2800723
2800748
2800772
2800797
2800832
2800856
2800891
2800916
2800940
2800964
2800988
2801012
2801047
2801071
2801095
2801120
2801157
2801192
2801229
2801264
2801299
2801323
2801348
2801373
2801398
2801422
2801447
2801471
2801495
2801519
2801544
2801581
2801605
2801630
2801655
2801680
2801715
2801740
2801765
2801790
2801827
2801886
2801910
2801945
2801969
2802004
2802029
2802054
2802078
2802102
2802126
2802150
2802175
2802212
2802237
2802262
2802321
2802367
2802391
2802416
2802440
2802465
2802502
2802527
2802576
2802600
2802625
2802650
2802675
2802700
2802735
2802760
2802797
2802822
2802857
2802881
2802906
2802931
2802968
2803005
2803030
2803055
2803079
2803104
2803128
2803163
2803198
2803223
2803246
2803281
2803316
2803338
2803363
2803387
2803424
2803459
2803484
2803509
2803544
2803568
2803592
2803629
2803662
2803686
2803723
2803747
2803772
2803796
2803821
2803858
2803895
2803930
2803953
2804012
2804036
2804061
2804085
2804109
2804155
2804178
2804203
2804238
2804262
2804299
2804323
2804347
2804371
2804406
2804441
2804476
2804522
2804559
2804583
2804607
2804632
2804657
2804681
2804706
2804730
2804754
2804777
2804800
2804824
2804848
2804872
2804896
2804931
2804968
2804993
2805018
2805053
2805102
2805126
2805163
2805198
2805222
2805246
2805271
2805294
2805318
2805342
2805391
2805416
2805441
2805466
2805503
2805561
2805585
2805608
2805645
2805669
2805728
2805752
2805789
2805814
2805850
2805887
2805924
2805948
2805972
2805997
2806022
2806057
2806116
2806141
2806165
2806200
2806224
2806248
2806282
2806306
2806330
2806364
2806389
2806436
2806461
2806485
2806510
2806535
2806559
2806584
2806631
2806655
2806691
2806750
2806798
2806823
2806860
2806895
2806919
2806944
2806967
2807004
2807029
2807053
2807099
2807123
2807147
2807171
2807206
2807242
2807279
2807316
2807341
2807390
2807427
2807452
2807489
2807526
2807551
2807586
2807610
2807634
2807658
2807682
2807767
2807835
2807870
2807894
2807917
2807960
2807984
2808019
2808043
2808067
2808102
2808126
2808150
2808199
2808223
2808248
2808294
2808319
2808365
2808389
2808413
2808438
2808462
2808497
2808521
2808545
2808580
2808604
2808629
2808653
2808690
2808714
2808738
2808762
2808787
2808811
2808835
2808859
2808883
2808908
2808933
2808957
2808982
2809019
2809054
2809088
2809113
2809138
2809162
2809186
2809210
2809234
2809271
2809295
2809319
2809344
2809368
2809403
2809438
2809462
2809486
2809511
2809568
2809627
2809652
2809687
2809724
2809759
2809792
2809838
2809897
2809932
2809956
2809993
2810028
2810052
2810089
2810112
2810147
2810183
2810207
2810232
2810256
2810280
2810304
2810329
2810353
2810377
2810402
2810437
2810462
2810485
2810522
2810557
2810582
2810607
2810642
2810701
2810725
2810749
2810773
2810816
2810841
2810874
2810910
2810935
2810959
2810984
2811019
2811043
2811067
2811092
2811116
2811141
2811166
2811191
2811226
2811261
2811296
2811342
2811377
2811400
2811437
2811461
2811520
2811544
2811569
2811593
2811630
2811667
2811704
2811741
2811778
2811803
2811840
2811864
2811888
2811913
2811950
2811987
2812020
2812045
2812070
2812094
2812129
2812166
2812201
2812226
2812251
2812288
2812313
2812350
2812374
2812410
2812435
2812472
2812527
2812552
2812575
2812612
2812637
2812674
2812722
2812757
2812792
2812827
2812864
2812888
2812924
2812949
2812984
2813009
2813033
2813058
2813083
2813120
2813156
2813189
2813225
2813262
2813287
2813324
2813361
2813420
2813445
2813482
2813519
2813556
2813581
2813605
2813629
2813654
2813679
2813714
2813749
2813774
2813799
2813824
2813861
2813898
2813923
2813958
2813983
2814016
2814051
2814076
2814113
2814138
2814175
2814210
2814247
2814272
2814297
2814322
2814347
2814372
2814409
2814434
2814469
2814494
2814531
2814556
2814581
2814606
2814642
2814679
2814704
2814729
2814766
2814791
2814815
2814840
2814865
2814889
2814924
2814961
2814986
2815034
2815093
2815130
2815189
2815226
2815251
2815288
2815312
2815349
2815374
2815411
2815436
2815461
2815520
2815545
2815569
2815604
2815625
2815668
2815689
2815710
2815731
2815753
2815774
2815796
2815817
2815851
2815894
2815915
2815936
2815978
2815999
2816020
2816041
2816075
2816106
2816138
2816181
2816203
2816225
2816246
2816267
2816287
2816309
2816341
2816405
2816427
2816448
2816469
2816489
2816521
2816553
2816574
2816608
2816630
2816652
2816673
2816695
2816716
2816748
2816802
2816843
2816864
2816885
2816928
2816950
2816971
2816992
2817013
2817065
2817099
2817131
2817152
2817174
2817196
2817230
2817272
2817293
2817314
2817335
2817357
2817378
2817399
2817420
2817463
2817484
2817516
2817537
2817558
2817590
2817611
2817632
2817653
2817674
2817719
2817740
2817772
2817793
2817825
2817857
2817887
2817909
2817952
2817973
2817995
2818017
2818038
2818070
2818124
2818145
2818166
2818187
2818207
2818228
2818249
2818294
2818326
2818347
2818381
2818403
2818423
2818457
2818478
2818523
2818544
2818566
2818588
2818610
2818688
2818710
2818731
2818753
2818798
2818832
2818853
2818874
2818895
2818929
2818951
2818971
2818993
2819014
2819070
2819091
2819113
2819146
2819167
2819188
2819220
2819241
2819274
2819306
2819338
2819378
2819400
2819422
2819443
2819476
2819497
2819518
2819538
2819559
2819580
2819634
2819655
2819676
2819697
2819730
2819762
2819817
2819839
2819860
2819915
2819945
2819979
2820001
2820023
2820045
2820066
2820087
2820109
2820143
2820164
2820198
2820219
2820241
2820262
2820318
2820363
2820384
2820406
2820449
2820471
2820505
2820548
2820570
2820591
2820625
2820659
2820693
2820715
2820737
2820769
2820790
2820811
2820832
2820853
2820885
2820915
2820937
2820969
2821012
2821031
2821052
2821096
2821128
2821162
2821183
2821203
2821224
2821245
2821266
2821288
2821320
2821341
2821363
2821396
2821418
2821439
2821471
2821493
2821538
2821560
2821582
2821604
2821626
2821656
2821676
2821698
2821720
2821752
2821784
2821818
2821883
2821915
2821937
2821958
2821978
2821999
2822020
2822040
2822062
2822096
2822118
2822138
2822172
2822194
2822214
2822235
2822257
2822278
2822298
2822318
2822351
2822385
2822439
2822461
2822483
2822501
2822523
2822555
2822577
2822608
2822630
2822663
2822685
2822730
2822752
2822773
2822795
2822816
2822838
2822860
2822882
2822914
2822970
2822991
2823013
2823034
2823056
2823088
2823122
2823156
2823178
2823199
2823220
2823254
2823274
2823295
2823327
2823361
2823382
2823402
2823423
2823457
2823500
2823534
2823555
2823577
2823598
2823620
2823642
2823663
2823684
2823706
2823727
2823761
2823817
2823838
2823858
2823890
2823922
2823956
2823978
2824000
2824022
2824044
2824066
2824088
2824109
2824139
2824161
2824183
2824204
2824225
2824247
2824279
2824300
2824320
2824341
2824374
2824395
2824417
2824438
2824472
2824505
2824548
2824569
2824601
2824657
2824679
2824701
2824735
2824756
2824776
2824810
2824832
2824854
2824887
2824908
2824938
2824959
2824981
2825011
2825032
2825053
2825074
2825096
2825118
2825163
2825197
2825218
2825239
2825260
2825293
2825326
2825358
2825379
2825400
2825422
2825443
2825465
2825487
2825508
2825530
2825551
2825573
2825594
2825628
2825650
2825706
2825727
2825748
2825781
2825815
2825836
2825868
2825889
2825911
2826000
2826021
2826042
2826064
2826096
2826161
2826206
2826227
2826259
2826291
2826323
2826378
2826400
2826421
2826442
2826464
2826486
2826518
2826539
2826573
2826594
2826616
2826636
2826657
2826677
2826698
2826720
2826764
2826786
2826820
2826863
2826884
2826906
2826927
2826948
2826982
2827003
2827025
2827046
2827090
2827112
2827144
2827165
2827187
2827208
2827230
2827250
2827271
2827327
2827360
2827381
2827402
2827435
2827457
2827479
2827543
2827564
2827585
2827606
2827627
2827648
2827680
2827701
2827722
2827754
2827775
2827807
2827839
2827860
2827881
2827911
2827932
2827953
2827974
2828006
2828040
2828074
2828095
2828116
2828137
2828158
2828179
2828211
2828232
2828253
2828287
2828319
2828349
2828370
2828391
2828413
2828435
2828478
2828499
2828520
2828541
2828562
2828583
2828613
2828656
2828708
2828740
2828761
2828783
2828804
2828836
2828857
2828877
2828898
2828930
2828962
2829005
2829026
2829060
2829092
2829113
2829135
2829156
2829221
2829253
2829274
2829296
2829318
2829350
2829391
2829412
2829431
2829452
2829472
2829504
2829525
2829546
2829567
2829599
2829621
2829642
2829674
2829695
2829716
2829738
2829784
2829818
2829874
2829906
2829927
2829948
2829981
2830001
2830033
2830054
2830076
2830110
2830144
2830176
2830197
2830230
2830251
2830273
2830294
2830316
2830348
2830380
2830402
2830424
2830489
2830523
2830555
2830577
2830598
2830630
2830664
2830686
2830708
2830729
2830750
2830770
2830804
2830825
2830846
2830876
2830919
2830959
2830981
2831002
2831034
2831056
2831089
2831145
2831166
2831188
2831210
2831232
2831266
2831288
2831343
2831364
2831398
2831443
2831476
2831497
2831518
2831540
2831574
2831596
2831618
2831640
2831674
2831695
2831729
2831751
2831807
2831828
2831849
2831881
2831913
2831947
2831969
2832003
2832025
2832069
2832090
2832110
2832132
2832153
2832172
2832193
2832226
2832247
2832269
2832289
2832310
2832331
2832353
2832374
2832417
2832473
2832495
2832517
2832538
2832559
2832592
2832613
2832645
2832666
2832687
2832707
2832739
2832761
2832783
2832805
2832826
2832860
2832881
2832902
2832923
2832955
2832987
2833008
2833028
2833050
2833104
2833126
2833147
2833203
2833224
2833245
2833266
2833300
2833321
2833354
2833375
2833418
2833440
2833462
2833483
2833504
2833525
2833546
2833578
2833599
2833621
2833642
2833686
2833742
2833764
2833818
2833858
2833892
2833913
2833935
2833975
2834009
2834030
2834064
2834085
2834139
2834160
2834193
2834214
2834235
2834269
2834291
2834313
2834345
2834379
2834400
2834422
2834443
2834475
2834509
2834543
2834564
2834598
2834665
2834699
2834719
2834740
2834760
2834782
2834803
2834825
2834859
2834937
2834971
2835001
2835023
2835045
2835066
2835087
2835109
2835143
2835164
2835197
2835218
2835239
2835261
2835326
2835348
2835380
2835401
2835422
2835444
2835465
2835499
2835532
2835566
2835588
2835633
2835667
2835725
2835747
2835779
2835811
2835833
2835855
2835877
2835898
2835943
2835965
2835986
2836018
2836040
2836061
2836095
2836116
2836137
2836171
2836205
2836226
2836258
2836280
2836302
2836334
2836355
2836387
2836408
2836429
2836461
2836483
2836504
2836525
2836546
2836567
2836588
2836620
2836641
2836661
2836682
2836716
2836738
2836802
2836845
2836888
2836920
2836974
2837030
2837063
2837084
2837140
2837162
2837216
2837237
2837259
2837280
2837314
2837348
2837382
2837415
2837437
2837459
2837503
2837524
2837545
2837577
2837598
2837620
2837642
2837663
2837697
2837719
2837753
2837785
2837806
2837840
2837861
2837883
2837905
2837939
2837961
2837982
2838004
2838026
2838082
2838127
2838160
2838181
2838203
2838237
2838259
2838281
2838303
2838348
2838380
2838432
2838453
2838483
2838504
2838525
2838559
2838580
2838602
2838645
2838666
2838687
2838709
2838743
2838764
2838796
2838817
2838839
2838860
2838881
2838902
2838923
2838945
2838966
2838987
2839008
2839066
2839110
2839131
2839152
2839185
2839206
2839226
2839248
2839269
2839302
2839324
2839345
2839375
2839407
2839428
2839462
2839507
2839529
2839550
2839571
2839593
2839615
2839636
2839657
2839678
2839699
2839721
2839743
2839765
2839787
2839809
2839842
2839874
2839908
2839929
2839950
2839971
2840005
2840057
2840089
2840110
2840131
2840163
2840184
2840205
2840239
2840273
2840305
2840326
2840347
2840369
2840390
2840412
2840433
2840455
2840476
2840497
2840518
2840540
2840561
2840582
2840604
2840626
2840660
2840681
2840703
2840735
2840768
2840789
2840822
2840866
2840888
2840909
2840931
2840952
2840974
2841007
2841027
2841048
2841069
2841101
2841123
2841167
2841211
2841244
2841276
2841298
2841343
2841364
2841386
2841408
2841429
2841450
2841495
2841517
2841538
2841559
2841581
2841602
2841624
2841645
2841667
2841688
2841722
2841743
2841764
2841785
2841806
2841827
2841848
2841904
2841926
2841946
2841989
2842010
2842042
2842074
2842130
2842162
2842183
2842227
2842261
2842295
2842328
2842350
2842372
2842406
2842438
2842460
2842482
2842503
2842534
2842555
2842576
2842621
2842642
2842664
2842685
2842706
2842728
2842761
2842783
2842804
2842836
2842857
2842878
2842912
2842933
2842954
2842997
2843018
2843052
2843074
2843095
2843129
2843185
2843207
2843228
2843260
2843281
2843313
2843347
2843369
2843402
2843436
2843457
2843513
2843535
2843556
2843588
2843653
2843686
2843730
2843751
2843785
2843817
2843838
2843859
2843880
2843914
2843935
2843956
2843978
2844000
2844021
2844042
2844074
2844095
2844116
2844138
2844159
2844191
2844212
2844246
2844267
2844289
2844311
2844333
2844355
2844387
2844419
2844439
2844461
2844494
2844514
2844548
2844593
2844614
2844635
2844680
2844702
2844758
2844780
2844802
2844824
2844858
2844880
2844901
2844922
2844943
2844965
2844986
2845020
2845052
2845074
2845095
2845116
2845148
2845167
2845188
2845208
2845229
2845251
2845272
2845306
2845327
2845361
2845393
2845415
2845458
2845492
2845536
2845557
2845591
2845612
2845633
2845654
2845676
2845708
2845730
2845752
2845786
2845808
2845853
2845885
2845906
2845940
2845962
2845994
2846016
2846049
2846070
2846092
2846126
2846147
2846168
2846189
2846223
2846244
2846266
2846309
2846330
2846364
2846386
2846408
2846429
2846451
2846518
2846564
2846598
2846632
2846664
2846685
2846718
2846740
2846761
2846783
2846804
2846836
2846868
2846902
2846945
2846975
2847009
2847030
2847063
2847084
2847140
2847172
2847226
2847260
2847281
2847301
2847333
2847355
2847377
2847398
2847419
2847453
2847474
2847495
2847517
2847549
2847582
2847625
2847647
2847679
2847713
2847746
2847768
2847790
2847822
2847843
2847875
2847896
2847930
2847951
2847985
2848041
2848075
2848096
2848118
2848140
2848174
2848208
2848245
2848266
2848300
2848321
2848342
2848364
2848385
2848406
2848428
2848449
2848470
2848502
2848523
2848544
2848565
2848587
2848619
2848641
2848662
2848684
2848706
2848727
2848748
2848770
2848792
2848814
2848835
2848857
2848878
2848900
2848934
2848955
2848987
2849032
2849053
2849085
2849106
2849127
2849148
2849169
2849199
2849233
2849254
2849288
2849310
2849332
2849353
2849375
2849396
2849418
2849439
2849460
2849494
2849526
2849548
2849582
2849616
2849636
2849657
2849679
2849700
2849722
2849743
2849788
2849809
2849831
2849852
2849884
2849905
2849926
2849947
2849968
2849989
2850023
2850068
2850102
2850136
2850158
2850214
2850236
2850258
2850280
2850301
2850322
2850365
2850386
2850408
2850429
2850473
2850507
2850528
2850561
2850595
2850616
2850671
2850705
2850727
2850748
2850770
2850792
2850813
2850846
2850880
2850901
2850922
2850956
2850990
2851011
2851033
2851076
2851110
2851131
2851152
2851173
2851207
2851229
2851285
2851307
2851329
2851371
2851403
2851424
2851445
2851467
2851489
2851510
2851531
2851553
2851574
2851606
2851627
2851661
2851683
2851705
2851737
2851769
2851791
2851821
2851842
2851864
2851885
2851919
2851953
2852009
2852029
2852063
2852095
2852147
2852177
2852235
2852256
2852290
2852323
2852357
2852391
2852423
2852444
2852489
2852510
2852532
2852554
2852575
2852653
2852685
2852706
2852728
2852758
2852779
2852800
2852821
2852865
2852887
2852908
2852954
2853000
2853021
2853064
2853086
2853142
2853163
2853217
2853237
2853269
2853301
2853323
2853344
2853387
2853408
2853442
2853463
2853497
2853518
2853539
2853561
2853582
2853601
2853622
2853644
2853666
2853687
2853721
2853742
2853763
2853797
2853829
2853872
2853893
2853963
2853997
2854031
2854053
2854099
2854131
2854152
2854174
2854208
2854229
2854279
2854300
2854321
2854355
2854385
2854405
2854457
2854477
2854509
2854543
2854576
2854610
2854666
2854699
2854733
2854779
2854801
2854834
2854856
2854890
2854911
2854932
2854953
2854974
2854995
2855017
2855038
2855060
2855081
2855103
2855137
2855180
2855201
2855223
2855257
2855291
2855334
2855355
2855375
2855397
2855419
2855441
2855463
2855484
2855516
2855548
2855569
2855603
2855646
2855668
2855702
2855723
2855744
2855764
2855798
2855832
2855866
2855900
2855932
2855953
2855987
2856008
2856030
2856051
2856073
2856094
2856138
2856170
2856191
2856212
2856234
2856279
2856313
2856333
2856363
2856395
2856416
2856438
2856459
2856481
2856513
2856547
2856568
2856590
2856611
2856633
2856655
2856677
2856699
2856720
2856742
2856763
2856795
2856817
2856850
2856871
2856916
2856937
2856958
2856980
2857014
2857048
2857069
2857101
2857133
2857153
2857174
2857196
2857218
2857240
2857262
2857284
2857306
2857327
2857347
2857369
2857401
2857423
2857445
2857478
2857499
2857521
2857541
2857562
2857594
2857615
2857637
2857659
2857681
2857703
2857735
2857769
2857802
2857823
2857844
2857866
2857888
2857909
2857943
2857977
2857998
2858019
2858041
2858062
2858084
2858118
2858139
2858184
2858240
2858296
2858317
2858339
2858361
2858382
2858416
2858448
2858482
2858503
2858543
2858577
2858611
2858632
2858654
2858675
2858696
2858718
2858750
2858783
2858817
2858847
2858868
2858924
2858946
2858968
2859002
2859023
2859057
2859090
2859124
2859158
2859192
2859213
2859235
2859313
2859345
2859366
2859398
2859420
2859442
2859474
2859496
2859530
2859552
2859573
2859595
2859617
2859649
2859681
2859703
2859737
2859771
2859851
2859872
2859893
2859914
2859935
2859956
2859978
2860000
2860056
2860090
2860112
2860162
2860184
2860218
2860239
2860261
2860295
2860316
2860361
2860395
2860416
2860437
2860470
2860492
2860526
2860560
2860593
2860614
2860658
2860690
2860712
2860734
2860754
2860799
2860820
2860842
2860863
2860895
2860927
2860948
2860982
2861012
2861046
2861078
2861110
2861142
2861174
2861208
2861251
2861272
2861305
2861339
2861371
2861403
2861448
2861482
2861503
2861536
2861557
2861579
2861600
2861622
2861643
2861664
2861685
2861717
2861773
2861816
2861850
2861884
2861905
2861935
2861969
2861990
2862011
2862032
2862075
2862107
2862139
2862161
2862181
2862201
2862222
2862256
2862302
2862324
2862357
2862401
2862447
2862468
2862490
2862535
2862566
2862598
2862632
2862654
2862676
2862710
2862756
2862777
2862799
2862844
2862865
2862921
2862943
2862964
2862998
2863031
2863064
2863098
2863120
2863152
2863173
2863204
2863236
2863268
2863289
2863310
2863332
2863352
2863374
2863395
2863417
2863449
2863481
2863526
2863548
2863569
2863590
2863633
2863667
2863689
2863710
2863732
2863764
2863796
2863817
2863839
2863860
2863881
2863903
2863937
2863959
2863980
2864001
2864034
2864055
2864076
2864110
2864131
2864152
2864182
2864203
2864235
2864257
2864289
2864323
2864344
2864366
2864386
2864420
2864442
2864463
2864484
2864538
2864560
2864582
2864602
2864622
2864644
2864676
2864732
2864753
2864774
2864795
2864816
2864837
2864858
2864879
2864900
2864922
2864952
2864986
2865007
2865041
2865063
2865084
2865118
2865150
2865171
2865193
2865215
2865235
2865257
2865291
2865313
2865345
2865379
2865400
2865430
2865452
2865473
2865541
2865573
2865592
2865613
2865635
2865668
2865690
2865711
2865743
2865777
2865799
2865820
2865852
2865874
2865895
2865928
2865949
2865971
2866005
2866037
2866071
2866093
2866115
2866137
2866169
2866225
2866246
2866280
2866301
2866323
2866357
2866378
2866400
2866434
2866455
2866476
2866506
2866562
2866583
2866605
2866625
2866647
2866668
2866690
2866722
2866765
2866799
2866821
2866843
2866877
2866898
2866941
2866997
2867018
2867052
2867073
2867095
2867115
2867147
2867179
2867224
2867258
2867280
2867312
2867344
2867366
2867400
2867434
2867455
2867477
2867509
2867530
2867564
2867585
2867607
2867629
2867649
2867671
2867692
2867713
2867734
2867755
2867787
2867808
2867830
2867886
2867942
2867964
2867986
2868008
2868051
2868072
2868106
2868138
2868159
2868180
2868214
2868235
2868257
2868278
2868300
2868333
2868354
2868408
2868442
2868463
2868484
2868505
2868537
2868558
2868580
2868602
2868635
2868656
2868677
2868698
2868719
2868740
2868785
2868818
2868840
2868862
2868881
2868903
2868925
2868947
2868969
2869003
2869035
2869056
2869077
2869099
2869131
2869151
2869172
2869205
2869226
2869296
2869328
2869362
2869383
2869405
2869439
2869471
2869492
2869513
2869534
2869555
2869576
2869597
2869618
2869640
2869660
2869682
2869716
2869750
2869771
2869791
2869813
2869835
2869857
2869891
2869912
2869933
2869955
2869975
2870007
2870039
2870061
2870082
2870103
2870149
2870170
2870204
2870225
2870247
2870279
2870300
2870322
2870356
2870377
2870399
2870420
2870442
2870463
2870484
2870516
2870548
2870569
2870590
2870612
2870644
2870674
2870696
2870717
2870739
2870761
2870795
2870817
2870838
2870859
2870904
2870925
2870947
2870978
2871012
2871034
2871055
2871076
2871109
2871130
2871151
2871172
2871206
2871227
2871261
2871304
2871336
2871357
2871378
2871399
2871420
2871452
2871486
2871506
2871528
2871549
2871569
2871613
2871632
2871664
2871686
2871707
2871741
2871784
2871805
2871849
2871883
2871915
2871936
2871957
2871979
2872001
2872023
2872044
2872078
2872111
2872166
2872198
2872219
2872241
2872262
2872283
2872305
2872327
2872349
2872370
2872390
2872412
2872434
2872455
2872488
2872520
2872542
2872574
2872595
2872617
2872651
2872685
2872706
2872728
2872762
2872796
2872830
2872851
2872872
2872893
2872914
2872935
2872967
2872988
2873010
2873032
2873053
2873075
2873107
2873127
2873159
2873180
2873212
2873234
2873268
2873324
2873358
2873390
2873411
2873443
2873464
2873485
2873519
2873540
2873594
2873626
2873647
2873668
2873689
2873710
2873731
2873765
2873799
2873820
2873841
2873862
2873884
2873905
2873937
2873959
2873991
2874013
2874045
2874078
2874100
2874134
2874155
2874189
2874222
2874256
2874278
2874299
2874320
2874376
2874408
2874448
2874469
2874503
2874525
2874557
2874579
2874613
2874634
2874666
2874687
2874730
2874751
2874772
2874815
2874847
2874881
2874902
2874923
2874944
2874965
2874985
2875006
2875027
2875061
2875083
2875104
2875137
2875158
2875212
2875233
2875254
2875275
2875320
2875342
2875376
2875397
2875441
2875462
2875496
2875517
2875536
2875557
2875578
2875610
2875631
2875652
2875673
2875725
2875745
2875777
2875842
2875863
2875906
2875927
2875948
2875969
2875991
2876012
2876033
2876055
2876088
2876109
2876131
2876152
2876174
2876208
2876242
2876263
2876297
2876316
2876336
2876358
2876403
2876437
2876459
2876492
2876538
2876572
2876593
2876615
2876649
2876671
2876692
2876713
2876735
2876756
2876776
2876798
2876820
2876842
2876863
2876895
2876916
2876950
2876972
2876993
2877025
2877046
2877068
2877089
2877110
2877142
2877185
2877206
2877240
2877273
2877294
2877314
2877336
2877358
2877403
2877437
2877470
2877491
2877525
2877547
2877579
2877613
2877635
2877657
2877679
2877711
2877743
2877763
2877819
2877840
2877861
2877882
2877914
2877935
2877957
2877978
2878010
2878044
2878066
2878087
2878109
2878129
2878151
2878173
2878195
2878216
2878237
2878258
2878314
2878335
2878356
2878410
2878431
2878453
2878487
2878508
2878529
2878550
2878572
2878592
2878614
2878634
2878668
2878688
2878710
2878730
2878764
2878798
2878817
2878839
2878860
2878881
2878915
2878937
2878958
2878980
2879001
2879022
2879043
2879076
2879097
2879130
2879151
2879172
2879193
2879238
2879260
2879291
2879325
2879346
2879367
2879401
2879435
2879457
2879479
2879501
2879535
2879557
2879579
2879600
2879620
2879641
2879663
2879708
2879741
2879762
2879784
2879805
2879826
2879860
2879892
2879924
2879972
2880004
2880047
2880079
2880100
2880121
2880142
2880176
2880197
2880218
2880240
2880261
2880282
2880304
2880325
2880346
2880378
2880400
2880421
2880442
2880472
2880494
2880513
2880534
2880568
2880602
2880624
2880667
2880701
2880735
2880756
2880777
2880798
2880830
2880873
2880895
2880917
2880960
2880982
2881004
2881036
2881081
2881113
2881135
2881156
2881178
2881210
2881231
2881253
2881275
2881297
2881329
2881350
2881371
2881392
2881413
2881434
2881455
2881477
2881511
2881532
2881553
2881587
2881630
2881664
2881685
2881706
2881752
2881786
2881807
2881841
2881873
2881895
2881917
2881939
2881959
2881980
2882002
2882023
2882055
2882075
2882096
2882117
2882149
2882169
2882189
2882210
2882255
2882300
2882343
2882364
2882396
2882428
2882449
2882470
2882504
2882547
2882581
2882602
2882636
2882657
2882679
2882701
2882746
2882778
2882799
2882833
2882876
2882897
2882918
2882952
2882973
2882994
2883028
2883050
2883071
2883092
2883113
2883133
2883167
2883223
2883244
2883278
2883299
2883321
2883353
2883385
2883406
2883427
2883448
2883469
2883523
2883557
2883578
2883610
2883666
2883688
2883709
2883731
2883765
2883787
2883821
2883842
2883863
2883895
2883917
2883939
2883960
2883981
2884003
2884025
2884046
2884080
2884124
2884156
2884199
2884220
2884263
2884284
2884305
2884339
2884371
2884391
2884413
2884435
2884454
2884475
2884496
2884517
2884538
2884560
2884581
2884613
2884645
2884699
2884721
2884743
2884777
2884811
2884833
2884867
2884889
2884920
2884942
2884976
2885022
2885078
2885100
2885121
2885141
2885162
2885183
2885241
2885263
2885285
2885317
2885339
2885371
2885392
2885413
2885434
2885468
2885489
2885510
2885531
2885553
2885574
2885630
2885662
2885683
2885717
2885750
2885771
2885793
2885814
2885835
2885855
2885877
2885935
2885968
2886002
2886023
2886044
2886078
2886099
2886121
2886142
2886174
2886195
2886216
2886238
2886272
2886293
2886315
2886358
2886391
2886412
2886433
2886454
2886475
2886505
2886525
2886545
2886566
2886587
2886608
2886630
2886662
2886696
2886717
2886738
2886770
2886791
2886825
2886846
2886878
2886912
2886944
2886966
2886988
2887010
2887032
2887054
2887076
2887122
2887143
2887175
2887209
2887231
2887252
2887274
2887295
2887316
2887337
2887358
2887392
2887436
2887468
2887489
2887511
2887533
2887554
2887588
2887608
2887642
2887674
2887717
2887749
2887792
2887813
2887845
2887879
2887900
2887921
2887942
2887963
2887984
2888018
2888050
2888071
2888105
2888137
2888159
2888192
2888226
2888247
2888279
2888301
2888323
2888357
2888379
2888413
2888435
2888457
2888478
2888499
2888532
2888565
2888586
2888608
2888652
2888674
2888695
2888740
2888772
2888794
2888816
2888861
2888882
2888916
2888959
2888991
2889023
2889044
2889064
2889097
2889119
2889140
2889161
2889206
2889249
2889271
2889292
2889324
2889352
2889373
2889394
2889415
2889458
2889479
2889513
2889535
2889557
2889589
2889610
2889632
2889664
2889697
2889731
2889752
2889773
2889794
2889828
2889849
2889871
2889891
2889925
2889947
2889969
2889990
2890044
2890076
2890108
2890129
2890161
2890193
2890227
2890248
2890270
2890302
2890323
2890345
2890379
2890400
2890421
2890455
2890476
2890510
2890531
2890552
2890592
2890624
2890646
2890676
2890697
2890718
2890739
2890760
2890805
2890839
2890861
2890882
2890903
2890937
2890971
2890992
2891013
2891046
2891067
2891089
2891122
2891154
2891186
2891207
2891228
2891260
2891281
2891303
2891324
2891356
2891388
2891420
2891441
2891461
2891483
2891504
2891538
2891560
2891592
2891624
2891668
2891690
2891711
2891744
2891778
2891856
2891889
2891922
2891944
2891965
2891997
2892031
2892085
2892119
2892153
2892175
2892209
2892231
2892277
2892299
2892321
2892354
2892376
2892410
2892432
2892454
2892476
2892510
2892566
2892587
2892608
2892629
2892651
2892685
2892706
2892749
2892770
2892791
2892823
2892844
2892898
2892930
2892950
2892971
2892992
2893013
2893034
2893066
2893087
2893108
2893129
2893150
2893172
2893206
2893228
2893250
2893282
2893338
2893370
2893392
2893424
2893446
2893479
2893501
2893523
2893545
2893566
2893588
2893610
2893630
2893664
2893685
2893706
2893740
2893761
2893794
2893815
2893836
2893869
2893890
2893923
2893967
2893989
2894011
2894045
2894067
2894088
2894110
2894131
2894152
2894206
2894228
2894250
2894272
2894294
2894328
2894349
2894371
2894392
2894423
2894454
2894499
2894569
2894590
2894624
2894656
2894678
2894712
2894734
2894756
2894790
2894824
2894856
2894877
2894898
2894932
2894978
2895000
2895022
2895043
2895063
2895085
2895106
2895149
2895183
2895205
2895227
2895249
2895295
2895316
2895337
2895359
2895381
2895401
2895434
2895456
2895478
2895500
2895522
2895554
2895576
2895597
2895631
2895665
2895686
2895707
2895729
2895751
2895772
2895793
2895827
2895849
2895881
2895915
2895936
2895957
2895978
2896010
2896043
2896065
2896086
2896118
2896139
2896160
2896182
2896212
2896255
2896276
2896297
2896317
2896373
2896407
2896441
2896497
2896531
2896561
2896583
2896604
2896624
2896645
2896666
2896699
2896720
2896741
2896762
2896794
2896815
2896847
2896868
2896902
2896934
2896956
2896977
2896998
2897019
2897053
2897085
2897119
2897139
2897173
2897194
2897215
2897237
2897258
2897291
2897312
2897333
2897355
2897375
2897407
2897438
2897472
2897494
2897516
2897548
2897569
2897590
2897624
2897656
2897688
2897709
2897730
2897762
2897783
2897815
2897836
2897857
2897878
2897899
2897919
2897940
2897974
2898008
2898029
2898051
2898072
2898093
2898127
2898159
2898180
2898212
2898234
2898254
2898276
2898297
2898319
2898353
2898387
2898452
2898474
2898496
2898530
2898551
2898573
2898594
2898615
2898649
2898670
2898702
2898743
2898777
2898811
2898855
2898876
2898910
2898931
2898953
2898975
2898997
2899018
2899040
2899061
2899093
2899125
2899146
2899167
2899186
2899207
2899228
2899249
2899270
2899291
2899312
2899334
2899355
2899376
2899398
2899419
2899439
2899473
2899494
2899528
2899549
2899570
2899602
2899634
2899654
2899676
2899697
2899718
2899740
2899798
2899832
2899865
2899886
2899907
2899928
2899950
2899971
2899992
2900012
2900034
2900066
2900088
2900110
2900144
2900166
2900200
2900221
2900242
2900264
2900286
2900318
2900339
2900361
2900382
2900422
2900454
2900486
2900507
2900528
2900550
2900571
2900592
2900624
2900658
2900680
2900723
2900744
2900778
2900796
2900817
2900837
2900869
2900890
2900911
2900945
2900979
2901034
2901055
2901098
2901119
2901164
2901186
2901207
2901229
2901263
2901309
2901330
2901352
2901410
2901431
2901465
2901499
2901520
2901542
2901563
2901597
2901651
2901685
2901719
2901740
2901761
2901782
2901803
2901837
2901871
2901892
2901913
2901935
2901957
2901978
2901999
2902033
2902067
2902087
2902131
2902171
2902193
2902225
2902247
2902269
2902290
2902311
2902332
2902366
2902387
2902430
2902486
2902507
2902529
2902574
2902596
2902628
2902650
2902672
2902693
2902714
2902736
2902758
2902780
2902814
2902860
2902881
2902913
2902945
2903001
2903046
2903080
2903101
2903123
2903145
2903166
2903187
2903220
2903254
2903275
2903296
2903318
2903339
2903361
2903381
2903402
2903423
2903444
2903464
2903485
2903519
2903540
2903562
2903596
2903618
2903639
2903660
2903682
2903703
2903724
2903745
2903766
2903800
2903867
2903889
2903910
2903932
2903954
2903987
2904019
2904041
2904060
2904081
2904113
2904135
2904169
2904201
2904222
2904242
2904264
2904285
2904306
2904327
2904348
2904370
2904391
2904412
2904433
2904465
2904499
2904520
2904552
2904574
2904595
2904616
2904638
2904672
2904715
2904737
2904758
2904779
2904800
2904834
2904856
2904877
2904898
2904932
2904953
2904974
2904995
2905016
2905037
2905058
2905090
2905111
2905142
2905163
2905193
2905226
2905258
2905279
2905311
2905391
2905413
2905445
2905488
2905510
2905532
2905553
2905575
2905596
2905628
2905649
2905681
2905703
2905723
2905755
2905789
2905810
2905842
2905863
2905884
2905916
2905959
2905981
2906002
2906034
2906055
2906087
2906109
2906131
2906152
2906174
2906206
2906238
2906271
2906304
2906325
2906346
2906367
2906389
2906410
2906432
2906454
2906499
2906520
2906541
2906562
2906582
2906602
2906632
2906654
2906688
2906722
2906754
2906776
2906797
2906819
2906840
2906883
2906905
2906926
2906946
2906966
2906987
2907021
2907043
2907075
2907097
2907129
2907150
2907171
2907214
2907236
2907257
2907290
2907348
2907370
2907402
2907423
2907455
2907489
2907511
2907532
2907564
2907585
2907606
2907627
2907691
2907799
2907869
2908409
2908510
2908543
2908580
2910169
2912128
2912147
2913176
2913513
2913580
2914851
2915595
2915699
2915727
2915778
2916003
2916156
2916185
2916731
2916850
2916868
2916895
2917588
2917860
2917888
2917916
2917945
2918042
2918110
2918175
2918200
2918226
2918260
2918297
2918335
2918363
2919424
2919478
2919504
2919557
2919578
2919604
2919631
2919696
2919725
2919747
2919769
2919791
2919826
2919861
2919888
2919903
2919935
2920104
2920167
2920195
2920221
2920249
2920277
2920305
2920365
2920392
2920419
2920484
2920534
2920572
2920599
2920636
2920664
2920692
2920800
2920826
2920852
2920890
2920927
2920965
2921003
2921030
2921091
2921371
2921426
2921451
2921481
2921508
2921564
2921585
2921613
2921641
2921709
2921731
2921758
2921786
2921807
2921834
2921891
2921946
2928101
2928120
2928146
2928245
2928344
2928379
2928498
2928528
2928762
2929170
2929207
2929320
2929395
2929454
2929483
2929597
2929695
2929725
2929897
2930009
2930130
2930226
2930769
2930823
2931890
2931936
2931982
2932014
2932088
2932118
2932147
2932660
2932691
2937038
2937303
2937332
2937361
2937431
2937459
2937779
2938072
2938165
2938529
2939173
2939209
2939245
2939439
2939678
2939859
2939991
2940020
2940269
2940536
2940576
2940603
2940746
2940817
2940883
2940901
2940931
2944638
2944741
2944820
2945729
2945745
2945960
2946043
2949458
2949508
2949542
2949574
2949609
2949629
2951417
2951453
2951893
2952552
2952627
2952718
2952792
2952941
2952981
2953018
2953045
2953104
2953180
2953313
2953344
2953468
2953734
2954088
2954118
2954148
2954178
2955304
2955324
2955710
2955741
2955758
2955789
2955855
2955880
2955961
2955980
2956003
2956122
2956194
2956271
2956543
2956616
2956646
2956854
2956892
2957113
2957331
2958916
2958945
2959008
2959060
2959118
2959210
2959245
2959279
2959427
2959550
2959585
2959604
2959711
2959758
2959798
2959841
2959858
2959886
2959913
2959941
2960839
2960949
2960992
2967231
2967260
2967291
2967319
2967436
2967468
2967534
2967905
2968863
2969089
2969214
2969328
2969364
2975550
2975665
2975716
2975815
2975993
2976227
2976422
2976934
2976948
2977023
2977132
2978981
2979567
2979712
2979741
2979763
2982715
2982948
2983026
2989404
2989478
2990965
2991016
2991248
2993342
2993372
2993605
2993632
2993649
2993678
2993707
2993747
2993855
2993875
2994009
2994038
2994055
2994161
2994312
2994408
2994620
2994651
2994783
2994812
2995462
2996021
2996052
2996094
2996380
2996645
2996745
2997942
2998249
2999573
2999769
2999805
2999840
2999876
3000374
3000440
3000680
3000734
3000916
3000933
3000963
3000982
3001013
3001055
3001097
3001116
3001135
3001178
3001273
3001346
3001365
3001384
3001403
3001434
3001487
3002009
3003111
3003143
3003163
3003195
3003215
3003247
3003279
3003299
3003330
3003349
3003369
3003412
3003429
3003735
3003949
3003977
3004074
3004098
3004434
3004909
3005147
3006011
3006583
3006601
3007025
3007099
3007116
3007237
3007253
3007281
3007358
3007536
3007853
3007927
3009864
3009892
3010284
3010348
3011488
3012054
3012093
3012135
3012374
3012774
3012954
3013061
3013089
3013701
3014170
3014599
3014626
3015305
3016365
3018131
3018525
3018774
3018791
3018982
3019176
3019210
3019244
3019278
3019300
3019322
3019356
3019378
3019412
3019444
3019475
3019495
3019527
3019547
3019579
3019635
3019667
3019688
3019722
3019754
3019788
3019820
3019850
3019871
3019905
3020465
3020528
3020558
3020612
3020642
3020682
3020802
3021002
3021022
3022226
3022336
3023276
3024277
3024416
3024445
3024463
3024515
3024802
3025471
3025510
3025543
3025674
3025691
3026781
3026880
3026941
3026994
3027030
3027295
3027332
3027369
3027406
3027443
3027655
3027673
3027707
3027837
3028002
3028038
3028576
3029175
3029210
3029245
3029281
3029316
3029352
3029388
3029443
3029514
3029607
3030130
3030656
3030688
3030717
3030746
3031090
3032568
3032737
3032785
3032843
3032914
3032942
3032970
3033044
3033117
3033134
3033158
3033966
3034469
3034502
3034531
3034562
3037944
3037980
3038671
3038687
3038948
3039181
3040008
3040358
3041270
3041854
3042315
3042705
3042993
3043022
3043074
3043100
3043498
3043516
3043651
3044028
3044168
3044280
3044521
3044549
3044586
3045820
3045839
3046147
3046509
3046756
3046800
3047118
3047843
3047862
3048402
3048578
3048992
3049030
3049060
3049112
3049176
3049195
3049214
3049243
3050641
3050696
3050721
3050741
3050767
3050793
3050828
3050863
3050879
3050900
3050940
3050967
3051001
3051021
3051041
3051059
3051447
3051681
3051716
3051753
3051788
3051823
3052061
3052230
3052287
3052493
3052521
3052585
3052695
3053011
3053037
3053065
3053080
3053117
3053153
3053191
3053224
3053257
3053594
3053715
3053795
3053825
3054321
3054405
3054435
3054597
3054647
3054675
3054703
3054725
3054740
3054766
3054797
3054826
3054856
3055021
3055047
3055228
3056066
3056485
3056663
3056689
3056720
3056755
3056785
3056816
3056847
3056878
3056909
3056949
3056984
3057018
3057057
3057084
3057317
3057441
3057472
3057506
3057541
3057806
3058415
3058456
3058497
3058531
3058563
3058604
3058630
3059953
3059990
3060025
3060065
3060102
3060139
3060177
3060216
3060255
3060335
3060375
3060433
3061496
3061532
3061923
3062508
3062537
3062580
3063230
3063614
3063644
3063755
3063830
3063861
3063893
3063925
3063958
3063992
3064024
3064053
3064373
3064416
3064518
3064536
3064588
3064903
3064933
3065227
3065655
3065684
3065933
3066042
3066405
3066867
3066989
3067213
3067482
3067514
3068478
3068508
3068526
3068669
3068900
3069095
3069150
3069191
3069296
3069318
3069384
3069413
3070148
3070781
3122643
3122692
3122720
3122972
3123647
3123674
3123878
3123896
3124343
3124400
3124460
3125387
3126279
3128009
3129597
3129686
3131329
3131360
3133237
3133318
3133406
3135473
3137324
3137357
3137463
3138398
3138684
3139569
3140311
3141934
3142000
3142037
3143460
3144787
3144829
3144859
3145113
3145143
3145183
3145217
3145362
3145452
3145521
3145557
3145698
3145763
3145793
3145823
3146368
3147278
3147306
3147490
3147521
3147549
3147567
3147590
3147645
3147679
3147790
3148042
3148265
3148322
3148408
3148435
3148491
3149223
3149240
3149258
3149275
3149353
3149540
3149576
3149675
3149728
3149760
3149778
3150115
3150315
3150513
3150544
3150597
3150649
3150673
3150701
3150729
3150771
3150835
3150856
3150911
3151341
3151370
