_0 4454,9040|4507,9040|4593,94888|4605,9154|4609,94888
__kernel__ 5144,11340|5144,11691
_acct 1613,19318|1613,19685|3219,19318|3219,19685|3255,19318|3255,19685
_class 2072,682|3438,678|3517,934|3550,1195|3747,1902|3943,1577|3943,2258
_coverd 1613,19191|1613,19558|3219,19191|3219,19558|3255,19191|3255,19558
_densiti 2375,126|2375,268|2375,416|2375,564|2375,706|2375,848|2375,996|2375,1144|2375,1286|2375,1428|2375,1570|2375,1712|2375,1860|2375,2008|2375,2150|2375,2292|2375,2441|2375,2590|2375,2734|2375,2878|2375,3028|2375,3178|2375,3321|2375,3464|2375,3614|2375,3764|2375,3903|2375,4042|2375,4187|2375,4332|2375,4473|2375,4614|2375,4759|2375,4904|2375,5056|2375,5208|3344,195|3344,227|3344,259|3344,291|3344,323|3344,355|3344,387|3344,419|3344,451|3344,483|3344,515|3344,547|3344,580|3344,613|3344,645|3344,677|3344,709|3344,741|3344,773|3344,805|3344,837|3344,869|3344,902|3344,935
_docanchor 1613,19291|1613,19658|3219,19291|3219,19658|3255,19291|3255,19658
_eland_multi 1400,2000|1476,881|1488,1800|1567,1577|1648,1458|2002,881|2141,510|2171,2046|2302,2018|2553,1279|2926,2075|2978,437|3073,881|3334,2018|3338,921|3493,921|3569,2021|3795,2075|3796,1459|3820,881|3880,921|4038,2075
_fmt 1613,19229|1613,19596|3219,19229|3219,19596|3255,19229|3255,19596
_fullpap 4799,89
_method 1613,21410|1613,21715|3219,21410|3219,21715|3255,21410|3255,21715
_ob 1613,19134|1613,19501|1613,21367|1613,21672|3219,19134|3219,19501|3219,21367|3219,21672|3255,19134|3255,19501|3255,21367|3255,21672
_orig 1613,19243|1613,19610|3219,19243|3219,19610|3255,19243|3255,19610
_origin 1613,19260|1613,19627|1613,21386|1613,21691|3219,19260|3219,19627|3219,21386|3219,21691|3255,19260|3255,19627|3255,21386|3255,21691
_pathwayv5 4799,106
_piikey 1613,21437|1613,21742|3219,21437|3219,21742|3255,21437|3255,21742
_rdoc 1613,19217|1613,19584|3219,19217|3219,19584|3255,19217|3255,19584
_sequenc 1400,1944|1476,825|1488,1744|1567,1521|1648,1402|2002,825|2141,454|2171,1990|2302,1962|2553,1223|2926,2019|2978,381|3073,825|3334,1962|3338,865|3493,865|3569,1965|3795,2019|3796,1403|3820,825|3880,865|4038,2019
_sme_with_sigmech_java1 4743,93
_sort 1613,19279|1613,19646|3219,19279|3219,19646|3255,19279|3255,19646
_stargenom 1317,340|1327,322|1337,89|1337,189|1352,98|1352,207|1363,322|1412,340|1449,89|1449,189|1481,89|1481,189|1486,322|1532,322|1551,340|1614,340|1672,322|1728,78|1728,167|1992,322|2004,322|2006,340|2048,98|2048,207|2075,340|2107,322|2124,89|2124,189|2180,340|2347,322|2417,98|2417,207|2499,98|2499,207|2648,89|2648,189|2700,322|2701,322|2750,89|2750,189|2780,89|2780,189|2786,322|2806,89|2806,189|2878,300|2880,78|2880,167|2893,98|2893,207|2928,78|2928,167|3010,300|3034,89|3034,189|3040,340|3045,98|3045,207|3106,322|3193,98|3193,207|3248,98|3248,207|3297,98|3297,207|3364,340|3377,89|3377,189|3394,340|3479,340|3606,340|3658,98|3658,207|3689,322|3701,89|3701,189|3768,98|3768,207|3773,89|3773,189|3783,89|3783,189|3808,89|3808,189|3821,340|3854,300|3907,98|3907,207|3924,98|3924,207|3948,89|3948,189|4010,340|4048,300|4056,322|4116,98|4116,207|4140,340|4160,322|4164,89|4164,189|4205,98|4205,207|4210,98|4210,207|4232,340|4333,78|4333,167
_startmp 3466,4193
_thisweekinpna 4799,122
_udi 1613,19153|1613,19520|3219,19153|3219,19520|3255,19153|3255,19520
_urlvers 1613,19354|1613,19721|3219,19354|3219,19721|3255,19354|3255,19721
_user 1613,19178|1613,19545|3219,19178|3219,19545|3255,19178|3255,19545
_userid 1613,19372|1613,19739|3219,19372|3219,19739|3255,19372|3255,19739
_version 1613,19339|1613,19706|1613,21467|1613,21772|3219,19339|3219,19706|3219,21467|3219,21772|3255,19339|3255,19706|3255,21467|3255,21772
