0
3740
4156
4182
4208
4251
4281
4309
5071
5195
5303
5339
6255
6299
6330
6895
6939
6979
6997
7025
7320
7346
7390
7438
7493
9014
9050
9093
9136
9180
9224
9319
9370
9521
9579
9606
9643
9671
9709
9761
9789
9907
9954
10081
10256
10331
10357
10400
10447
10484
10522
10565
10608
10653
10681
10715
10749
10777
11311
11340
11372
11404
11436
11473
11505
11543
11580
11620
12067
12188
12332
12456
12576
12603
12632
12745
12774
12911
12941
13224
13289
13317
13542
13560
13594
14831
15564
15594
15661
15716
15852
16615
17051
17084
17117
17249
20970
22433
23638
23674
31631
31659
31697
31735
31773
31811
31849
31887
31924
31962
31993
32028
32063
32096
32980
33007
33234
33265
34078
34166
34678
35093
35265
35560
35912
35976
36061
36340
36383
36403
36416
36688
37018
37204
37234
37262
37497
37598
37710
37743
40388
81067
81130
81314
81345
81388
81420
81599
81663
81740
81770
81824
81921
82021
82151
82182
82202
82477
82713
82825
82933
82966
82999
83117
83238
83446
83500
83628
83659
83852
84350
84382
84878
84908
84939
85202
85244
85562
85581
85664
85741
85857
85901
86047
86091
86122
86206
86238
86592
87081
87124
87190
87312
87377
87421
87649
87938
87969
88097
88164
88195
88284
88303
88457
88478
88701
88803
89431
89811
90001
90021
90309
90912
90931
90975
91158
91215
91246
91299
91378
91409
91441
91547
91579
91611
91631
91651
91682
91716
91736
91829
91992
92025
92069
92133
92259
92427
92457
92488
92678
92709
92729
92759
92814
93094
93707
93805
93849
94166
94410
94465
94921
95048
95159
95263
95295
95590
95962
96014
96045
96077
96174
96205
96411
96431
96474
96505
96536
96556
96587
96607
96709
96729
97340
97373
97406
97664
97793
97824
97884
98092
98125
98145
98406
98437
98467
98601
98784
98815
98836
98857
98888
98908
99055
99111
99271
99324
99389
99409
99443
99554
99620
99762
99893
99960
99991
100023
100088
100425
100501
100521
100552
100596
100674
100694
100808
100874
100906
100938
100970
101001
101069
101136
101303
101356
101386
101452
101495
101561
101581
101611
101642
101672
101713
101756
101796
101827
101857
101887
101930
101962
102016
102150
102182
102259
102279
102299
102650
102729
102832
102968
103470
103489
103752
103807
103870
103970
104197
104228
104281
104310
104364
104427
104674
104705
105385
105919
106005
106035
106243
106364
106561
106592
107104
107135
107153
107335
107354
107373
107680
107699
108035
108078
108415
108674
108703
108722
108887
108965
108995
109148
109166
109252
109272
109292
109322
109365
109396
109427
109491
109587
109617
109708
109983
110042
110075
110107
110138
110157
110187
110206
110249
110280
110298
110341
110371
110389
110421
110464
110484
110504
110524
110543
110586
110661
110693
110725
110891
110921
111544
111635
111666
111874
112460
112548
112880
113342
113372
116593
116650
116717
116746
116779
117020
117127
117208
117478
118228
118267
118298
118373
118717
118985
119018
119069
119618
120126
120160
120194
120251
120284
120317
120350
120597
120629
121054
121152
121186
121222
121256
121290
121324
121424
121628
121656
121684
121714
121775
122251
122802
123197
123236
123253
123271
123287
123347
123456
123507
123884
123926
124230
125236
125548
125575
125617
125669
125703
125898
126312
126341
126373
127282
127315
129824
129855
129886
129928
130253
130283
131780
131856
132060
132114
132288
135886
136127
136161
136355
136868
136897
136952
136981
137027
137080
138455
138498
138533
138566
139054
139256
139281
139475
139505
139564
139829
139887
139939
140867
140918
140945
141278
141342
141760
141995
142013
142054
142103
142119
142174
142201
143067
143096
143250
143293
143380
143465
143702
143733
144433
144543
145001
145020
145087
145238
145503
145979
146345
146416
146573
146976
147050
147113
147247
147846
147898
148089
148537
148723
148883
148901
149024
149671
149702
149822
149853
149940
150075
150127
150355
150705
150736
150834
150898
151385
151439
151526
151566
151738
152232
152298
152463
152553
152776
152812
152831
154951
154980
155584
155701
156709
156942
157303
157940
158126
158143
158215
158308
158359
158394
158424
158525
158653
158672
158701
158733
158804
158857
158888
158918
159062
159110
160274
160433
160994
161580
161620
161648
161679
161757
161787
161805
161823
161841
161859
161887
161914
163451
164943
165231
165246
165296
165681
166225
166256
166312
166921
167491
167548
167581
167616
167672
167697
167757
173067
173133
175005
178104
178200
178327
178445
178645
178670
179228
179797
180051
180096
180125
180251
180284
180319
180354
180417
180475
180538
180568
180618
180633
180676
180737
184175
184241
184309
184424
184583
184648
187326
187390
187445
187470
187713
187993
188026
188145
188169
188289
188341
188386
188438
189019
189038
189528
189676
189729
189762
189794
190488
190506
190669
190700
190729
190760
190791
190820
190852
190883
190912
190941
190970
191003
191033
191064
191095
191126
191158
191189
191220
191272
191337
191806
191875
191910
191948
191981
192014
192049
192086
192132
192194
192222
192271
192300
192327
192381
192398
192431
192464
192478
192528
193299
193479
193597
193625
194296
194582
194623
194720
194748
194844
194870
194900
194928
195016
195060
195091
195117
195144
195175
196161
196192
196266
196281
196308
196339
196354
196381
196502
196923
197180
197244
197365
197462
197651
197678
197776
197792
198053
198260
198364
198394
198423
198457
198476
198507
198560
201062
201093
201148
201672
202128
202798
202829
202860
203659
203690
203721
204069
204128
204268
204299
204337
204376
204406
204435
204451
204848
205080
205154
205202
205235
205262
205316
205546
206200
206633
206722
206939
206973
207064
207118
207838
207929
208236
208317
208444
208595
208633
208670
208709
208748
208852
208902
208938
209134
209170
209205
209253
209357
209518
209534
209611
209643
210035
210062
210172
210200
214899
215250
215308
215336
215351
215428
215550
215774
215800
215953
216036
216211
216308
216999
217029
217089
217146
217179
217217
217248
217286
259362
259481
259500
259532
259618
259907
259992
286861
287149
287454
288026
288639
288668
288943
288971
291722
291840
291865
291926
292075
292443
296367
296891
296959
296976
297108
297124
297140
297795
298255
298270
298530
298546
298617
301848
302366
302410
303221
303252
303685
303763
303791
304067
304103
304132
304159
304222
304251
313660
313742
313982
314134
315023
315058
315093
315171
315626
316554
316621
316655
316685
316716
317925
317955
318871
323010
323102
323152
323180
323253
323270
323636
323742
323899
324134
324694
324794
325036
325194
325451
325740
325897
326267
326297
326331
326426
326541
326592
326623
326700
326723
327374
327544
327603
327642
327658
327707
327757
327810
327849
327983
328014
328041
328092
328109
328141
328177
328214
328252
328309
328346
328590
328622
328648
328687
329428
329474
329625
329887
330089
330165
330434
330449
330478
330511
330532
330553
330585
332382
332520
332537
332561
334747
334775
334875
334951
334982
335007
335154
335183
335212
335893
336384
337318
337439
337545
337562
337613
337845
337896
337913
337946
338120
338314
338474
338535
338700
338758
338784
339003
339041
339098
339154
339189
342803
342835
342860
343006
343024
343041
343107
343138
343358
343631
343664
343687
343757
343813
343926
343957
344003
344049
344125
344829
344895
344969
345136
345151
345186
345306
345346
345363
345413
345447
345483
345519
345555
345590
345625
345655
345690
346462
346497
346606
346657
348621
348651
348681
348732
348762
348792
348867
348901
348951
349016
350522
350621
353629
353684
353715
354494
355104
355124
355747
355797
355814
356169
356326
356648
356698
356824
356865
356896
356927
356958
357138
357411
357784
359525
359540
359557
359678
359710
359739
362360
364207
364223
364613
364642
364756
364802
365128
365165
365200
365639
366165
366191
366263
366278
366308
366345
366380
366416
367678
367729
367787
367805
367831
367874
367917
367953
367980
372742
373567
373634
373740
373868
374074
374183
374215
374248
374344
488931
489199
489233
489283
489895
491407
491422
491509
491677
491696
491723
491789
492025
492043
492070
492396
492415
492682
492887
493062
493486
493505
493527
493558
493583
493619
493655
493691
494414
494449
497290
499448
499482
499601
502263
502798
502827
502881
502910
503932
504201
504256
504295
504334
904808
906010
906050
906166
906198
906276
906435
906464
906510
906719
906761
906904
906932
906968
907252
912956
913381
913438
913717
914074
914601
914658
915311
915437
915470
915539
915595
915712
915779
919307
923274
923360
924159
924704
924942
925780
925851
925878
926282
926817
927350
927593
928126
928166
928184
928212
928343
928488
928597
928667
928709
928739
928860
928878
928939
929771
929803
929821
929919
929959
930300
930452
931110
931128
931272
931315
931418
931747
931781
931995
932127
932156
932227
932434
932465
933628
933655
933674
934467
934495
934532
934564
934593
934866
935554
935603
936039
936147
936317
936371
937885
937946
938528
938559
938592
938668
938685
938752
938780
938809
938837
938854
938938
939346
939394
939459
939525
939587
939735
939816
939843
939877
939940
939974
940428
940458
940527
940601
940680
940713
941389
941408
941443
946691
947539
947904
947981
948433
948600
948624
948830
948862
948924
949083
949112
949583
949966
950247
950279
950314
950349
950387
950443
950473
950514
950611
950688
950715
950745
952028
952055
952083
952119
952179
952232
952311
952339
952410
952466
952492
952518
952536
952554
952605
952621
954203
954431
954547
954581
955006
955184
955202
955231
956245
956276
956495
956521
956539
956984
957789
957952
957981
958011
958062
958126
958144
958253
958516
959231
959271
959300
959319
959402
1033109
1034731
1034762
1034854
1034882
1035061
1035195
1036518
1036549
1040222
1040455
1040494
1040528
1040555
1040636
1040900
1040916
1041056
1041086
1041531
1041562
1041638
1041772
1042111
1042159
1042188
1042222
1042286
1042328
1042398
1042445
1042472
1042999
1043298
1043327
1043555
1043587
1043616
1043647
1043678
1044115
1044135
1044155
1044175
1044194
1044226
1044258
1044289
1044308
1044339
1044370
1044398
1044431
1044462
1044493
1044946
1045207
1045225
1045698
1045730
1045762
1045794
1045823
1046468
1046554
1046739
1046770
1047407
1048915
1048957
1050490
1051224
1051516
1051730
1051779
1051813
1051885
1051922
1051951
1052040
1052097
1052126
1052154
1052586
1052632
1052687
1054628
1054767
1055216
1055233
1055308
1055336
1055372
1055409
1055438
1055472
1055572
1055602
1062734
1062809
1062875
1062942
1063008
1069525
1071037
1071078
1071407
1071479
1071911
1071991
1072032
1072088
1072800
1072830
1072858
1072897
1072946
1073052
1073084
1074433
1074666
1076795
1077008
1078125
1078457
1078475
1078504
1078606
1078683
1078724
1078901
1078958
1079027
1081339
1081369
1081439
1081466
1082026
1083174
1083191
1083258
1083286
1083338
1083436
1083464
1083947
1083979
1084017
1084189
1084215
1085896
1086553
1086955
1086986
1087017
1087055
1087081
1087110
1087164
1087194
1087212
1087643
1087941
1088007
1088045
1088264
1091503
1091575
1091647
1092450
1092500
1092536
1092635
1092682
1092710
1093660
1093722
1094712
1095301
1095816
1096413
1096442
1096881
1097393
1097789
1097826
1099206
