0
6076
6398
7411
7460
8202
8243
8328
10474
10489
10515
11294
11458
12286
13998
14538
16657
16684
16712
16766
16794
17881
18878
18897
19858
19878
20062
20304
20330
20358
20577
20604
20645
20675
20728
20848
32128
32176
32228
32288
32314
32414
32448
32653
32835
32893
33232
33264
33298
33328
33425
33453
33575
33601
33633
33661
33709
34318
34348
34952
35084
35118
36401
36426
36452
36481
36756
36786
36820
36856
36955
37201
37219
37653
37683
37825
38415
38433
38460
38490
39851
39909
40005
40137
40508
40543
40788
40806
40824
40842
40869
40887
41119
41404
41429
41452
41478
41503
41528
41546
41997
42120
42148
53834
54314
54393
54442
54463
54496
54530
54577
54610
54662
54703
54742
55975
56039
56207
56256
56319
56393
56443
57284
57366
57397
57429
57460
57491
57521
57552
57583
57616
57647
57702
57926
57952
58539
58568
58906
59367
59789
59812
60229
60259
60319
60371
60476
60523
60548
60701
61315
61343
61472
61488
61515
61574
62180
62211
62252
62271
62290
62750
63208
63502
63939
63975
64062
64122
64388
64446
64479
64506
64548
64573
65457
65606
65672
65701
69162
69220
69249
69281
69311
69399
69428
69454
69505
69566
70242
70473
70503
70831
70856
70933
70962
71060
71206
71345
71376
71438
71554
71628
72134
72165
72198
72513
72542
72596
72709
72962
73028
73090
73729
73937
73969
73999
74018
74373
74730
74766
74801
74837
74872
74907
75070
75089
75120
89022
89056
89086
89116
89194
89225
89499
89535
89631
90033
90050
90353
90370
90427
90559
90599
90638
90742
90801
90854
90903
90936
90967
91021
91328
91368
91398
91427
91458
91722
91740
92178
92208
92450
92480
92512
93596
94022
94193
94245
94262
94502
94528
94546
94624
94652
94787
94816
94846
94884
94919
94945
94973
95004
95042
95077
95094
96690
96880
96909
97001
98420
99415
99654
101897
102430
104156
104900
104933
106473
108046
108954
109201
109243
109283
109325
109369
109405
109433
109504
109578
110056
110106
110124
110140
110169
110192
110661
110692
111353
111615
111632
111962
112036
112536
112766
112813
112841
112870
112899
112999
113014
113029
120389
120413
121197
121228
123034
123068
123096
123125
123205
123250
128344
130675
130781
130813
131081
131116
131144
132927
133115
133149
133177
133744
133803
133978
133997
134084
134265
134308
134895
134927
134960
135060
135255
135347
135910
135950
136004
136101
136221
136271
136302
136330
136917
137048
137226
137398
137471
137503
137534
137752
137792
137833
137904
137954
137979
138070
138343
138372
138404
142418
142445
142472
142511
142538
142561
142591
143459
143519
144822
144843
144883
146192
146247
146309
146370
146423
146483
146542
146588
146633
146652
146690
146761
146834
153637
153675
153711
153750
153781
153812
153844
153876
153908
153940
153972
154004
154036
154068
154100
154132
154163
154195
154227
154259
154292
154325
154358
154391
154424
154457
154490
154522
154555
154588
154620
154652
154684
154716
154748
154780
154862
158186
158246
158303
158359
158399
158442
158472
158509
158546
158578
158616
158643
158673
158730
158974
159177
159291
162190
162373
162477
162506
162547
163059
163292
163334
163363
163418
163610
163652
163694
163736
163778
163820
163880
164111
164172
164208
164245
164592
164623
165044
165079
165137
165173
165207
165306
165322
165516
165678
165705
165824
165987
166243
166701
166767
166798
166966
167069
168775
168924
168976
169034
169069
169150
169673
170705
170737
170813
170847
170878
172789
172818
172903
173008
173409
173486
173507
173539
173581
173625
173701
173850
174291
174316
180478
180512
180661
180688
180723
180955
181008
181059
181098
181134
181153
181732
181876
181904
182050
182148
183156
183356
183755
183772
184270
184459
184496
184514
184551
184579
184659
184685
184711
184740
184780
184838
189222
189281
189703
190515
191161
191241
191298
191328
191369
191434
191992
192021
192082
192179
192212
192272
192332
192386
192412
192485
192770
192787
192838
192854
192884
192905
192926
192947
193024
193060
193130
193463
193704
193733
193764
193803
193843
193884
193921
193964
194009
194043
194077
194112
194157
194200
194233
194272
194305
194345
194382
194422
194463
194500
194542
194580
194610
194628
194645
194674
194855
194893
194933
194952
195075
195109
195208
195226
195297
195468
195541
195568
195595
195624
195642
195671
195735
195754
195773
195792
195811
195830
195850
195870
195890
195910
195930
195950
195970
195990
196010
196030
196050
196070
196090
196110
196130
196150
196170
196190
196210
196230
196250
196270
196290
196310
196330
196350
196370
196390
196410
196430
196450
196470
196490
196510
196530
196550
196570
196590
196610
196630
196650
196670
196690
196710
196730
196750
196770
196790
196810
196830
196850
196870
196890
196910
196930
196950
196970
196990
197010
197030
197050
197070
197090
197110
197131
197152
197173
197194
197215
197236
197257
197276
206344
206477
206496
207034
207244
207270
207287
207326
207364
207382
207447
209948
209995
210042
210090
210173
210204
210243
211387
211607
211716
211981
212018
212889
213045
213080
213176
213348
213382
213410
213442
213614
213635
213747
214182
220385
221848
221977
223981
224916
224951
225063
225314
225391
225418
225462
225480
225508
225540
659397
660351
661305
668139
668179
668226
668300
668333
668348
668543
668655
668684
668916
669586
669751
669780
669809
670077
670419
670790
670829
671016
671065
671096
671147
671594
671947
672120
672196
672344
673439
673470
673708
673747
673773
673825
673854
673951
674284
674351
674593
674667
674685
674709
674931
674958
674984
675073
675148
675209
675253
675297
675327
675360
675395
675429
675458
675485
675679
675864
675965
677250
677284
678001
678425
678802
678953
680325
680570
680697
680942
680964
680985
681019
681860
682712
682733
683569
683661
684538
685354
685400
685432
686646
687293
687930
688544
689249
689282
689920
690534
690557
692213
693071
694752
696409
698065
698900
699767
700598
702255
702290
702337
702963
703155
703872
703904
703938
703960
703994
704372
704405
704426
704448
704470
705842
706082
706116
706932
707766
707803
707840
708005
708040
708075
708111
708147
708341
708377
708398
708603
708825
708859
708895
708930
708966
709001
709036
709067
709099
709130
709163
709196
709395
709788
709815
709845
709917
709945
709973
710001
711261
712433
712488
712516
712547
712583
712646
712717
713533
713564
713598
714030
715116
715156
715666
716026
716109
716365
716387
716530
722997
723049
723247
723272
723436
723508
723535
724058
724214
724244
724676
724704
724734
724764
725309
725429
725702
725754
725805
725835
726527
726580
726608
726840
727165
727197
727229
727286
727320
727357
727400
727443
727486
727529
727568
727607
727646
729066
729207
730502
730535
730556
730588
731037
731285
732017
732051
734303
735638
735669
735698
736867
736900
736920
738061
738082
738796
738976
739084
739228
739661
740065
742410
742581
742612
742642
742705
742724
742755
742945
743359
743815
743850
743878
743911
743944
743981
744014
744047
744078
744117
744155
744586
744685
744787
744841
744866
744942
744991
745045
745063
745098
745133
745167
745316
745849
745867
746400
746493
746523
746551
746581
746608
746642
746719
746796
746824
746853
746883
746937
746969
747217
748356
748454
748476
748499
748522
748557
748579
748602
748625
748660
748683
748705
750494
751555
751588
751634
751656
751678
752299
753732
753753
753774
755273
755516
756146
759323
759721
760610
762343
762364
762384
763334
763449
763494
765298
765990
766011
767075
767697
768169
768190
769280
769611
769627
769653
772119
772547
772595
772680
772711
772776
772878
772950
773008
773131
773290
773388
773459
773486
773504
773533
773612
774136
774152
774179
774229
774452
774485
778085
778273
778456
778483
778510
786809
786827
786851
786869
786893
786915
786936
786960
786985
787003
787027
787051
787076
787094
787118
787136
787161
787738
787756
788238
788264
788311
788344
788361
788382
788404
788431
788465
791504
791539
791574
791609
791825
791855
792344
792375
792403
792433
792450
792470
792489
817404
822782
822833
823222
823449
823601
823631
823669
823709
823755
823796
823858
823988
824030
824072
824109
824320
824510
824539
824609
824666
824704
824744
824960
825115
825195
825226
825492
825986
826036
826061
826090
826160
826600
826649
828031
828076
828147
828603
828652
829139
829550
829706
829721
829840
830207
830234
830283
830329
830432
830458
830744
831710
831764
831784
832605
832639
832673
832707
832741
832775
832809
832846
832876
832931
832951
833036
833426
833718
833766
833927
835623
836082
836113
836157
836193
836318
836345
836373
836401
836560
837235
837731
837770
839166
845492
845517
846744
849729
849760
849846
849873
849906
849959
850025
850235
850543
850585
850618
850712
850837
851005
851243
851283
851431
851569
851706
852016
852034
852078
852181
852297
852315
852449
852570
852640
852844
852920
853019
853181
853207
853319
853437
853548
853566
853807
853824
854061
854096
854242
854283
854360
854388
854435
855420
855451
855475
855724
855791
855880
855914
855966
856005
856037
856067
856108
856137
856185
856201
856226
856254
856284
856301
856826
857054
857465
857496
857529
857560
857726
858087
858184
858528
858560
858582
858653
858724
858795
858866
859444
859494
862675
863556
863575
863613
863649
863680
863733
863807
863899
868324
868375
868923
868940
868956
869157
869173
869201
869229
869263
869501
872742
872774
872851
873261
873290
873333
873575
873608
873660
873693
873736
873905
913958
913991
914023
914056
914089
914120
914153
914186
914219
914251
914284
914317
914349
914382
914414
914447
914478
914511
914542
914575
914606
914639
914671
914703
914735
914768
914800
914831
914863
914896
914929
914962
914994
915027
915060
915093
915124
915157
915190
915223
915255
915288
915320
915353
915386
915419
915450
915483
915516
915549
915582
915615
915648
915681
915712
915744
915777
915810
915843
915876
915909
915942
915975
916008
916040
916071
916104
916137
916169
916201
916233
916265
916298
916331
916363
916396
916429
916462
916495
916526
916559
916592
916624
916657
916690
916723
916756
916787
916818
916849
916882
916914
916947
916978
917011
917042
917069
917099
917130
917161
917192
917223
917254
917283
917314
917346
917379
917410
917441
917473
917505
917538
917569
917602
917633
917666
917699
917732
917765
917798
917831
917864
917897
917928
917959
917992
918025
918058
918087
918118
918149
918180
918212
918244
918276
918305
918336
918367
918400
918432
918463
918496
918527
918560
918592
918625
918658
918690
918723
918754
918787
918819
918852
918885
918918
918950
918983
919016
919049
919081
919114
919147
919180
919213
919246
919279
919312
919345
919377
919409
919442
919475
919508
919541
919574
919607
919640
919671
919703
919736
919769
919801
919834
919867
919900
919931
919964
919997
920030
920063
920096
920129
920162
920195
920228
920261
920294
920327
920358
920391
920424
920457
920488
920521
920554
920586
920619
920650
920682
920715
920747
920780
920813
920846
920879
920910
920941
920974
921007
921040
921073
921105
921138
921171
921204
921237
921270
921303
921336
921369
921402
921435
921468
921499
921530
921562
921593
921626
921658
921691
921724
921757
921789
921820
921852
921884
921915
921946
921979
922012
922043
922076
922109
922142
922175
922207
922240
922273
922306
922339
922371
922404
922437
922468
922500
922531
922562
922595
922626
922659
922691
922724
922756
922787
922818
922850
922882
922914
922946
922979
923012
923044
923075
923106
923138
923169
923200
923232
923265
923298
923331
923364
923397
923430
923463
923496
923529
923562
923595
923627
923657
923796
923840
923917
924113
924144
924349
924654
924674
925371
925659
926316
926348
927335
927365
927433
927455
927484
927502
927520
927739
927790
927968
928068
928086
928121
928145
928186
928227
928374
929622
930036
930088
930207
930239
930274
930306
930384
930413
930429
930457
930484
932566
932629
932651
932679
932709
932740
932770
932796
932850
932900
932931
932961
932991
933041
935565
935584
935606
935627
937890
937936
937958
938843
938864
938896
939383
939584
940159
941247
941686
941728
942084
942419
943411
945256
945276
945297
945554
945708
946061
946091
946111
946210
946242
946319
946592
946940
946972
947003
947293
947313
947651
948792
948820
948912
948993
949150
949182
949303
949535
949657
949712
950503
950533
950564
950595
950625
950657
950690
950720
950750
950782
950837
950871
950905
950940
950970
951004
951053
951141
996263
996539
996568
996585
996655
996673
996690
996748
996778
996794
997058
997097
997138
997157
997187
997872
997902
998036
998575
998602
1025947
1026001
1026439
1026539
1026563
1026695
1026755
1026814
1027118
1027188
1027218
1027245
1027277
1027306
1027578
1027693
1027707
1028162
1130384
1130421
1130468
1130503
1130539
1130577
1130637
1130678
1130711
1130747
1130789
1130824
1130856
1130892
1130927
1130959
1130993
1131028
1131064
1131099
1131132
1131167
1131207
1131245
1131282
1131339
1131371
1131411
1131453
1131488
1131519
1131552
1131588
1131622
1131654
1131690
1131726
1131764
1131803
1131835
1131870
1131905
1131941
1131979
1132012
1132046
1132087
1132120
1132159
1132194
1132228
1136336
1136567
1136646
1136680
1136714
1137747
1137805
1137844
1137874
1137915
1137947
1137982
1138017
1138055
1138091
1138130
1138168
1138213
1138248
1138280
1138357
1138385
1138515
1138562
1138591
1138634
1138909
1139024
1139043
1139076
1139200
1139228
1139291
1139329
1139363
1139475
1139507
1141043
1141059
1141090
1141119
1141291
1141448
1141660
1141709
1141769
1141820
1141850
1142275
1142328
1142545
1142628
1142656
1143922
1143991
1144021
1144201
1144230
1144265
1144304
1144343
1144561
1144592
1144624
1144656
1144697
1144730
1144770
1144801
1144878
1144914
1144950
1144985
1145098
1145272
1145307
1145403
1145459
1145516
1145552
1145587
1145627
1145718
1145764
1145826
1145861
1145921
1146026
1146215
1146256
1146292
1146353
1146508
1146544
1146562
1146594
1147445
1147575
1147988
1148047
1148114
1148152
1148193
1148253
1148306
1148341
1148397
1148475
1148516
1148578
1148636
1148704
1148889
1148932
1148998
1149122
1149182
1149420
1149483
1149586
1149730
1149844
1149885
1149924
1149983
1150064
1150334
1150961
1150992
1151048
1151076
1151204
1151238
1151338
1151390
1151505
1151653
1151744
