0
13372
13400
13451
13631
13740
13777
13799
13821
13843
13904
13954
13973
13999
14017
14043
14074
14105
14481
14508
14534
15541
15568
15918
15966
16111
16179
17378
17449
17476
17596
17622
18865
18892
19560
20002
20029
20045
20066
20349
20386
20703
20733
21151
21168
21181
21262
21592
22416
22435
22475
22901
22922
22977
23000
23050
23079
23097
23152
23206
23233
23293
23872
23888
23919
27357
27495
39357
39429
39539
39572
39613
39664
40104
40445
40476
40849
40927
40967
40990
41007
41046
41476
41505
41529
41570
42378
42394
42409
43033
43050
43071
43143
43193
43212
43237
43291
43411
43463
43561
43705
43740
43769
44941
44957
45504
45922
46415
46860
46991
47019
47068
47104
47159
47564
47615
47632
47651
47668
47742
47771
48569
48754
49270
49359
49459
49525
49555
49614
49647
49702
49879
50724
50758
50810
50887
51117
51167
51752
51959
52001
52061
52090
53315
53516
54112
54230
54360
54433
54460
54505
55030
55059
55089
55151
55167
55623
55649
69612
69641
69667
69694
69723
69753
70751
70781
70800
70833
77855
77881
77912
77971
78204
78237
78267
78296
78324
78354
78398
78424
78649
78675
78704
79285
79697
79715
79949
80275
80385
80446
80547
80576
80604
80717
80760
80901
81274
81304
81339
81358
81415
81463
81514
81567
81616
82175
82755
83005
83200
83561
83631
84249
84306
84914
84933
84955
85024
85089
85150
85166
85191
85211
85267
85293
85340
85464
85488
85525
85549
85575
85600
85616
85675
85734
85756
86029
88439
90101
91598
93564
95762
95793
95811
95830
95848
95868
95902
95938
95968
95995
96465
96507
97037
97150
