0
28791
35739
35758
35776
36669
36688
36706
37590
37609
37627
38154
38173
38191
38718
38737
38755
39778
39797
39815
40838
40857
40875
41052
41071
41089
41285
41304
41322
42840
42946
43021
96054
105921
105938
105957
105975
114834
114853
114871
123289
123319
123338
123356
126385
126416
126435
126453
128867
128886
128904
131131
131163
131194
131213
131231
135146
135165
135183
138940
143655
148265
148298
148332
148372
148405
148441
148474
148510
148550
148626
148702
370617
371954
372472
372946
373366
373488
373539
373573
373613
373646
373682
373715
373751
373767
373843
373858
373933
374009
374027
374177
374366
374404
374434
374463
374480
374497
374551
374654
374943
374973
375008
375044
375080
375115
375150
375185
375221
375282
375318
375355
375391
375427
375462
375497
375532
407841
407908
408434
408582
408615
408943
409229
409262
409808
410136
410512
410760
410796
410836
410887
410929
410972
411004
411040
411075
411115
411132
411184
411317
411357
411433
411509
437243
437273
437488
437523
437553
437587
437627
437643
437927
438096
438114
438145
439410
439437
439649
439719
439805
439849
439925
440001
440148
440240
440288
441070
441102
441137
441180
441221
441257
441292
441333
441360
441394
441491
441567
441643
457064
457156
457368
457397
457427
457462
457503
457579
457655
474627
474677
474828
474864
474899
474940
474977
475053
475129
475195
475261
475356
475402
475448
475494
475527
475564
475595
475627
475663
475699
476119
476171
476200
476235
476269
476301
476332
476361
476970
477082
477460
477492
477527
477554
477595
477633
477662
477710
477750
477797
477835
477877
477914
477939
477973
478017
478043
478083
478106
478127
478154
478182
478215
478244
479671
479738
479783
479801
480477
480497
481159
481189
481219
481579
481608
481637
481666
481695
481730
481957
482501
482516
483882
483898
483914
483947
483976
484161
484306
484759
484802
485118
485363
485390
485428
490588
490618
490648
490680
492733
492809
492827
492857
492885
493055
493120
493192
493411
493437
493463
493493
494712
494951
495805
495915
495950
496388
496427
496458
496491
496522
521265
521297
521353
521433
522116
522482
524917
525013
525098
525170
525246
526379
526426
527939
528125
528879
529325
529437
537329
537362
537395
537428
537597
537721
539362
539769
540851
541272
541819
541914
542067
542104
542132
542161
542435
542470
542498
542571
542828
543065
543134
543223
543260
543301
543352
543454
543483
543637
543663
544168
544336
544363
544652
544681
544717
544735
544857
545420
545727
545757
545787
546028
546062
546096
546182
546627
546672
546717
546746
547202
547227
547248
547268
547297
547317
547337
547358
547378
547432
547464
547485
547510
547543
547565
547592
548090
548122
548172
548207
548496
549147
549387
549883
549912
549945
549982
550010
550068
550172
550241
550783
550837
550865
550894
551027
551052
551097
551149
551178
551209
551242
551276
551308
551337
551406
551436
551472
551545
551608
551684
551701
551776
552053
552247
575909
575937
575971
575988
576015
578134
578361
578391
578481
578516
579137
579168
580060
580133
580175
580345
580411
580440
580470
580850
580878
582011
582084
582154
582350
582667
582702
585754
585870
585898
585958
586052
586085
589852
590168
590202
590823
590895
590924
590957
590992
591027
591087
591108
591168
591198
591239
591268
591318
591836
592004
592047
592297
592366
596475
596585
596603
597239
597272
597291
597707
597734
599066
599338
600539
600582
600624
600647
600714
600735
600778
600854
601637
601697
601718
601739
601760
601784
601806
602557
602577
602606
602648
602904
602956
603046
603120
603473
603502
603665
603716
604094
604388
604654
604674
605224
605403
605441
605477
605510
605551
605592
605634
605669
605700
605829
605848
605917
609362
609379
609396
609681
609982
610754
612664
612714
613914
613982
614000
614033
615800
616504
617775
617852
618356
619038
619068
619142
619520
619864
619895
619925
619955
619972
619995
620018
620053
620068
620330
620658
620676
621529
621772
622564
622587
622608
622642
622677
622700
622724
622747
622771
622796
622821
622855
622879
622903
622929
622955
622979
623004
623029
623054
623572
623600
623625
623653
623857
624023
624092
624312
624383
624431
624576
624611
624629
626218
627308
627375
627404
627436
627840
627872
628291
628317
629061
629094
630888
630924
631111
645822
645844
645883
645902
645932
646847
647058
647109
647575
647736
650843
651052
651120
651904
652229
652247
652388
652482
652498
652527
652574
652648
652674
652878
652929
652956
653157
653188
653304
653328
653539
654560
654851
654964
655066
655142
655267
655300
655331
655360
655722
655882
655927
655954
655982
656011
656038
656112
656139
656184
656220
656237
656254
656271
656287
656304
656321
656338
656354
656390
656407
656452
656469
656495
656511
656528
656555
656582
656599
656616
656663
656708
656744
656790
656817
656844
656871
656907
656924
656960
657036
657053
657070
657096
657112
657129
657146
657163
657179
657196
657213
657229
657246
657272
657289
657305
657371
657428
657445
657462
657488
657505
657531
657558
657575
657611
657628
657644
657671
657697
657724
657751
657778
657795
657821
657848
657864
657890
657916
657943
657980
658017
658044
658060
658113
658130
658147
658164
658181
658216
658281
658298
658315
658332
658349
658366
658393
658410
658427
658444
658515
658543
658593
658686
658706
658733
659051
659078
659137
659189
659222
659240
659269
660417
660547
661323
661376
662137
662270
662336
664778
664805
664836
664965
664996
665037
665061
665117
665212
665546
667156
667459
668112
668141
668370
669245
669350
669393
669413
669433
669496
669515
669558
669577
669595
669625
669710
669730
669749
669769
669789
669809
669840
669870
670043
670064
670094
670136
670189
670230
670249
670756
670870
671333
671705
671840
671997
672039
672064
672626
672894
672927
673578
674049
674243
674269
675194
675225
675278
676060
676185
676364
678580
678610
678640
678670
678701
678734
679177
679588
679738
679883
680369
680434
680569
680620
680673
680702
680728
680779
680833
680873
680994
681367
681441
681709
681984
682001
682017
682077
682116
682563
682678
683245
683276
683715
683811
684064
684176
684511
684728
685029
685059
685315
685650
686285
686843
687095
687117
687279
687308
687713
687765
687785
688398
688426
688495
688755
688878
688895
689153
689416
689738
689851
690428
690542
690596
691719
692087
692509
692544
692562
692579
693166
693709
694061
694090
694338
694367
695701
695757
695792
695826
723447
723610
723651
723748
723779
723810
723841
723977
724018
724060
724088
724138
724169
724205
724241
724284
724312
725604
725621
725841
725869
725936
726353
726417
727193
727236
727542
727582
727998
728033
728180
729005
729537
729850
730049
730068
730192
730373
730632
732011
732533
732686
736906
737131
737368
737695
737998
738516
738845
738997
739101
739764
739817
740042
740094
741070
741100
741133
741756
741774
741864
742074
742138
742354
742373
742432
742523
742563
742930
742999
743035
745204
745267
745328
745608
745944
746006
747143
747302
747335
747519
747535
747688
747739
747898
747973
747997
748071
748097
748458
748662
748752
748792
749391
749419
749434
749929
749981
750262
750312
750344
750378
750588
750615
750892
751216
751605
751653
751761
751811
751844
751873
751903
752011
752038
752095
752130
752165
773669
773705
773744
773800
773833
774088
774117
786221
786247
786282
786321
786361
786391
786420
786453
786635
786670
786697
786727
786759
786799
786841
787198
787235
787274
787311
787349
787386
787424
787461
787499
787538
787575
787613
787654
787692
787730
787766
787804
787842
787880
787917
787955
787992
788030
788068
788108
788146
788183
788222
788260
788298
788338
788376
788414
788451
788489
788527
788565
788603
788643
788681
788717
788754
788792
788829
788869
788907
788945
789006
789044
789080
789118
789156
789194
789232
789270
789306
789343
789382
1139668
1140250
1140460
1140809
1140837
1143768
1144008
1144071
1144312
1144484
1144560
1165655
1165765
1172980
1173006
1173085
1173124
1173160
1173186
1173242
1173315
1173349
1173384
1174023
1174055
1174113
1174211
1174246
1174315
1174339
1174368
1174436
1174454
1176788
1176891
1176925
1177078
1177132
1177608
1178007
1178084
1178191
1178252
1178284
1178321
1178358
1178413
1178583
1178635
1178665
1178710
1179346
1186707
1186810
1187950
1187967
1188414
1188471
1188634
1189012
1189049
1189466
1189567
1189619
1189876
1189895
1189962
1190004
1190037
1191148
1191172
1191199
1191251
1191450
1191696
1191726
1192029
1192048
1192135
1192323
1192882
1193180
1193212
1193660
1194132
1194269
1194299
1194444
1194477
1194904
1195221
1195486
1195644
1195667
1195699
1195731
1195763
1195792
1195824
1195855
1195887
1195919
1195951
1195983
1196013
1196043
1196075
1196107
1196139
1196171
1196203
1196235
1196267
1196299
1196331
1196361
1196393
1196425
1196457
1196489
1196521
1196553
1196585
1196617
1196649
1196681
1196713
1196745
1196777
1196809
1196841
1196873
1196905
1196937
1196969
1197001
1197033
1197065
1197097
1197129
1197161
1197193
1197225
1197257
1197289
1197321
1197353
1197385
1197417
1197449
1197481
1197513
1197545
1197577
1197609
1197638
1197668
1197700
1197732
1197761
1197793
1197825
1197857
1197889
1197920
1197952
1197984
1198014
1198046
1198078
1198110
1198142
1198174
1198206
1198238
1198270
1198302
1198330
1198361
1198392
1198424
1198456
1198488
1198519
1198550
1198582
1198614
1198645
1198677
1198709
1198741
1198773
1198804
1198836
1198866
1198898
1198930
1198962
1198994
1199025
1199057
1199088
1199120
1199152
1199182
1199214
1199245
1199277
1199307
1199339
1199371
1199403
1199435
1199467
1199499
1199531
1199561
1199593
1199624
1199656
1199688
1199718
1199750
1199782
1199813
1199845
1199877
1199909
1199938
1199970
1200001
1200033
1200065
1200095
1200125
1200157
1200186
1200217
1200247
1200277
1200309
1200341
1200372
1200404
1200436
1200468
1200500
1200531
1200563
1200595
1200627
1200659
1200691
1200723
1200755
1200787
1200819
1200851
1200883
1200915
1200947
1200979
1201011
1201043
1201075
1201107
1201139
1201171
1201203
1201235
1201265
1201295
1201325
1201357
1201389
1201421
1201453
1201485
1201517
1201549
1201581
1201612
1201642
1201674
1201706
1201736
1201768
1201800
1201832
1201862
1201894
1201925
1201955
1201986
1202018
1202049
1202081
1202111
1202142
1202174
1202206
1202236
1202267
1202295
1202322
1202354
1202386
1202418
1202450
1202481
1202512
1202544
1202575
1202607
1202638
1202670
1202702
1202734
1202765
1202796
1202827
1202859
1202889
1202921
1202953
1202984
1203016
1203047
1203079
1203111
1203143
1203174
1203204
1203235
1203267
1203299
1203330
1203362
1203392
1203424
1203456
1203487
1203519
1203549
1203581
1203613
1203644
1203676
1203708
1203740
1203772
1203804
1203835
1203867
1203899
1203929
1203961
1203993
1204024
1204055
1204087
1204119
1204151
1204181
1204213
1204243
1204275
1204306
1204338
1204370
1204402
1204434
1204466
1204498
1204530
1204562
1204593
1204625
1204657
1204689
1204720
1204751
1204783
1204815
1204847
1204878
1204910
1204937
1204969
1205001
1205033
1205064
1205096
1205126
1205158
1205190
1205222
1205252
1205284
1205316
1205348
1205380
1205412
1205442
1205474
1205506
1205538
1205568
1205600
1205632
1205664
1205696
1205728
1205760
1205790
1205822
1205853
1205884
1205916
1205948
1205979
1206011
1206043
1206075
1206107
1206139
1206170
1206202
1206234
1206266
1206298
1206330
1206361
1206391
1206423
1206455
1206486
1206517
1206549
1206581
1206612
1206644
1206676
1206708
1206738
1206769
1206799
1206831
1206862
1206894
1206925
1206956
1206988
1207020
1207052
1207084
1207116
1207147
1207178
1207210
1207242
1207274
1207305
1207337
1207369
1207401
1207432
1207464
1207496
1207528
1207559
1207590
1207622
1207654
1207686
1207716
1207747
1207779
1207809
1207841
1207873
1207905
1207936
1207968
1208000
1208032
1208064
1208094
1208125
1208157
1208189
1208220
1208251
1208283
1208315
1208347
1208379
1208410
1208442
1208474
1208506
1208536
1208568
1208600
1208632
1208664
1208696
1208728
1208760
1208792
1208823
1208855
1208887
1208918
1208948
1208980
1209012
1209042
1209074
1209105
1209137
1209168
1209200
1209232
1209264
1209296
1209326
1209358
1209390
1209422
1209452
1209481
1209513
1209544
1209576
1209607
1209639
1209671
1209703
1209733
1209765
1209796
1209828
1209859
1209891
1209923
1209954
1209986
1210018
1210050
1210081
1210113
1210144
1210175
1210205
1210237
1210269
1210301
1210332
1210364
1210396
1210427
1210459
1210491
1210523
1210555
1210586
1210618
1210649
1210681
1210713
1210745
1210777
1210809
1210840
1210872
1210904
1210936
1210968
1211000
1211032
1211064
1211096
1211127
1211159
1211191
1211223
1211255
1211286
1211318
1211349
1211381
1211413
1211444
1211476
1211508
1211539
1211571
1211603
1211634
1211665
1211697
1211729
1211761
1211793
1211825
1211857
1211888
1211920
1211952
1211984
1212016
1212048
1212080
1212112
1212144
1212176
1212208
1212240
1212272
1212304
1212335
1212367
1212399
1212431
1212463
1212495
1212527
1212559
1212591
1212623
1212655
1212687
1212719
1212751
1212783
1212815
1212847
1212879
1212911
1212943
1212974
1213006
1213038
1213070
1213102
1213134
1213166
1213198
1213229
1213261
1213293
1213325
1213357
1213389
1213421
1213452
1213484
1213516
1213548
1213579
1213610
1213642
1213674
1213704
1213736
1213767
1213799
1213831
1213862
1213894
1213926
1213957
1213989
1214021
1214053
1214085
1214117
1214149
1214181
1214213
1214245
1214276
1214307
1214339
1214371
1214403
1214435
1214465
1214497
1214529
1214561
1214593
1214625
1214657
1214689
1214721
1214751
1214783
1214815
1214847
1214877
1214909
1214941
1214972
1215002
1215034
1215066
1215098
1215130
1215162
1215194
1215226
1215258
1215290
1215322
1215354
1215386
1215418
1215450
1215482
1215514
1215546
1215578
1215610
1215642
1215672
1215704
1215736
1215768
1215799
1215831
1215861
1215893
1215925
1215957
1215989
1216019
1216049
1216081
1216113
1216145
1216175
1216207
1216239
1216271
1216303
1216335
1216367
1216399
1216431
1216463
1216495
1216527
1216559
1216590
1216622
1216654
1216686
1216718
1216750
1216782
1216814
1216846
1216878
1216910
1216942
1216973
1217005
1217037
1217069
1217101
1217133
1217165
1217197
1217229
1217261
1217293
1217325
1217357
1217388
1217420
1217452
1217484
1217516
1217548
1217579
1217611
1217641
1217672
1217703
1217735
1217767
1217799
1217831
1217861
1217892
1217924
1217956
1217988
1218020
1218052
1218084
1218115
1218147
1218179
1218210
1218242
1218274
1218306
1218337
1218369
1218401
1218433
1218465
1218494
1218526
1218558
1218590
1218622
1218653
1218685
1218717
1218748
1218780
1218812
1218844
1218876
1218908
1218940
1218972
1219004
1219036
1219066
1219098
1219130
1219162
1219193
1219225
1219257
1219289
1219320
1219352
1219383
1219414
1219446
1219478
1219508
1219539
1219571
1219602
1219634
1219666
1219698
1219730
1219762
1219794
1219826
1219858
1219890
1219922
1219954
1219986
1220018
1220049
1220081
1220113
1220145
1220177
1220209
1220240
1220272
1220304
1220335
1220367
1220399
1220431
1220462
1220494
1220525
1220557
1220588
1220620
1220652
1220684
1220716
1220748
1220780
1220810
1220842
1220871
1220903
1220935
1220966
1220998
1221030
1221062
1221094
1221126
1221158
1221190
1221222
1221254
1221286
1221318
1221349
1221381
1221413
1221445
1221477
1221509
1221541
1221573
1221605
1221637
1221669
1221700
1221732
1221763
1221795
1221827
1221859
1221891
1221923
1221955
1221987
1222018
1222050
1222082
1222114
1222146
1222178
1222210
1222242
1222274
1222306
1222338
1222370
1222402
1222430
1222461
1222492
1222524
1222556
1222588
1222620
1222652
1222683
1222715
1222747
1222779
1222810
1222842
1222874
1222906
1222938
1222969
1223000
1223030
1223059
1223091
1223123
1223155
1223187
1223218
1223248
1223280
1223310
1223342
1223374
1223406
1223438
1223469
1223500
1223532
1223564
1223594
1223624
1223655
1223686
1223716
1223746
1223778
1223810
1223841
1223873
1223904
1223935
1223967
1223999
1224031
1224061
1224093
1224125
1224156
1224186
1224218
1224250
1224282
1224314
1224346
1224378
1224410
1224441
1224472
1224504
1224536
1224567
1224599
1224629
1224661
1224693
1224725
1224756
1224788
1224820
1224850
1224882
1224913
1224944
1224976
1225008
1225038
1225069
1225101
1225132
1225164
1225196
1225228
1225259
1225291
1225322
1225354
1225385
1225417
1225449
1225481
1225511
1225543
1225574
1225606
1225638
1225670
1225702
1225734
1225766
1225798
1225830
1225862
1225894
1225924
1225956
1225988
1226020
1226052
1226084
1226116
1226148
1226179
1226211
1226241
1226273
1226303
1226334
1226366
1226398
1226430
1226462
1226494
1226525
1226557
1226589
1226621
1226653
1226685
1226717
1226749
1226781
1226813
1226845
1226877
1226909
1226941
1226973
1227005
1227036
1227066
1227097
1227129
1227161
1227192
1227224
1227255
1227287
1227319
1227351
1227383
1227415
1227447
1227479
1227511
1227543
1227575
1227607
1227639
1227671
1227701
1227733
1227765
1227796
1227828
1227858
1227890
1227922
1227954
1227986
1228018
1228050
1228082
1228114
1228146
1228178
1228210
1228241
1228273
1228304
1228336
1228368
1228400
1228432
1228464
1228496
1228528
1228560
1228592
1228624
1228654
1228686
1228718
1228750
1228782
1228814
1228846
1228878
1228910
1228942
1228974
1229006
1229038
1229070
1229102
1229134
1229166
1229198
1229230
1229262
1229294
1229326
1229358
1229388
1229418
1229450
1229482
1229512
1229544
1229576
1229607
1229638
1229669
1229701
1229733
1229763
1229795
1229827
1229858
1229890
1229922
1229954
1229986
1230018
1230049
1230081
1230113
1230145
1230175
1230207
1230239
1230270
1230302
1230334
1230366
1230396
1230428
1230460
1230492
1230524
1230556
1230588
1230620
1230652
1230684
1230715
1230747
1230779
1230811
1230843
1230875
1230907
1230939
1230971
1231003
1231034
1231065
1231097
1231129
1231161
1231193
1231222
1231252
1231284
1231316
1231348
1231380
1231412
1231443
1231473
1231505
1231537
1231569
1231601
1231633
1231665
1231697
1231729
1231761
1231792
1231824
1231856
1231888
1231920
1231952
1231984
1232016
1232048
1232080
1232111
1232142
1232174
1232206
1232238
1232270
1232302
1232334
1232366
1232398
1232430
1232462
1232493
1232523
1232554
1232584
1232616
1232647
1232679
1232711
1232743
1232775
1232806
1232838
1232869
1232901
1232932
1232964
1232996
1233028
1233060
1233092
1233124
1233156
1233188
1233220
1233251
1233282
1233314
1233346
1233378
1233410
1233442
1233474
1233506
1233537
1233569
1233601
1233633
1233665
1233697
1233729
1233759
1233791
1233823
1233854
1233886
1233917
1233949
1233981
1234013
1234044
1234076
1234108
1234140
1234170
1234202
1234234
1234266
1234298
1234330
1234362
1234394
1234426
1234458
1234490
1234521
1234551
1234583
1234614
1234646
1234678
1234710
1234742
1234774
1234806
1234837
1234869
1234901
1234933
1234965
1234997
1235029
1235061
1235091
1235123
1235155
1235186
1235218
1235250
1235282
1235314
1235346
1235378
1235410
1235442
1235473
1235505
1235536
1235568
1235599
1235631
1235663
1235693
1235725
1235757
1235789
1235821
1235853
1235885
1235917
1235949
1235981
1236013
1236043
1236075
1236106
1236138
1236170
1236202
1236234
1236266
1236298
1236330
1236362
1236394
1236426
1236458
1236490
1236522
1236554
1236585
1236616
1236648
1236679
1236710
1236742
1236774
1236806
1236838
1236870
1236902
1236934
1236965
1236997
1237028
1237059
1237089
1237121
1237153
1237184
1237216
1237248
1237280
1237312
1237344
1237376
1237408
1237440
1237472
1237504
1237536
1237568
1237600
1237632
1237664
1237695
1237726
1237758
1237789
1237820
1237852
1237884
1237916
1237948
1237980
1238011
1238042
1238074
1238106
1238138
1238170
1238202
1238234
1238266
1238298
1238330
1238362
1238394
1238426
1238457
1238489
1238521
1238552
1238584
1238616
1238648
1238680
1238712
1238744
1238776
1238807
1238839
1238871
1238903
1238935
1238967
1238999
1239029
1239061
1239093
1239125
1239157
1239189
1239221
1239253
1239285
1239317
1239349
1239381
1239413
1239445
1239476
1239508
1239540
1239572
1239603
1239635
1239667
1239699
1239731
1239763
1239795
1239827
1239859
1239890
1239922
1239954
1239985
1240017
1240049
1240080
1240112
1240143
1240175
1240207
1240239
1240271
1240303
1240335
1240367
1240398
1240429
1240461
1240492
1240524
1240556
1240588
1240620
1240652
1240684
1240716
1240748
1240778
1240810
1240840
1240872
1240902
1240932
1240964
1240996
1241028
1241060
1241091
1241123
1241154
1241185
1241216
1241246
1241277
1241307
1241339
1241371
1241403
1241435
1241466
1241497
1241529
1241559
1241591
1241623
1241655
1241687
1241718
1241750
1241782
1241814
1241846
1241878
1241910
1241942
1241974
1242006
1242038
1242070
1242102
1242134
1242166
1242198
1242230
1242262
1242294
1242326
1242357
1242389
1242421
1242452
1242484
1242516
1242548
1242579
1242610
1242641
1242673
1242704
1242736
1242768
1242799
1242831
1242862
1242894
1242926
1242958
1242988
1243020
1243052
1243084
1243115
1243146
1243178
1243210
1243242
1243274
1243306
1243338
1243369
1243401
1243432
1243464
1243496
1243528
1243560
1243592
1243624
1243656
1243688
1243720
1243751
1243783
1243815
1243847
1243879
1243909
1243941
1243972
1244004
1244036
1244068
1244099
1244131
1244163
1244194
1244225
1244257
1244289
1244321
1244352
1244381
1244413
1244445
1244477
1244507
1244539
1244570
1244602
1244632
1244664
1244696
1244726
1244757
1244788
1244820
1244852
1244884
1244915
1244945
1244976
1245008
1245039
1245071
1245103
1245134
1245166
1245198
1245230
1245261
1245293
1245325
1245357
1245389
1245421
1245452
1245484
1245516
1245548
1245580
1245611
1245643
1245675
1245707
1245739
1245770
1245802
1245834
1245865
1245897
1245929
1245961
1245993
1246025
1246057
1246089
1246121
1246151
1246183
1246215
1246247
1246279
1246311
1246343
1246375
1246407
1246437
1246468
1246499
1246531
1246563
1246593
1246624
1246656
1246688
1246720
1246751
1246783
1246815
1246847
1246879
1246911
1246941
1246973
1247005
1247036
1247067
1247099
1247131
1247163
1247195
1247227
1247258
1247289
1247321
1247352
1247383
1247414
1247445
1247476
1247508
1247539
1247570
1247601
1247633
1247665
1247697
1247729
1247761
1247793
1247825
1247856
1247888
1247920
1247952
1247984
1248016
1248048
1248079
1248111
1248142
1248174
1248206
1248238
1248270
1248301
1248333
1248365
1248397
1248429
1248461
1248493
1248525
1248557
1248589
1248621
1248653
1248685
1248717
1248749
1248781
1248812
1248844
1248875
1248907
1248939
1248971
1249003
1249034
1249066
1249098
1249129
1249161
1249193
1249225
1249257
1249289
1249321
1249353
1249385
1249417
1249448
1249480
1249512
1249543
1249575
1249607
1249639
1249671
1249702
1249733
1249763
1249795
1249827
1249858
1249889
1249920
1249952
1249984
1250016
1250046
1250078
1250110
1250141
1250173
1250205
1250237
1250269
1250301
1250333
1250365
1250394
1250426
1250457
1250489
1250521
1250552
1250584
1250616
1250648
1250679
1250711
1250743
1250775
1250807
1250838
1250870
1250902
1250934
1250964
1250996
1251028
1251059
1251090
1251122
1251152
1251184
1251215
1251247
1251278
1251309
1251341
1251372
1251404
1251435
1251467
1251499
1251531
1251563
1251595
1251627
1251659
1251691
1251722
1251754
1251785
1251817
1251849
1251879
1251910
1251942
1251974
1252005
1252037
1252069
1252100
1252132
1252164
1252196
1252228
1252260
1252292
1252324
1252356
1252388
1252420
1252452
1252484
1252516
1252548
1252580
1252610
1252641
1252673
1252705
1252736
1252768
1252800
1252832
1252863
1252894
1252926
1252957
1252988
1253020
1253052
1253084
1253116
1253148
1253178
1253210
1253242
1253273
1253305
1253337
1253369
1253400
1253432
1253463
1253495
1253527
1253559
1253591
1253623
1253655
1253687
1253719
1253751
1253783
1253815
1253847
1253879
1253911
1253943
1253975
1254007
1254039
1254071
1254103
1254135
1254166
1254197
1254229
1254261
1254293
1254325
1254357
1254388
1254420
1254452
1254483
1254514
1254546
1254578
1254609
1254640
1254672
1254704
1254736
1254768
1254799
1254831
1254863
1254895
1254925
1254956
1254988
1255020
1255052
1255084
1255116
1255148
1255180
1255212
1255244
1255276
1255308
1255340
1255372
1255404
1255436
1255466
1255496
1255528
1255560
1255591
1255623
1255655
1255687
1255719
1255751
1255783
1255815
1255847
1255879
1255910
1255942
1255974
1256006
1256038
1256070
1256102
1256134
1256165
1256197
1256229
1256261
1256293
1256325
1256357
1256387
1256417
1256449
1256480
1256512
1256544
1256576
1256608
1256640
1256672
1256702
1256734
1256766
1256797
1256829
1256861
1256893
1256924
1256955
1256987
1257019
1257051
1257083
1257114
1257146
1257176
1257208
1257240
1257272
1257303
1257335
1257367
1257399
1257431
1257463
1257495
1257527
1257558
1257589
1257620
1257652
1257683
1257714
1257745
1257777
1257809
1257841
1257873
1257905
1257937
1257969
1258001
1258031
1258063
1258095
1258127
1258159
1258191
1258223
1258255
1258287
1258318
1258350
1258382
1258414
1258445
1258477
1258509
1258541
1258573
1258605
1258637
1258669
1258700
1258732
1258764
1258795
1258826
1258857
1258888
1258919
1258950
1258982
1259014
1259046
1259078
1259110
1259142
1259174
1259206
1259238
1259269
1259301
1259333
1259363
1259395
1259427
1259459
1259491
1259522
1259554
1259586
1259618
1259649
1259681
1259713
1259744
1259776
1259808
1259840
1259872
1259903
1259935
1259967
1259997
1260028
1260058
1260089
1260121
1260153
1260185
1260216
1260248
1260278
1260310
1260342
1260373
1260405
1260437
1260468
1260500
1260530
1260560
1260592
1260624
1260656
1260686
1260716
1260748
1260780
1260812
1260844
1260876
1260908
1260940
1260972
1261004
1261034
1261066
1261098
1261128
1261160
1261192
1261222
1261254
1261286
1261317
1261349
1261381
1261413
1261445
1261477
1261508
1261539
1261571
1261603
1261635
1261666
1261698
1261730
1261761
1261792
1261824
1261856
1261888
1261920
1261952
1261984
1262016
1262048
1262080
1262112
1262144
1262176
1262208
1262240
1262272
1262304
1262335
1262367
1262399
1262431
1262463
1262495
1262527
1262557
1262589
1262621
1262653
1262684
1262716
1262747
1262779
1262811
1262842
1262873
1262904
1262935
1262966
1262996
1263026
1263058
1263090
1263121
1263153
1263185
1263217
1263248
1263280
1263312
1263344
1263376
1263408
1263440
1263472
1263504
1263536
1263567
1263599
1263631
1263663
1263694
1263726
1263758
1263789
1263820
1263852
1263884
1263916
1263948
1263980
1264011
1264041
1264073
1264105
1264137
1264169
1264201
1264233
1264265
1264297
1264329
1264361
1264393
1264425
1264457
1264489
1264521
1264553
1264585
1264617
1264649
1264680
1264712
1264744
1264776
1264808
1264839
1264871
1264903
1264935
1264967
1264999
1265031
1265063
1265095
1265126
1265158
1265190
1265220
1265252
1265283
1265315
1265346
1265377
1265409
1265441
1265473
1265505
1265537
1265569
1265601
1265633
1265664
1265696
1265728
1265760
1265791
1265823
1265855
1265887
1265919
1265951
1265982
1266013
1266045
1266077
1266109
1266141
1266173
1266205
1266237
1266269
1266301
1266333
1266365
1266397
1266429
1266461
1266493
1266525
1266556
1266588
1266620
1266651
1266683
1266715
1266747
1266778
1266810
1266842
1266872
1266904
1266935
1266965
1266997
1267029
1267061
1267091
1267123
1267155
1267187
1267219
1267251
1267283
1267315
1267347
1267379
1267411
1267443
1267475
1267507
1267539
1267571
1267603
1267635
1267667
1267699
1267730
1267762
1267793
1267824
1267856
1267888
1267920
1267952
1267984
1268016
1268048
1268080
1268112
1268142
1268174
1268206
1268238
1268269
1268301
1268333
1268365
1268397
1268429
1268460
1268492
1268524
1268556
1268588
1268620
1268652
1268684
1268716
1268748
1268778
1268810
1268842
1268874
1268906
1268938
1268970
1269002
1269033
1269065
1269097
1269129
1269161
1269193
1269225
1269257
1269289
1269321
1269353
1269385
1269417
1269449
1269481
1269513
1269545
1269577
1269609
1269641
1269673
1269705
1269737
1269769
1269801
1269832
1269864
1269896
1269927
1269959
1269991
1270021
1270053
1270085
1270117
1270149
1270180
1270212
1270244
1270274
1270306
1270338
1270370
1270402
1270433
1270465
1270496
1270528
1270560
1270592
1270624
1270656
1270688
1270720
1270752
1270784
1270816
1270848
1270880
1270912
1270944
1270976
1271008
1271040
1271072
1271104
1271136
1271168
1271199
1271231
1271263
1271295
1271327
1271358
1271389
1271421
1271453
1271485
1271516
1271548
1271580
1271611
1271643
1271675
1271706
1271738
1271770
1271802
1271834
1271866
1271898
1271930
1271961
1271992
1272024
1272056
1272088
1272120
1272151
1272183
1272215
1272247
1272279
1272310
1272342
1272374
1272406
1272438
1272470
1272502
1272534
1272566
1272598
1272629
1272661
1272693
1272725
1272756
1272788
1272820
1272852
1272884
1272916
1272948
1272980
1273012
1273044
1273076
1273108
1273140
1273171
1273202
1273234
1273266
1273298
1273330
1273362
1273394
1273426
1273458
1273490
1273522
1273554
1273586
1273618
1273649
1273681
1273713
1273744
1273776
1273808
1273840
1273872
1273904
1273936
1273968
1274000
1274032
1274064
1274096
1274128
1274159
1274191
1274221
1274251
1274283
1274315
1274347
1274379
1274411
1274443
1274473
1274504
1274536
1274568
1274600
1274631
1274662
1274694
1274726
1274758
1274789
1274821
1274853
1274885
1274917
1274949
1274981
1275013
1275044
1275075
1275107
1275139
1275171
1275203
1275235
1275267
1275299
1275331
1275363
1275394
1275426
1275458
1275490
1275522
1275554
1275584
1275616
1275648
1275678
1275710
1275742
1275774
1275806
1275837
1275869
1275901
1275932
1275964
1275996
1276028
1276059
1276091
1276123
1276155
1276187
1276219
1276251
1276283
1276315
1276347
1276379
1276411
1276442
1276474
1276505
1276537
1276569
1276601
1276633
1276665
1276697
1276729
1276761
1276793
1276825
1276857
1276889
1276921
1276952
1276984
1277015
1277047
1277079
1277111
1277143
1277175
1277207
1277239
1277271
1277303
1277335
1277365
1277396
1277428
1277460
1277492
1277524
1277556
1277588
1277620
1277651
1277683
1277715
1277746
1277778
1277810
1277842
1277874
1277906
1277936
1277968
1277999
1278030
1278062
1278093
1278125
1278157
1278189
1278221
1278252
1278284
1278316
1278348
1278380
1278412
1278444
1278476
1278508
1278540
1278571
1278601
1278631
1278663
1278694
1278726
1278758
1278790
1278822
1278854
1278886
1278917
1278949
1278981
1279013
1279045
1279077
1279109
1279141
1279173
1279204
1279236
1279268
1279300
1279331
1279363
1279395
1279427
1279459
1279491
1279523
1279555
1279587
1279618
1279650
1279682
1279714
1279746
1279778
1279810
1279842
1279874
1279906
1279938
1279969
1280001
1280033
1280065
1280097
1280128
1280160
1280192
1280224
1280255
1280287
1280319
1280351
1280381
1280412
1280444
1280476
1280508
1280540
1280572
1280604
1280636
1280667
1280699
1280731
1280763
1280795
1280827
1280859
1280891
1280923
1280955
1280987
1281019
1281050
1281082
1281114
1281146
1281178
1281209
1281241
1281271
1281303
1281335
1281367
1281399
1281431
1281463
1281495
1281527
1281559
1281591
1281623
1281655
1281687
1281718
1281750
1281782
1281814
1281846
1281878
1281909
1281941
1281973
1282005
1282036
1282068
1282100
1282130
1282161
1282192
1282224
1282256
1282288
1282319
1282350
1282380
1282412
1282444
1282476
1282508
1282539
1282571
1282603
1282635
1282667
1282699
1282731
1282763
1282795
1282827
1282859
1282891
1282923
1282955
1282987
1283019
1283049
1283081
1283113
1283144
1283176
1283208
1283240
1283272
1283304
1283336
1283368
1283400
1283432
1283464
1283496
1283528
1283560
1283592
1283624
1283656
1283688
1283720
1283752
1283784
1283816
1283848
1283880
1283912
1283944
1283976
1284006
1284037
1284069
1284100
1284132
1284164
1284196
1284228
1284260
1284292
1284324
1284356
1284387
1284419
1284450
1284482
1284514
1284546
1284578
1284608
1284640
1284672
1284704
1284736
1284768
1284800
1284832
1284864
1284896
1284928
1284959
1284991
1285023
1285055
1285087
1285119
1285151
1285182
1285214
1285246
1285278
1285309
1285341
1285373
1285405
1285436
1285468
1285499
1285530
1285562
1285594
1285626
1285658
1285690
1285722
1285753
1285784
1285816
1285848
1285880
1285912
1285944
1285976
1286007
1286039
1286071
1286101
1286133
1286165
1286197
1286229
1286261
1286293
1286325
1286357
1286389
1286421
1286452
1286482
1286514
1286546
1286578
1286609
1286641
1286672
1286704
1286734
1286765
1286797
1286829
1286861
1286893
1286925
1286956
1286987
1287019
1287051
1287083
1287115
1287145
1287177
1287209
1287241
1287273
1287305
1287337
1287369
1287401
1287433
1287465
1287497
1287529
1287561
1287593
1287624
1287656
1287688
1287720
1287752
1287784
1287816
1287847
1287878
1287910
1287942
1287974
1288006
1288038
1288070
1288102
1288134
1288164
1288196
1288228
1288260
1288292
1288323
1288354
1288386
1288418
1288448
1288479
1288511
1288542
1288574
1288606
1288638
1288669
1288701
1288733
1288764
1288796
1288828
1288860
1288892
1288923
1288955
1288987
1289018
1289050
1289081
1289113
1289144
1289176
1289208
1289240
1289272
1289304
1289336
1289368
1289399
1289431
1289463
1289495
1289527
1289558
1289590
1289622
1289654
1289686
1289717
1289748
1289780
1289811
1289843
1289875
1289907
1289939
1289969
1290001
1290032
1290064
1290096
1290128
1290160
1290192
1290224
1290256
1290286
1290318
1290350
1290382
1290414
1290446
1290478
1290510
1290542
1290574
1290606
1290638
1290670
1290702
1290734
1290766
1290797
1290829
1290861
1290893
1290925
1290957
1290989
1291021
1291053
1291085
1291117
1291149
1291181
1291213
1291245
1291277
1291309
1291341
1291373
1291403
1291435
1291467
1291499
1291531
1291563
1291595
1291627
1291659
1291691
1291723
1291753
1291785
1291817
1291849
1291881
1291913
1291945
1291977
1292009
1292041
1292073
1292105
1292137
1292169
1292201
1292233
1292265
1292297
1292329
1292360
1292392
1292424
1292456
1292488
1292520
1292552
1292582
1292614
1292646
1292678
1292710
1292742
1292774
1292806
1292837
1292869
1292901
1292933
1292965
1292997
1293029
1293061
1293093
1293125
1293155
1293187
1293219
1293251
1293283
1293315
1293347
1293379
1293411
1293443
1293475
1293507
1293538
1293570
1293602
1293634
1293666
1293698
1293730
1293762
1293794
1293826
1293858
1293889
1293921
1293953
1293985
1294016
1294048
1294080
1294112
1294144
1294176
1294206
1294238
1294270
1294302
1294334
1294365
1294397
1294429
1294461
1294493
1294525
1294556
1294588
1294619
1294651
1294683
1294715
1294747
1294779
1294811
1294842
1294874
1294906
1294938
1294969
1295001
1295033
1295065
1295097
1295129
1295161
1295193
1295225
1295257
1295289
1295321
1295353
1295385
1295417
1295449
1295480
1295512
1295544
1295576
1295608
1295640
1295672
1295703
1295735
1295767
1295799
1295831
1295863
1295895
1295927
1295959
1295991
1296023
1296055
1296087
1296119
1296150
1296181
1296213
1296245
1296276
1296308
1296340
1296371
1296403
1296435
1296467
1296499
1296530
1296561
1296593
1296625
1296657
1296689
1296721
1296753
1296785
1296817
1296849
1296881
1296913
1296945
1296977
1297009
1297041
1297073
1297105
1297137
1297169
1297201
1297232
1297264
1297296
1297327
1297359
1297391
1297423
1297455
1297487
1297519
1297551
1297583
1297615
1297647
1297679
1297711
1297743
1297775
1297807
1297839
1297871
1297903
1297935
1297967
1297998
1298030
1298062
1298094
1298126
1298158
1298190
1298222
1298252
1298284
1298316
1298348
1298380
1298412
1298443
1298475
1298506
1298538
1298570
1298602
1298634
1298666
1298698
1298730
1298762
1298794
1298826
1298858
1298890
1298922
1298953
1298985
1299017
1299049
1299080
1299112
1299144
1299176
1299208
1299240
1299272
1299303
1299335
1299367
1299399
1299431
1299463
1299495
1299527
1299559
1299591
1299622
1299654
1299686
1299718
1299750
1299782
1299814
1299846
1299878
1299910
1299942
1299974
1300006
1300038
1300069
1300101
1300133
1300165
1300197
1300229
1300260
1300292
1300324
1300356
1300388
1300420
1300452
1300484
1300516
1300548
1300580
1300612
1300644
1300675
1300707
1300739
1300771
1300803
1300835
1300865
1300897
1300928
1300960
1300992
1301024
1301056
1301088
1301120
1301152
1301184
1301216
1301248
1301280
1301312
1301343
1301375
1301407
1301438
1301470
1301502
1301534
1301566
1301598
1301630
1301661
1301693
1301725
1301757
1301789
1301821
1301853
1301884
1301916
1301948
1301979
1302011
1302043
1302075
1302107
1302139
1302171
1302203
1302234
1302265
1302297
1302327
1302359
1302391
1302423
1302455
1302487
1302519
1302551
1302583
1302615
1302647
1302679
1302711
1302743
1302775
1302807
1302838
1302870
1302902
1302933
1302965
1302997
1303029
1303060
1303092
1303124
1303156
1303187
1303218
1303250
1303282
1303314
1303346
1303377
1303408
1303440
1303472
1303504
1303536
1303568
1303600
1303632
1303664
1303695
1303726
1303758
1303790
1303822
1303854
1303886
1303918
1303950
1303982
1304014
1304046
1304078
1304110
1304141
1304173
1304205
1304237
1304269
1304301
1304331
1304363
1304394
1304426
1304458
1304490
1304522
1304553
1304584
1304616
1304648
1304680
1304712
1304744
1304775
1304807
1304839
1304870
1304902
1304933
1304965
1304996
1305028
1305060
1305092
1305124
1305156
1305188
1305220
1305252
1305284
1305316
1305348
1305378
1305410
1305442
1305473
1305505
1305537
1305568
1305600
1305632
1305664
1305696
1305728
1305760
1305792
1305824
1305856
1305888
1305920
1305952
1305984
1306016
1306048
1306080
1306111
1306143
1306175
1306207
1306239
1306271
1306303
1306335
1306366
1306398
1306430
1306462
1306494
1306526
1306558
1306590
1306622
1306654
1306686
1306718
1306750
1306782
1306814
1306846
1306878
1306910
1306941
1306973
1307005
1307037
1307068
1307100
1307132
1307163
1307195
1307227
1307259
1307291
1307323
1307355
1307387
1307419
1307451
1307483
1307515
1307547
1307579
1307611
1307643
1307674
1307706
1307738
1307770
1307802
1307834
1307866
1307898
1307930
1307960
1307992
1308023
1308055
1308087
1308119
1308151
1308182
1308213
1308245
1308277
1308309
1308341
1308373
1308405
1308437
1308469
1308500
1308532
1308564
1308596
1308628
1308659
1308691
1308722
1308754
1308786
1308818
1308850
1308882
1308914
1308946
1308977
1309008
1309039
1309071
1309103
1309135
1309166
1309198
1309230
1309262
1309293
1309325
1309357
1309389
1309421
1309453
1309485
1309517
1309548
1309580
1309612
1309644
1309676
1309708
1309740
1309772
1309803
1309833
1309865
1309897
1309928
1309960
1309992
1310023
1310055
1310087
1310118
1310150
1310182
1310214
1310246
1310278
1310310
1310342
1310374
1310406
1310438
1310470
1310502
1310533
1310565
1310596
1310628
1310660
1310691
1310721
1310753
1310784
1310816
1310848
1310878
1310910
1310942
1310974
1311005
1311036
1311067
1311099
1311130
1311161
1311193
1311223
1311255
1311287
1311319
1311351
1311383
1311415
1311447
1311479
1311511
1311543
1311575
1311607
1311639
1311671
1311703
1311735
1311766
1311798
1311830
1311862
1311894
1311926
1311958
1311989
1312021
1312053
1312085
1312117
1312149
1312181
1312212
1312244
1312276
1312308
1312340
1312372
1312404
1312435
1312467
1312499
1312531
1312563
1312595
1312627
1312659
1312691
1312723
1312755
1312786
1312818
1312850
1312881
1312913
1312944
1312976
1313007
1313039
1313071
1313103
1313135
1313167
1313199
1313231
1313263
1313295
1313327
1313359
1313390
1313420
1313452
1313484
1313516
1313548
1313580
1313612
1313644
1313674
1313706
1313738
1313770
1313802
1313834
1313866
1313898
1313929
1313961
1313992
1314024
1314056
1314088
1314120
1314152
1314184
1314216
1314248
1314280
1314312
1314344
1314376
1314408
1314440
1314472
1314503
1314534
1314565
1314597
1314629
1314660
1314692
1314723
1314755
1314787
1314818
1314850
1314881
1314913
1314945
1314977
1315008
1315040
1315071
1315103
1315135
1315167
1315199
1315231
1315263
1315295
1315327
1315359
1315391
1315423
1315454
1315486
1315518
1315550
1315582
1315613
1315645
1315676
1315708
1315740
1315772
1315804
1315836
1315868
1315900
1315932
1315964
1315996
1316027
1316059
1316091
1316123
1316154
1316186
1316218
1316249
1316281
1316313
1316345
1316377
1316409
1316441
1316473
1316505
1316537
1316569
1316601
1316633
1316665
1316696
1316728
1316759
1316791
1316823
1316854
1316886
1316918
1316950
1316982
1317014
1317045
1317077
1317109
1317141
1317173
1317205
1317237
1317269
1317300
1317332
1317364
1317395
1317427
1317458
1317489
1317521
1317553
1317585
1317617
1317649
1317681
1317713
1317745
1317777
1317808
1317840
1317872
1317904
1317936
1317968
1317999
1318031
1318063
1318095
1318127
1318159
1318189
1318221
1318253
1318285
1318317
1318349
1318380
1318412
1318442
1318474
1318506
1318538
1318570
1318601
1318633
1318665
1318697
1318729
1318761
1318793
1318825
1318857
1318889
1318921
1318953
1318985
1319017
1319049
1319081
1319113
1319145
1319177
1319209
1319241
1319273
1319305
1319337
1319369
1319401
1319433
1319465
1319497
1319529
1319561
1319593
1319625
1319657
1319688
1319720
1319751
1319783
1319815
1319847
1319879
1319911
1319942
1319974
1320006
1320038
1320070
1320102
1320134
1320166
1320198
1320229
1320261
1320292
1320324
1320356
1320388
1320420
1320452
1320484
1320515
1320545
1320577
1320609
1320641
1320673
1320704
1320736
1320768
1320800
1320832
1320864
1320896
1320927
1320959
1320990
1321022
1321053
1321085
1321116
1321148
1321179
1321211
1321243
1321275
1321307
1321339
1321370
1321402
1321433
1321465
1321497
1321529
1321561
1321593
1321625
1321656
1321687
1321719
1321750
1321782
1321814
1321846
1321878
1321910
1321942
1321973
1322005
1322037
1322069
1322101
1322133
1322164
1322196
1322228
1322258
1322289
1322321
1322352
1322384
1322415
1322447
1322479
1322510
1322542
1322574
1322606
1322638
1322670
1322702
1322734
1322766
1322798
1322830
1322862
1322894
1322926
1322958
1322990
1323021
1323052
1323084
1323116
1323148
1323180
1323212
1323244
1323276
1323307
1323339
1323371
1323403
1323435
1323467
1323499
1323531
1323563
1323595
1323627
1323659
1323691
1323723
1323754
1323786
1323818
1323850
1323881
1323913
1323944
1323976
1324008
1324040
1324072
1324104
1324135
1324167
1324199
1324231
1324263
1324295
1324326
1324358
1324390
1324422
1324454
1324486
1324518
1324549
1324581
1324613
1324645
1324676
1324708
1324740
1324772
1324804
1324836
1324868
1324900
1324931
1324963
1324995
1325027
1325059
1325091
1325123
1325153
1325184
1325216
1325248
1325280
1325312
1325344
1325376
1325408
1325440
1325472
1325504
1325536
1325568
1325600
1325632
1325664
1325696
1325728
1325760
1325792
1325824
1325856
1325888
1325920
1325952
1325984
1326016
1326048
1326080
1326112
1326144
1326176
1326208
1326240
1326271
1326303
1326335
1326367
1326398
1326429
1326460
1326492
1326524
1326556
1326588
1326620
1326651
1326683
1326715
1326747
1326778
1326810
1326842
1326873
1326905
1326937
1326968
1326999
1327030
1327062
1327094
1327126
1327158
1327190
1327222
1327254
1327285
1327317
1327349
1327381
1327413
1327445
1327477
1327509
1327541
1327573
1327605
1327637
1327669
1327701
1327733
1327765
1327797
1327829
1327861
1327893
1327925
1327957
1327988
1328020
1328052
1328084
1328116
1328148
1328179
1328211
1328243
1328275
1328307
1328339
1328371
1328403
1328435
1328467
1328498
1328529
1328561
1328593
1328625
1328657
1328688
1328720
1328751
1328783
1328815
1328847
1328879
1328910
1328942
1328974
1329006
1329038
1329070
1329101
1329133
1329165
1329197
1329228
1329260
1329292
1329324
1329356
1329388
1329420
1329452
1329484
1329516
1329548
1329579
1329611
1329643
1329675
1329707
1329737
1329769
1329801
1329832
1329863
1329894
1329926
1329958
1329990
1330022
1330054
1330086
1330118
1330150
1330182
1330214
1330246
1330278
1330310
1330342
1330374
1330406
1330438
1330469
1330501
1330533
1330565
1330597
1330629
1330661
1330693
1330725
1330756
1330788
1330819
1330851
1330883
1330915
1330947
1330979
1331011
1331043
1331075
1331106
1331138
1331170
1331202
1331233
1331265
1331297
1331329
1331359
1331391
1331423
1331455
1331487
1331518
1331550
1331582
1331613
1331644
1331676
1331708
1331740
1331772
1331804
1331836
1331868
1331898
1331930
1331962
1331994
1332026
1332057
1332089
1332121
1332153
1332185
1332217
1332249
1332281
1332313
1332344
1332375
1332407
1332439
1332471
1332503
1332535
1332567
1332599
1332630
1332661
1332693
1332723
1332754
1332786
1332817
1332849
1332880
1332912
1332944
1332976
1333008
1333040
1333072
1333104
1333136
1333167
1333199
1333231
1333263
1333295
1333326
1333358
1333390
1333422
1333454
1333485
1333517
1333548
1333580
1333612
1333643
1333675
1333707
1333739
1333771
1333803
1333834
1333866
1333898
1333930
1333962
1333994
1334026
1334058
1334088
1334120
1334150
1334180
1334212
1334243
1334274
1334306
1334338
1334370
1334402
1334434
1334466
1334498
1334530
1334562
1334592
1334623
1334653
1334685
1334716
1334746
1334778
1334810
1334842
1334874
1334905
1334937
1334969
1335001
1335033
1335063
1335094
1335125
1335157
1335189
1335221
1335253
1335285
1335315
1335347
1335378
1335410
1335442
1335474
1335506
1335538
1335568
1335600
1335631
1335663
1335695
1335727
1335759
1335791
1335823
1335854
1335886
1335918
1335950
1335982
1336014
1336046
1336078
1336110
1336142
1336174
1336206
1336238
1336270
1336302
1336334
1336366
1336398
1336430
1336462
1336493
1336525
1336557
1336589
1336621
1336653
1336685
1336717
1336749
1336779
1336811
1336843
1336875
1336907
1336939
1336971
1337003
1337035
1337066
1337097
1337129
1337161
1337193
1337225
1337257
1337289
1337321
1337351
1337383
1337415
1337447
1337479
1337511
1337543
1337575
1337607
1337639
1337671
1337702
1337734
1337766
1337798
1337830
1337862
1337894
1337926
1337957
1337989
1338021
1338053
1338085
1338117
1338149
1338181
1338213
1338245
1338277
1338309
1338341
1338373
1338405
1338437
1338469
1338501
1338533
1338565
1338597
1338629
1338661
1338693
1338725
1338757
1338789
1338820
1338852
1338884
1338915
1338947
1338979
1339011
1339043
1339075
1339107
1339139
1339171
1339202
1339234
1339266
1339298
1339330
1339362
1339394
1339425
1339455
1339487
1339519
1339551
1339581
1339613
1339645
1339677
1339709
1339741
1339773
1339805
1339837
1339869
1339901
1339933
1339965
1339997
1340029
1340061
1340093
1340125
1340156
1340188
1340220
1340252
1340283
1340315
1340347
1340379
1340410
1340442
1340473
1340505
1340537
1340569
1340601
1340633
1340665
1340697
1340729
1340760
1340792
1340824
1340856
1340888
1340920
1340952
1340984
1341015
1341047
1341079
1341111
1341143
1341175
1341206
1341238
1341270
1341302
1341334
1341365
1341397
1341429
1341460
1341492
1341524
1341556
1341588
1341620
1341652
1341684
1341716
1341748
1341780
1341812
1341844
1341876
1341908
1341940
1341972
1342004
1342036
1342068
1342100
1342132
1342164
1342195
1342227
1342259
1342291
1342323
1342355
1342387
1342418
1342450
1342482
1342514
1342546
1342578
1342610
1342642
1342674
1342706
1342738
1342769
1342801
1342833
1342865
1342897
1342928
1342960
1342992
1343024
1343056
1343087
1343119
1343151
1343183
1343215
1343247
1343279
1343311
1343343
1343375
1343407
1343439
1343470
1343502
1343534
1343566
1343598
1343630
1343662
1343694
1343726
1343758
1343790
1343822
1343854
1343886
1343918
1343948
1343979
1344011
1344043
1344075
1344107
1344139
1344171
1344203
1344235
1344267
1344299
1344331
1344363
1344395
1344427
1344459
1344491
1344523
1344555
1344587
1344619
1344651
1344683
1344715
1344747
1344779
1344811
1344843
1344875
1344907
1344939
1344971
1345003
1345035
1345067
1345099
1345131
1345163
1345195
1345227
1345259
1345291
1345323
1345355
1345387
1345419
1345451
1345483
1345515
1345547
1345579
1345611
1345643
1345675
1345707
1345739
1345771
1345803
1345835
1345866
1345898
1345930
1345962
1345994
1346026
1346058
1346090
1346122
1346154
1346186
1346218
1346249
1346281
1346313
1346345
1346377
1346409
1346441
1346473
1346505
1346537
1346569
1346601
1346633
1346665
1346697
1346729
1346761
1346793
1346825
1346857
1346889
1346921
1346953
1346984
1347016
1347048
1347080
1347112
1347144
1347176
1347208
1347239
1347271
1347303
1347335
1347367
1347399
1347431
1347463
1347495
1347527
1347559
1347591
1347623
1347655
1347687
1347719
1347751
1347783
1347815
1347847
1347879
1347911
1347943
1347975
1348007
1348039
1348071
1348103
1348135
1348167
1348199
1348231
1348263
1348295
1348327
1348359
1348391
1348423
1348455
1348487
1348519
1348551
1348583
1348615
1348647
1348679
1348711
1348743
1348775
1348807
1348839
1348871
1348903
1348935
1348967
1348999
1349031
1349063
1349095
1349127
1349159
1349191
1349223
1349255
1349287
1349319
1349351
1349383
1349415
1349447
1349479
1349511
1349543
1349575
1349607
1349639
1349671
1349703
1349735
1349767
1349798
1349829
1349861
1349893
1349925
1349957
1349989
1350021
1350053
1350085
1350117
1350149
1350181
1350213
1350243
1350275
1350307
1350339
1350371
1350403
1350434
1350466
1350498
1350530
1350562
1350593
1350625
1350657
1350689
1350721
1350752
1350784
1350816
1350848
1350880
1350912
1350944
1350976
1351008
1351040
1351072
1351104
1351136
1351168
1351200
1351232
1351262
1351294
1351326
1351358
1351390
1351422
1351454
1351486
1351518
1351550
1351582
1351614
1351646
1351678
1351710
1351742
1351774
1351806
1351838
1351870
1351902
1351934
1351966
1351998
1352030
1352062
1352094
1352126
1352158
1352190
1352222
1352254
1352286
1352317
1352349
1352381
1352413
1352445
1352477
1352509
1352540
1352572
1352603
1352635
1352667
1352699
1352731
1352763
1352795
1352827
1352859
1352891
1352923
1352955
1352987
1353019
1353051
1353083
1353115
1353147
1353179
1353210
1353241
1353273
1353304
1353336
1353368
1353400
1353432
1353464
1353496
1353528
1353560
1353592
1353624
1353656
1353688
1353720
1353752
1353784
1353816
1353848
1353880
1353912
1353944
1353976
1354007
1354039
1354071
1354103
1354135
1354167
1354199
1354231
1354262
1354294
1354326
1354358
1354390
1354422
1354454
1354486
1354518
1354550
1354582
1354614
1354646
1354678
1354710
1354742
1354774
1354806
1354836
1354868
1354900
1354932
1354964
1354996
1355028
1355060
1355092
1355124
1355156
1355188
1355220
1355252
1355284
1355316
1355348
1355380
1355410
1355440
1355472
1355504
1355536
1355568
1355600
1355632
1355664
1355696
1355728
1355760
1355792
1355824
1355856
1355888
1355920
1355952
1355984
1356016
1356048
1356080
1356112
1356144
1356176
1356208
1356240
1356272
1356304
1356336
1356368
1356400
1356431
1356463
1356495
1356527
1356559
1356591
1356623
1356655
1356686
1356717
1356749
1356780
1356812
1356844
1356876
1356908
1356940
1356972
1357004
1357036
1357068
1357100
1357132
1357164
1357196
1357228
1357260
1357292
1357324
1357355
1357387
1357419
1357451
1357483
1357515
1357547
1357578
1357610
1357642
1357673
1357705
1357737
1357769
1357801
1357833
1357865
1357897
1357929
1357961
1357993
1358025
1358057
1358089
1358121
1358153
1358185
1358217
1358249
1358281
1358313
1358345
1358377
1358409
1358441
1358473
1358505
1358537
1358569
1358601
1358633
1358665
1358697
1358729
1358761
1358793
1358825
1358857
1358889
1358921
1358953
1358985
1359017
1359049
1359081
1359113
1359145
1359177
1359209
1359241
1359273
1359305
1359337
1359369
1359400
1359432
1359464
1359496
1359528
1359560
1359592
1359624
1359656
1359688
1359720
1359752
1359784
1359816
1359848
1359880
1359912
1359944
1359976
1360008
1360040
1360072
1360104
1360136
1360168
1360200
1360232
1360264
1360296
1360328
1360360
1360392
1360424
1360456
1360488
1360520
1360552
1360584
1360616
1360648
1360680
1360712
1360744
1360776
1360808
1360840
1360872
1360904
1360936
1360968
1360999
1361031
1361063
1361095
1361126
1361158
1361190
1361222
1361254
1361286
1361318
1361350
1361382
1361414
1361444
1361476
1361508
1361540
1361572
1361603
1361635
1361667
1361699
1361731
1361763
1361795
1361827
1361859
1361890
1361922
1361954
1361986
1362018
1362050
1362082
1362114
1362146
1362178
1362209
1362241
1362273
1362305
1362337
1362369
1362401
1362433
1362464
1362496
1362528
1362560
1362592
1362624
1362655
1362687
1362719
1362751
1362783
1362815
1362847
1362879
1362910
1362942
1362974
1363006
1363038
1363070
1363102
1363134
1363166
1363198
1363230
1363262
1363294
1363326
1363358
1363390
1363421
1363452
1363484
1363516
1363548
1363580
1363612
1363644
1363676
1363708
1363740
1363772
1363804
1363836
1363868
1363899
1363930
1363962
1363994
1364025
1364057
1364089
1364121
1364153
1364185
1364216
1364248
1364280
1364312
1364343
1364375
1364407
1364439
1364471
1364503
1364535
1364565
1364597
1364628
1364659
1364691
1364723
1364755
1364787
1364819
1364851
1364883
1364915
1364947
1364979
1365011
1365043
1365075
1365107
1365139
1365169
1365201
1365232
1365264
1365295
1365327
1365359
1365391
1365423
1365455
1365487
1365519
1365551
1365582
1365614
1365646
1365678
1365710
1365742
1365774
1365806
1365838
1365870
1365901
1365932
1365964
1365995
1366027
1366059
1366091
1366123
1366155
1366186
1366218
1366248
1366280
1366312
1366344
1366374
1366406
1366436
1366468
1366500
1366531
1366563
1366595
1366627
1366659
1366691
1366723
1366755
1366786
1366818
1366849
1366880
1366912
1366943
1366974
1367006
1367038
1367069
1367101
1367133
1367165
1367197
1367229
1367261
1367293
1367325
1367357
1367389
1367421
1367453
1367485
1367516
1367548
1367580
1367612
1367644
1367676
1367708
1367740
1367772
1367804
1367835
1367867
1367899
1367931
1367962
1367994
1368024
1368056
1368088
1368118
1368150
1368182
1368214
1368244
1368276
1368308
1368339
1368371
1368403
1368435
1368467
1368499
1368531
1368563
1368595
1368625
1368657
1368689
1368721
1368753
1368785
1368816
1368848
1368880
1368912
1368944
1368976
1369008
1369040
1369071
1369103
1369135
1369167
1369199
1369231
1369263
1369295
1369327
1369359
1369391
1369423
1369455
1369487
1369519
1369551
1369583
1369615
1369646
1369678
1369709
1369741
1369773
1369805
1369837
1369869
1369901
1369933
1369965
1369997
1370029
1370061
1370092
1370124
1370156
1370188
1370219
1370251
1370283
1370315
1370347
1370379
1370411
1370443
1370475
1370507
1370539
1370571
1370603
1370635
1370667
1370698
1370730
1370762
1370792
1370824
1370856
1370888
1370920
1370951
1370983
1371015
1371047
1371079
1371111
1371143
1371174
1371206
1371238
1371270
1371302
1371334
1371366
1371398
1371430
1371462
1371494
1371526
1371558
1371590
1371622
1371654
1371686
1371718
1371750
1371780
1371812
1371844
1371876
1371908
1371940
1371972
1372004
1372036
1372068
1372100
1372132
1372164
1372192
1373054
1373077
1373104
1373590
1373771
1374009
1374991
1375103
1375142
1375170
1375198
1375235
1376285
1376913
1377123
1377867
1378026
1378634
1378747
1378777
1378796
1379319
1379348
1379400
1379888
1379925
1379956
1379995
1380022
1380506
1381496
1381782
1381999
1382400
1382476
1382551
1383030
1383066
1383975
1384002
1384020
1384036
1384160
1384188
1384216
1384786
1385600
1385640
1385660
1385680
1386357
1386945
1387644
1388074
1388091
1388122
1388155
1388189
1388224
1388258
1388287
1388322
1388627
1388682
1388702
1388826
1389138
1389179
1389207
1389362
1392466
1392503
1392520
1392537
1392601
1392628
1392645
1392682
1392707
1392743
1392769
1392814
1392841
1392858
1392875
1392892
1392927
1392954
1392981
1392998
1393024
1393041
1393058
1393075
1393091
1393117
1393152
1393168
1393185
1393202
1393228
1393258
1393286
1393317
1393351
1393384
1394016
1394047
1394359
1394710
1394743
1394871
1394976
1395002
1395021
1395052
1395803
1395843
1396056
1398003
1399132
1399834
1399865
1400461
1400562
1400579
1412782
1412812
1412842
1412870
1412902
1412936
1412970
1413190
1413356
1413733
1413770
1413828
1414073
1414109
1414147
1414185
1414261
1414316
1414669
1415156
1415219
1415953
1415989
1416062
1416671
1416699
1416717
1417026
1417164
1417885
1418491
1419020
1419732
1420167
1420483
1420512
1420902
1421258
1421389
1421826
1421860
1422086
1422120
1422575
1422599
1422854
1422919
1423004
1423076
1423475
1423541
1424022
1424228
1424260
1424689
1425055
1425073
1426597
1426707
1426815
1426903
1427534
1427717
1427748
1428434
1428467
1428657
1428735
1429029
1429058
1429087
1429127
1429167
1429843
1429902
1429939
1429995
1430036
1430080
1430124
1431213
1431268
1431309
1431377
1431490
1431596
1431630
1431684
1432018
1432211
1432246
1432283
1432322
1432364
1432400
1432504
1432542
1432582
1432619
1432862
1433035
1433077
1433114
1433161
1433217
1434638
1434721
1434766
1434811
1434845
1434881
1435386
1435415
1435451
1435476
1435507
1435632
1435703
1435733
1435892
1435987
1436005
1436176
1436208
1436245
1436280
1436615
1436643
1436684
1436813
1436830
1437299
1437331
1437363
1437391
1437981
1438071
1438087
1438157
1438404
1438518
1438551
1438663
1438844
1438865
1438992
1439159
1440176
1440508
1445111
1445143
1445427
1445488
1445556
1445623
1445652
1445764
1445832
1445917
1446002
1446087
1446140
1446191
1446249
1446278
1446307
1446683
1446700
1446777
1446813
1446848
1446887
1446926
1446965
1447003
1447354
1447391
1447424
1447503
1447539
1447596
1447676
1447729
1447757
1447792
1447829
1447865
1447899
1447933
1447973
1448644
1448687
1449565
1449597
1449687
1450285
1450361
1450453
1451066
1451563
1452122
1452163
1452255
1453590
1453622
1453704
1454777
1454808
1454845
1461173
1461198
1461272
1461300
1461401
1498992
1499099
1499129
1499218
1499698
1499781
1500122
1500241
1502465
1502562
1502592
1502720
1502807
1502846
1503025
1503042
1503385
1503563
1503672
1503692
1503929
1503946
1504279
1504588
1504733
1504762
1505300
1505535
1505589
1505664
1505971
1506555
1507242
1507269
1507866
1508450
1508571
1508680
1509431
1509461
1509478
1509506
1510304
1510334
1510364
1510471
1510558
1510645
1510665
1510684
1510704
1510724
1511585
1511652
1511719
1511810
1511828
1512064
1516083
1522505
1527902
1528948
1528991
1529010
1529042
1529933
1529964
1530043
1530125
1530155
1530221
1530275
1530436
1530467
1530496
1530870
1530986
1531135
1531164
1531324
1531697
1531849
1531879
1531915
1531941
1531968
1531998
1532029
1532208
1532235
1532408
1532457
1532517
1532556
1532592
1532644
1532673
1532727
1532754
1532828
1532855
1533112
1533129
1533180
1533367
1533491
1533520
1533554
1533583
1533615
1533647
1533831
1534586
1534787
1534815
1535895
1535949
1536673
1537002
1537054
1537717
1537744
1537772
1537811
1537850
1537909
1537948
1537982
1538012
1538044
1538074
1538106
1538153
1538182
1538211
1538304
1539012
1539036
1539235
1539285
1539337
1539724
1540135
1540386
1541230
1541862
1542014
1542045
1542086
1542239
1542758
1543160
1543529
1543709
1543755
1543854
1544034
1544750
1544807
1547815
1548449
1549289
1549327
1549354
1549383
1549413
1549513
1549565
1549593
1549627
1549701
1549860
1550105
1550124
1550166
1550218
1550249
1550302
1550483
1550519
1550816
1550868
1550896
1551041
1551138
1551166
1551284
1551312
1551344
1551380
1551498
1551525
1551709
1552360
1552689
1552718
1553191
1553219
1553744
1554771
1555231
1555518
1555537
1555744
1555802
1556745
1556773
1556791
1556820
1556849
1556883
1556912
1556941
1556972
1557005
1557035
1557067
1557918
1558130
1558485
1558517
1558620
1558723
1558741
1559810
1559854
1559874
1560475
1560518
1560750
1561241
1561317
1561335
1561420
1561450
1563796
1565688
1565719
1565752
1565770
1566811
1566844
1568049
1568234
1568292
1568371
1568502
1572778
1573370
1573428
1573890
1573962
1574038
1574507
1577779
1577836
1577876
1577938
1578060
1579294
1579325
1579453
1579483
1579584
1579776
1579794
1579845
1579899
1580045
1580135
1580176
1580230
1583334
1583376
1583420
1583474
1583492
1583755
1583784
1583838
1583929
1583958
1583988
1584016
1584655
1584755
1585022
1585051
1585207
1585258
1585289
1585587
1586942
1586970
1587646
1587663
1587695
1587722
1587761
1587803
1588381
1588616
1588696
1588716
1589147
1589345
1589377
1589489
1589511
1589569
1589752
1589820
1590079
1590226
1590926
1591062
1591313
1591589
1591759
1592066
1592378
1592948
1593004
1593057
1593405
1593493
1593558
1593912
1593944
1594151
1594180
1594311
1594620
1594652
1594683
1594721
1594751
1594770
1594812
1595189
1595265
1595293
1595321
1595402
1595434
1595655
1595893
1595929
1596492
1596526
1597281
1597321
1597355
1597372
1599138
1599284
1599441
1600178
1600595
1600728
1601206
1601233
1601250
1601539
1601869
1602167
1602218
1602280
1602336
1602763
1603082
1603568
1603595
1603660
1603703
1604042
1604061
1604817
1605088
1605351
1605390
1605406
1606419
1606511
1606600
1606657
1606700
1606956
1607065
1607197
1607456
1607500
1607605
1607825
1607981
1608048
1608117
1608159
1608251
1608503
1608531
1609085
1609099
1609118
1609132
1609151
1609210
1609229
1609261
1609291
1609356
1609614
1609745
1609865
1611047
1611089
1611745
1612814
1612843
1612862
1613185
1624045
1624086
1624130
1624653
1624681
1624732
1624763
1624792
1624972
1625027
1625333
1625363
1625393
1625421
1625449
1625508
1625539
1625570
1625604
1676141
1676157
1676221
1676254
1676280
1677056
1677425
1677638
1677669
1677700
1677738
1677771
1678207
1678766
1678813
1678918
1679155
1679174
1679193
1679212
1679243
1679273
1679302
1679332
1679360
1679393
1680566
1680598
1682607
1682682
1683218
1683253
1714518
1714544
1714677
1714706
1714900
1716042
1716063
1716092
1716110
1716214
1716232
1716249
1716268
1716287
1716316
1716345
1716610
1716833
1716862
1717489
1717522
1717578
1717609
1717627
1717705
1717723
1717938
1718334
1718468
1719101
1719707
1719738
1720265
1720427
1720571
1720598
1720627
1720660
1721595
1721624
1721808
1721946
1721997
1722032
1722164
1722195
1722238
1722309
1722358
1722388
1722423
1722609
1722962
1722977
1723002
1723114
1723240
1723317
1723915
1724029
1725120
1725161
1726772
1727288
1727454
1727639
1727726
1727743
1727789
1727815
1727871
1727915
1727931
1727957
1728043
1728117
1728143
1728672
1729195
1729233
1730399
1730852
1730880
1730951
1731053
1731683
1731711
1733651
1735445
1737253
1738017
1738487
1738951
1739837
1740644
1740980
1741298
1742419
1742598
1742838
1743525
1743633
1745602
1745635
1745668
1745699
1746068
1746087
1746590
1746657
1746733
1747110
1747138
1747197
1747481
1747633
1747684
1747739
1747969
1748552
1748922
1749321
1750161
1750808
1753728
1755723
1756635
1758384
1759157
1759459
1760584
1760619
1761003
1762506
1762802
1762855
1762996
1763073
1765290
1766494
1766594
1766738
1767460
1768359
1768518
1768881
1769560
1769624
1770073
1770985
1771794
1772886
1772918
1772946
2173386
2173420
2174806
2174909
2175021
2175132
2175247
2175371
2175455
2175550
2175585
2175619
2175654
2175742
2175779
2176528
2176982
2177505
2177534
2177569
2177607
2177651
2177695
2177731
2177771
2177805
2177868
2177906
2178691
2178711
2178785
2178820
2178841
2178894
2178921
2178951
2180271
2180300
2180387
2180640
2180999
2181115
2181217
2181626
2181655
2182694
2182745
2182792
2183393
2187613
2187636
2187739
2187769
2187822
2188119
2188748
2188900
2188919
2188949
2188979
2189060
2189090
2191426
2193000
2193067
2193379
2193641
2193742
2193772
2193807
2193846
2193885
2193929
2194005
2194109
2197548
2197636
2197733
2197880
2197917
2197989
2198015
2198054
2200016
2200081
2212237
2212292
2212484
2214748
2227190
2227222
2227419
2227802
2229625
2233093
2234121
2234274
2234623
2235760
2236893
2236924
2236958
2236989
2237019
2237059
2237121
2237435
2237463
2237484
2237579
2237609
2237738
2237791
2237821
2237852
2238054
2238094
2238113
2241224
2242476
2242522
2242987
2243017
2243754
2243942
2243995
2244012
2244054
2244083
2244109
2244128
2244157
2244247
2244265
2244990
2245020
2245050
2245080
2245112
2245189
2245216
2245328
2255794
2255812
2255844
2256042
2263562
2263594
2263632
2263665
2263694
2263743
2263771
2263802
2263830
2263860
2263891
2263919
2263938
2264211
2264975
2265004
2265404
2265533
2265552
2265677
2266148
2266168
2266221
2266851
2266885
2268032
2268081
2268707
2268743
2269799
2269820
2269873
2269915
2269952
2271194
2271212
2271229
2271445
2271498
2271528
2272133
2272804
2273383
2273796
2274108
2274629
2274649
2275462
2276087
2276120
2277316
2277336
2277355
2277375
2277406
2277425
2278365
2278436
2278473
2278510
2279466
2279932
2280428
2280788
2281407
2281728
2282561
2282781
2283178
2283274
2283712
2283738
2283772
2284751
2285375
2285693
2285787
2285919
2286134
2286253
2286282
2286472
2286616
2286771
2286789
2286817
2286845
2286999
2287014
2287049
2287085
2288756
2289795
2291619
2293203
2293772
2293927
2295177
2296009
2297301
2297321
2297618
2297686
2297952
2297975
2298020
2298286
2298569
2299095
2299152
2299217
2299433
2299519
2299575
2299737
2299817
2299848
2299882
2299902
2299982
2300168
2300202
2300222
2300301
2300437
2300654
2300686
2300718
2300878
2300898
2301087
2301404
2302005
2302315
2302485
2302528
2305366
2307675
2308358
2309631
2309777
2310653
2310881
2310924
2311028
2312205
2312283
2313994
2317570
2321482
2324737
2325672
2327094
2327912
2328819
2329504
2329979
2329999
2330414
2330488
2330652
2330671
2330700
2332435
2332538
2332868
2333274
2333702
2334321
2334340
2334887
2334937
2334967
2334996
2335397
2335822
2336107
2336752
2336781
2336810
2336844
2337584
2337706
2337733
2338511
2338539
2338830
2339066
2339299
2339349
2339391
2339428
2339611
2339641
2339672
2339702
2339733
2339764
2339794
2339825
2339855
2339886
2339918
2339949
2339979
2340009
2340040
2340071
2340101
2340131
2340161
2340191
2340220
2340249
2340279
2340308
2340338
2340368
2340398
2340428
2340458
2340487
2340517
2340548
2340578
2340608
2340638
2340668
2340698
2340728
2340758
2340788
2340818
2340848
2340877
2340907
2340937
2340967
2340997
2341028
2341058
2341089
2341119
2341149
2341180
2341209
2341239
2341270
2341300
2341331
2341361
2341391
2341422
2341452
2341483
2341514
2341545
2341573
2341603
2341632
2341664
2341694
2341724
2341756
2341785
2341816
2341847
2341877
2341907
2341938
2341968
2341999
2342029
2342059
2342090
2342120
2342152
2342183
2342215
2342246
2342278
2342309
2342340
2342369
2342399
2342429
2342460
2342490
2342520
2342551
2342579
2342610
2342640
2342670
2342701
2342732
2342763
2342794
2342824
2342855
2342885
2342917
2342948
2342980
2343010
2343039
2343069
2343099
2343129
2343159
2343189
2343217
2343247
2343277
2343308
2343338
2343368
2343398
2343428
2343458
2343488
2343518
2343549
2343579
2343609
2343640
2343671
2343702
2343732
2343763
2343793
2343824
2343854
2343885
2343915
2343945
2343977
2344009
2344039
2344069
2344100
2344130
2344160
2344191
2344222
2344253
2344283
2344314
2344343
2344373
2344404
2344435
2344467
2344497
2344529
2344559
2344590
2344620
2344651
2344681
2344711
2344742
2344773
2344805
2344836
2344867
2344898
2344929
2344960
2344989
2345019
2345049
2345080
2345109
2345137
2345167
2345196
2345224
2345256
2345287
2345316
2345347
2345377
2345404
2345434
2345463
2345492
2345518
2345548
2345578
2345606
2345634
2345663
2345694
2345724
2345754
2345785
2345817
2345848
2345878
2345909
2345939
2345967
2345998
2346028
2346058
2346088
2346119
2346149
2346180
2346211
2346239
2346269
2346300
2346329
2346360
2346390
2346422
2346453
2346483
2346512
2346542
2346572
2346600
2346630
2346660
2346691
2346721
2346752
2346782
2346814
2346845
2346875
2346906
2346936
2346966
2346995
2347025
2347054
2347086
2347114
2347144
2347174
2347204
2347235
2347265
2347295
2347325
2347355
2347385
2347415
2347444
2347474
2347504
2347536
2347567
2347598
2347629
2347659
2347689
2347719
2347749
2347780
2347810
2347840
2347870
2347900
2347930
2347961
2347992
2348022
2348053
2348081
2348110
2348140
2348170
2348202
2348232
2348264
2348295
2348326
2348357
2348387
2348417
2348447
2348477
2348507
2348537
2348568
2348599
2348629
2348658
2348688
2348719
2348749
2348779
2348809
2348839
2348869
2348899
2348930
2348958
2348985
2349015
2349046
2349076
2349107
2349139
2349169
2349200
2349230
2349261
2349292
2349323
2349353
2349383
2349414
2349445
2349476
2349507
2349538
2349569
2349599
2349629
2349659
2349689
2349720
2349750
2349781
2349812
2349842
2349873
2349904
2349935
2349967
2349997
2350028
2350058
2350089
2350119
2350150
2350180
2350210
2350241
2350271
2350301
2350333
2350363
2350394
2350424
2350454
2350485
2350515
2350546
2350577
2350608
2350640
2350670
2350701
2350731
2350761
2350791
2350822
2350852
2350883
2350913
2350944
2350975
2351005
2351036
2351066
2351096
2351126
2351156
2351187
2351217
2351248
2351279
2351309
2351340
2351371
2351401
2351431
2351462
2351492
2351524
2351554
2351584
2351615
2351643
2351672
2351701
2351732
2351763
2351791
2351820
2351850
2351880
2351910
2351941
2351969
2352000
2352030
2352062
2352093
2352123
2352153
2352184
2352216
2352247
2352278
2352308
2352339
2352369
2352399
2352429
2352460
2352491
2352522
2352553
2352584
2352615
2352646
2352676
2352706
2352736
2352767
2352798
2352828
2352859
2352889
2352920
2352951
2352982
2353012
2353041
2353070
2353101
2353132
2353161
2353190
2353218
2353248
2353279
2353309
2353340
2353371
2353402
2353431
2353462
2353493
2353523
2353554
2353584
2353614
2353644
2353673
2353703
2353733
2353763
2353793
2353823
2353853
2353883
2353913
2353943
2353974
2354005
2354036
2354067
2354098
2354130
2354160
2354190
2354221
2354251
2354282
2354312
2354343
2354373
2354403
2354435
2354465
2354496
2354527
2354558
2354587
2354618
2354647
2354678
2354707
2354737
2354767
2354797
2354828
2354858
2354890
2354921
2354952
2354984
2355015
2355045
2355076
2355106
2355138
2355169
2355200
2355230
2355262
2355293
2355324
2355355
2355386
2355416
2355446
2355478
2355509
2355539
2355570
2355601
2355632
2355663
2355695
2355725
2355756
2355786
2355816
2355847
2355877
2355907
2355936
2355966
2355997
2356027
2356058
2356088
2356118
2356148
2356179
2356209
2356239
2356270
2356301
2356330
2356360
2356389
2356419
2356449
2356479
2356510
2356541
2356571
2356602
2356634
2356665
2356696
2356727
2356758
2356786
2356814
2356845
2356873
2356903
2356933
2356963
2356993
2357023
2357053
2357083
2357113
2357143
2357173
2357204
2357234
2357265
2357295
2357325
2357355
2357385
2357415
2357445
2357474
2357504
2357534
2357564
2357594
2357624
2357655
2357685
2357715
2357745
2357775
2357805
2357835
2357865
2357895
2357925
2357955
2357987
2358017
2358048
2358078
2358109
2358140
2358170
2358201
2358232
2358263
2358294
2358325
2358356
2358386
2358415
2358445
2358475
2358506
2358537
2358567
2358597
2358628
2358658
2358688
2358719
2358750
2358781
2358812
2358842
2358873
2358903
2358933
2358963
2358994
2359025
2359055
2359086
2359117
2359148
2359178
2359208
2359238
2359268
2359298
2359329
2359360
2359392
2359422
2359452
2359483
2359514
2359544
2359574
2359605
2359636
2359666
2359697
2359729
2359759
2359790
2359820
2359851
2359882
2359912
2359943
2359974
2360004
2360035
2360066
2360096
2360127
2360157
2360188
2360219
2360249
2360280
2360310
2360341
2360371
2360401
2360431
2360462
2360493
2360524
2360555
2360585
2360615
2360646
2360677
2360708
2360738
2360768
2360799
2360829
2360860
2360890
2360920
2360950
2360981
2361011
2361041
2361072
2361102
2361132
2361163
2361193
2361224
2361256
2361287
2361318
2361349
2361379
2361410
2361440
2361470
2361500
2361531
2361561
2361593
2361623
2361654
2361685
2361716
2361747
2361777
2361807
2361836
2361865
2361895
2361926
2361956
2361986
2362016
2362046
2362076
2362106
2362137
2362167
2362198
2362228
2362259
2362290
2362321
2362352
2362382
2362412
2362443
2362474
2362504
2362535
2362566
2362596
2362627
2362659
2362689
2362719
2362749
2362781
2362812
2362842
2362872
2362902
2362933
2362963
2362993
2363024
2363054
2363086
2363116
2363147
2363177
2363205
2363236
2363266
2363296
2363326
2363356
2363386
2363417
2363447
2363478
2363509
2363539
2363570
2363600
2363631
2363661
2363691
2363721
2363753
2363785
2363816
2363847
2363876
2363906
2363937
2363967
2363996
2364027
2364058
2364088
2364118
2364147
2364177
2364207
2364238
2364267
2364297
2364327
2364357
2364387
2364418
2364448
2364478
2364508
2364540
2364570
2364601
2364632
2364662
2364692
2364722
2364753
2364783
2364815
2364846
2364876
2364907
2364938
2364969
2364999
2365029
2365059
2365090
2365120
2365150
2365181
2365212
2365242
2365273
2365303
2365333
2365363
2365393
2365423
2365454
2365484
2365516
2365547
2365578
2365608
2365639
2365670
2365700
2365732
2365762
2365793
2365824
2365855
2365885
2365916
2365947
2365977
2366008
2366038
2366069
2366099
2366129
2366159
2366189
2366219
2366250
2366279
2366309
2366340
2366371
2366401
2366433
2366464
2366495
2366526
2366556
2366586
2366616
2366647
2366679
2366709
2366740
2366770
2366801
2366831
2366861
2366892
2366923
2366953
2366983
2367014
2367045
2367075
2367107
2367136
2367167
2367198
2367228
2367258
2367288
2367320
2367351
2367381
2367413
2367445
2367476
2367507
2367538
2367569
2367599
2367629
2367660
2367691
2367722
2367752
2367783
2367814
2367844
2367875
2367906
2367937
2367968
2367998
2368029
2368060
2368092
2368122
2368154
2368185
2368216
2368246
2368277
2368309
2368340
2368370
2368400
2368430
2368461
2368492
2368522
2368552
2368583
2368613
2368644
2368674
2368704
2368735
2368765
2368795
2368826
2368857
2368887
2368917
2368947
2368977
2369007
2369037
2369068
2369099
2369131
2369162
2369193
2369224
2369256
2369286
2369316
2369347
2369377
2369408
2369438
2369469
2369499
2369529
2369560
2369591
2369622
2369653
2369683
2369714
2369744
2369776
2369807
2369837
2369868
2369898
2369928
2369958
2369989
2370019
2370050
2370081
2370111
2370142
2370172
2370204
2370235
2370265
2370295
2370326
2370357
2370387
2370417
2370447
2370477
2370508
2370538
2370569
2370600
2370631
2370662
2370692
2370722
2370753
2370783
2370814
2370844
2370875
2370905
2370936
2370966
2370996
2371027
2371057
2371088
2371118
2371149
2371179
2371209
2371239
2371269
2371299
2371331
2371361
2371393
2371424
2371455
2371486
2371516
2371545
2371575
2371606
2371636
2371666
2371697
2371729
2371760
2371791
2371821
2371851
2371881
2371909
2371940
2371970
2372001
2372031
2372061
2372091
2372121
2372151
2372182
2372212
2372243
2372274
2372305
2372335
2372366
2372398
2372429
2372459
2372489
2372521
2372551
2372582
2372613
2372643
2372673
2372704
2372735
2372766
2372797
2372828
2372858
2372890
2372921
2372951
2372980
2373011
2373042
2373072
2373103
2373133
2373163
2373194
2373224
2373255
2373285
2373315
2373345
2373375
2373405
2373435
2373466
2373497
2373527
2373557
2373587
2373618
2373648
2373679
2373711
2373742
2373773
2373803
2373834
2373864
2373894
2373924
2373954
2373984
2374014
2374044
2374075
2374106
2374136
2374166
2374197
2374226
2374257
2374288
2374319
2374351
2374381
2374412
2374442
2374472
2374504
2374534
2374565
2374595
2374626
2374657
2374687
2374717
2374747
2374777
2374807
2374837
2374868
2374898
2374928
2374958
2374988
2375018
2375049
2375079
2375108
2375138
2375169
2375200
2375230
2375262
2375293
2375324
2375354
2375385
2375416
2375447
2375477
2375508
2375538
2375570
2375600
2375631
2375661
2375692
2375723
2375755
2375786
2375816
2375846
2375877
2375908
2375937
2375968
2375999
2376030
2376060
2376091
2376121
2376150
2376180
2376210
2376241
2376271
2376302
2376332
2376362
2376393
2376423
2376454
2376483
2376514
2376544
2376574
2376604
2376634
2376665
2376694
2376724
2376754
2376785
2376816
2376846
2376876
2376906
2376936
2376967
2376998
2377028
2377059
2377089
2377119
2377150
2377180
2377211
2377242
2377273
2377303
2377333
2377364
2377394
2377424
2377455
2377486
2377517
2377547
2377578
2377608
2377639
2377669
2377700
2377730
2377761
2377792
2377822
2377853
2377884
2377914
2377944
2377975
2378005
2378037
2378067
2378098
2378128
2378159
2378189
2378220
2378252
2378282
2378313
2378343
2378374
2378404
2378434
2378465
2378497
2378527
2378557
2378588
2378618
2378648
2378678
2378709
2378739
2378770
2378801
2378831
2378861
2378892
2378922
2378953
2378984
2379015
2379045
2379076
2379107
2379137
2379168
2379198
2379229
2379260
2379290
2379321
2379351
2379381
2379412
2379442
2379473
2379503
2379534
2379565
2379595
2379626
2379657
2379687
2379717
2379747
2379778
2379809
2379840
2379870
2379901
2379929
2379959
2379989
2380019
2380049
2380080
2380111
2380142
2380173
2380203
2380233
2380264
2380295
2380325
2380355
2380385
2380416
2380445
2380475
2380507
2380538
2380569
2380599
2380630
2380660
2380690
2380720
2380751
2380781
2380811
2380841
2380872
2380902
2380932
2380963
2380993
2381023
2381053
2381083
2381114
2381145
2381175
2381207
2381237
2381268
2381298
2381328
2381358
2381389
2381419
2381450
2381480
2381511
2381541
2381572
2381602
2381632
2381662
2381691
2381721
2381752
2381782
2381812
2381842
2381873
2381903
2381935
2381966
2381997
2382027
2382058
2382089
2382123
2382151
2382180
2382749
2382769
2382809
2386096
2386168
2386561
2386593
2386659
2386689
2386765
2386962
2387028
2387046
2387076
2387152
2387174
2387194
2387254
2387283
2387313
2387360
2387403
2387480
2387512
2387541
2388835
2389315
2389511
2389528
2389675
2390064
2390222
2390274
2390380
2390506
2390648
2390940
2390969
2390998
2391048
2391157
2391553
2391887
2391966
2392333
2393006
2393451
2394478
2394509
2395573
2395682
2398357
2398417
2398547
2398582
2398614
2398713
2398784
2403743
2403810
2403872
2403928
2403984
2404018
2404036
2404069
2404145
2404602
2406961
2407440
2407521
2407557
2407624
2407660
2407714
2407742
2407775
2408123
2408145
2408211
2408254
2408352
2408550
2408593
2408654
2408681
2408742
2409029
2409301
2409332
2409359
2409398
2409433
2409470
2409523
2409592
2409923
2410417
2410436
2410549
2413215
2413292
2413655
2414397
2414475
2414509
2414543
2424623
2424658
2425123
2425152
2425691
2425881
2427130
2428040
2428702
2429484
2429511
2429617
2429677
2429738
2429807
2430156
2430215
2430519
2430551
2453278
2455133
2455343
2455361
2455389
2455441
2455470
2455487
2455537
2455576
2455612
2455651
2455835
2455868
2455889
2456134
2456286
2456333
2456662
2456695
2457194
2457715
2457745
2457814
2459067
2459302
2459333
2459498
2501675
2501691
2502306
2502325
2502357
2502412
2502470
2502499
2502760
2503526
2505377
2506811
2506832
2506961
2507009
2507030
2507175
2507207
2507239
2507275
2509313
2509340
2509368
2509748
2509811
2509841
2509867
2509902
2509962
2510038
2512218
2512252
2512754
2512781
2514125
2514153
2515528
2515593
2516326
2517599
2524381
2527000
2528198
2529748
2529789
2531425
2531675
2531867
2532305
2532359
2532568
2532586
2532750
2532806
2535297
2535315
2535355
2536637
2536679
2537432
2538623
2538677
2539162
2539438
2539854
2539884
2539921
2539939
2540482
2540982
2541409
2541429
2541448
2541474
2541500
2541624
2541672
2543057
2543076
2543935
2544199
2545409
2545564
2545740
2545758
2545920
2545964
2546157
2546177
2546269
2546524
2546555
2546586
2546624
2546659
2546695
2546723
2546822
2546857
2546916
2546934
2550750
2553978
2554096
2554166
2554225
2565913
2566073
2566135
2566195
2569637
2569691
2569722
2569756
2569790
2569899
2570421
2575459
2588844
2588915
2588976
2589045
2589101
2590703
2590767
2590795
2590825
2590855
2590904
2591566
2591585
2592718
2594280
2597110
2597609
2608592
2608627
2608906
2610449
2610643
2610773
2610846
2610916
2610984
2611050
2611116
2611246
2611312
2611381
2611441
2613447
2613527
2613562
2613769
2613864
2613902
2613964
2614021
2614055
2614155
2614189
2614207
2614268
2614337
2621977
2623451
2623651
2623711
2624778
2624944
2625020
2625052
2625090
2625143
3046050
3046098
3046116
3046153
3046183
3046284
3046321
3046352
3046670
3046704
3046961
3047002
3047035
3047159
3047891
3047927
3047987
3048094
3048127
3049067
3053098
3053206
3053237
3053384
3054182
3054211
3054289
3054321
3054356
3054415
3054446
3054481
3054515
3054553
3054908
3055102
3057518
3057574
3057604
3057660
3057939
3062949
3063082
3063198
3063232
3063266
3063385
3063596
3063648
3063678
3063710
3063800
3063831
3063877
3064173
3064301
3064343
3064362
3064387
3064615
3064720
3064802
3064837
3064916
3064950
3065702
3065779
3065850
3065886
3065947
3065984
3066019
3066053
3066087
3066122
3066157
3066438
3066477
3066517
3066577
3066618
3066659
3066699
3066739
3067221
3067238
3071482
3072265
3072306
3072347
3072387
3072430
3072464
3072499
3072533
3072569
3072604
3072639
3072674
3072707
3072741
3072776
3072810
3072845
3072928
3072963
3073041
3073099
3073181
3073216
3073254
3074034
3074341
3075167
3075202
3077016
3077288
3077618
3077864
3083416
3083448
3083476
3083508
3083535
3083558
3083693
3083781
3083823
3084451
3085173
3085207
3085242
3085277
3085312
3085349
3085378
3085395
3085422
3085452
3085482
3085513
3085550
3085579
3085611
3085639
3085675
3085704
3085742
3086001
3086535
3087143
3087627
3087955
3088757
3088854
3089263
3090188
3091454
3092159
3092705
3093358
3093541
3093590
3093627
3093662
3093922
3093954
3093974
3094040
3094372
3094870
3094960
3095072
3095289
3095309
3095763
3095816
3095868
3095898
3095928
3095946
3095976
3096042
3096061
3096089
3096238
3096256
3096286
3096327
3096503
3096521
3096635
3096760
3097565
3098830
3099948
3099978
3100068
3100249
3100303
3100449
3100612
3100630
3100756
3100784
3100992
3101080
3101159
3101226
3101406
3101469
3101511
3101530
3101561
3101580
3101599
3101630
3101664
3101699
3101735
3101770
3101806
3101841
3101876
3101910
3101940
3101970
3101999
3102033
3102067
3102320
3102339
3102395
3102519
3102572
3103213
3103245
3103277
3103309
3103339
3103371
3103403
3103435
3103467
3103499
3103531
3103563
3103595
3103627
3103654
3103685
3103717
3103749
3103781
3103813
3103843
3103873
3103903
3103935
3103967
3103998
3104029
3104060
3104091
3104122
3104152
3104183
3104214
3104246
3104277
3104309
3104341
3104373
3104405
3104437
3104469
3104500
3104532
3104562
3104594
3104626
3104657
3104689
3104721
3104753
3104785
3104815
3104847
3104879
3104911
3104943
3104975
3105007
3105039
3105071
3105102
3105134
3105165
3105197
3105229
3105260
3105292
3105323
3105354
3105384
3105416
3105446
3105478
3105509
3105539
3105569
3105601
3105633
3105664
3105696
3105728
3105760
3105791
3105821
3105853
3105885
3105917
3105949
3105981
3106013
3106045
3106077
3106108
3106139
3106171
3106203
3106235
3106267
3106299
3106331
3106363
3106395
3106427
3106459
3106491
3106523
3106555
3106586
3106618
3106650
3106680
3106712
3106743
3106774
3106804
3106836
3106868
3106899
3106930
3106962
3106993
3107024
3107055
3107086
3107117
3107147
3107179
3107211
3107241
3107272
3107303
3107334
3107366
3107398
3107428
3107459
3107491
3107521
3107551
3107581
3107611
3107642
3107674
3107706
3107738
3107770
3107802
3107834
3107866
3107897
3107929
3107961
3107993
3108025
3108057
3108089
3108121
3108153
3108185
3108216
3108248
3108280
3108312
3108344
3108375
3108407
3108439
3108471
3108503
3108535
3108567
3108599
3108631
3108663
3108695
3108727
3108759
3108791
3108823
3108855
3108887
3108919
3108951
3108982
3109014
3109046
3109078
3109110
3109142
3109174
3109206
3109238
3109270
3109302
3109334
3109366
3109398
3109430
3109462
3109494
3109526
3109558
3109590
3109622
3109654
3109686
3109718
3109749
3109780
3109812
3109844
3109875
3109905
3109935
3109965
3109995
3110025
3110057
3110089
3110121
3110153
3110183
3110215
3110247
3110278
3110310
3110342
3110373
3110404
3110434
3110464
3110495
3110527
3110558
3110590
3110622
3110654
3110685
3110716
3110747
3110779
3110811
3110841
3110871
3110902
3110933
3110963
3110995
3111025
3111056
3111087
3111119
3111150
3111181
3111212
3111244
3111274
3111306
3111338
3111370
3111402
3111434
3111465
3111497
3111528
3111560
3111592
3111624
3111656
3111687
3111717
3111749
3111781
3111813
3111845
3111876
3111907
3111939
3111971
3112003
3112035
3112067
3112099
3112129
3112161
3112193
3112225
3112257
3112289
3112321
3112353
3112384
3112416
3112448
3112480
3112512
3112544
3112575
3112607
3112639
3112671
3112703
3112735
3112767
3112797
3112829
3112859
3112889
3112919
3112951
3112983
3113015
3113047
3113078
3113110
3113141
3113173
3113204
3113236
3113267
3113298
3113330
3113360
3113391
3113423
3113455
3113487
3113517
3113549
3113579
3113611
3113643
3113675
3113706
3113738
3113770
3113802
3113834
3113864
3113894
3113926
3113958
3113990
3114022
3114054
3114086
3114118
3114150
3114182
3114214
3114246
3114277
3114309
3114341
3114372
3114403
3114435
3114467
3114497
3114529
3114559
3114591
3114623
3114655
3114686
3114717
3114749
3114780
3114812
3114844
3114875
3114907
3114938
3114968
3114998
3115030
3115062
3115093
3115125
3115157
3115189
3115220
3115251
3115283
3115314
3115346
3115378
3115410
3115442
3115474
3115505
3115537
3115569
3115600
3115632
3115664
3115695
3115726
3115757
3115789
3115819
3115851
3115883
3115914
3115944
3115975
3116006
3116038
3116070
3116101
3116133
3116163
3116194
3116225
3116257
3116289
3116321
3116353
3116385
3116416
3116447
3116478
3116509
3116540
3116572
3116602
3116634
3116665
3116697
3116728
3116759
3116790
3116820
3116850
3116881
3116913
3116945
3116977
3117009
3117041
3117072
3117103
3117134
3117165
3117197
3117229
3117261
3117293
3117325
3117357
3117388
3117420
3117451
3117482
3117514
3117546
3117577
3117607
3117638
3117670
3117700
3117732
3117763
3117795
3117826
3117858
3117890
3117922
3117954
3117984
3118016
3118047
3118078
3118110
3118142
3118174
3118206
3118237
3118268
3118300
3118332
3118364
3118396
3118427
3118459
3118490
3118521
3118551
3118582
3118614
3118646
3118677
3118708
3118738
3118768
3118800
3118832
3118863
3118894
3118925
3118956
3118987
3119019
3119051
3119083
3119114
3119145
3119177
3119209
3119241
3119272
3119304
3119335
3119367
3119397
3119427
3119459
3119491
3119523
3119555
3119586
3119617
3119648
3119679
3119711
3119743
3119775
3119807
3119839
3119869
3119899
3119931
3119962
3119994
3120026
3120056
3120086
3120116
3120148
3120178
3120210
3120242
3120274
3120305
3120336
3120366
3120396
3120428
3120460
3120492
3120524
3120556
3120587
3120618
3120649
3120680
3120712
3120742
3120772
3120804
3120836
3120868
3120900
3120932
3120963
3120995
3121027
3121058
3121090
3121122
3121154
3121185
3121216
3121246
3121278
3121310
3121342
3121372
3121403
3121434
3121466
3121498
3121530
3121562
3121593
3121625
3121656
3121688
3121720
3121752
3121784
3121815
3121846
3121877
3121909
3121941
3121973
3122003
3122033
3122065
3122097
3122129
3122161
3122192
3122223
3122254
3122286
3122318
3122349
3122381
3122411
3122441
3122473
3122505
3122536
3122568
3122600
3122632
3122664
3122694
3122725
3122757
3122787
3122818
3122850
3122881
3122912
3122944
3122976
3123008
3123039
3123070
3123100
3123130
3123161
3123192
3123224
3123256
3123288
3123320
3123351
3123382
3123413
3123444
3123476
3123508
3123540
3123571
3123602
3123633
3123665
3123697
3123728
3123759
3123790
3123821
3123853
3123885
3123917
3123948
3123979
3124010
3124041
3124072
3124103
3124135
3124167
3124199
3124231
3124263
3124295
3124326
3124358
3124388
3124420
3124450
3124482
3124513
3124544
3124574
3124606
3124638
3124670
3124702
3124733
3124764
3124796
3124827
3124859
3124890
3124921
3124952
3124982
3125012
3125044
3125075
3125107
3125139
3125171
3125202
3125234
3125266
3125297
3125328
3125360
3125392
3125423
3125455
3125486
3125518
3125549
3125581
3125612
3125643
3125675
3125707
3125738
3125768
3125799
3125831
3125863
3125895
3125925
3125955
3125986
3126017
3126048
3126080
3126111
3126143
3126175
3126206
3126238
3126269
3126301
3126332
3126363
3126393
3126425
3126456
3126487
3126517
3126548
3126579
3126610
3126642
3126674
3126704
3126735
3126766
3126797
3126827
3126859
3126891
3126923
3126954
3126986
3127018
3127049
3127081
3127113
3127144
3127175
3127207
3127239
3127271
3127303
3127334
3127365
3127396
3127427
3127458
3127489
3127520
3127551
3127583
3127615
3127647
3127678
3127708
3127740
3127772
3127804
3127836
3127868
3127900
3127932
3127964
3127995
3128026
3128057
3128089
3128121
3128152
3128183
3128214
3128246
3128277
3128308
3128339
3128371
3128402
3128433
3128464
3128495
3128525
3128557
3128589
3128620
3128650
3128682
3128714
3128745
3128777
3128809
3128841
3128873
3128904
3128935
3128967
3128999
3129030
3129061
3129092
3129124
3129155
3129186
3129218
3129250
3129282
3129314
3129346
3129378
3129408
3129440
3129472
3129504
3129536
3129568
3129599
3129631
3129663
3129695
3129727
3129757
3129789
3129821
3129853
3129885
3129917
3129949
3129980
3130012
3130043
3130075
3130106
3130138
3130170
3130202
3130233
3130264
3130295
3130327
3130359
3130391
3130422
3130453
3130485
3130517
3130549
3130581
3130613
3130644
3130676
3130708
3130740
3130772
3130804
3130835
3130865
3130895
3130926
3131462
3131494
3131656
3131770
3131884
3131916
3131948
3131979
3132011
3132043
3132073
3132103
3132135
3132167
3132199
3132231
3132261
3132291
3132322
3132352
3132384
3132414
3132446
3132478
3132508
3132540
3132572
3132604
3132636
3132668
3132700
3132732
3132762
3132793
3132825
3132856
3132888
3132920
3132952
3132984
3133016
3133048
3133080
3133112
3133143
3133173
3133203
3133233
3133265
3133296
3133328
3133360
3133391
3133423
3133453
3133484
3133516
3133548
3133579
3133609
3133639
3133671
3133701
3133733
3133765
3133795
3133827
3133857
3133887
3133918
3133950
3133979
3134009
3134041
3134072
3134103
3134133
3134164
3134196
3134228
3134260
3134292
3134322
3134351
3134381
3134413
3134445
3134477
3134508
3134538
3134569
3134601
3134632
3134663
3134694
3134726
3134758
3134789
3134819
3134849
3134881
3134912
3134943
3134974
3135005
3135036
3135067
3135099
3135130
3135161
3135193
3135225
3135257
3135289
3135320
3135348
3135378
3135409
3135440
3135470
3135501
3135533
3135563
3135595
3135626
3135656
3135688
3135718
3135750
3135780
3135810
3135840
3135871
3135901
3135931
3135963
3135994
3136026
3136058
3136089
3136121
3136151
3136182
3136213
3136245
3136275
3136306
3136336
3136368
3136400
3136432
3136462
3136492
3136522
3136553
3136584
3136616
3136648
3136680
3136712
3136742
3136772
3136804
3136836
3136868
3136899
3136931
3136963
3136993
3137025
3137057
3137088
3137118
3137148
3137179
3137211
3137243
3137274
3137306
3137336
3137367
3137399
3137431
3137463
3137495
3137526
3137558
3137590
3137622
3137653
3137683
3137715
3137746
3137778
3137810
3137841
3137873
3137905
3137937
3137969
3137999
3138027
3138059
3138090
3138121
3138152
3138183
3138214
3138246
3138276
3138308
3138340
3138371
3138401
3138433
3138463
3138495
3138525
3138555
3138587
3138619
3138651
3138683
3138715
3138746
3138778
3138810
3138842
3138873
3138905
3138937
3138968
3139000
3139032
3139062
3139092
3139124
3139155
3139186
3139218
3139248
3139278
3139310
3139342
3139374
3139406
3139438
3139470
3139502
3139532
3139564
3139594
3139626
3139658
3139690
3139721
3139751
3139781
3139812
3139844
3139875
3139905
3139936
3139967
3139999
3140029
3140061
3140093
3140125
3140156
3140187
3140219
3140249
3140281
3140313
3140345
3140375
3140407
3140438
3140470
3140500
3140530
3140561
3140593
3140624
3140654
3140686
3140716
3140748
3140780
3140812
3140843
3140875
3140907
3140938
3140968
3140999
3141029
3141061
3141093
3141123
3141155
3141187
3141217
3141248
3141279
3141311
3141342
3141373
3141405
3141436
3141467
3141499
3141529
3141560
3141591
3141621
3141651
3141682
3141712
3141744
3141775
3141806
3141838
3141868
3141899
3141929
3141960
3141992
3142023
3142054
3142085
3142115
3142147
3142179
3142210
3142242
3142274
3142306
3142337
3142369
3142399
3142431
3142463
3142494
3142525
3142556
3142588
3142619
3142650
3142682
3142714
3142746
3142777
3142808
3142838
3142869
3142901
3142932
3142962
3142993
3143023
3143053
3143085
3143117
3143149
3143180
3143212
3143242
3143274
3143306
3143338
3143368
3143399
3143431
3143463
3143494
3143525
3143557
3143587
3143618
3143650
3143681
3143712
3143743
3143775
3143807
3143839
3143871
3143902
3143933
3143964
3143994
3144025
3144055
3144086
3144116
3144148
3144178
3144209
3144241
3144272
3144304
3144336
3144368
3144400
3144431
3144463
3144495
3144527
3144559
3144591
3144622
3144654
3144686
3144718
3144750
3144782
3144814
3144846
3144877
3144907
3144939
3144970
3145001
3145033
3145063
3145093
3145125
3145157
3145189
3145219
3145251
3145282
3145314
3145345
3145375
3145405
3145437
3145469
3145500
3145531
3145563
3145594
3145625
3145657
3145689
3145721
3145753
3145785
3145816
3145846
3145877
3145907
3145938
3145970
3146002
3146030
3146061
3146089
3146119
3146151
3146181
3146213
3146245
3146276
3146308
3146340
3146372
3146404
3146435
3146467
3146499
3146531
3146563
3146595
3146627
3146659
3146689
3146719
3146750
3146782
3146813
3146844
3146876
3146908
3146940
3146972
3147002
3147033
3147065
3147097
3147129
3147161
3147193
3147223
3147255
3147286
3147318
3147350
3147382
3147413
3147443
3147474
3147505
3147536
3147566
3147596
3147626
3147658
3147690
3147721
3147752
3147782
3147812
3147843
3147875
3147907
3147939
3147971
3148003
3148034
3148066
3148098
3148129
3148161
3148193
3148225
3148256
3148288
3148318
3148350
3148381
3148413
3148445
3148476
3148506
3148537
3148569
3148600
3148631
3148663
3148694
3148725
3148757
3148788
3148820
3148852
3148884
3148916
3148946
3148978
3149010
3149042
3149074
3149105
3149137
3149169
3149199
3149231
3149263
3149293
3149323
3149353
3149385
3149417
3149449
3149480
3149511
3149542
3149574
3149606
3149638
3149670
3149702
3149734
3149766
3149798
3149828
3149860
3149892
3149924
3149956
3149988
3150020
3150052
3150084
3150116
3150148
3150178
3150210
3150242
3150274
3150306
3150337
3150369
3150399
3150429
3150461
3150491
3150521
3150552
3150582
3150614
3150646
3150677
3150708
3150740
3150771
3150801
3150833
3150863
3150895
3150927
3150958
3150990
3151020
3151052
3151082
3151114
3151146
3151177
3151209
3151241
3151271
3151303
3151334
3151366
3151397
3151428
3151460
3151492
3151524
3151555
3151586
3151616
3151646
3151676
3151708
3151740
3151772
3151803
3151835
3151866
3151898
3151928
3151959
3151991
3152022
3152054
3152086
3152116
3152146
3152178
3152209
3152240
3152272
3152304
3152336
3152368
3152400
3152432
3152463
3152494
3152525
3152556
3152588
3152620
3152651
3152683
3152715
3152745
3152777
3152809
3152840
3152872
3152904
3152935
3152965
3152995
3153027
3153059
3153091
3153123
3153155
3153187
3153219
3153251
3153282
3153314
3153346
3153378
3153408
3153439
3153471
3153503
3153535
3153566
3153598
3153630
3153662
3153693
3153725
3153756
3153788
3153819
3153851
3153881
3153912
3153943
3153973
3154004
3154035
3154066
3154096
3154128
3154160
3154192
3154222
3154254
3154286
3154318
3154350
3154382
3154414
3154444
3154476
3154508
3154540
3154572
3154604
3154634
3154666
3154696
3154728
3154760
3154792
3154824
3154855
3154885
3154916
3154948
3154979
3155010
3155041
3155072
3155104
3155136
3155168
3155200
3155232
3155264
3155295
3155325
3155357
3155389
3155421
3155453
3155485
3155517
3155548
3155580
3155610
3155640
3155671
3155703
3155733
3155764
3155796
3155828
3155860
3155892
3155923
3155953
3155983
3156013
3156045
3156076
3156106
3156138
3156170
3156200
3156232
3156264
3156296
3156328
3156360
3156398
3156903
3156932
3157853
3157870
3157964
3158184
3158279
3158356
3158437
3158675
3159203
3159367
3159406
3159446
3159500
3231770
3231801
3231817
3232401
3232634
3232693
3235500
3237771
3239113
3241987
3246510
3251065
3251085
3253617
3257677
3257733
3257752
3261982
3266041
3270098
3274273
3278503
3282784
3287053
3287143
3291354
3291374
3291394
3293506
3298264
3298640
3300959
3305485
3307876
3310771
3312997
3318687
3319233
3324183
3326705
3329141
3333515
3339143
3341622
3345861
3350042
3352157
3356323
3359690
3360259
3362713
3365046
3369469
3369699
3369756
3369970
3370416
3370442
3370510
3370869
3370921
3370975
3371048
3371078
3371316
3371946
3371963
3372380
3372407
3372737
3372766
3372918
3372981
3373291
3373354
3373410
3373442
3374107
3374135
3374165
3374624
3374704
3374730
3374756
3374783
3376829
3377144
3377228
3377256
3377449
3377526
3377797
3378173
3378202
3378233
3378286
3378317
3378347
3378540
3379057
3379085
3379146
3379178
3379197
3379226
3379279
3379313
3379372
3379466
3379543
3380127
3380260
3380279
3380310
3380972
3381473
3382681
3382778
3382811
3382844
3382862
3382929
3382947
3383141
3383384
3383414
3385826
3385853
3385871
3385900
3385918
3388297
3389569
3389978
3390055
3390070
3391039
3391071
3391372
3391401
3391554
3391586
3391618
3391651
3391684
3391716
3393543
3393593
3393621
3393656
3393860
3394481
3394638
3394668
3394697
3394725
3394758
3394962
3395208
3395240
3395272
3395289
3395467
3396275
3400845
3401507
3401603
3401844
3401992
3402034
3402091
3402271
3402299
3402870
3403952
3405040
3405093
3405123
3406617
3407994
3408020
3408124
3408924
3408966
3410468
3410752
3410770
3410811
3410851
3411235
3411265
3411379
3411669
3411753
3411834
3412253
3412283
3412313
3412342
3412373
3412404
3412436
3412635
3412669
3412883
3412981
3413070
3413102
3413132
3413149
3413864
3414201
3414278
3414304
3414846
3414882
3414953
3414983
3415690
3428148
3434676
3434742
3434770
3449682
3449722
3449756
3450722
3450800
3451309
3457834
3457878
3457941
3458001
3458029
3458596
3458622
3458651
3458677
3458808
3458860
3458914
3460041
3460146
3460173
3461012
3462159
3462301
3462331
3462384
3462414
3462428
3462457
3462691
3462711
3462732
3462754
3462787
3462803
3462879
3462905
3462945
3462983
3463023
3463166
3463259
3463713
3463904
3463927
3464101
3464697
3464730
3464791
3465208
3465238
3466030
3466375
3466509
3466674
3466787
3467041
3467210
3467274
3467625
3468154
3468422
3468460
3468495
3468637
3468686
3468728
3469002
3469046
3469131
3469167
3469438
3469468
3469531
3470134
3470180
3470324
3470397
3470798
3473145
3473388
3473666
3473703
3473776
3473864
3473904
3474425
3474497
3474569
3474645
3474910
3474978
3475056
3475316
3475508
3475573
3475894
3475923
3475965
3476036
3476949
3477036
3477078
3477111
3477166
3477195
3477565
3477984
3478392
3478499
3478600
3478999
3479144
3479428
3479447
3480263
3480313
3480366
3480505
3480558
3480588
3480623
3480661
3480773
3480807
3480842
3480877
3480905
3480944
3481020
3481082
3481120
3481151
3481948
3481978
3482013
3482092
3482131
3482236
3482304
3482724
3482759
3482798
3482845
3482879
3482925
3483926
3483996
3484052
3484137
3484259
3484364
3484574
3486079
