0
11114
11165
11194
11614
11664
11694
11724
11760
11786
11822
12060
12095
12305
12355
12496
12538
12566
13333
14015
14050
14075
14101
14129
14170
15506
15959
15990
16021
16057
16185
16219
16270
16322
16353
16383
16412
16443
16470
16506
16542
16573
16603
16638
16670
16710
16754
16785
16815
16843
16895
16935
16975
17020
17065
17110
17155
17200
17245
17290
17335
17380
17425
17457
17486
17515
17545
17576
18352
18766
18795
18835
18853
18934
19000
19055
19138
19220
19302
19384
19466
19516
19598
19680
19762
19844
19927
20010
20093
20175
20193
20275
20357
20439
20522
20604
20687
20715
20797
20880
20905
20954
21005
22189
22306
22569
22605
22640
22676
22711
22747
22782
22817
22851
22885
22921
22956
22991
23026
23062
23097
23129
23162
23195
23229
23263
23293
23328
23363
23419
24352
24525
24607
25998
26027
26203
26232
27556
28364
28694
29217
29504
29559
29578
29741
29989
30067
30522
30543
30583
30612
30695
30778
30861
30943
31104
31133
31214
31250
31331
31413
31495
31511
31593
31675
31757
31839
31922
32004
32086
32169
32251
32333
32415
32497
32579
32662
32744
32825
32907
32989
33071
33154
33236
33318
33400
33483
33565
33647
33729
33811
33893
33975
34025
34107
34158
34208
34290
34318
35094
35111
35462
35861
36225
36371
36389
36415
36465
36495
36523
36711
36742
36823
36848
36930
37013
37031
37114
37132
37215
37233
37314
37332
37350
37368
37413
37442
37468
37484
37566
37648
37731
37813
37896
37978
38043
38125
38142
38224
38306
38388
38406
38424
38506
38588
38617
38700
38782
38863
38946
39029
39110
39129
39210
39292
39351
39369
39388
39417
39448
39503
39531
39613
39696
39745
39828
39910
39957
40040
40096
40178
40260
40342
40360
40378
40445
41259
41317
41412
41433
42205
42232
42541
42572
42616
42651
42691
42734
42770
42939
43017
43096
43133
43233
43266
43298
43332
43364
43380
43407
43438
43472
44222
44255
44282
44360
44671
44711
44767
45328
45385
45420
45454
45490
45561
46180
46550
46943
47021
47053
47073
47129
47324
47919
47962
48191
48244
48451
48470
48508
48548
48614
49394
49522
49574
51614
51732
51851
51881
52627
52658
52693
52729
52818
52874
53222
53817
53928
53957
54025
54076
54154
54190
54218
54284
54306
54334
54347
54944
55140
57262
57329
57393
57422
58677
58727
59387
59745
59771
60210
60283
60338
60583
60659
60699
60714
60859
60886
60911
61008
61119
61357
61775
61792
61823
61854
61885
62671
62731
62932
62983
63396
63415
63563
67438
67501
67678
67973
68022
68056
68263
68390
68422
68457
68616
68651
68687
68723
68906
69028
69360
69889
70368
70506
70750
70790
70830
70913
70930
71013
71135
71821
72287
72317
72350
72388
72424
72507
72541
72754
72785
72841
72935
72953
73018
73100
73130
73212
73295
73377
73394
73476
73558
73640
73722
74306
74322
74462
74539
74612
74634
74689
74710
74764
74847
74929
75012
75094
75176
75259
75341
75838
75872
75974
75993
76024
76059
76076
76149
76230
76321
76372
76389
76467
76925
77672
79099
79154
79229
79263
80334
81321
81352
81441
81472
81847
81877
82345
82373
82437
83290
83444
83957
83985
84002
84049
84088
84105
84122
84151
84168
84198
84219
84348
84463
84814
84833
84915
84997
85015
85035
85116
85136
85218
85301
85382
85464
85546
85628
85710
85793
85856
85939
85964
86046
86128
86189
86268
86350
86432
86451
86533
86615
86697
86779
86861
86944
87027
87109
87192
87251
87270
87594
87727
87761
87843
87925
87945
87985
88129
88459
88493
88539
88621
88703
88785
88867
88949
89032
121358
121466
121496
121524
121552
121581
121606
121689
121740
121822
121904
121927
121949
122002
122084
122166
122249
122331
122382
122465
122520
122603
122618
122700
122783
122864
122947
123030
123113
123195
123278
123361
123443
123525
123608
123691
123773
123855
123937
124018
124100
124182
124265
124346
124429
124511
124593
124675
124756
124839
124882
124916
124965
125048
125130
125163
125246
125328
125410
125493
125576
125658
125740
125822
125905
125987
126070
126153
126179
126262
126342
126424
126506
126589
126671
126752
126834
126917
126968
127051
127133
127215
127297
127380
127507
127532
127561
127587
127637
127683
127766
127913
127940
128022
128044
128126
128154
128236
128319
128402
128484
128567
128650
128668
128696
128722
128805
128887
128970
129052
129135
129166
129195
130281
130381
130409
130855
130919
130963
131045
131128
131151
131233
131371
131405
131438
131521
131603
131685
131703
131785
131867
131949
132105
132188
132205
132287
132369
132451
132533
132615
132638
132661
132744
132827
132909
132991
133071
133153
133235
133317
133400
133483
133504
133587
133669
133752
133835
133918
134000
134080
134163
134245
134262
134344
134451
134542
134624
134674
134756
134839
134922
135005
135087
135170
135252
135334
135417
135499
135537
135620
135702
135784
135866
135948
136031
136113
136196
136279
136362
136445
136525
136607
136688
136771
136854
136936
137018
137100
137182
137264
137346
137429
137511
137528
137577
137661
137744
137826
137909
137991
138073
138122
138205
138287
138369
138451
138533
138616
138699
138781
138827
138909
138991
139073
139156
139206
139256
139305
139666
140078
140130
140159
140941
141129
141181
141220
141244
141361
142050
142081
142157
142210
142461
142479
142507
142540
142643
142661
142690
143531
143560
143604
143652
143713
143795
143877
143907
143957
143987
144044
144101
144122
144140
144223
144305
144388
144470
144552
144574
144657
144739
144821
144876
144958
145040
145122
145204
145286
145368
145451
145533
145616
145698
145717
145736
145766
145795
145877
145959
146042
146184
146202
146284
146350
146370
146425
146446
146496
146579
146661
146744
146830
146913
146945
146973
147003
147035
147194
147229
147243
147295
147323
147356
147395
147471
147791
147927
147955
148112
148142
148268
148391
148408
148425
148442
148493
148605
148634
148662
149752
150156
150175
150262
150297
150331
150366
150403
150585
150623
150652
150670
150736
150789
150806
150848
150878
150941
150967
150998
151032
151065
151092
151123
151197
151222
151290
151323
151349
151412
151439
151495
151601
151744
151854
151986
152192
152492
152616
152783
152816
152848
152896
153107
153961
154176
566485
566499
566541
566558
566575
566592
566609
566626
566643
566680
566697
566714
566731
566746
566763
566780
566797
566814
566831
566848
566865
566882
566899
566916
566931
566948
566965
566982
566999
567016
567033
567050
567067
567084
567101
567126
567141
567158
567175
567192
567209
567226
567243
567260
567277
567294
567311
567326
567343
567360
567377
567394
567411
567428
567445
567462
567479
567496
567512
567559
567576
567593
567610
567627
567644
567661
567678
567695
567712
567728
567745
567763
567781
567799
567817
567835
567853
567869
567885
568667
568747
568829
568850
568871
568892
568953
568981
569261
569292
569625
569664
569702
569732
569754
579156
579290
579307
579727
580064
604215
604286
604714
604784
604837
604894
604922
604949
626819
626896
626918
626987
627066
627106
627506
628099
628560
628928
628995
629093
629173
629208
629234
629281
629331
629459
629485
629544
630417
630533
630935
631195
631230
631958
632414
633053
633800
633932
634277
634427
634704
634722
634740
634769
634806
634893
634912
635009
635086
636357
636480
636551
636579
637037
637086
637400
641022
641313
641370
641419
641468
641519
641556
641609
641663
641696
641739
641783
641837
641889
641931
641979
642021
642070
642106
642155
642205
642251
642302
642339
642413
642525
642593
642623
642653
642681
642720
642748
642788
642933
642947
642981
643073
643225
643317
643564
643780
643816
643855
643896
644226
645536
646426
646670
646791
646885
646951
646979
647061
647095
647254
647294
647687
648022
648507
648552
648634
648717
648798
648853
648935
649018
649099
649182
649264
649347
649430
649512
649567
649650
649696
649746
649828
649910
649992
650074
650157
650239
650322
650364
650447
650492
650516
650649
650732
650753
650775
650858
650904
650986
651068
651151
651173
651195
651277
651359
651391
651433
651516
651537
651620
651702
651734
651766
651849
651899
651982
652064
652146
652228
652260
652343
652387
652469
652485
652568
652589
652672
652688
652771
652853
652935
653018
653100
653182
653264
653289
653371
653453
653553
653576
653659
653685
653768
653819
653901
653983
654066
654149
654232
654314
654396
654478
654561
654643
654725
654807
654889
654971
655054
655136
655219
655302
655384
655466
655549
655631
655714
655796
655846
655928
656011
656093
656175
656257
656340
656422
656504
656601
656650
656732
656754
656836
656919
657002
657084
657167
657249
657331
657414
657442
657525
657607
657690
657856
657905
657988
658070
658153
658235
658318
658400
658482
658565
658635
658697
658779
658861
658944
659026
659109
659192
659417
659456
659496
659535
659579
659620
659659
659741
659823
659906
659988
660071
660152
660234
660316
660399
660482
660565
660647
660729
660811
661284
661349
661365
661448
661530
661611
661693
661729
661812
661895
661941
662023
662092
663107
663141
663185
663267
663349
663370
663386
663468
663550
663633
663716
663798
663879
663960
664042
664070
664151
664172
664254
664282
664365
664393
664475
664557
664639
664659
664674
664740
664822
664904
664987
665069
665152
665234
665317
665398
665425
665474
665557
665639
665722
665805
665831
665913
665995
666078
666160
666210
666293
666383
666415
666497
666580
666662
666744
666774
666856
666938
667020
667102
667127
667209
667291
667373
667456
667538
667621
667701
667784
667867
667891
667973
668055
668138
668220
668303
668385
668467
668550
668610
668692
668749
668831
668912
668994
669076
669159
669240
669281
669361
669443
669526
669608
669688
669770
669853
669935
670016
670099
670182
670265
670314
670397
670479
670533
670616
670698
670781
670864
670947
670973
671035
671117
671199
671282
671363
671379
671462
671545
671628
671710
671793
671875
671957
672040
672123
672205
672288
672318
672400
672482
672551
672680
672710
673049
673074
673101
673166
673216
674062
674088
675329
675345
675389
675478
675507
675524
675619
675702
675784
675866
675947
675962
675983
676005
676026
676046
676077
676098
676158
676240
676322
676403
676485
676568
676651
676734
676817
676848
676880
676903
676985
677066
677123
677148
677230
677312
677394
677476
677558
677640
677722
677805
677888
677970
678052
678135
678217
678300
678355
678384
678420
678478
678561
678620
678702
678784
678866
678948
679030
679088
679113
679178
679205
679233
679260
679334
679408
679472
679539
679565
679594
679644
679805
679868
679896
679963
680025
680041
680211
680252
680291
680329
680384
680402
680439
680474
680559
681473
681500
681961
682019
682131
682224
682252
682281
682312
682343
682378
682407
682457
683815
684552
685434
685591
686117
686186
686239
686318
686347
686366
686433
686500
686555
686573
686663
686780
686823
686953
687024
687053
687413
687661
687723
688119
688156
688218
688241
688269
688436
688454
688480
688515
688585
688611
688631
688700
688796
688843
689213
689244
689739
689770
689802
692539
692569
694751
697284
697345
697373
697405
697422
697441
697458
697476
697644
697727
697873
697962
698201
698228
698381
698416
698971
698987
699016
699302
699336
699832
699850
699901
699957
701662
702232
702262
702292
702323
702353
702408
702439
702822
703289
703487
703552
703595
703638
703956
704299
704334
704701
704729
704849
704878
704914
704956
705499
705535
705571
705606
705642
705678
705714
705749
705785
705822
705857
705892
705928
705977
706259
706383
706800
706830
706965
707017
707053
707086
707165
707456
707707
707830
708039
708231
708259
708659
708676
708800
708840
708892
708923
708956
709576
714395
714421
714593
715532
715587
715641
715671
715770
715883
716404
716470
716711
716738
716766
716795
716812
717216
717244
717354
717371
717596
717757
717823
718167
718505
718525
718603
718667
718770
718822
719051
719208
719239
719281
719399
719420
719814
719842
719874
719929
719987
720016
720052
720085
720307
720340
720489
720548
720723
721478
721557
721596
721629
721682
721717
721752
721788
721823
721859
722008
722065
722523
722563
722592
723231
723250
723280
723313
723364
723394
723909
723950
724010
724203
724238
724405
724446
724496
724600
724638
724677
724773
725076
725122
725168
725214
725248
725297
725332
725370
725408
725447
725464
725494
725999
726186
726215
726358
726441
726532
726566
727067
727098
727143
727188
727233
727278
727323
727361
727399
727438
727476
727515
727555
727595
727634
727673
727712
727751
727791
727830
727869
727908
727947
727986
728026
728066
728106
728145
728184
728224
728264
728304
728344
728384
728424
728464
728503
728543
728583
728623
728663
728703
728742
728782
728822
728862
728901
728941
729002
729337
729374
729412
729578
729613
729653
729823
729900
729938
729974
730057
730097
730136
730176
730216
730256
730514
730700
730941
730986
731031
731075
731119
731165
731211
731255
731299
731382
731479
731840
731875
731909
731946
731984
732022
732098
732243
732283
732323
732363
732401
732826
732860
732894
732927
732960
732993
733044
733538
733572
733632
733663
733681
733701
733721
733897
733931
733949
733983
734015
734047
734159
734191
734223
734243
734295
734351
734371
734388
734422
734442
734546
734577
734597
734629
734661
734735
734789
734809
734843
735483
735513
735795
735815
735871
735903
735935
736041
736071
736127
736291
736320
736340
736360
736404
736460
736560
736616
736636
736668
736768
736800
736832
736852
736870
737264
737308
737576
737656
737676
737708
737767
737827
737859
738179
738211
738262
738281
738313
738366
738398
738535
738552
738929
739063
739172
739205
739338
739369
739400
739431
739448
739479
739498
739557
739586
739605
739624
739653
739684
739703
739734
739752
739807
739910
739929
739960
739975
739994
740011
740113
740141
740160
740179
740208
740227
740246
740301
740329
740348
740379
740407
740438
740493
740592
740611
740639
740678
740737
740804
740834
740867
740886
740904
740935
740990
741056
741085
741120
741155
741191
741226
741241
741528
741562
741635
741737
741910
742017
742188
742393
742422
742758
743277
743315
743350
744106
744834
744909
745229
745267
745286
745308
745326
745360
747630
748309
749275
749785
749815
749850
751159
754155
756635
756830
757747
757924
757951
758005
758045
758079
758112
758146
758592
760535
760659
763788
765452
765624
767843
768960
769012
769087
769809
770056
770086
770149
771114
771595
772603
772620
773795
774796
774814
774848
775305
775379
775624
775972
776430
776457
776558
776584
776611
776638
776666
777154
777424
777889
778301
778624
779332
779433
779452
779484
779511
779628
779655
779682
779711
779740
779753
781506
783424
783451
783665
783692
783709
783739
783798
783815
783834
784117
784147
784211
784262
784312
784845
785411
785455
785488
785522
785543
785749
785970
786059
786079
786099
786120
786141
786162
786184
786248
786277
786333
786387
786407
786426
786458
786478
786498
786530
786562
786582
786689
787007
787039
787210
787235
787321
787354
787468
787545
787988
788226
788245
788405
788862
788936
788952
789227
789279
789564
789601
789661
789734
789800
789826
789855
791499
791634
791693
791907
796003
796025
796046
796108
796137
796410
796436
797032
797173
797301
797656
797859
797890
797923
797996
798142
798570
800411
801611
802289
802445
802471
802506
802620
802647
803344
803390
803690
803741
803996
804105
804137
804270
804299
804542
804572
804650
804666
804699
804731
804785
804816
805489
805568
806349
806545
806755
807154
807357
807402
807435
807778
807832
807943
808125
808450
809009
809113
809281
810934
810951
810968
810984
811559
811834
811872
811904
811934
811969
812005
812040
812067
812356
812675
813280
813315
813522
813661
813690
813985
814016
814340
814471
814500
814529
814824
814855
814872
814960
815624
815989
816063
816306
816350
816378
816612
816861
816880
816946
816989
817008
817026
817043
817061
817096
817127
817146
817164
817424
817468
817488
817566
817618
817654
817730
817749
817815
817856
818129
818173
818200
818219
818283
818429
818460
818548
818583
818635
818743
818773
818791
818831
818867
819108
819142
819172
819207
819244
819303
819463
819499
819574
819608
819637
819851
819959
820545
820770
820825
821044
821291
821310
821329
821363
821392
821446
821480
821513
821547
821578
821609
822332
823105
823143
823174
823898
824286
824407
824469
824804
825510
825541
825570
826650
826690
826730
826903
828112
828128
828712
828803
828893
829452
829477
829554
829581
829609
829797
829931
834327
834349
834471
839741
839795
839880
840295
841275
841944
842172
842227
842302
842462
842713
843148
844012
844082
844110
844924
844976
845007
845041
845075
849204
849525
849581
849607
849625
852615
852778
855844
855904
855935
855997
856032
856064
856116
856143
856294
856353
856380
856440
856548
856577
856636
856691
857475
857623
861333
862099
862234
862299
862435
863975
864075
864104
864398
864428
864447
864475
864588
864646
864811
864837
864891
865576
865611
865651
865680
865736
866556
866696
866830
866848
866878
866994
867022
867671
867749
868438
868574
868628
869313
869331
869362
869390
869509
869619
869651
869761
869789
869994
870012
870043
870074
870153
870186
870216
870494
870630
870814
870950
870990
871567
871598
871632
871648
871699
872277
872463
872490
872519
872576
872627
872644
872986
873748
873824
873907
873936
873949
873984
874749
874781
874812
891309
891438
891570
891632
891698
891723
891760
892579
892632
893761
893810
894019
894311
894344
894689
894715
894781
894821
895215
895235
895277
895307
895327
895347
895368
895389
895447
895645
895676
895701
895850
895955
896104
896149
896247
896570
896616
896673
896701
896730
896760
896778
896927
897237
897628
897680
898373
898592
898667
898742
898942
899040
899101
899154
899339
899392
899693
899768
899902
899966
900030
900101
900176
900257
900331
900405
900554
900960
901042
901637
901785
901838
901902
902021
902177
902314
902367
902539
902637
902758
902811
902875
903004
903066
903130
903193
903268
903408
903514
903567
903629
903692
903850
904117
904192
904262
904365
904460
904535
904947
905038
905101
905247
905346
905399
905452
905505
905587
905640
905734
905923
907496
907571
908302
908365
908485
908538
908600
908653
908735
908814
908889
908971
909035
909148
909201
909283
909521
909574
909742
909815
909958
910039
910159
910231
910321
910392
910456
910509
910584
910731
910853
911061
911154
911217
911288
911359
911412
911522
911586
911639
911718
911782
912026
912100
912235
912508
912571
912624
912688
912807
912898
912951
913026
913098
913170
913244
913458
913566
913672
914924
915013
915112
915165
915229
915301
915364
915417
915488
915577
915630
915702
915755
915808
915925
915989
916042
916106
916159
916223
916285
916338
916353
916378
916406
916556
916594
916630
916660
916686
918415
922831
922864
922882
922920
922958
922992
923024
923063
923093
923129
923170
923207
923260
923302
923341
923387
923417
923446
923475
923505
923534
923567
923596
923624
923654
923683
923713
923734
923755
923783
923812
923842
923870
923893
923916
923939
923981
924023
924065
924107
924151
924192
924233
924274
924315
924356
924397
924438
924479
924511
924543
924576
924607
924658
924691
924742
924794
924847
924900
924936
924989
925025
925079
925115
925168
925204
925257
925292
925345
925398
925452
925496
925539
925586
925632
925677
925721
925766
925810
926169
926749
926784
926838
926863
927969
927999
928030
928063
928093
928124
928157
928172
928190
928512
929278
929373
929486
929541
929878
930196
930298
930434
930572
931310
931534
931571
931607
931642
931678
931989
932082
932109
932139
932990
933025
933295
933324
933364
933447
933485
933504
933586
933669
933751
933833
933915
933963
934014
934097
934180
934262
934344
934426
934509
934595
934677
934726
934817
934899
934981
935025
935066
935148
935231
935289
935445
935466
935487
935550
935571
935593
935674
935743
935770
935852
935934
935950
935969
936051
936133
936190
936273
936318
936368
936450
936532
936615
936697
936779
936861
936943
937025
937108
937163
937246
937296
937378
937428
937510
937592
937675
937757
937840
937923
938005
938087
938169
938252
938334
938416
938499
938581
938664
938747
938795
938950
938971
939054
939104
939186
939269
939352
939434
939516
939598
939616
939698
939726
939744
939826
939908
939926
940008
940126
940208
940233
940261
940287
940314
940396
940478
940559
940590
940673
940755
940815
940935
940973
942513
942863
944224
944885
945255
945286
946475
947573
948495
949124
949144
949258
949289
950211
950981
952689
953580
953678
954308
954754
956046
956236
956775
957127
957263
957307
957353
957434
957516
957562
957585
957667
957685
957704
957723
957752
957834
957916
957998
958018
958038
958058
958074
958157
958239
958321
958343
958426
958508
958543
958626
958708
958790
958872
958954
959037
959119
959201
959220
959239
959268
959351
959433
959515
959570
959653
959736
959818
959900
959983
960066
960148
960229
960311
960393
960475
960557
960641
960972
961090
961144
961172
961212
961256
961300
961333
961368
961711
961746
961779
961814
961896
962247
962769
963173
963441
963626
964074
964149
964181
964214
964275
964324
964352
964396
964479
964500
964583
964665
964747
964830
964851
964900
964982
965032
965114
965150
965208
965290
965372
965454
965536
965618
965700
965782
965863
965945
965991
966073
966124
966206
966255
966337
966419
966500
966549
966600
966683
966734
966817
966915
966942
966973
967002
967028
967058
967085
967167
967214
967291
967325
967361
967382
967440
967572
967812
967843
967881
967921
967965
968009
968045
968086
968127
968183
970220
970278
970332
970363
970390
970421
970441
970461
970481
970500
970566
970592
970776
970840
971428
972272
972317
972371
972385
972783
973226
973381
973452
973468
973530
973555
973583
974624
974651
974680
974814
974867
974891
974908
974929
974959
974992
975016
975116
976540
976570
976603
976625
976648
976681
976704
976726
976749
976772
976798
976821
976850
976866
976925
977521
977562
977581
977600
977619
977733
978174
978497
978799
978876
979008
979185
979213
979231
979383
979409
979451
979480
979554
979736
979818
979875
979893
979966
980045
980074
980099
980282
980335
980365
980404
980421
980462
980490
980901
980942
981188
981284
981546
981598
981613
