0
7186
7827
7857
7884
8914
373306
373402
373432
373462
373492
373520
373680
373805
373823
374192
374736
374830
375153
375181
375209
375236
375292
375327
375361
375943
376011
376079
376147
376215
376283
376351
376419
376487
376555
376623
376691
376759
376828
376897
376966
377035
377087
377123
377153
377190
377518
377571
377598
396219
396266
398857
398979
399102
399318
399350
399376
400466
400539
400609
400631
400649
400701
400737
401547
401969
402004
402051
402098
402131
402188
402226
402255
402320
402467
402516
402570
402689
402717
402780
402807
402838
402914
402943
403020
403318
403665
403694
403718
403736
404156
404280
404383
404420
404445
404462
404512
404553
404593
404744
404771
404901
405392
405833
406626
406642
406671
406700
406715
406770
406802
406836
406872
406908
406944
406978
407013
407049
407085
407119
407154
407186
407220
407248
407303
407342
407813
408385
408480
408511
408540
408569
408626
408657
408729
410031
411006
411776
412131
412509
412523
412556
412590
413005
413138
413168
413255
417292
417320
417390
422233
422364
422409
422475
422539
427837
427892
427951
428009
428095
428123
428151
428181
428215
428381
428547
428610
428730
428793
428968
429055
429334
429381
435654
436162
436418
436482
436566
436734
436787
437393
437421
437628
437724
437805
437834
438036
438065
438422
438451
438525
439060
439197
439347
439901
440126
440911
441634
488043
488131
488213
488277
488330
488358
488856
489057
490601
492372
493036
493068
493166
493184
493212
493245
493304
493479
493844
493878
495763
495780
496015
496039
496062
496118
496232
496273
496341
496373
496605
496632
496893
496970
496998
497022
499532
499812
499832
499855
500565
500593
500849
500951
500985
501004
501019
501047
501108
501147
501368
501402
501495
501618
501650
501675
501745
501832
501866
501901
501936
501971
501998
502091
502305
502325
502398
502426
502456
502496
502527
502555
502703
503162
503189
503300
503418
503436
503522
503552
503617
503669
503757
504021
504062
504079
504128
504197
504214
504284
504469
504599
504765
504883
505327
505436
505455
505487
505519
506535
506554
506573
506592
507162
507441
508021
508058
508095
508123
508166
508198
508230
508356
508376
508453
508483
508517
508544
508573
508621
508654
509577
512424
512706
512739
512936
513000
513015
513040
513102
513239
513265
513366
513539
513583
513776
513804
569874
569990
570410
570537
570611
570720
570842
570906
571165
571194
571229
571596
571624
573173
573208
573263
573296
573331
573374
573407
576207
576326
576446
576566
576686
576806
576926
577046
577166
577286
577405
577524
577643
577762
577881
578374
578403
580095
580130
580149
580201
580219
580238
580257
580276
580294
580314
580334
580354
580374
580395
580415
580436
580464
580795
580814
587672
587853
587911
587980
588108
588148
588179
588197
588379
588438
588502
589623
589680
589748
589799
589884
589940
590006
590067
590122
590139
590166
590228
590279
590309
590379
590410
590436
590695
591167
591193
591319
591376
591405
591458
591472
591605
592451
592594
803576
803606
803636
803670
803724
803836
803886
803917
803957
803988
804021
804038
804319
804338
804963
805087
805187
805315
805402
805548
805612
805639
805667
805742
806380
806429
806623
807069
807101
807500
807532
807618
807847
807898
813007
813030
813241
813270
813304
813811
813868
813927
813982
814107
814244
814279
814311
814344
814378
814404
814440
814610
824562
825530
825560
825672
825706
825744
825803
826560
826627
826651
826686
826754
826810
826884
826912
827103
827144
827214
827284
827337
827408
827505
827771
827789
828044
828425
828552
828629
828759
828779
828925
828953
828980
829009
829098
829129
829159
829224
829242
829423
829452
829490
829517
829617
829645
829678
829717
829772
829791
829809
829864
829930
830255
830525
830763
831005
831152
831169
831298
831351
831556
843575
843591
843709
843865
843908
844045
844063
844093
844124
846175
846490
847234
847281
849328
849372
849629
849653
849682
850183
850214
850242
850299
850375
850717
851178
851372
851400
851479
852673
852738
852766
852832
852893
852922
852955
853063
853092
853491
853519
855153
855946
855980
856339
856420
857764
857818
857853
857907
858172
858204
858264
858718
858748
858770
858804
858817
862085
862154
863450
863751
863775
863822
864826
864845
864876
864894
864961
864980
864999
865397
865434
865471
865648
865859
866379
866409
866841
866865
867336
867358
869124
869966
870896
870928
870957
871288
871354
871384
872310
872329
872893
873063
873442
873552
873594
873808
873986
874032
874088
874132
874178
874211
874245
874267
874345
874365
874387
874409
874431
874453
874475
874525
874547
874581
874615
874637
874670
874692
874714
874736
874794
874826
874884
874906
874928
874950
874984
875006
875028
875072
875094
875128
875150
875196
875216
875238
875271
875293
875327
875372
875404
875461
875495
875528
875560
875581
875603
875636
875658
875692
875713
875747
875769
875803
875847
875880
875902
875935
875967
876001
876023
876057
876091
876134
876179
876201
876235
876267
876301
876335
876356
876378
876400
876422
876444
876478
876500
876522
876568
876601
876647
876681
876715
876737
876783
876843
876877
876899
876921
876943
876965
876999
877021
877043
877065
877098
877139
877205
877259
879485
879513
881518
882090
885217
885248
885277
885309
885340
885755
885782
885801
886223
886247
886457
886486
886774
1280677
1280708
1280739
1280841
1280880
1280919
1281104
1281138
1281259
1281403
1281808
1281839
1281877
1281911
1281927
1282000
1282124
1282294
1282348
1282446
1282986
1283008
1283033
1283062
1283541
1283637
1283670
1283706
1283744
1283783
1283821
1283854
1283883
1283948
1284300
1284362
1285181
1285213
1285240
1285274
1285306
1285357
1285439
1285475
1285509
1285564
1285615
1285647
1285680
1285850
1285970
1286029
1286068
1286107
1286146
1286175
1286268
1286434
1286509
1286571
1286644
1286671
1286705
1286890
1287055
1287128
1287159
1287181
1287215
1287251
1291618
1291675
1291692
1291807
1291895
1292016
1292045
1292892
1292939
1293421
1294041
1294104
1294165
1294228
1294287
1295200
1296878
1296897
1296916
1296987
1297067
1297101
1297492
1297520
1297575
1297651
1297670
1297696
1298150
1298182
1298233
1298268
1299458
1299479
1299536
1299565
1299599
1299628
1300297
1300885
1300955
1300983
1301104
1301558
1301901
1301932
1302309
1302651
1302792
1303289
1303509
1303619
1303648
1303893
1304109
1304184
1305150
1305505
1305975
1306015
1306066
1306183
1306566
1306855
1307102
1307130
1307157
1307188
1307398
1308363
1308415
1308447
1308479
1308514
1309057
1309089
1309126
1309438
1309479
1309695
1309723
1309774
1309901
1310043
1311202
1311290
1312601
1312912
1313107
1313188
1313234
1313286
1313323
1313347
1313371
1313396
1313420
1313454
1313488
1313522
1313603
1313633
1316388
1316409
1316439
1316507
1316700
1318198
1318229
1318260
1318286
1318335
1318464
1318481
1318554
1319336
1319361
1319388
1319433
1319502
1327837
1327864
1327893
1329338
1329460
1329479
1329541
1329636
1329780
1330349
1330969
1331319
1331371
1347212
1347260
1347991
1348190
1348419
1348437
1348482
1348515
1348974
1349003
1349388
1349414
1349442
1349472
1349509
1349641
1352918
1353179
1353230
1353373
1353425
1353484
1353535
1353816
1353849
1354154
1354871
1355001
1355043
1355350
1356357
1356382
1357092
1357121
1357333
1357472
1357487
1357944
1357959
1357992
1358025
1358057
1358095
1358136
1359386
1359406
1359680
1360323
1360800
1360836
1360909
1361020
1361051
1361110
1361354
1361435
1361463
1361732
1364147
1365172
1365201
1365316
1365354
1365633
1365737
1365827
1366033
1366051
1366398
1366448
1366475
1366510
1366528
1367136
1367470
1367488
1367528
1367562
1367590
1368100
1368169
1368771
1369362
1369391
1369419
1369578
1370055
1371085
1371425
1371451
1371493
1371624
1372343
1372447
1372473
1372848
1372876
1372928
1372970
1373028
1373086
1373161
1373324
1373374
1373449
1373535
1373843
1373859
1373913
1374365
1374842
1375046
1375761
1375842
1375860
1376044
1376061
1376077
1377454
1377514
1377600
1377786
1377924
1378221
1378478
1379501
1379693
1379951
1380052
1380416
1380433
1380464
1380948
1380976
1381099
1381117
1381955
1382882
1383399
1384394
1384446
1384552
1384582
1384612
1384642
1384672
1384701
1384730
1384761
1384885
1384905
1385438
1385653
1385971
1386002
1386092
1386135
1386154
1386221
1386316
1386335
1386353
1386384
1386403
1386423
1386446
1386481
1386502
1386571
1386617
1386639
1386674
1386694
1386716
1386735
1387039
1387300
1387631
1388138
1388169
1388446
1388538
1389011
1389055
1389088
1389287
1389305
1389600
1389814
1389902
1390259
1390394
1390459
1390515
1390533
1390564
1390795
1390827
1390989
1391213
1391396
1391570
1391599
1391962
1392015
1392313
1392335
1392816
1392895
1393081
1393365
1393433
1393461
1393514
1393533
1393551
1393788
1393886
1393941
1394515
1394536
1394586
1395078
1395113
1395139
1395227
1395490
1395774
1395922
1396658
1396689
1396718
1397210
1397748
1398408
1398566
1399242
1399686
1400048
1400403
1400497
1400534
1400562
1400626
1400656
1400685
1400984
1401801
1401878
1402501
2261475
2261502
2261542
2261771
2261787
2261822
2261858
2261887
2261918
2262250
2262268
2262771
2262922
2263044
2263079
2263108
2263135
2263151
2263298
2263643
2263662
2263690
2263718
2263806
2265047
2265074
2265102
2265964
2267156
2268583
2268714
2268740
2268963
2269033
2269059
2269143
2269171
2269198
2269249
2269278
2269864
2269890
2269970
2269986
2270016
2270098
2271204
2271234
2271383
2272262
2272293
2272362
2272377
2272832
2272862
2272891
2272954
2272983
2273092
2273175
2273199
2273228
2273292
2273308
2273332
2273391
2273427
2273462
2273497
2273568
2273595
2273646
2273695
2273744
2273919
2273948
2273981
2274008
2274038
2274068
2274191
2274235
2274254
2274272
2274291
2275113
2275142
2275217
2275266
2275292
2275549
2275598
2275630
2275667
2275695
2275781
2275829
2275859
2276113
2276395
2276452
2276601
2276637
2276672
2276706
2277832
2277912
2277964
2278006
2278059
2278993
2279014
2279455
2279537
2279567
2279615
2279749
2279838
2279975
2280062
2280100
2280135
2280458
2280510
2280560
2280623
2280744
2280822
2280869
2280989
2281030
2281062
2281095
2281370
2281431
2281465
2281493
2281522
2281554
2281605
2281692
2281790
2282453
2283222
2283240
2283270
