0
22317
22343
22542
22628
22870
23104
23126
23159
23191
23276
23385
23425
23451
23476
23742
23801
23834
23857
23945
23989
24115
24451
24496
24513
24536
24755
24880
24911
25049
25083
25119
25595
25681
26109
26268
26982
27038
27064
27192
27207
27258
27280
27386
27470
27562
27646
27689
27814
27836
29128
29140
29184
29218
29348
29360
29404
29435
29478
29646
29679
29691
29729
29773
29795
29807
29851
29885
29917
29979
30117
30207
30232
30270
30357
30402
30447
30491
30511
30536
30576
30874
30917
31001
31398
31428
31455
32318
32976
34023
34069
35562
35605
35649
36035
36053
36223
36252
36303
36672
36701
36719
37638
37687
37810
37825
37874
37950
38652
38689
38750
38780
38809
38842
38875
38904
38932
38950
39406
39434
39468
39521
39962
41431
41483
41589
41616
41768
41797
41826
41860
41875
42331
42400
42453
43410
44209
44223
44361
44385
44408
44458
44512
44529
44576
44623
44645
44662
46108
46128
46152
46861
46928
46955
47807
47831
47891
47943
47973
48002
48084
48114
48168
49471
49501
49529
49850
49916
50448
50476
50494
50525
50695
50719
50744
50987
51041
51066
51340
51408
51468
51545
51764
51798
51884
52088
99997
100026
100046
100076
100092
100109
100126
100184
102677
102740
102802
102900
102975
103006
103138
103197
103255
103312
103373
106105
106169
106223
106381
106420
106453
120299
122266
122318
122382
122405
122433
122456
122505
122551
122581
122631
122846
123066
126903
126980
126995
127021
127699
131118
131151
131165
131671
132027
132509
132531
132583
132611
132632
132654
132680
133205
133380
133411
133571
134076
134129
143017
143052
143160
144085
144206
144297
144912
145086
145118
145218
146312
146329
146346
146460
146662
146720
146764
146797
146863
146893
147158
148016
148123
148182
148322
148377
148529
148595
148649
148943
149128
149560
149706
149723
149750
150023
150351
150565
150596
150627
150645
150683
150742
150808
150863
151057
151085
151374
152248
153094
153136
153329
153361
153401
153520
153546
153564
153605
153628
153647
153664
153681
153701
154160
154188
154362
154795
155137
155165
155216
155254
155625
156386
156831
157524
157981
158491
159333
159508
159537
159814
160057
160612
160981
161803
163142
163208
163265
163380
163423
164221
164398
164961
165021
165876
166608
166732
166772
166886
166915
166944
166978
167014
167048
167074
167091
167109
167183
167224
167253
167306
167447
167683
167734
167784
168440
168820
168865
168904
168920
168938
169558
169593
169633
169659
170580
170614
170630
170660
171170
171359
171396
171494
171740
171935
172070
172615
173082
173286
173471
173577
173874
174420
174710
174740
174911
175200
175240
175640
176150
177134
177152
178353
178997
179037
179055
179726
180516
181466
183344
183970
184480
184789
184941
185253
185869
186045
186085
186115
186330
186360
186379
189312
189351
189425
189458
189490
189521
189546
189577
189616
189672
190177
190252
190989
191028
191545
192810
192842
192860
192915
192968
193140
193157
193494
193531
193566
193679
193723
193749
193802
193864
193942
193969
193995
194686
194715
195043
195100
195133
195272
195376
195519
200131
200158
200495
200697
200751
203186
203259
203378
204055
204223
205099
205120
205544
205964
206716
206826
206887
206917
207153
207267
207370
207444
207674
207747
207802
207875
208018
208055
217519
217547
217579
217631
217860
217965
218280
218341
218462
218550
218601
218712
219170
219197
220258
220297
224014
225584
225636
225741
225776
225814
225854
225894
225909
225939
225964
228629
229067
230085
230383
230599
230628
230654
230813
230860
230909
231481
231530
231597
237015
237048
239020
239290
239333
239399
240079
240110
240177
240229
240284
240750
240779
240803
241495
241784
241812
241835
241855
241881
242115
242174
242237
242382
242434
242510
242529
242889
242917
243020
243046
243071
243168
246806
246939
246975
251150
254298
255946
255982
255999
256028
256624
256642
256811
256868
256939
258197
258269
258383
261403
261425
261450
261515
261545
261572
261604
261634
261668
261720
262157
262184
262208
262396
262469
263098
263264
263342
263385
263620
263650
263881
264218
264604
264876
265527
265547
265590
265703
265962
265991
266050
266066
266626
266901
266968
269395
269446
269474
269503
269532
269564
269592
269828
270095
270168
317789
317859
317929
317993
318059
318125
318242
318340
318498
318794
318858
319408
319544
319559
323562
323612
323781
323910
323939
325332
325364
325400
325432
325458
325487
325517
325931
326551
327274
327305
327337
327364
327400
327420
327542
327572
327598
327633
329183
329299
329948
330057
330110
330325
330359
330387
330417
330502
330602
332450
332528
332589
332619
336068
337762
337939
337972
338001
338021
338049
338136
356233
356306
356368
356425
356631
356656
356683
356719
356753
356805
356840
356869
357211
357435
357463
357672
357911
360295
360344
365098
365441
365470
366723
367083
367264
367496
367546
367564
367900
368088
368128
368157
382593
384767
384784
388162
388327
388391
388409
388437
388452
388485
388504
388531
388560
388669
388704
388756
388808
388835
388866
388900
388927
388955
388983
389060
389088
389118
389376
389393
389409
389425
389475
389617
389636
389665
389693
389710
389741
422205
422246
422930
423171
423203
423371
424425
424455
424818
424905
425205
425263
425314
425559
426466
426620
426685
426702
426719
427249
428112
428131
428147
428204
428253
428358
429156
430531
430560
430589
430618
430647
430687
430705
430736
430767
431204
432039
432886
433044
433073
433105
433121
433138
433213
433242
433756
433810
433839
434225
434244
434272
434301
434331
434359
434398
434425
434493
434564
434594
434629
434664
435231
435776
435803
435838
435865
435893
435923
435953
436230
436318
436360
436413
436515
436991
437033
437158
437319
437336
437507
437535
437565
437778
438422
438810
438863
441509
441798
441978
442214
442762
443380
443434
443754
444483
444502
444817
444847
445222
446000
446018
446107
446136
448640
449298
449355
449404
449568
449801
449932
449983
450283
450330
451131
451214
451268
451572
451602
451680
451709
452261
452291
452715
452788
452928
452960
453015
453526
453560
453596
453693
453728
453747
453780
453814
453839
453872
454162
454190
454226
454623
454665
454700
456141
456221
456306
456689
460365
462342
462379
462411
462445
462515
462533
463339
463617
463962
463993
464286
466843
466951
467009
467046
467087
467128
467167
467208
467254
467312
467340
467438
467454
467470
467502
467532
467579
467607
469725
472019
472117
472155
472193
472252
472294
472323
472537
472601
472629
472750
472781
472798
472829
472869
472889
472917
472949
472978
473393
473420
473462
473489
473568
473603
473629
473815
474034
474097
474190
474223
474342
474377
474422
474462
474519
474557
474592
474624
474649
474730
474796
474830
476574
476604
476644
476816
481099
481129
481563
483768
483838
487450
487775
487934
487963
488184
488235
488323
489094
489146
489192
489324
489392
489451
489510
489700
489974
490016
490136
490458
490557
490576
490742
490793
491050
491115
491522
493496
497874
499008
499645
504534
512868
512934
513007
513062
513097
513133
513161
513196
513255
513293
513331
513392
513463
513497
515932
515963
516028
516151
516354
516373
516461
516489
516623
519704
519980
520127
520154
520244
520300
520544
521443
521472
521669
521760
521788
521894
522240
522392
523142
528023
528054
528111
536636
536709
536744
536778
536826
536881
536911
549361
549436
549547
550966
551031
551469
551535
552279
552342
552394
552859
552921
552948
553001
553679
553709
553728
553754
553779
553806
554248
554276
554445
554473
555068
555084
555170
555219
556539
556556
556575
556593
556623
557712
557833
558795
562411
562892
562986
563005
563116
563871
564034
564062
564082
564111
564142
564451
564586
564603
564697
565149
565179
565215
565232
566264
566374
566432
566566
566583
566786
566841
567030
567167
567217
567244
567271
567297
567326
567355
568060
568076
568450
568484
568512
569138
569167
569183
569242
569266
569513
569528
569569
569592
569609
569648
569692
569717
570442
570482
570511
570902
570936
570965
571094
571123
571153
571247
571290
571402
571421
571440
571459
571512
573003
573027
573051
573895
573936
574027
574048
574068
574095
574486
574692
575287
575310
580001
580450
580483
580521
580557
580594
580631
580668
580706
580744
580782
580820
580859
580904
580948
580984
581021
581053
581086
581125
581164
581196
581233
581272
581312
581352
581387
581427
581463
581502
581541
581582
581619
581659
581698
581736
581755
581796
581920
582016
582048
582089
582130
582173
582281
582311
582341
582359
582479
582588
582620
582638
582656
582734
582764
582867
582916
582946
582975
583005
583042
584007
584356
585053
585108
585697
586148
586227
586449
587063
587295
587592
588125
588267
588629
588706
589772
589888
590241
590416
590666
590795
590977
591099
591772
592077
592281
592799
592980
593000
593144
593489
593533
593748
594885
594926
595864
597129
597224
597275
597397
597572
597811
597839
597869
597900
597930
597964
597998
598033
598129
598249
598427
598613
598634
598757
598789
598820
598852
598884
598917
598946
598976
600016
600117
600155
600292
600465
600492
600520
600543
600785
601638
602356
602399
602431
604741
605556
606006
606344
607229
607260
608393
608409
608445
608554
608687
608742
609193
609271
609296
613272
613312
613327
613378
613410
613544
613632
613782
613814
613853
613895
613938
613981
614183
614555
614585
614818
615863
615929
615982
616013
616071
616500
2793547
2793572
2794373
4966622
4967077
4967103
4967494
4988668
4988901
4988917
4988946
4988972
4989115
4989163
4989230
4989307
5001584
5001781
5001831
5001907
5002031
5002212
5002239
5002484
5002972
5008810
5008867
5008932
5009390
5009851
5009879
5010187
5010213
5010267
5010292
5011275
5014761
5014819
5015139
5017749
5017805
5017836
5017855
5017883
5017936
5018852
5019311
5019703
5019781
5020747
5020797
5020891
5020916
5020985
5021034
5021088
5021350
5021386
5021423
5021457
5021492
5021526
5021607
5021634
5021949
5021968
5022000
5022031
5022049
5022085
5022113
5022141
5022157
5022185
5022235
5022309
5022363
5022417
5022562
5023309
5023362
5023816
5023830
5024472
5024512
5024537
5024586
5024616
5024642
5024662
5024729
5024745
5024782
5025520
5025549
5028045
5028663
5029279
5029307
5029599
5029630
5029664
5029733
5029846
5030049
5030095
5030112
5030398
5030419
5030459
5030473
5030660
5030689
5030731
5031764
5032493
5032524
5032809
5032990
5033475
5033524
5033621
5033715
5033734
5033795
5034368
5034689
5034917
5034949
5034991
5035011
5035065
5035285
5035302
5035385
5035907
5036166
5036529
5036559
5036591
5036619
5036651
5036673
5036693
5036713
5036805
5036897
5036989
5037080
5037171
5037262
5037353
5037445
5037534
5037628
5037644
5037673
5037905
5037927
5037959
5038003
5038047
5038069
5038198
5038356
5038973
5039464
5039800
5040252
5040808
5041139
5041177
5041194
5041247
5041287
5041303
5043533
5043982
5044030
5044078
5044181
5044284
5044343
5045275
5045357
5045393
5045408
5045445
5045472
5045525
5045552
5045581
5046030
5046166
5046780
5046805
5046845
5046873
5047129
5047205
5047248
5047265
5047306
5047335
5047352
5047381
5047396
5047420
5047437
5047725
5047755
5047794
5047835
5047853
5049946
5049965
5050058
5050075
5050104
5050247
5050278
5050310
5050341
5050372
5054589
5055312
5055768
5055862
5055920
5056007
5056036
5056134
5057318
5058749
5059190
5059224
5059253
5059283
5059354
5059448
5059654
5059677
5060234
5060590
5060607
5060922
5060975
5061250
5061275
5061290
5061336
5061367
5061394
5061475
5061505
5061697
5061735
5061755
5061784
5061857
5061894
5062014
5062034
5062182
5062537
5062913
5062948
5062964
5063084
5063143
5063160
5063425
5063442
5063472
5063501
5063575
5063593
5064161
5064192
5064910
5064995
5065046
5065065
5065083
5065110
5065165
5065216
5065250
5066758
5066850
5067146
5067165
5067361
5067381
5067433
5067978
5068179
5068263
5068293
5068313
5068528
5068554
5068631
5069277
5069591
5070059
5070077
5070098
5070119
5070146
5070174
5070296
5070617
5070852
5071311
5071353
5071927
5072330
5072357
5072429
5072695
5073483
5073596
5073643
5073877
5073930
5076306
5076467
5076535
5076567
5076599
5076631
5076663
5076694
5076726
5076758
5076789
5076821
5076853
5076885
5076917
5076948
5076980
5077012
5077044
5077076
5077107
5077139
5077171
5077203
5077235
5077267
5077297
5077329
5077361
5077393
5077424
5077456
5077487
5077519
5077551
5077583
5077615
5077647
5077679
5077711
5077743
5077774
5077806
5077838
5077870
5077902
5077934
5077966
5077997
5078029
5078061
5078092
5078124
5078154
5078186
5078217
5078249
5078281
5078313
5078345
5078376
5078408
5078440
5078472
5078504
5078536
5078568
5078600
5078632
5078664
5078696
5078728
5078760
5078792
5078822
5078854
5078886
5078918
5078950
5078982
5079014
5079045
5079077
5079108
5079140
5079172
5079204
5079236
5079268
5079300
5079332
5079364
5079396
5079428
5079459
5079491
5079523
5079555
5079587
5079619
5079648
5079679
5079711
5079743
5079775
5079807
5079838
5079870
5079900
5079931
5079963
5079995
5080027
5080059
5080091
5080123
5080155
5080187
5080219
5080251
5080283
5080315
5080347
5080379
5080411
5080443
5080475
5080507
5080539
5080571
5080603
5080635
5080667
5080699
5080731
5080762
5080794
5080825
5080857
5080889
5080921
5080953
5080985
5081017
5081048
5081080
5081112
5081144
5081175
5081207
5081239
5081270
5081302
5081334
5081366
5081398
5081430
5081462
5081493
5081525
5081557
5081589
5081621
5081653
5081685
5081717
5081749
5081781
5081813
5081845
5081877
5081909
5081941
5081973
5082005
5082037
5082069
5082101
5082133
5082164
5082196
5082228
5082260
5082292
5082323
5082355
5082387
5082419
5082451
5082483
5082515
5082546
5082578
5082610
5082641
5082673
5082705
5082737
5082769
5082800
5082832
5082863
5082895
5082926
5082958
5082989
5083021
5083053
5083085
5083117
5083148
5083180
5083211
5083243
5083275
5083307
5083339
5083371
5083403
5083435
5083467
5083499
5083531
5083563
5083595
5083626
5083657
5083689
5083719
5083751
5083783
5083815
5083847
5083879
5083911
5083943
5083975
5084007
5084039
5084071
5084103
5084135
5084166
5084196
5084228
5084259
5084290
5084322
5084354
5084386
5084418
5084450
5084482
5084514
5084545
5084577
5084609
5084641
5084673
5084705
5084737
5084769
5084801
5084832
5084864
5084896
5084928
5084960
5084992
5085024
5085055
5085086
5085118
5085150
5085181
5085213
5085244
5085276
5085308
5085340
5085371
5085402
5085434
5085466
5085498
5085530
5085562
5085594
5085626
5085658
5085690
5085722
5085754
5085786
5085818
5085850
5085882
5085914
5085946
5085978
5086010
5086042
5086073
5086105
5086137
5086169
5086201
5086232
5086264
5086296
5086328
5086360
5086392
5086424
5086456
5086488
5086520
5086552
5086584
5086616
5086648
5086679
5086711
5086743
5086775
5086806
5086838
5086870
5086902
5086934
5086966
5086998
5087030
5087062
5087094
5087126
5087158
5087190
5087222
5087254
5087286
5087318
5087350
5087382
5087414
5087446
5087478
5087510
5087542
5087574
5087606
5087638
5087670
5087702
5087734
5087766
5087798
5087830
5087862
5087894
5087926
5087958
5087990
5088021
5088053
5088085
5088117
5088149
5088181
5088213
5088245
5088277
5088309
5088341
5088373
5088405
5088437
5088469
5088501
5088533
5088565
5088597
5088629
5088661
5088693
5088725
5088757
5088789
5088821
5088853
5088884
5088916
5088948
5088980
5089012
5089044
5089076
5089108
5089140
5089172
5089204
5089236
5089268
5089300
5089332
5089364
5089396
5089428
5089460
5089492
5089524
5089556
5089588
5089620
5089652
5089684
5089716
5089748
5089780
5089812
5089844
5089876
5089908
5089940
5089972
5090004
5090036
5090068
5090100
5090132
5090164
5090196
5090228
5090260
5090292
5090324
5090356
5090388
5090420
5090452
5090484
5090516
5090547
5090579
5090611
5090643
5090675
5090707
5090739
5090771
5090803
5090835
5090867
5090899
5090931
5090963
5090995
5091027
5091059
5091091
5091123
5091155
5091187
5091219
5091251
5091283
5091315
5091347
5091379
5091411
5091443
5091475
5091507
5091539
5091571
5091603
5091635
5091667
5091699
5091731
5091763
5091795
5091827
5091859
5091891
5091923
5091955
5091987
5092019
5092051
5092083
5092115
5092147
5092179
5092211
5092243
5092275
5092307
5092339
5092371
5092403
5092435
5092467
5092499
5092531
5092562
5092594
5092626
5092657
5092687
5092719
5092749
5092780
5092811
5092842
5092871
5092899
5092930
5092961
5092991
5093022
5093053
5093083
5093114
5093145
5093175
5093206
5093237
5093268
5093299
5093330
5093361
5093392
5093423
5093453
5093484
5093515
5093546
5093577
5093607
5093638
5093669
5093700
5093730
5093760
5093790
5093821
5093852
5093882
5093913
5093944
5093974
5094005
5094036
5094067
5094103
5094127
5094176
5094202
5094227
5094276
5094304
5094355
5094802
5094828
5094881
5094991
5095032
5095062
5095081
5095098
5095123
5095179
5095423
5096753
5096779
5096831
5097537
5097566
5097584
5097809
5097871
5097897
5097968
5100176
5101201
5101626
5102040
5102342
5102373
5103540
5103746
5103803
5104791
5104926
5105011
5105148
5105191
5105647
5106903
5108875
5110172
5110304
5110424
5110466
5110523
5111244
5111275
5129013
5129030
5129048
5129076
5129116
5129135
5129154
5129172
5129190
5129208
5129226
5129249
5129271
5129290
5129309
5129328
5129347
5129369
5129392
5129914
5129934
5129954
5129974
5130016
5130035
5130054
5130097
5130117
5130153
5130195
5130216
5130236
5130255
5130274
5130315
5130339
5130358
5130409
5130640
5130658
5130684
5130702
5131198
5131268
5131285
5131305
5131322
5131398
5133255
5134638
5135698
5135833
5135870
5135910
5136017
5136073
5136180
5136206
5136264
5136290
5136342
5136405
5136448
5136544
5136560
5136647
5136660
5136687
5136849
5137167
5137239
5137279
5137316
5137356
5137393
5137472
5137503
5137547
5137588
5137626
5137665
5137697
5137734
5137770
5146004
5146034
5146068
5147336
5147418
5147451
5147490
5147534
5147641
5147688
5147719
5147757
5147852
5147888
5147915
5147954
5147990
5148029
5148126
5148156
5148197
5148234
5148279
5148319
5148341
5148458
5148489
5148530
5148567
5148608
5148635
5149030
5149150
5150474
5150496
5150657
5151097
5151423
5151557
5151737
5151777
5151814
5151849
5151886
5151924
5152049
5153098
5153119
5153140
5153411
5153710
5153856
5153875
5153991
5154415
5154607
5154768
5154929
5155068
5155102
5155130
5155158
5155443
5155502
5155559
5155593
5155624
5155693
5155747
5155821
5156574
5156622
5157100
