0
16551
16625
16702
16836
16862
16900
17051
17489
17527
17571
17615
17684
17727
17836
17893
17914
17947
17969
17990
18012
18054
18075
18106
18229
18250
18330
18386
18443
18486
18542
18605
18648
18792
18813
18834
19057
19135
19168
19201
19459
19536
19557
19590
19611
19856
19956
20095
20116
20147
20179
20199
20232
20251
20319
20372
20485
20550
20571
20623
20667
20742
20774
20795
21023
21080
21112
21201
21355
21376
21396
21570
21594
21632
21657
21694
21784
21817
21851
21909
21990
22162
22216
22512
22544
22565
22608
22652
22900
22933
22988
23021
23077
23132
23165
23219
23299
23353
23374
23732
23789
23844
23865
23886
23963
24124
24167
24200
24268
24300
24345
24389
24431
24509
24612
24691
24739
24771
24793
25210
25231
25252
25285
25464
25518
25539
25560
25581
25602
25657
25858
25891
25994
26138
26170
26190
26288
26332
26585
26653
26803
26824
26844
26978
27055
27158
27192
27213
27314
27357
27444
27621
27664
27835
27868
27901
27944
28154
28241
28350
28393
28450
28493
28522
28574
28852
29224
29494
29516
29605
29648
29669
29690
29734
29766
29900
29921
29953
30058
30089
30133
30165
30186
30230
30261
30330
30351
30384
30459
30658
30819
30921
31006
31061
31081
31159
31191
31295
31326
31382
31447
31476
31552
31628
31669
31685
31703
31732
31752
31805
31837
31881
31937
31982
32460
32477
32658
33379
33427
33471
33493
33526
33604
33853
34041
34133
34305
34468
34653
34805
34870
34936
35027
35060
35115
35136
35179
35241
35435
35473
35498
35527
35561
35586
35826
35925
36314
36592
36622
36733
36803
36834
36865
36890
36920
36951
36983
37012
37042
37071
37091
37146
37177
37232
37262
37282
37302
37482
37513
37545
37601
37633
37688
37729
37760
37803
37889
38049
38087
38153
38300
38330
38366
38517
38552
38595
38624
38653
38684
38713
38733
38836
38856
38876
38964
39020
39040
39072
39092
39136
39254
39483
39545
39580
39594
39668
39700
39871
39951
39980
40010
40037
40068
40145
40220
40248
40323
40365
41499
41539
41564
41599
41634
41670
41698
41728
41763
41782
41848
41891
41933
42032
42133
42200
42313
42380
42412
42455
42523
42562
42896
42921
42952
42978
43022
43051
43111
43141
43217
43294
43325
43358
43402
43423
43444
43488
43532
43563
43716
43760
43780
43913
43969
43999
44043
44074
44092
44148
44216
44260
44327
44425
44642
44720
44786
44806
44908
44959
44988
45029
45055
45099
45235
45267
45310
45361
45381
45459
45489
45533
45811
45843
45967
45999
46034
46072
46149
46169
46190
46223
46567
46668
46700
46755
46959
47012
47078
47109
47188
47264
47387
47462
47482
47687
47752
47794
47845
47873
47913
47943
47983
48023
53290
53398
53523
53540
53557
53739
53862
53891
53917
53931
53945
54003
54038
54078
54226
54251
54333
54359
54395
54477
54512
54594
54676
54731
54762
54799
54882
54964
55047
55189
55271
55320
55343
55425
55443
55489
55571
55653
55686
55768
55850
55932
55984
56002
56084
56121
56204
56276
56294
56377
56414
56432
56514
56540
56604
56908
56934
57381
57411
57426
57580
57998
58028
58056
58086
58126
58158
58241
58323
58354
58411
58493
58576
58594
58612
58695
58726
58791
58873
58955
59037
59119
59201
59283
59365
59447
59530
59611
59694
59777
59859
59942
60025
60107
60196
60278
60360
60443
60526
60608
60690
60772
60854
60937
60963
61045
61127
61152
61271
61353
61380
61406
61435
61517
61543
61626
61706
61788
61871
61954
62005
62088
62170
62298
62324
62347
62372
62391
62410
62429
63313
63346
63600
63632
63763
63979
64178
64198
64242
65242
65742
65772
66217
66474
66519
66552
67015
67973
69359
69739
69757
69787
70030
70048
70727
70745
70773
70856
70874
70902
71012
71046
71084
71105
71134
71217
71258
71286
71660
71681
72664
72978
73002
73042
73082
73104
73123
73142
73165
73195
73227
73299
73369
73470
73497
73685
73720
73779
73814
73851
73911
73949
74813
75012
75226
75348
75429
75928
75981
76009
76085
76114
76147
76191
76360
76384
76428
76510
76592
76618
76659
76682
76764
76846
76887
76910
76981
77014
77035
102224
102306
102389
102471
102553
102608
102690
102706
102788
102870
102952
103034
103116
103199
103280
103362
103444
103526
103608
103690
103772
103855
103874
103951
104000
104082
104164
104246
104263
104345
104427
104453
104535
104618
104700
104782
104865
104895
104925
104975
105021
105103
105186
105268
105350
105432
105514
105596
105678
105761
105806
105889
105907
105989
106072
106089
106172
106255
106306
106388
106470
106496
106979
107216
107273
107298
107394
107423
107480
107504
107521
107631
107658
107697
107727
107743
107791
107888
107923
107979
108016
108098
108133
108168
108203
108587
108922
108973
113968
114422
114497
114529
115029
115058
115115
115202
115697
115740
115793
115841
116042
134780
134805
135494
137981
138010
138068
138086
138357
141367
141387
144520
144555
144612
144627
144658
144694
144753
144791
144839
144894
144929
144964
146166
146247
146264
146369
146406
146443
146485
146519
146557
146597
146637
146673
147701
148976
149002
149459
149488
149520
149548
149672
149707
149731
149783
150592
150614
150644
150890
151312
151337
151390
152618
152687
152900
153037
154873
158452
159408
159488
160501
160632
160666
160696
161187
161290
161407
161581
161609
161659
162429
162550
162627
162844
162873
162901
162933
163512
163529
163604
164506
164750
164978
165033
165068
165102
165159
166429
166767
180511
180547
180583
181149
181210
181240
181304
182751
188605
188639
188668
188873
188908
190851
191329
192652
192722
192783
192810
192921
192971
193007
193357
193385
193627
194055
194084
194111
2366517
2367312
2367786
2368424
2368966
2368994
2369026
2369055
2369084
2369113
2369143
2369196
2369229
2369262
2369292
2370049
2370575
2370675
2370895
2370923
2371019
2371044
2371080
2371104
2371206
2371603
2371938
2371957
2372000
2372018
2372592
2372694
2372874
2373221
2373696
2373712
2373747
2373777
2374816
2375000
2375026
2375149
2375197
2375405
2375434
2375467
2376734
2377298
2378056
2378591
2380697
2380726
2380796
2380945
2381003
2381031
2381208
2381237
2381267
2381283
2381299
2381340
2381401
2381436
2381471
2381503
2381547
2381608
2381762
2382103
2382139
2382174
2382373
2382411
2382512
2382557
2382602
2382747
2382790
2382832
2382873
2382914
2382950
2382979
2383085
2383137
2383677
2383871
2383889
2384019
2384037
2384079
2384233
2384287
2384318
2384335
2384685
2384741
2384824
2385049
2385204
2385233
2389976
2391933
2391959
2392185
2392916
2392989
2393062
2393097
2393146
2393248
2393382
2393431
2393788
2393890
2393917
2395160
2395232
2395344
2395564
2395700
2395724
2395748
2395772
2396906
2396939
2396979
2397804
2398013
2398090
2398143
2398178
2398213
2398266
2398368
2398526
2398581
2398679
2398706
2398756
2398788
2399262
2399289
2399350
2399689
2399723
2399875
2399900
2400225
2400276
2400308
2400503
2400533
2400566
2400636
2400669
2400735
2400768
2400803
2400836
2400863
2400953
2401007
2401039
2401057
2401299
2401904
2402327
2402345
2403670
2403843
2408174
2408276
2408307
2408349
2408386
2408523
2408550
2410185
2410216
2410403
2410657
2410693
2410743
2410773
2410792
2411641
2413044
2413538
2413859
2415194
2416516
2416880
2419924
2419955
2420152
2420185
2420218
2420252
2420286
2420324
2420340
2420358
2420799
2420847
2420949
2421017
2421048
2421090
2421851
2421884
2421912
2422256
2422284
2422366
2422448
2422548
2422583
2422618
2422653
2422770
2422828
2422857
2422922
2422952
2422998
2423029
2423111
2423192
2423268
2423351
2423376
2423480
2423559
2427917
2428210
2428293
2428376
2428458
2428541
2428624
2428675
2428757
2428794
2428834
2428874
2428913
2428974
2429000
2429047
2429150
2429190
2429252
2429289
2429333
2429366
2429516
2429766
2429857
2429939
2429989
2430071
2430120
2430202
2430381
2430405
2430429
2430512
2430595
2430612
2430647
2430700
2430729
2430760
2432034
2432207
2432239
2432267
2432298
2432376
2433601
2433628
2433655
2433712
2434014
2434057
2434101
2434130
2434460
2434515
2844754
2844813
2844863
2844896
2845366
2845499
2846077
2846111
2846149
2846177
2846319
2846349
2846380
2846411
2846443
2846472
2847359
2847424
2847453
2847482
2847533
2847858
2847888
2847918
2847949
2847978
2848009
2848040
2848071
2848107
2848137
2848358
2848573
2848689
2848737
2848767
2848869
2849353
2849543
2850244
2850526
2850718
2851381
2851487
2851791
2851914
2852234
2852322
2852350
2852593
2852970
2853029
2853061
2853101
2853186
2853232
2853315
2853397
2853478
2853560
2853643
2853725
2853808
2854047
2854066
2854116
2854267
2854300
2854331
2854359
2854386
2854411
2854494
2854576
2854611
2854630
2854665
2854747
2854828
2854855
2854937
2855019
2855102
2855119
2855201
2855284
2855367
2855450
2855532
2855548
2855631
2855714
2855796
2855878
2855895
2855977
2856060
2856143
2856225
2856307
2856389
2856406
2856426
2856441
2856523
2856542
2856563
2856646
2856728
2856811
2856832
2856878
2856931
2857013
2857095
2857135
2857176
2857232
2857314
2857396
2857478
2858074
2858253
2858335
2858418
2858500
2858557
2858585
2858668
2858751
2858833
2858851
2858933
2859015
2859098
2859181
2859264
2859347
2859430
2859450
2859500
2859560
2859615
2859645
2859663
2859689
2860399
2860921
2862041
2862123
2862206
2862289
2862370
2862451
2862534
2862616
2862702
2862784
2862867
2862897
2862980
2863063
2863088
2863171
2863254
2863336
2863419
2863501
2863584
2863667
2863749
2863831
2863914
2863996
2864078
2864160
2864243
2864325
2864408
2864491
2864573
2864655
2864736
2864818
2864872
2864954
2865036
2865119
2865155
2865237
2865319
2865401
2865483
2865565
2865646
2865727
2865808
2865889
2865970
2866052
2866135
2866218
2866301
2866384
2866466
2866549
2866632
2866715
2866797
2866879
2866961
2867042
2867125
2867207
2867290
2867371
2867396
2867478
2867561
2867644
2867726
2867808
2867891
2867974
2868024
2868106
2868188
2868271
2868354
2868436
2868519
2868602
2868685
2868768
2868824
2868906
2868988
2869071
2869153
2869235
2869318
2869401
2869484
2869565
2869648
2869729
2869811
2869894
2869976
2870002
2870036
2870119
2870201
2870284
2870367
2870450
2870532
2870614
2870660
2870741
2870824
2870907
2870989
2871071
2871154
2871236
2871285
2871368
2871398
2871963
2872251
2872307
2872431
2872851
2873154
2873270
2873305
2873392
2873412
2873538
2873593
2873648
2873689
2873720
2873847
2873974
2874029
2874058
2874089
2874353
2874473
2874541
2874584
2874788
2874961
2875682
2875818
2876105
2876343
2876447
2876629
2876769
2876802
2876847
2876881
2876900
2876930
2876996
2877085
2877107
2877137
2877180
2877200
2877220
2877299
2877343
2877498
2877554
2877574
2877700
2877732
2877797
2877853
2877871
2877890
2877922
2877977
2877997
2878098
2878165
2878208
2878262
2878308
2878328
2878459
2878548
2878951
2879233
2879399
2879487
2879799
2879829
2879848
2879903
2879934
2880393
2880640
2880692
2880795
2881002
2881067
2881159
2881178
2881197
2881358
2881632
2881665
2881708
2882201
2882332
2882453
2882658
2882915
2883059
2883173
2883202
2883375
2883406
2883509
2883563
2883582
2883625
2883657
2883699
2883730
2883763
2883819
2883945
2883976
2884068
2884282
2884344
2884399
2884418
2884436
2884715
2884780
2885008
2885131
2885546
2885680
2885903
2885934
2886348
2886402
2886876
2887383
2887598
2887781
2887886
2887916
2888154
2888185
2888214
2888244
2888495
2888539
2888585
2888712
2888741
2888768
2888797
2888880
2888962
2889098
2889124
2889149
2889231
2889314
2889397
2889423
2889506
2889588
2889671
2889720
2889745
2889780
2889862
2889944
2890026
2890108
2890134
2890217
2890243
2890324
2890406
2890487
2890569
2890652
2890733
2890816
2890899
2890981
2891063
2891145
2891228
2891310
2891393
2891476
2891558
2891641
2891724
2891805
2891887
2891969
2892051
2892133
2892215
2892296
2892379
2892462
2892545
2892627
2892710
2892793
2892875
2892957
2893039
2893122
2893205
2893230
2893313
2893396
2893523
2893551
2893579
2893641
2893670
2893752
2893834
2893916
2893998
2894080
2894106
2894189
2894269
2894352
2894434
2894516
2894599
2894682
2894764
2894847
2894929
2894985
2895068
2895150
2895233
2895315
2895441
2895467
2895548
2895578
2895606
2895688
2895771
2895853
2895935
2896018
2896100
2896182
2896264
2896346
2896427
2896450
2896532
2896615
2896698
2896780
2896831
2896846
2896892
2896941
2897024
2897107
2897190
2897272
2914252
2914335
2914418
2914436
2914518
2914544
2914626
2914708
2914725
2914807
2914889
2914971
2915017
2915099
2915182
2915231
2915281
2915309
2915339
2915410
2915518
2915547
2915563
2915619
2915637
2915667
2915696
2915725
2915743
2916243
2916354
2916381
2916460
2916476
2916505
2916522
2916573
2916623
2917512
2917543
2917559
2919364
2920630
2920663
2921687
2921705
2922140
2923680
2923752
2924385
2925084
2925949
2926003
2926153
2926521
2927124
2928421
2929079
2929131
2929193
2929394
2930355
2930827
2930855
2930928
2930970
2931414
2931558
2931589
2931616
2931793
2931962
2931980
2931996
2932013
2932030
2932046
2932084
2932101
2932140
2932185
2932214
2932312
2932354
2932419
2932474
2932520
2932684
2933317
2934932
2935960
2936565
2936803
2936821
2936840
2937194
2937816
2937835
2937880
2937926
2938083
2938165
2938248
2938330
2938362
2938445
2938487
2938569
2938651
2938703
2938773
2938855
2938938
2939020
2939103
2939186
2939267
2939349
2939431
2939513
2939535
2939561
2939643
2939725
2939807
2939889
2939972
2940055
2940077
2940160
2940242
2940325
2940347
2940429
2940511
2940594
2940677
2940759
2940814
2940897
2940943
2941025
2941106
2941187
2941270
2941352
2941434
2941516
2941598
2941680
2941762
2941844
2941863
2941945
2941973
2942056
2942138
2942220
2942248
2942330
2942413
2942495
2942577
2942660
2942706
2942726
2942781
2942863
2942879
2942974
2943027
2943082
2943126
2943162
2943198
2943273
2943291
2943470
2943565
2943583
2943849
2943890
2944220
2944238
2944304
2944360
2944714
2944749
2944793
2944810
2944849
2944866
2944894
2944918
2944947
2945387
2945441
2945479
2945568
2945598
2945616
2945728
2945756
2945798
2945837
2945856
2945909
2946093
2946111
2946313
2946347
2946380
2946811
2947070
2947098
2947140
2947182
2947571
2947600
2947705
2947742
2947776
2947850
2947885
2947918
2947983
2948012
2948029
2948045
2948262
2948916
2949773
2949808
2949836
2949855
2949889
2950039
2950068
2950509
2950987
2951014
2951059
2951094
2951120
2951199
2951593
2951610
2952175
2952192
2952229
2952608
2952815
2952843
2953003
2953032
2953133
2953168
2953198
2953409
2953648
2953916
2954036
2954053
2954069
2954086
2954114
2954160
2954196
2954425
2954454
2954481
2954511
2954564
2954597
2954698
2955276
2955341
2955496
2955933
2956337
2956769
2957110
2957680
2957709
2959376
2959469
2960888
2962140
2962298
2963266
2963411
2964707
2964726
2964743
2965289
2965825
2965880
2965933
2965988
2966113
2966426
2968472
2968507
2968547
2969815
2969836
2969941
2970063
2970084
2970139
2970389
2970409
2970638
2971097
2971788
2971843
2971897
2971927
2972098
2973019
2973071
2973702
2973768
2973800
2973832
2973956
2974308
2974543
2974772
2975018
2975105
2975575
2975601
2975675
2975705
2975846
2976138
2976192
2976209
2976330
2976378
2976407
2976733
2976761
2976790
2976932
2976959
2977208
2977238
2977326
2977344
2977371
2977455
2977771
2977799
2980064
2980528
2980654
2981260
2981518
2981806
2982058
2983305
2983344
2983522
2983893
2984014
2984230
2984261
2984407
2984619
2984650
2984796
2987048
2987489
2987524
2987809
2987939
2988218
2988611
2989212
2990604
2990737
2992069
2992609
2993408
2993503
2993521
2993830
2993847
2994020
2995655
2998634
2999132
3000371
3000461
3000803
3001698
3002033
3002504
3002685
3002725
3002753
3002789
3002819
3002906
3002976
3003021
3003097
3003123
3003230
3003307
3003336
3003366
3003591
3004295
3004464
3004694
3004725
3005127
3005142
3005263
3005323
3005373
3005490
3005533
3005566
3005645
3005665
3005890
3005922
3005953
3006236
3006502
3007034
3007229
3007761
3008017
3008444
3008520
3008964
3009030
3009168
3009357
3009375
3009404
3009431
3009461
3009700
3009755
3009784
3011068
3012922
3013426
3014320
3014742
3015449
3015684
3025206
3025426
3025916
3025987
3026017
3026041
3026080
3026506
3026540
3026629
3026671
3026712
3026815
3027276
3027774
3027808
3027943
3028157
3029016
3029049
3030236
3030516
3030603
3030645
3030697
3030728
3031229
3031259
3031335
3031737
3032083
3032441
3033062
3033201
3033487
3033938
3034232
3034736
3035177
3035652
3035694
3035737
3035755
3056481
3056541
3056613
3056662
3056691
3056753
3056790
3060009
3060125
3060677
3060962
3060996
3061124
3061159
3061265
3061357
3061383
3061402
3061713
3061732
3061944
3061975
3062291
3062356
3062531
3062754
3063761
3063793
3063916
3063934
3063987
3064361
3064396
3064963
3065317
3065383
3065697
3065773
3065971
3066769
3066801
3066835
3066953
3067204
3067268
3067711
3067765
3068153
3068522
3068584
3068612
3068643
3068685
3068746
3068869
3069149
3069293
3069327
3069366
3069405
3069445
3069521
3069631
3069742
3069778
3069923
3069955
3070036
3070200
3070262
3070319
3070348
3070425
3070527
3070955
3071219
3071621
3072505
3072555
3072679
3072768
3072796
3072832
3072849
3072912
3072929
3072984
3073466
3073862
3073927
3073981
3074014
3074131
3074161
3074205
3074248
3074268
3074298
3074385
3074446
3074465
3074518
3074548
3074634
3074653
3074672
3074690
3074778
3074850
3075137
3075269
3075389
3075407
3075625
3075708
3076016
3076160
3076185
3101994
3102019
3116691
3116716
3135185
3135285
3135703
3135753
3135778
3135989
3136118
3136171
3136202
3136366
3136419
3136446
3137011
3137152
3137198
3137280
3137302
3137352
3137382
3137465
3137547
3137597
3137679
3137762
3137844
3137926
3137972
3137989
3138144
3138159
3138242
3138324
3138407
3138458
3138540
3138623
3138706
3138789
3138871
3138953
3139036
3139117
3139264
3139296
3139378
3139460
3139543
3139594
3139676
3139722
3139771
3139786
3139868
3139949
3140031
3140113
3140196
3140222
3140305
3140388
3140471
3140506
3140551
3140595
3140678
3140761
3140844
3140926
3141009
3141092
3141117
3141199
3141280
3141362
3141412
3141652
3141678
3141722
3141799
3141848
3141931
3142014
3142096
3142179
3142215
3142264
3142346
3142429
3142512
3142558
3142641
3142723
3142774
3142899
3142982
3143010
3143037
3143060
3143141
3143289
3143318
3143343
3143470
3143500
3143530
3143559
3143642
3143724
3143807
3143889
3143971
3144054
3144137
3144218
3144301
3144383
3144466
3144548
3144631
3144714
3144797
3144879
3144962
3145044
3145095
3145177
3145260
3145342
3145424
3145507
3145590
3145672
3145755
3145838
3145920
3146003
3146085
3146168
3146217
3146299
3146344
3146426
3146508
3146590
3146673
3146700
3146783
3146865
3146947
3147030
3147113
3147195
3147277
3147359
3147442
3147524
3147606
3147688
3147770
3147853
3147936
3148019
3148101
3148183
3148233
3148316
3148366
3148411
3148493
3148544
3148626
3148709
3148791
3148807
3148890
3148972
3149055
3149138
3149220
3149303
3149385
3149434
3149516
3149534
3149552
3149580
3149630
3149785
3149829
3149960
3150222
3150267
3150485
3150510
3150592
3150640
3150714
3150743
3150782
3150811
3150839
3150867
3150896
3150925
3151007
3151089
3151172
3151198
3151281
3151364
3151447
3151528
3151611
3151693
3151776
3151795
3151933
3151959
3151986
3152069
3152179
3152261
3152343
3152460
3152489
3152518
3152547
3152574
3152657
3152739
3152821
3152903
3152985
3153067
3153149
3153232
3153314
3153396
3153478
3153561
3153643
3153725
3153808
3153890
3153973
3154056
3154138
3154221
3154304
3154387
3154469
3154551
3154634
3154653
3154735
3154760
3154842
3154925
3155008
3155090
3155107
3155190
3155273
3155355
3155437
3155519
3155600
3155682
3155718
3155801
3155882
3155964
3156045
3156127
3156209
3156291
3156374
3156457
3156539
3156622
3156705
3156755
3156800
3156846
3156929
3157011
3157093
3157150
3157232
3157314
3157331
3157414
3157497
3157580
3157662
3157744
3157826
3157885
3157967
3158048
3158068
3158151
3159310
3159387
3159420
3159568
3159586
3159615
3159640
3159669
3159704
3159756
3159881
3159967
3160120
3160169
3160220
3160266
3160445
3160474
3160501
3160584
3160610
3160659
3160741
3160824
3160875
3160892
3160917
3160957
3161039
3161122
3161167
3161249
3161332
3161415
3161497
3161579
3161661
3161743
3161825
3161907
3161989
3162071
3162154
3162237
3162319
3162401
3162483
3162565
3162647
3162729
3162745
3162827
3162910
3162991
3163073
3163155
3163211
3163292
3163374
3163457
3163539
3163621
3163703
3163748
3163799
3163882
3164018
3164044
3164070
3164151
3164197
3164246
3164328
3164355
3164428
3164456
3164483
3164590
3164697
3164755
3165020
3165259
3165351
3167287
3167316
3168784
3168853
3169057
3169113
3169142
3169172
3173857
3173935
3173961
3174056
3174199
3174230
3174259
3174422
3174591
3175242
3175275
3175302
3175383
3175453
3175523
3175559
3175595
3178650
3178673
3178710
3181824
3181873
3182846
3182878
3182910
3182975
3183124
3183229
3183288
3183323
3183358
3183399
3183441
3183778
3183952
3184119
3185596
3186006
3186196
3186224
3187031
3187782
3187907
3188224
3188248
3189027
3189154
3189291
3189353
3189483
3189515
3189582
3189655
3189684
3189712
3189947
3190022
3190265
3190286
3190319
3191037
3191150
3191522
3191820
3192732
3192763
3192790
3192827
3193024
3193101
3193648
3194745
3196036
3196539
3196996
3197035
3198103
3198554
3198585
3199070
3199119
3199149
3199178
3199962
3200052
3200112
3200129
3200706
3200737
3200905
3200965
3201233
3201257
3201287
3201307
3202701
3203184
3203215
3203270
3203825
3203882
3204114
3204228
3204357
3204391
3204427
3204462
3204497
3204531
3204566
3204601
3204635
3204669
3204703
3204737
3204809
3204870
3204973
3212661
3212835
3212859
3212882
3214492
3214516
3214576
3214641
3214658
3214995
3215319
3215386
3215454
3215770
3216249
3216462
3216491
3217010
3217029
3217046
3217075
3217095
3217112
3217208
3217239
3217326
3217432
3217911
3217942
3218088
3218799
3218847
3219146
3219170
3219394
3223724
3223916
3224338
3224438
3224464
3225129
3225529
3225656
3226549
3226569
3226589
3226609
3226707
3253509
3617137
3617181
3617760
3617786
3618240
3618493
3618674
3618705
3618733
3618764
3618825
3618850
3618887
3618924
3618951
3619779
3619808
3619837
3620587
3621341
3622112
3622185
3622369
3622401
3622460
3622497
3622533
3622569
3622668
3622743
3622846
3622978
3623382
3623857
3624045
3624088
3624203
3624385
3624597
3624739
3625784
3626008
3627931
3627990
3628018
3629077
3630339
3630359
3630461
3630495
3630549
3631878
3631909
3632050
3632090
3632124
3632159
3632751
3632790
3632808
3632845
3633085
3635375
3635429
3635456
3635803
3635957
3635978
3636000
3636054
3636133
3636167
3636208
3636242
3636518
3636744
3636809
3636841
3636873
3637030
3637144
3637281
3637349
3637847
3830242
3958682
3958975
3959358
3959413
3959516
3959811
3959869
3959924
3960315
3960700
3961129
3961806
3962361
3962698
3963135
4228373
4228476
4228817
4229012
4229115
4229360
4230083
4230138
4230289
4230714
4231401
4231782
4231933
4232270
4232701
4232998
4233055
4339064
4339119
4339174
4339507
4339896
4340657
4340712
4340817
4340962
4341561
4341888
4341989
4342372
4342613
4342944
4343827
4416634
4416739
4416796
4416851
4416956
4417585
4417782
4418267
4418608
4418805
4419054
4419347
4419642
4419699
4510600
4510651
4511040
4511093
4511426
4511663
4512000
4512341
4512670
4512913
4513448
4629297
4629352
4629695
4629752
4630043
4630188
4630563
4630986
4631545
4631698
4632041
4632376
4632571
4744937
4744992
4745229
4745618
4746135
4746240
4746439
4746584
4746733
4747062
4747257
4747544
4931205
4931260
4931315
4931502
4931603
4931928
4931983
4932360
4932601
4933204
4933397
4933638
4933929
4934166
4934222
4994084
4994663
4994718
4995013
4995350
4995777
4996026
4996083
5127607
5127662
5127719
5128262
5128318
5128373
5128430
5128485
5129694
5129752
5129806
5129910
5130062
5130442
5130688
5130920
5131162
5131540
5131786
5132246
5132816
5132873
5134597
5134651
5134753
5134809
5135283
5135379
5135769
5136055
5136537
5136925
5137313
5137463
5138075
5138177
5138233
5404750
5422714
5422767
5423154
5423485
5423682
5423782
5423837
5424494
5424739
5425414
5433484
5433539
5433740
5433845
5434046
5434431
5451840
5451893
5451950
5452007
5452062
5452685
5453074
5453731
5453787
5453841
5454133
5454283
5454561
5454705
5454801
5454993
5455091
5455469
5455803
5456225
5456561
5456615
5456907
5457249
5457353
5457693
5457985
5458321
5458563
5458811
5459193
5459627
5459955
5460059
5460255
5460597
5460893
5596217
5596271
5596421
5596621
5596677
5596971
5597575
5598009
5598061
5598355
5598637
5598977
5599031
5599229
5599563
5600279
5600657
5600943
5601091
5601243
5601725
5602297
5602587
5602689
5602743
5787652
5787706
5787760
5787816
5787870
5787968
5788304
5788594
5788648
5788748
5788900
5789338
5789816
5790248
5790396
5790496
5790644
5790748
5790802
5791136
5791708
5792000
5792054
5792346
5792496
5991356
5991410
5991462
5991842
5992134
5992572
5992626
5992872
5993106
5993400
5993642
5993744
5993980
5994272
5994556
5995030
5995226
5995516
5995618
5995852
5995909
6140080
6140134
6140236
6140666
6141552
6141936
6141988
6142276
6142658
6142761
6142863
6142967
6143113
6143539
6143639
6143883
6144031
6144603
6144889
6145231
6145703
6145807
6145863
6398308
6398360
6398414
6398610
6398810
6398906
6399196
6399580
6399866
6400108
6400162
6400492
6401092
6401426
6402188
6402568
6402668
6402768
6402870
6403108
6561330
6561712
6561862
6562152
6562348
6562680
6562734
6563116
6563362
6563702
6564228
6564608
6564900
6565428
6714080
6714230
6714286
6714568
6714812
6715010
6715162
6715404
6715458
6715560
6715708
6716322
6716944
6717330
6717478
6717868
6718322
6718502
6718816
6718835
6718890
6720187
6720349
6723080
6723136
6723491
6723520
6723537
6723675
6723694
6723727
6724121
6724140
6724230
6724260
6724273
6724306
6724386
6727071
6727349
6727401
6727433
6727465
6727503
6727538
6727574
6728641
6729323
6729383
6729444
6830294
6830354
6830410
6831314
6831512
6832892
6833044
6833244
6833728
6834258
6834694
6834798
6834900
6835048
6835244
6835492
6835692
6835844
6836236
6836263
6836580
6837022
6837224
6837428
6837688
6837893
6838095
6838137
6838167
6838199
6838228
6838477
6838713
6838743
6839113
6839475
6839591
6839634
6839660
6839730
6839861
6844598
6844627
6844672
6844690
6844734
6845166
6845264
6845362
6845461
6845560
6845659
6845758
6845857
6845956
6846055
6846154
6846253
6846352
6846450
6846549
6846648
6846747
6846846
6846945
6847044
6847143
6847242
6847341
6847440
6847538
6847637
6847736
6847834
6847932
6848030
6848128
6848226
6848324
6848860
6848941
6848974
6848997
6849020
6849056
6849091
6849140
6849951
6849978
6849992
6850022
6850624
6851246
6851571
6851757
6852357
6852519
6852550
6852576
6852605
6852638
6852667
6852698
6852786
6852829
6852887
6852916
6852944
6852973
6853059
6853075
6853132
6853164
6853215
6853317
6853350
6853379
6853435
6853464
6853696
6853723
6853809
6853947
6853997
6854740
6855305
6855343
6855735
6855812
6856844
6856921
6857163
6857306
6857359
6857496
6857571
6857762
6857826
6858169
6858202
6858836
6858985
6859511
6859592
6859792
6859846
6860124
6860200
6860763
6860835
6860887
6860917
6861014
6861051
6861087
6861126
6861223
6861257
6861447
6861483
6861544
6861568
6861626
6861673
6861688
6862840
6862977
6863107
6863154
6863188
6863216
6863248
6863306
6863449
6863479
6863600
6863630
6864693
6865158
6865208
6865236
6865518
6865534
6865670
6866305
6866603
6866631
6866659
6867185
6867212
6867239
6867378
6867441
6868330
6868479
6868495
6868555
6868581
6868607
6869871
6871948
6871980
6872394
6880746
6882277
6883987
6885333
6885422
6885482
6885523
6885564
6885666
6885702
6885741
6885786
6885831
6885870
6885905
6885937
6885969
6886001
6886034
6886067
6886100
6886132
6886164
6886196
6886227
6886259
6886291
6886323
6886354
6886386
6886420
6886536
6886575
6886604
6886633
6886660
6886689
6886829
6886953
6886985
6887018
6887052
6887085
6887119
6887152
6887185
6887218
6887254
6887726
6888503
6889019
6889156
6889663
6889870
6889924
6890188
6890230
6890325
6890367
6890386
6890573
6890878
6891086
6891103
6891358
6891413
6891432
6891565
6891756
6892892
6893093
6893125
6893200
6893620
6893866
6894110
6894154
6894197
6894241
6894260
6894575
6894595
6894614
6894633
6894664
6894693
6894723
6894755
6894787
6894807
6894838
6894929
6895067
6895086
6895115
6895325
6895432
6895471
6895588
6895614
6895724
6896034
6896261
6896281
6896362
6896481
6896556
6896820
6897379
6897732
6898318
6898336
6898480
6898506
6899079
6900032
6900066
6900235
6900526
6900544
6900641
6900687
6900737
6900769
6900801
6900852
6902175
6902801
6902999
6903939
6903969
6904007
6904108
6904605
6904726
6904940
6904981
6905620
6906711
6906737
6906772
6906808
6906866
6911443
6911533
6911619
6911963
6912049
6912117
6917832
6917953
6918029
6918114
6918210
6918269
6918355
6918423
6918557
6918643
6918676
6918710
6918746
6918831
6919002
6919028
6921100
6921145
6924588
6924607
6924636
6924663
6925146
6925177
6925206
6925242
6925282
6925321
6925846
6925900
6926085
6926119
6926154
6926184
6926293
6926606
6926821
6926849
6926954
6927006
6927031
6927316
6927935
6927964
6928305
6928880
6929269
6930850
6931259
6931287
6931609
6931639
6931958
6932119
6932176
6932436
6932467
6932494
6932521
6934956
6934977
6935057
6935091
6935127
6935163
6935227
6935549
6935614
6935679
6935744
6935878
6935922
6936144
6936172
6936806
6937432
6937492
6937510
6937526
6937853
6937949
6938012
6938108
6938134
6945197
6945213
6945229
6945245
6945268
6945339
6945389
6946221
6946767
6946819
6946847
6946875
6946905
6946958
6947011
6947040
6947262
6947432
6947651
6947716
6948167
6948185
6948216
6948251
6948457
6948490
6948549
6948578
6948611
6949902
6949933
6949962
6949991
6950023
6950055
6950072
6950608
6950683
6950888
6950917
6950934
6950949
6951023
6951248
6951410
6951532
6951564
6951998
6953041
6953235
6953263
6953297
6953336
6953375
6953414
6953759
6954165
6954247
6954276
6954340
6954370
6954587
6954727
6954856
6954883
6954907
6954922
6955828
6955981
6956126
6956166
6956200
6956239
6957387
6958049
6958341
6959129
6959354
6960062
6960486
6960637
6960667
6960721
6960751
6961040
6961406
6961447
6961486
6961541
6961594
6961807
6961825
6961855
6961896
6962173
6962191
6962209
6962239
6962270
6962453
6962486
6962530
6962551
6962569
6962863
6962961
6962989
6966256
6966282
6966308
6966420
6966446
6966472
6966486
6966500
6966514
6966575
6966606
6967861
6968030
6968096
6968200
6968255
6968341
6968437
6968491
6968527
6968563
6968596
6968629
6968662
6968695
6968725
6968781
6968818
6968855
6968892
6968921
6969067
6969800
6969816
6970202
6970375
6970402
6970462
6970491
6970531
6970565
6970605
6970644
6970682
6970807
6970846
6970948
6971011
6971168
6971334
6971831
6971860
6971914
6971990
6972075
6972240
6972254
6972286
6972343
6979743
6979776
6979809
6979869
6979944
6980897
6980947
6980999
6981028
6981056
6981089
6981122
6981198
6981232
6981283
6981357
6981673
6981797
6981827
6981863
6982451
6982515
6982580
6983561
6983659
6983846
6984107
6984158
6987316
6987382
6987507
6987671
6987703
6987740
6987777
6987941
6988006
6988081
6988113
6988145
6988188
6988388
6988432
6988911
6988967
6988998
6989257
6989277
6989732
6990063
6990129
6990149
6990169
6990225
6990373
6990415
6990469
6991275
6991446
6991629
6991660
6991691
6992012
6992055
6992133
6992730
6993058
6993113
6993132
6993426
6993456
6993475
6993520
6994339
6994357
6994483
6994585
6994604
6994627
6994661
6994693
6994718
6994882
6994914
6994967
6995227
6995382
6995460
6995495
6995530
6995565
6995896
6995941
7003353
7003380
7003557
7003896
7004134
7004712
7007207
7007239
7007274
7014528
7015221
7015253
7015308
7015635
7015662
7016101
7016128
7016547
7016636
7023408
7023558
7023650
7024073
7024114
7024327
7024458
7025020
7030181
7030198
7030290
7033085
7033158
7033642
7033706
7034625
7034693
7034797
7034825
7035288
7035809
7036047
7036314
7036891
7037411
7037519
7038039
7038276
7038410
7038581
7038621
7046276
7046327
7046954
7047014
7047308
7047335
7047383
7047417
7047919
7048478
7050048
7050108
7050328
7057203
7057238
7057274
7057303
7057406
7057642
7058804
7058837
7058872
7059180
7059212
7059228
7064709
7065761
7065858
7065924
7066087
7066146
7066186
7066533
7068791
7068832
7070234
7070788
7070824
7070861
7070897
7072403
7077792
7077828
7077864
7077901
7077940
7077976
7078015
7078052
7078090
7078128
7078167
7078206
7078245
7078280
7078318
7078335
7078367
7078761
7080016
7080218
7080553
7080742
7081689
7084250
7084410
7084440
7084459
7084489
7160352
7160448
7160476
7160507
7160537
7160722
7161055
7161085
7161098
7161164
7161223
7161620
7163105
7163371
7163950
7164391
7164418
7164819
7164847
7165462
7165644
7165781
7165912
7165950
7167549
7168306
7168428
7168463
7168489
7175914
7194806
7194910
7194933
7194988
7195453
7195610
7196614
7196646
7199236
7199295
7199424
7199699
7199801
7199863
7199924
7200024
7200241
7200324
7200642
7201437
7201512
7201541
7202006
7202729
7202756
7205511
7205543
7205969
7207329
7207433
7207466
7207503
7207538
7207573
7207610
7207644
7207677
7207711
7207744
7207777
7207810
7207844
7207877
7207910
7207944
7207977
7208013
7208049
7208130
7208362
7208433
7208531
7208569
7209143
7209165
7210736
7212449
7212995
7213834
7213913
7214032
7214068
7214779
7214988
7215308
7215369
7215482
7216124
7218094
7220334
7221667
7221683
7221747
7222467
7223351
7223394
7231529
7231566
7231792
7233788
7233849
7233868
7234301
7245735
7245755
7246931
7249458
7249517
7249820
7253146
7253209
7253511
7253579
7254215
7256334
7256415
7264211
7264241
7264271
7264878
7264962
7265092
7265272
7265302
7265320
7265780
7266573
7266789
7266808
7269755
7269916
7270045
7273545
7273710
7273777
7273983
7274065
7274118
7276901
7277321
7278899
7278980
7490779
7490846
7491057
7491086
7491807
7492105
7492425
7493920
7494111
7494185
7494846
7495128
7496559
7497871
7497902
7497932
7497971
7498001
7498048
7498092
7498136
7498249
7498279
7498313
7498352
7498392
7498429
7499293
7500362
7501166
7501506
7502103
7502353
7502860
7502929
7503407
7504921
7505243
7505313
7505457
7505692
7505775
7505943
7506133
7506452
7507367
7507396
7507709
7507737
7507766
7507817
7510476
7510546
7510620
7510713
7510771
7512750
7512969
7512995
7513231
7513272
7513294
7513507
7514104
7514162
7514254
7514974
7515211
7515911
7516064
7516193
7516245
7516540
7517275
7517338
7517647
7517999
7518120
7518220
7518522
7520315
7521338
7521459
7522777
7522802
7522863
7522921
7522948
7990788
7991577
7992366
8023737
8023777
8023824
8023857
8023889
8023918
8023951
8024164
8024223
8024281
8024312
8024331
8024356
8025545
8025581
8025612
8025645
8025784
8025857
8026141
8026172
8026280
8026739
8026756
8026870
8026888
8027934
8027963
8028023
8028106
8034794
8035044
8035417
8035879
8036591
8036626
8036644
8046362
8046488
8046539
8046587
8046618
8046949
8046976
8047847
8047905
8047990
8048967
8050045
8050168
8050709
8050851
8050881
8051292
8051499
8051553
8052781
8053808
8053828
8054087
8054409
8054829
8054860
8054889
8055508
8055758
8056266
8056851
8056883
8056915
8056968
8057569
8057590
8057619
8058218
8058275
8058479
8058510
8058888
8059795
8060576
8061492
8061512
8061541
8062151
8062270
8062415
8062463
8062653
8062670
8062687
8062924
8062951
8063116
8063146
8063563
8063736
8064108
8064143
8064171
8064326
8064344
8064452
8064505
8064538
8066355
8066487
8066717
8066735
8067077
8067250
8067454
8067640
8067976
8068006
8068022
8069580
8069609
8069642
8069675
8069714
8069750
8069808
8069870
8070035
8071491
8071679
8071713
8071739
8071759
8072096
8072399
8072442
8073513
8074279
8074297
8075095
8075301
8075391
8075420
8075532
8075561
8076094
8076136
8076241
8076271
8076312
8076957
8076975
8077083
8077109
8077222
8077279
8077317
8077354
8077463
8077489
8077518
8077569
8077683
8077879
8086340
8086371
8086396
8086422
8086480
8086516
8086574
8086588
8086698
8086717
8086783
8086849
8087173
8087200
8087306
8087323
8087518
8087547
8087769
8087804
8087839
8087934
8087955
8087982
8088487
8088516
8088687
8090609
8090641
8090714
8090772
8090828
8090970
8091007
8091113
8091403
8091703
8091731
8092379
8092753
8093518
8093560
8094130
8094734
8094750
8094783
8096760
8096848
8096903
8097647
8098070
8098140
8098471
8098545
8098569
8099020
8099108
8099534
8099562
8099590
8099618
8099653
8099761
8099860
8099893
8099928
8099964
8099999
8100064
8100091
8100243
8100309
8100469
8100497
8100525
8100562
8100591
8100633
8100785
8101012
8101147
8101288
8101328
8101347
8101399
8101425
8101587
8101617
8101649
8101681
8101702
8101826
8102246
8102312
8102331
8102362
8102424
8103561
8105242
8106984
8107143
8107171
8107247
8107674
8107727
8107756
8108134
8108176
8108294
8108695
8108768
8108800
8109404
8109484
8110464
8110487
8110521
8114098
8114118
8114307
8114485
8115273
8115351
8115375
8115416
8115446
8115512
8116084
8116540
8116661
8116697
8116839
8117110
8117282
8117423
8117725
8117743
8117764
8117875
8117893
8117923
8117940
8117967
8118053
8118857
8121022
8121180
8121212
8121247
8121293
8121538
8122404
8124045
8124061
8124095
8124303
8124498
8124641
8124657
8124690
8124724
8124749
8124774
8124799
8124824
8124849
8124873
8125418
8125443
8125514
8125627
8126213
8126382
8126406
8126441
8126476
8126772
8126790
8126862
8126894
8126918
8126941
8127991
8128019
8128880
8128921
8129564
8129625
8129652
8131153
8131190
8131242
8131344
8131474
8131502
8131640
8131739
8131755
8131821
8131856
8132203
8132254
8132270
8132284
8132314
8132512
8132586
8132611
8132639
8132669
8132687
8134289
8134936
8136395
8136662
8137444
8138311
8138676
8138822
8138842
8139905
8139981
8139999
8140032
8140065
8140085
8140431
8140542
8140566
8140592
8140657
8140723
8140890
8140922
8141054
8141232
8141552
8141583
8141609
8141662
8141691
8141790
8141855
8142148
8142184
8143141
8143174
8143429
8143741
8143766
8144644
8144670
8144720
8144769
8144819
8144868
8146167
8146597
8149201
8149244
8149273
8149303
8149353
8149467
8149481
8149886
8149918
8149946
8149975
8149991
8150020
8150180
8150209
8150292
8150375
8150397
8150426
8150476
8150515
8150534
8150615
8150698
8150764
8150790
8150873
8150918
8150937
8150978
8151013
8151096
8151500
8151519
8151538
8151557
8151712
8151749
8151795
8151845
8151927
8151961
8152043
8152125
8152208
8152603
8152653
8153548
8154593
8155449
8155639
8155722
8155748
8155793
8155875
8155957
8156039
8156121
8156204
8156287
8156304
8156387
8156413
8156496
8156513
8156596
8156613
8157950
8158032
8158564
8158579
8158661
8158743
8158825
8158907
8158990
8159072
8159155
8159237
8159319
8159401
8159483
8159533
8159559
8159641
8159724
8159805
8159886
8159967
8160049
8160131
8160213
8160295
8160378
8160409
8160440
8160465
8160491
8160572
8160654
8162250
8162281
8162773
8163602
8163970
8164191
8164210
8164728
8165122
8165231
8165260
8165290
8165322
8165354
8165398
8165424
8165507
8165535
8165617
8165643
8165668
8165750
8165832
8165915
8165931
8166013
8166096
8166179
8166262
8166298
8166348
8166429
8166511
8166575
8166658
8166740
8166822
8166905
8166987
8167070
8167152
8167233
8167903
8168170
8168252
8168335
8168417
8168499
8168582
8168641
8168723
8168805
8168854
8168936
8169018
8169100
8169182
8169264
8169297
8169343
8169425
8169508
8169591
8169674
8169755
8169837
8169920
8169955
8169976
8170112
8170136
8170166
8170183
8170266
8170283
8170354
8170436
8170457
8170474
8170525
8170607
8170689
8170706
8171864
8171987
8172048
8172079
8172110
8172331
8172382
8172416
8172465
8172751
8174020
8174719
8174775
8178867
8178903
8179156
8179187
8179675
8181689
8182065
8182129
8182634
8182670
8182707
8182746
8182809
8183477
8183505
8184198
8184228
8184261
8191562
8192328
8192550
8193009
8193470
8193531
8193872
8193889
8194051
8194104
8194268
8194310
8194348
8194388
8194413
8194457
8194502
8194522
8194567
8194617
8194699
8194751
8194833
8194881
8194963
8195045
8195127
8195157
8195187
8195209
8195259
8195342
8195425
8195497
8195579
8196666
8196712
8196781
8196863
8196945
8197027
8197087
8197169
8197252
8197334
8197360
8197605
8198570
8198616
8198642
8198705
8198840
8198945
8198982
8199021
8199065
8199109
8199147
8199187
8199227
8199283
8199358
8199835
8199864
8199901
8199935
8200132
8200491
8200822
8200894
8201350
8201368
8202956
8204149
8205492
8206083
8206985
8207826
8208715
8209073
8209125
8209157
8209188
8209224
8209282
8209309
8209364
8209885
8209922
8209989
8210020
8210066
8210081
8210497
8210528
8210562
8210588
8210614
8210641
8210686
8210740
8210777
8210803
8210829
8216167
8216290
8216347
8217166
8217622
8217779
8218378
8219386
8220218
8220248
8220344
8220585
8220614
8220702
8220817
8221520
8221775
8221803
8221837
8222522
8222550
8222567
8222622
8222732
8222751
8222766
8222853
8222880
8223239
8223791
8223948
8224121
8224166
8224196
8224480
8224534
8224564
8224599
8224631
8224663
8224678
8224740
8224786
8224839
8225454
8225483
8225551
8225571
8225645
8225671
8225830
8225859
8225888
8226080
8226131
8226167
8226203
8226239
8226275
8226304
8226335
8226426
8226467
8226724
8226755
8227418
8227731
8227760
8227789
8227819
8227869
8227897
8227932
8228522
8228554
8228590
8228608
8228638
8228668
8228781
8228903
8228958
8229002
8229070
8229102
8229348
8229376
8229784
8230079
8230208
8230235
8230289
8230348
8230711
8230762
8230851
8230974
8231050
8231404
8231629
8231797
8231873
8231926
8231969
8232268
8233243
8233298
8233908
8233925
8235184
8235217
8235274
8235323
8235418
8235483
8235518
8235601
8235916
8235943
8236042
8236990
8237345
8237374
8239250
8239377
8239432
8239794
8239826
8239861
8239893
8239927
8239960
8239996
8240058
8240093
8240113
8240139
8240716
8241118
8241430
8241804
8241869
8241933
8242000
8242386
8242420
8242452
8242494
8242522
8242577
8242608
8243530
8243652
8243680
8243712
8244033
8244341
8244409
8244451
8244483
8244503
8244522
8244541
8244560
8244580
8244599
8244618
8244660
8244691
8245045
8245814
8245833
8246183
8246202
8246221
8246251
8246295
8246374
8246393
8247002
8247046
8247078
8247134
8247166
8247185
8247230
8247251
8247270
8247303
8247358
8247377
8247396
8247427
8247849
8248515
8248537
8248559
8248590
8248638
8248666
8248694
8249174
8249209
8249242
8249282
8249322
8249360
8249396
8249432
8249468
8249504
8249523
8249558
8249586
8249619
8249684
8249719
8249754
8249811
8249868
8249910
8249952
8249995
8250273
8250313
8250392
8250424
8250457
8250487
8250617
8250644
8250690
8250736
8250785
8250818
8250870
8250905
8250941
8251001
8251057
8251110
8251510
8252081
8252339
8252380
8252409
8252439
8252478
8252520
8252562
8252760
8252800
8252838
8252874
8252911
8252951
8252990
8253028
8253067
8253107
8253140
8253176
8253212
8253386
8253421
8253449
8253512
8253568
8253689
8253778
8253837
8253942
8254376
8254410
8254466
8254479
