0
145752
145931
146035
146226
146256
146766
146826
146894
147338
147349
147375
147413
147483
147511
147566
147594
147619
147922
147953
148056
148149
148201
148218
148708
148789
148882
148911
148944
149013
149077
149112
149141
149193
149245
149405
149935
149984
150032
150329
150383
150414
169065
170671
172278
172362
172446
172474
172837
172909
172938
172985
173104
173134
173152
173230
173451
173482
173514
173543
173572
174856
175213
175284
175587
176571
176598
176671
176709
176777
176818
176882
177227
177270
177295
177667
177710
177751
177785
177802
177872
177899
178552
178581
178629
178644
183491
184185
184250
184293
184358
184401
184444
184502
184532
184730
184801
184861
186696
186926
186941
186963
187814
187870
188314
767538
768213
768227
768242
768781
768796
768985
769000
769015
769030
769069
769082
769095
769122
771004
773536
773862
773916
774741
775587
779886
779962
780434
781212
781713
782852
783618
783650
784724
784989
785072
785101
785131
785161
785177
785602
785634
792337
792665
792741
792790
792808
792963
793073
793101
793162
793225
793558
793598
793693
793786
794021
797496
797524
797551
797580
797610
797662
797697
797727
797744
797778
797792
798299
798352
798380
798430
798469
798500
798542
798666
798733
798790
798842
799061
799127
799145
799161
799404
800200
801204
801321
801352
801382
801423
801465
801665
801759
801836
801867
801898
802206
802235
803069
803340
803438
803467
803530
803564
804600
804813
804829
804848
804904
804937
804986
805013
805735
806018
806047
806724
807037
807374
807945
808145
808436
808645
809425
809459
809560
809834
810120
810477
810820
811075
811125
811154
811184
811219
811274
811305
811339
811439
811619
811777
811805
811833
811904
811928
811947
812044
812186
812214
812387
812422
812610
812879
812910
812941
813025
813520
813897
814125
814153
814207
814380
814675
814821
815244
815301
815593
815627
815661
815696
815731
815767
815802
815837
815873
815908
815949
815978
816008
816296
816327
816351
816368
816404
816422
816596
816616
816666
816723
816751
816794
816825
816854
816872
816890
816908
817266
817594
817622
817648
817680
818566
818630
821200
821297
821338
821364
821393
821411
821428
822741
822789
823003
823088
823173
823307
824127
824243
824394
824431
824686
824715
824858
824875
825088
829438
831146
831174
831298
831336
831378
831484
831595
831798
833395
833445
833497
833832
834086
834115
834346
834613
834686
834722
834762
835896
835947
835981
836011
836052
836236
836265
836448
836499
836532
836560
836578
836607
836637
836671
836709
836868
837015
837158
837643
837731
837995
838027
838062
838078
838110
838141
838174
838189
838216
838517
838536
838653
838683
838726
838793
838823
838852
838903
838937
838964
838998
839028
839063
839101
839140
839192
839232
839260
839289
839308
839409
839438
839500
839576
839626
839656
839691
839717
839782
839814
839842
839860
839890
842320
842355
842388
842404
842457
842928
842979
843007
843035
843052
843071
843131
843149
843167
843215
843490
844871
844899
846174
846617
847107
847567
847835
847951
848518
848573
848796
849136
849164
849572
850413
850453
850476
850520
850569
850600
865896
865955
865980
866038
866523
866590
866650
866705
866814
866887
867696
867802
868702
868730
868782
868842
869707
869736
869777
869818
869850
869906
869944
870000
870062
870094
870212
870465
870552
870603
870843
870979
871811
872430
872537
872622
872681
872715
872756
872784
872873
873586
873616
873645
873680
873991
874563
874580
876804
877019
877224
877252
878835
879997
880023
880055
880075
880291
883321
883540
883900
884262
884451
888877
888935
888967
889061
889097
889435
889471
889498
889527
889587
889851
896838
896889
896950
897038
897068
897100
897129
1135018
1135065
1135133
1135194
1135392
1135640
1135952
1135981
1136059
1136078
1136105
1136178
1136235
1136261
1136297
1136404
1136772
1136861
1137251
1137286
1137319
1137412
1137567
1137632
1137930
1137949
1138051
1138096
1138250
1138404
1138563
1146726
1147455
1147485
1147528
1147683
1147885
1147936
1147963
1149596
1149616
1151279
1152428
1152589
1152690
1152723
1152773
1152805
1152966
1152995
1153318
1155453
1155482
1155515
1163412
1163445
1163477
1163517
1163884
1163920
1163961
1164000
1164042
1164078
1164114
1164153
1164433
1164475
1164537
1164601
1164703
1164745
1164787
1164851
1165858
1165974
1166002
1166989
1167050
1169593
1169663
1169698
1169856
1170311
1171807
1171844
1171880
1172175
1173245
1173262
1173343
1173401
1173417
1173444
1173460
1173541
1173555
1173849
1173907
1175087
1175162
1175214
1175273
1176072
1176154
1185415
1185482
1185558
1185624
1185744
1185819
1185897
1185977
1186133
1186538
1186555
1186583
1186614
1187161
1187246
1187464
1187515
1227063
1227080
1278257
1282253
1282314
1282486
1282563
1282627
1282699
1282736
1282767
1282843
1282921
1283032
1285435
1285475
1285501
1285531
1285558
1285916
1285945
1286368
1287489
1287642
1287701
1287839
1287878
1287907
1288091
1288130
1288156
1288184
1288212
1288229
1288245
1288262
1288602
1288776
1288808
1288840
1288873
1288906
1289797
1289971
1290031
1290068
1290105
1290683
1290768
1293199
1293226
1293324
1293352
1293690
1294348
1294415
1294531
1294610
1294642
1298092
1298120
1299447
1299636
1300095
1300124
1300151
1300183
1300218
1300313
1300945
1300980
1301006
1301031
1301146
1301178
1301467
1301544
1302086
1302341
1302857
1302891
1303054
1303297
1303375
1303759
1304984
1316545
1321753
1321861
1321969
1321997
1322046
1322124
1322155
1322317
1322355
1322393
1322426
1322455
1322488
1323208
1323354
1323491
1323520
1323780
1324090
1326355
1326381
1326414
1326443
1326522
1326552
1326587
1326622
1326658
1326676
1326731
1326765
1327859
1328308
1328337
1329270
1329330
1329578
1329599
1331298
1331323
1331807
1331888
1331920
1332278
1337257
1337334
1337513
1338341
1338631
1338916
1338943
1339095
1339552
1339636
1340538
1340583
1340621
1340653
1340690
1340727
1340760
1340776
1340793
1343709
1343743
1343775
1343808
1345963
1345997
1346037
1346072
1346272
1351851
1351882
1352167
1352230
1352270
1352309
1352349
1352411
1352444
1352476
1352511
1352974
1353005
1370081
1370226
1371093
1371234
1371306
1371534
1378877
1378912
1378973
1379003
1379134
1379291
1379323
1379555
1379590
1380424
1380463
1380494
1384995
1385172
1385247
1386438
1386647
1386820
1386861
1386898
1386933
1387490
1387760
1387797
1387832
1387867
1387902
1387938
1387973
1388008
1388046
1388085
1388123
1388164
1388201
1388241
1388464
1388647
1404494
1404516
1406976
1407199
1407236
1407257
1407457
1407529
1407563
1407705
1407766
1408751
1408778
1408827
1409293
1409314
1409747
1409807
1410280
1410476
1410666
1410832
1411302
1411337
1411364
1411415
1411443
1411479
1411514
1416717
1416813
1416844
1416954
1417179
1417372
1417708
1417747
1417805
1417833
1418336
1418418
1418602
1418637
1418673
1418709
1418744
1418780
1418817
1418852
1418888
1418923
1418960
1418995
1419031
1419066
1419101
1419137
1419172
1419208
1419244
1419280
1419316
1419351
1419387
1421546
1422660
1422693
1427453
1427560
1427962
1428083
1428369
1428412
1428496
1428788
1429007
1429214
1429234
1429345
1429377
1429409
1429580
1429792
1430110
1430231
1430267
1430301
1430330
1430501
1430670
1430778
1431126
1431428
1431457
1431477
1432021
1432038
1432159
1434344
1434405
1434471
1435146
1435172
1435198
1435257
1435294
1435358
1437503
1437536
1437563
1437620
1437726
1437754
1437918
1437979
1438034
1438067
1438092
1438151
1438275
1438308
1438344
1438380
1438421
1438454
1438471
1440989
1441474
1441757
1441785
1441837
1441865
1442283
1443349
1443381
1443405
1443434
1443545
1443572
1443615
1443818
1445445
1445491
1445522
1445556
1445587
1445615
1446271
1446630
1447406
1448298
1448603
1448622
1448816
1448834
1449225
1449244
1450282
1450348
1450582
1450609
1451083
1451112
1451150
1451204
1451230
1452869
1452943
1452978
1453364
1453645
1453858
1453934
1453952
1454028
1454069
1454110
1454140
1455454
1455521
1455610
1455915
1456070
1456103
1456854
1456970
1457161
1457220
1457264
1457832
1457980
1458082
1458112
1458840
1458897
1458931
1458965
1459415
1459485
1460334
1460888
1461465
1461565
1461715
1461779
1462937
1463132
1463583
1463612
1463891
1464126
1464524
1464554
1464584
1464601
1464629
1464647
1464700
1464798
1464824
1464947
1464971
1464999
1465029
1465154
1465235
1465638
1466289
1466375
1466445
1466472
1468041
1468057
1468091
1468123
1468198
1489945
1490012
1490041
1490067
1490176
1490418
1490435
1490547
1546530
1546548
1546567
1546615
1546638
1547051
1547232
1547327
1547347
1547492
1547733
1547779
1548311
1548337
1548377
1548421
1548474
1548864
1548986
1549087
1549128
1549252
1549288
1549415
1549701
1549845
1550127
1550163
1550649
1551019
1551047
1551079
1551103
1551133
1551187
1551220
1551284
1551395
1551426
1551465
1551565
1551732
1551764
1551816
1552025
1552059
1552129
1552182
1552258
1552344
1552902
1554496
1554528
1554705
1555162
1555573
1555597
1555621
1555644
1555667
1555689
1555711
1555733
1555755
1556160
1557830
1559110
1559241
1559268
1559295
1559390
1559406
1559746
1560287
1573657
1573697
1573732
1573824
1573967
1574371
1574478
1574530
1574561
1575179
1576427
1577442
1577508
1577780
1578057
1578171
1578188
1578207
1578871
1579139
1579241
1579328
1580038
1580295
1580393
1580411
1580441
1580471
1580489
1580505
1581405
1581446
1584382
1584709
1584787
1584806
1584835
1585232
1585334
1586138
1586155
1586183
1586197
1586230
1586258
1586371
1586443
1586473
1586518
1586534
1586564
1586707
1586725
1586943
1587747
1587776
1588034
1588122
1588152
1590430
1591989
1593653
1593764
1593797
1593887
1594037
1594345
1594618
1597295
1597658
1598183
1598243
1598279
1598438
1598733
1598872
1598966
1599032
1599137
1599203
1599287
1599393
1599477
1599593
1599678
1599826
1601300
1601407
1601619
1601702
1601816
1601941
1601967
1602701
1602731
1602763
1602796
1602826
1602854
1602882
1602911
1602939
1602966
1602992
1603036
1603063
1603089
1603117
1603147
1603175
1603201
1603251
1603370
1603397
1603423
1603439
1603572
1603632
1603663
1603693
1603747
1604005
