파견 51013,16282
파괴 42032,3792|42032,3849|42032,5409|51013,2727
파괴가 43111,22775
파괴되어 36663,2123
파괴되지 42032,3809|42032,3867|45326,9651
파괴력을 37097,32276
파괴보수 38917,33523
파괴에 25899,21595|27445,37848
파괴에도 25899,21854
파괴와 31242,3225|38161,7135|38161,7154|51013,15697
파괴의강궁i 25899,16967
파괴의강궁ⅱ 25899,17140
파괴충동을 51013,15565
파괴할 27445,37446|43111,21310
파괴해야 25030,3513|25030,4112|25030,7119|25030,7650|36760,2639|36760,3231|36760,7910|36760,8047
파라미터 36663,2264
파라미터가 42032,384
파라솔계열 38917,27491
파랑 36663,15469
파랑크스 21239,5733|38161,4171
파리미끼 25030,673|29127,2005|29127,4188|33013,2337|36760,1841|38917,5209
파머 51013,11059
파묻힌다 38161,3768
파생 19406,9469|19406,17003|21815,27668|24789,40245|25899,21000|25899,21274|27445,11715|27445,36233|27445,36348|27445,36513|27445,36580|27445,36630|27445,38109|27798,470|27798,4031|27798,8170|27798,10019|27798,11020|27798,13096|27798,13835|27798,14640|27798,15298|27798,17296|27798,19835|27798,21065|27798,21699|27798,22373|33645,22875|33645,23657|33645,24775|33645,25085|38917,27847|38917,27893|38917,27938|38917,28031|38917,28077|38917,28125|38917,28172|43111,696|43111,4136|43111,7902|43111,10326|43111,14820|43111,15543|43111,16301|43111,16821|45997,663|45997,4262|45997,5777|45997,7572|45997,9551|45997,10988|45997,12065|45997,12701|45997,17558|45997,18979|45997,20242|45997,20823|45997,25020|45997,25035|49792,968|49792,12918|49792,13430|49792,15772|49792,17109|49792,17929|49792,18611|49792,19080|49792,26356|51013,9840|51013,9884|51013,9926|51013,9968|51013,10012|51013,10179|51013,10220|51013,10264|51013,10307
파생계 19406,392|19406,11243|19406,21312|19406,21695|19406,22251|19406,23191|19406,24059|19406,25231|19406,26422|19406,27457|21815,382|21815,8519|21815,22057|21815,24872|21815,26117|21815,27319|25899,255|25899,2077|25899,3490|25899,4419|25899,5762|25899,6414|25899,6888|25899,7914|25899,8852|25899,9501|25899,9851|25899,11136|25899,11947|25899,12629|25899,13112|25899,14088|25899,14574|25899,15083|25899,15428|25899,15770|25899,16234|25899,16577|27445,380|27445,11786|27445,20667|27445,21832|27445,23036|27445,24278|27445,25321|27798,381|27798,3823|27798,8079|27798,9929|27798,10933|27798,13010|27798,13748|27798,14551|27798,15209|27798,15839|27798,17209|27798,17992|27798,19744|27798,19987|27798,20552|27798,20975|27798,21610|27798,22286|27798,22985|27798,23883|33645,384|33645,9159|33645,16956|33645,18374|33645,19602|33645,20634|33645,21196|33645,21539|33645,21880|33645,22787|33645,23564|33645,24684|43111,498|43111,4040|43111,7806|43111,11447|43111,12514|43111,13358|43111,13946|43111,14313|43111,14723|43111,15447|43111,16208|43111,16723|45997,386|45997,5683|45997,7490|45997,13895|45997,16151|49792,872|49792,7446
파생되는 27445,37979|43111,20946
파생되서 43111,21610
파생된다 43111,20678
파생시키는 21815,34490
파생에 38917,27799
파생이 21815,35683|27445,37196|43111,22521
파생하고 33645,32935
파생하는 43111,21857|45997,25734
파생한다 33645,32886|33645,32915
파생해서 43111,22898
파생했을 33645,32898
파손율이 45326,9232
파열아로와나 21033,1294|21033,1449|21033,2684|21033,2798|25030,1230|25030,1277|25030,1321|26754,8613|28259,1972|28259,2046|29127,2477|29127,4552|33013,4894|33013,4985|33013,5052|36760,3421|38917,9206|39826,7451|43111,960|43111,8592|43111,18166|43998,367|43998,404|43998,5829|43998,5904|47038,3152
파오 38917,7095
파용주 33013,10820|45794,7425
파운드 51013,8162
파워배럴 37097,32345|37097,32694
파워스팅거 37097,17016
파워스팅거g 37097,27601
파워와일드보우g 25899,18411
파워와일드보우ⅰ 25899,2767
파워와일드보우ⅱ 25899,2993
파워헌터보우ⅰ 25899,955
파워헌터보우ⅱ 25899,1178
파워헌터보우ⅲ 25899,1351
파워헌터보우ⅳ 25899,1536
파이어 51013,5495
파이터 51013,8725
파추셔터 27445,18329
파추셔터g 27445,32648
파츠를 51013,10390|51013,10446|51013,10500|51013,10556|51013,10612|51013,10734|51013,10789|51013,10844|51013,10899|51013,10955
파티 25899,23400|36663,1249|36663,14445|36663,15322|45997,25519|49792,27085|51013,5868
파티멤버가 51013,17528
파티시에는 28259,2463
파티원 38917,2029|38917,5943|38917,6001|38917,6077|38917,6146
파티원이 45997,25550
파티전투시에 43111,24296
파티플레이시 45326,8162|45326,8209
파티플레이에서 33645,32579
파피메루 39470,3757|39470,9484|45766,3758|45766,9454
파피메루s간바 33119,21907
파피메루s마노 26774,21821
파피메루s브랏소 26774,21892
파피메루s앵커 47038,21341
파피메루s카프트 23733,24903
파피메루s코크사 47038,21418
파피메루s테스터 23733,24821
파피메루s페크트스 26754,21844
파피메루s펨르 33119,21980
파피메루s펫 26754,21772
파피메루x 39470,13983|45766,13985
파피메루x간바 33119,31360
파피메루x마노 26774,30985
파피메루x브랏소 26774,31042
파피메루x앵커 47038,30643
파피메루x카프트 23733,34957
파피메루x코크사 47038,30700
파피메루x테스터 23733,34867
파피메루x페크트스 26754,31305
파피메루x펨르 33119,31416
파피메루x펫 26754,31231
파피메루간바 33119,8895
파피메루마노 26774,8994
파피메루브랏소 26774,9076
파피메루앵커 47038,8305
파피메루카프트 23733,10714
파피메루코크사 47038,8387
파피메루테스터 23733,10627
파피메루페크트스 26754,8981
파피메루펨르 33119,8977
파피메루펫 26754,8900
