0
597
637
652
665
692
707
1038
1056
1074
1092
1261
1309
1327
1343
1371
1388
1402
1431
1448
1464
1506
1522
1540
1556
1573
1588
1605
1620
1635
1650
1663
1734
1795
1834
1849
1884
1935
1963
1989
2006
2026
2041
2111
2130
2150
2170
2191
2210
2228
2246
2265
2284
2303
2330
2349
2369
2389
2410
2429
2447
2465
2484
2503
2522
2551
2570
2590
2610
2631
2650
2668
2686
2705
2724
2743
2772
2791
2811
2831
2852
2871
2889
2907
2926
2945
2964
2981
2999
3017
3036
3053
3092
3121
3139
3158
3174
3190
3207
3224
3241
3270
3297
3312
3328
3356
3373
3448
3465
3480
3496
3511
3525
3549
3575
3767
3933
4082
4099
4258
4481
4509
4717
4888
5106
5243
5475
5825
