중간 25899,21545
중간정도의 36663,8426
중개옥 21033,4084|21239,5031|33013,4072|33013,4414|33013,6785|33013,7769|33013,8441|33013,9283|33013,10738|33013,11541|38917,8620|39826,9801|43998,3545
중거리쪽이 28259,1079
중골총창 19406,13320|43111,16718|43111,16906
중괴주 45794,5735
중급 51013,12877
중단찌르기 19406,34621
중단찌르기와 19406,34806
중독된 36663,2090
중독시키기 36663,970
중독이 36663,15265
중량급 38917,4737|38917,4817|38917,4880
중량이 38917,4034
중복 35316,1302|35316,1388|35316,2672|36663,6545|42032,3928|42032,3981|42032,4002|42032,4105|42032,5841|51013,17616
중복되서 35316,2551
중복될때 35316,709|35316,793|35316,850|35316,934|35316,3141|35316,3192|35316,3253|35316,3314|35316,3383|35316,3441|35316,3502|35316,3560|35316,3659|35316,3736|35316,3811
중복이 35316,84|35316,1635|35316,1736
중복하지 35316,2517
중복효과시간 35316,156|35316,431|35316,652|35316,1225|35316,1791|35316,2612|35316,3048
중시의 49792,26546
중시하는 21815,35116|21815,35479|27445,37756
중시해서 28259,1031
중심 36663,15379
중심으로 27798,29114
중심으로하는 49792,26569
중앙 25899,21982
중에 42032,3077|42032,4339|45997,26831
중에는 21815,35930|27445,37314
중에도 36663,13374
중에서 19406,36067
중에서도 43111,21055|51013,13892
중요하게 27445,37735
중요하다 25899,22933|37097,33129
중요하다고 19406,36997
중요한 19406,35990|19406,36029|19406,36168
중용골 19406,12979|19406,13030|19406,13259|19406,28544|19406,28839|19406,32196|21033,4870|21033,4881|21815,18371|21815,20614|21815,28544|21815,32197|23733,29523|23733,37157|24789,24231|24789,24544|24789,27802|24789,29250|24789,32618|24789,34387|25899,1604|25899,1873|25899,2049|25899,6860|25899,8355|25899,8403|25899,18195|26754,28171|26754,28237|26754,28536|26754,29828|26754,30196|26754,33368|26774,27014|26774,27153|26774,28222|26774,28389|26774,28872|26774,33068|26774,33187|27445,15057|27445,33087|27445,34656|27798,6952|27798,12045|27798,16794|27798,22073|33119,26836|33119,28698|33119,33303|33645,21136|33645,27628|37097,16239|37097,17131|37097,18316|37097,19475|37097,20772|37097,21653|38917,12730|39826,9400|43111,12486|43111,16968|45997,1365|45997,20904|45997,22544|47038,26575|47038,27319|47038,28895|47038,29620|49792,4717
중의 28259,7488
중인 21760,87|46907,87
중점을 43111,20864
중창그라비모스 19406,10071
중창그라비모스로 19406,9460
중한한뼈 26754,29665
중화창그라비모스 19406,10342
중후한뼈 19406,12988|19406,13039|19406,13265|19406,31835|21815,3179|24789,25676|24789,26839|25899,3451|25899,4374|26754,27323|26754,28871|26754,29325|27445,19867|27445,19927|27445,29439|27445,30271|27445,33419|27798,7819|33119,27440|33119,29031|33119,29880|33645,29168|37097,17719|38917,13210|43111,17016|43111,18159|45997,1612|45997,3565|45997,3873|45997,22282|49792,22957
