매거진 38917,30409|51013,12622
매거진티켓 21815,28028|38917,30380|39826,1019
매그니튜드 27445,20042|51013,6164
매니아 51013,10998|51013,16664
매달려 38161,5794
매료된 43111,25991
매서운 25030,8532
매우 19406,36994|21815,34737|27445,36949|28259,2253|28259,2864|42032,4153|43111,20504|45326,6710|45326,6855|45326,7145|45326,7432|45326,7641|45326,7944|45997,26314
매우녹슨단검 33645,18367|33645,18472
매우빠름 28259,5855
매운버터 42032,1206
매입 38917,75|38917,7822|38917,8894|38917,9734|38917,10360|38917,11467|38917,11869|38917,19105|38917,27543|38917,28203|38917,28949|38917,30667|38917,31458
매혹 51013,11704
매혹의강익 23733,32926|24789,36116|24789,36992|25899,9786|26754,29177|26774,29145|37097,16823|38917,20965|45794,6883|45997,8977|45997,9231|47038,28705
매혹의유피 19406,12016|19406,21087|23733,4575|24789,4332|24789,5267|25899,9144|26754,4245|26754,9607|26774,4477|27445,17074|33119,4503|33119,9629|37097,4262|38917,20905|45794,6776|45997,8494|47038,4364
매혹의익막 23733,21772|24789,16191|26754,18982|26754,22165|26774,19122|27445,17066|33119,19090|33119,22341|38917,20938|45794,6824|45997,8486|45997,8726|45997,8985|47038,18820
