폭넓게 45997,26885
폭렬아로와나 21033,1520|21033,2838|21239,1936|21239,3936|23733,3852|25030,1242|25030,1333|26774,8667|28259,2117|29127,2541|29127,3941|33013,4926|33013,5016|33013,5077|36760,448|36760,497|36760,3371|36760,3433|38917,9253|39826,7476|43998,5916
폭뢰침 21033,1445|25030,5600|29127,2070|29127,3050|29127,4384|36760,6035|36993,587|38917,4111|39826,1072|45326,8552|45326,9298
폭발 28259,2141|28259,2264|28259,2517|28259,2818|38917,31157|38917,31253|38917,32876
폭발에 28259,2164
폭발에는 28259,2321
폭발을 38917,1928
폭발의 28259,2881
폭사주 45794,4606
폭살을 36663,1913
폭수주 45794,7230
폭약 19406,6296|19406,30429|21033,1226|21033,1393|21033,1545|21239,3143|24789,5868|24789,6147|25030,864|25030,3807|25030,5205|25030,5751|27445,5098|27445,5163|29127,2016|29127,4199|33013,8173|33013,8710|33013,8840|33013,8894|36760,821|36760,878|36760,946|36760,2489|36760,4559|36760,5255|36993,1299|38917,1893|39826,1819|39826,7186|43111,4260|43111,4472|43111,17966|45326,9302|45794,9057
폭염낭 19406,6717|19406,15241|23733,24804|24789,16933|24789,17233|24789,18382|25899,4961|25899,5025|26754,24643|26774,12218|26774,12269|26774,20201|27445,11451|27798,6298|33013,7711|33119,15743|38917,12314|39826,7640|43111,3009|43111,3515|43111,8424|43111,10568|43111,14498|43111,18736|47038,14798|47038,15725|47038,24038|47038,24187|49792,6800
폭염의 38917,30366
폭주 45326,6126
폭주술 25899,22077|42032,5119|42032,6594|42032,6672|42032,7368
폭주주 33013,11605|45794,5178
폭케포인트 38917,33404
폭탄 33013,4592|33013,4667|36663,4934|36663,5086|36663,5119|36663,5150|36663,5183|36663,5213|36663,5246|36663,5278|36663,5284|36663,5317|36663,5323|36663,9016|36663,12057|45326,8549
폭탄150 38917,4468
폭탄80 38917,4414
폭탄강화 23733,3125|23733,7645|23733,19549|23733,21429|23733,21547|23733,24488|23733,29736|26754,2995|26754,16952|26754,18651|26754,18767|26754,21407|26774,3184|26774,17040|26774,18795|26774,18911|26774,21415|26774,26366|33119,3256|33119,17065|33119,18776|33119,18895|33119,21544|33119,26511|36663,12029|36663,12183|45326,9246|45794,4610|47038,3250|47038,16597|47038,18466|47038,18580|47038,20950|47038,25920
폭탄강화술 36663,8918
폭탄고양이는 36663,12251
폭탄과 36663,13918
폭탄데미지경감 36663,12039|36663,12348
폭탄데미지경감술 36663,8978
폭탄만 36663,1112|36663,4989|36663,4993|36663,5048|36663,5052|36663,12047|36663,12193|36663,14997|45326,10448
폭탄사랑 36663,5106|36663,12338
폭탄에 36663,8990
폭탄으로도 36663,1089
폭탄은 33013,4775|36663,14083
폭탄을 28259,2843|36663,1427|36663,1950|36663,14220|36760,215|38161,3564|38161,3723
폭탄의 36663,12570|36663,13939|45326,9276
폭탄이 36663,1468
폭탄채굴 33013,781|33013,3664|38917,8416|51013,11204
폭탄편애 36663,4984|36663,12024
폭탄편애과 36663,12207
폭탄편애와 36663,12376
폭풍 45326,10379|51013,5036
폭풍에 36663,12236
폭풍이 45326,10252
