_0 41216,434|41216,1610
_007 37765,883|41169,2585
_1 41216,441|41216,1617
_2 28014,3660|28014,3692|33269,1284|40283,4075|42522,5665|42806,2811|42806,2927
_20160309 20471,2504
_4 28005,661
_65946649 37765,864
__ 20953,29112|22397,631|22397,687|22397,1681|22397,1742|22397,1815|23704,1321|23704,1324|24564,27932|30978,9280|34288,962|34288,4021|34798,1936|37850,28692|39150,2935|42035,63048|42035,63949|42846,284050|43736,540598|43736,589210|43964,2577|45714,31019|46043,52592|48411,1381|49088,3264|49088,3330|49088,21502|49088,21832|49088,22030|49254,1984|49254,1999|49254,2027|49254,2058|49254,2081|49254,2090|49254,2105|49254,2141|49254,2449|49254,2653|49254,2831|49290,23436
__1 39411,35851|39411,35875|39411,35911|39411,35951|39411,35987|39411,36018|39411,36129|39411,36159
___ 22693,717|30978,9223|34548,6651|37843,5104|39150,2958|44671,10060|44671,10070|46043,21036|46043,21069|46043,21077|46043,23193|46043,23210|46043,23453|46043,23470|46043,23717|46043,23738|49254,1952|49254,2038|49254,2193|49254,2701|49254,2881|49254,2931|49254,3102|49254,3236|49254,3248|49254,3375|50227,1658
____ 22693,418|22883,16463|22883,16518|33675,64468|34354,6541|42035,63222|42035,63333|42035,63970|42846,283998|46043,19882|46043,20121|46043,20352|49254,2128
_____ 22693,357|22693,493|22693,499|22693,635|22693,739|23704,602|23704,847|24878,415|33675,64496|42035,62681|42846,310126|42846,310162|42846,310191|42846,310238|42846,310269|42846,310306|42846,310338|45327,3732|46727,10653|48481,6306|48481,11619|49254,2009|49254,2047
______ 21401,4248|22693,282|22758,3597|22758,3798|23704,589|23704,736|33645,33040|46043,19734|46043,19973|46043,20204|46727,10680
_______ 19604,2036|29804,15067|29804,15234|33675,64428|34548,6595|36523,3363|40706,8927|40706,9530|42035,62636|42035,62657|45159,1815|45456,1720|46727,10667|49254,1957
________ 19868,12594|19868,12604|23704,1207|36523,3381|49305,20929|49305,20939
_________ 23704,538|29804,15189|29804,15294|36523,2510
__________ 23704,881|24298,17161|29804,15244
___________ 29804,15156|29804,15261|46043,52531
____________ 42035,62811|42035,62832|42035,62854|42035,62877|42035,62898|42035,62920|42035,62943|42035,62964|42035,62986|42035,63009|42035,63030|42035,63052|42035,63075|42035,63096|42035,63118|42035,63603|42035,63624|42035,63646|42035,63669|42035,63690|42035,63712|42035,63735|42035,63756|42035,63778|42035,63801|42035,63822|42035,63844|42035,63867|42035,63888|42035,63910|42035,63933|42035,63954|42035,63976|46043,21000|47941,4978|48481,11606
_____________ 27069,1308|27069,1445|29804,15096|36399,40
______________ 21138,2390|27069,746|27069,871|45327,3717|48099,2025|48481,6291
_______________ 21138,2369|27069,1021|27069,1149|48099,2004
________________ 19868,5539|19868,5678|19868,5809|19868,12312|19868,12419|19868,12438|19868,12496|19868,12563|34548,6837|49305,7861|49305,8009|49305,8156|49305,20647|49305,20754|49305,20773|49305,20831|49305,20898
__________________ 33675,64475
___________________ 46043,51945|48359,12728|48359,12897
____________________ 29804,15129
_____________________ 20258,7779|48359,12425|48359,12592
_______________________ 21138,2338|26588,4239|26588,4263|33645,33016|34227,4556|34227,4596|48099,1973
________________________ 42846,71882|42846,236159
_________________________ 33675,42558
__________________________ 23704,487|23704,927|28524,2935|28524,6715|36523,3675
___________________________ 28524,6755
____________________________ 21138,2457|46727,9352|48099,2092
______________________________ 19622,2071|19622,3334|32056,3419|33675,20752|33675,65443|33675,67453|33675,75070|33675,80522|33675,81063|34227,5902|34227,12513|34238,431|36493,11583
_______________________________ 21138,2420|47941,4911|48099,2055
________________________________ 33675,67500
_________________________________ 19622,2120|19622,3384|28524,2962|32056,3472|33675,20801|33675,65490|33675,75117|33675,80569|33675,81110|34227,12560|34238,478|36493,11630
____________________________________ 37833,2300
_____________________________________ 21138,1740|21138,1817|21138,1898|38064,5214|43349,7893|48099,1375|48099,1452|48099,1533
______________________________________ 20747,745|34630,5859|43673,79078|43673,79330|43673,79516
________________________________________ 21801,265|21801,748|21801,3199|21801,28989|21801,30023|21801,31292|21801,32022|21801,32877|26557,456|26557,1316|26557,1358|29892,459|29892,1319|29892,1361|31219,27736|31219,28752|31219,29990|31219,30711|31219,31554|33836,28173|33836,29202|33836,30470|33836,31200|33836,32055|39401,2828|39401,3849|39401,4873|39401,5512|39401,6355|46906,28172|46906,29201|46906,30470|46906,31200|46906,32055|48530,2693|48530,3714|48530,4738|48530,5377|48530,6220
_________________________________________ 35414,981|35414,1045
__________________________________________ 34630,3083
___________________________________________ 20747,803|21138,2604|26943,1724|48099,2239
____________________________________________ 19383,14951|33271,5405|39211,1823|39847,311|39847,678|39847,745|45327,3738
_____________________________________________ 23070,4606|26597,4776|47376,3885
______________________________________________ 19383,13536|33271,4361|33271,5791|39847,255|48481,6312|48481,11625
_______________________________________________ 23070,3965|33675,77961|39847,200|50833,28563
________________________________________________ 32854,10039|32854,15036|34630,4780|37833,901
_________________________________________________ 26256,27437
__________________________________________________ 19383,14321|22563,2027|22571,426|24491,725|26256,12703|26711,1696|41447,822
___________________________________________________ 25955,2586|26256,11654
____________________________________________________ 34630,5186|50833,28946
_____________________________________________________ 19383,6021|21401,4965|25955,2062|29402,2650|29402,4428|33271,765|33271,6288|33271,7416
______________________________________________________ 19383,4129|20545,853|20545,1470|20545,4143|20545,4750|20545,5010|20545,5376|20545,5694|20545,6064|20545,6525|20545,6837|20545,7203|20545,7513|20545,8242|20545,8590|20545,8844|20545,9353|20545,9996|20545,10421|20545,10842|20545,12721|20545,13693|20545,14396|20545,15539|20545,15858|20545,16418|20545,16873|20545,17158|20545,18216|20545,18800|20545,19091|20545,19491|20545,19742|20545,20086|20545,20693|20545,21073|20545,23171|20545,23731|20545,24469|20545,24816|20545,25689|21401,528|21401,1032|21401,1450|21401,2372|21401,2858|21401,4551|21401,5543|21401,6184|21401,7340|21401,7652|21401,8559|21401,9357|21401,10159|21401,11567|21401,13138|21401,13875|21401,14365|21401,15162|21401,15603|21401,15896|21401,16686|21401,17629|21401,18743|21401,19799|21401,20256|21401,20640|21401,21510|21401,21791|21401,22217|21401,22577|21401,22970|21401,23396|21401,24025|21401,24896|21401,26034|21401,27220|21401,28648|21401,31526|21401,32060|21401,32713|21401,33408|21401,34587|21401,35186|21401,36308|21401,36868|21401,38137|21401,38571|21401,39165|21401,40649|21401,42023|21401,42330|21401,42666|21401,43531|21401,45496|21401,45806|21401,46174|21401,47649|24491,1506|25955,1347|25955,2869|26256,9927|26256,10790|29649,643|29649,1384|29649,2466|29649,2873|29649,3467|29649,4135|29649,4846|29649,5843|29649,6327|29649,7038|32854,23767|32854,24343|33271,3009|34374,1160|34374,2075|34374,4216|34374,4623|34374,5704|34374,5984|34374,6564|34374,6903|34374,7554|36493,11188|41853,669|41853,1373|41853,1861|41853,3029|41853,3525|41853,4103|41853,5127|44889,3886|44889,4245|44889,4964|44889,5761|44889,6066|44889,6907|44889,8177|44889,25303|44889,25641|44889,26044|44889,26331|44889,26641|44889,26889|44889,27810|44889,28920|44889,29976|44889,30432|44889,30867|44889,31735|46291,5261|47376,1204|47495,603|47495,992|47495,2202|47495,2990|47495,3421|47495,4099|50721,4055
_______________________________________________________ 19383,6503|19383,14593|20056,572|20056,1104|20056,1819|20056,4870|20056,5938|26597,1307|26597,3223|28657,7143|28657,7677|28657,8114|32854,19616|33675,55129|33675,85209|33675,86277|34630,3626|34630,4189|39211,871|39211,1302|46291,7709|47376,1678|47376,1997|50833,27438
________________________________________________________ 28657,3418|33675,74597|36493,10577|46291,6569|47376,7984|47376,9118|47376,9715
_________________________________________________________ 19383,1448|19383,1792|19383,2460|19383,3128|19383,3631|19383,4522|19383,5147|19383,8598|19383,12733|19383,13979|19383,15745|19383,17861|19383,19814|19383,21595|19383,27434|19383,30894|28657,1759|33675,59448|34630,906|34630,1551|47188,598|47188,949
__________________________________________________________ 33271,2154|33675,67241|39847,135|46291,6921
___________________________________________________________ 23923,487|26943,3859|28657,5825|33675,60988|33675,64560|41447,2299|46291,17997|46291,20137|46291,20704
____________________________________________________________ 19383,7197|21138,2101|24491,2670|24491,3871|24491,4211|28745,645|28745,1562|28745,2598|33675,69140|34730,596|34730,1831|34730,2217|36493,2384|36493,4104|42660,1336|42660,1611|42660,2308|42660,3324|42660,3731|42660,4282|42660,4492|42660,5336|42660,5931|42660,6448|44471,2405|46291,11950|46291,12501|46291,13064|46291,14304|46291,14751|46291,15091|46291,15945|46291,16731|46291,17578|46291,19145|46291,21076|46291,21558|46291,21622|46291,21686|46291,21750|48099,1736
_____________________________________________________________ 28657,3813|47495,3807|50833,22118
______________________________________________________________ 20124,8716|28958,1872|28958,2115|28958,2526
_______________________________________________________________ 25659,7786|25659,7851|25659,7916|25659,7981|25659,8046|25659,8111|25659,8176|25659,8241|25659,8306|25659,8371|25659,8436|25659,8501|25659,8566|25659,8631|25659,8696|25659,8761|25659,8826|31622,7654|31622,7719|31622,7784|31622,7849|31622,7914|31622,7979|31622,8044|31622,8109|31622,8174|31622,8239|31622,8304|31622,8369|31622,8434|31622,8499|31622,8564|31622,8629|31622,8694|32665,8747|32665,8812|32665,8877|32665,8942|32665,9007|32665,9072|32665,9137|32665,9202|32665,9267|32665,9332|32665,9397|32665,9462|32665,9527|32665,9592|32665,9657|32665,9722|32665,9787|46043,52331
________________________________________________________________ 21138,2259|36493,13697|39847,50|41447,6669|41447,12376|41447,14328|48099,1894
_________________________________________________________________ 21138,2501|33822,86|33822,947|33822,2605|36493,10160|44889,1585|45327,3511|48099,2136|48481,11400|50833,14462|50833,15610
__________________________________________________________________ 21138,2176|34167,3148|41447,5002|41447,5425|43120,60164|43120,60678|43120,61223|43120,62367|43120,62761|43120,63260|43120,63678|43120,64211|43120,64560|43120,64849|43120,65159|43120,65496|43120,65814|43120,66687|43120,71456|43120,71831|43120,72755|43120,72866|43120,73108|43120,73310|43120,73737|43120,74246|43120,74715|43120,75473|43120,76637|43120,77118|43120,78059|43120,79106|43120,80244|43120,80972|43120,82157|43120,83189|43120,84342|43120,87561|43120,88631|43120,89583|43120,90508|43120,90919|43120,91927|43120,92808|43120,93191|43120,94025|43120,95710|43120,96063|43120,96318|43120,96648|43120,96873|43120,97184|43120,97591|43120,102349|43120,103991|43120,105632|43120,106303|43120,107716|43120,108185|43120,109197|43120,109612|43120,109994|43120,110068|43120,110874|43120,111891|43120,112801|48099,1811
___________________________________________________________________ 21138,1987|26943,12180|34730,2814|40522,4222|41723,551|43120,24781|43120,25961|43120,27918|43120,29048|46291,8738|48099,1622|48481,6079
____________________________________________________________________ 19383,11495|26943,10839|28524,6793|32854,2633|34167,520|43120,22680
_____________________________________________________________________ 19622,7833|19622,8935|23317,1452|23317,1960|24416,515|24416,1126|24416,1600|24416,2156|24416,2844|24416,3509|24416,3904|24416,4401|24416,4998|28664,8717|28664,10214|28664,12927|30891,583|30891,1150|30891,1630|30891,4660|30891,6776|30891,8024|30891,8419|30891,8716|34167,1033|34167,1722|34167,2122|34167,2650|34167,3592|34167,4551|34167,5142|34167,7419|34167,7970|34167,9848|34167,12830|34167,16935|34167,18052|36493,14262|36493,15138|44428,1352|44428,2452|44428,6942|44428,8271|44428,9361|44428,9863|44428,11768|44428,13520|44428,16520|44428,20329|45790,78|45790,600|45790,1180|45790,3820|45790,4354|45790,5249|45790,6148|45790,7767|50721,5402|50721,5792|50721,6178
______________________________________________________________________ 28664,2498|28664,4443|28664,5821|28664,7282|28664,7608|40522,2427|42122,879|42122,1597|42122,1968|42122,2709|42122,4332|43120,2971|43120,5644|43120,6576|43120,9054|43120,10999|43120,12377|43120,45503|43120,46711|43120,53013|43120,53889|43120,54480|43120,56219
_______________________________________________________________________ 41447,10657|41447,11754|41447,36208|42660,7301|42660,8162
________________________________________________________________________ 20124,4175|20124,4489|20124,5701|20124,6415|21138,2656|26256,13518|48099,2291|50833,17948|50833,19975|50833,20049
_________________________________________________________________________ 19486,1028|19486,5799|19486,6266|19486,9045|19486,10112|19486,10605|19486,10942|19486,11417|19486,11756|19486,12135|19486,13172|19486,13950|19486,14688|19486,15126|20124,653|20124,1098|20124,1658|20124,2028|20124,2389|20124,2949|20124,3470|20124,7330|23161,770|23161,1090|23161,1419|23716,1489|24010,2318|24010,2859|24010,3398|24010,3774|26597,5503|26597,7712|26597,8687|26597,10252|26597,11188|26597,11643|26597,12505|26597,13493|26597,14449|26597,17527|26597,18477|26597,19127|26597,20198|26597,20929|26597,22186|26597,26066|26597,26918|26597,30264|26597,31094|26597,31637|29321,395|29321,1986|29321,2533|29321,3220|29321,4040|29321,4444|29321,4830|29321,5058|29321,5252|29321,6422|29321,6794|29321,7257|29321,7873|29321,8283|29321,9299|29401,95|29401,170|29401,245|29401,320|29401,395|29401,470|29401,547|36493,6332|36493,6935|36493,7352|36493,7704|36493,7962|36493,8305|36493,8512|36493,8822|36493,9062|37316,1219|37316,2001|37762,679|43120,44305|43207,589|43207,1281|43207,3457|47393,582|47393,1007|47393,1366|47495,1284|47495,4410|47495,4902|48256,1152|48256,1606|48256,1973|48256,2366|48256,2623|48863,702|48863,1383|48863,2305|48863,2677|48863,3378|48863,3936|48863,4509
__________________________________________________________________________ 28524,2771|41447,7326|41447,7758|41447,8369|41447,8955|41447,14595|41447,15289|41447,16170|41447,31702|41447,32390|41447,32924|41447,33590|41447,34168|41447,36950|43120,50737|43120,52143|43120,56822|43120,57470|43673,83472|43673,83976|43673,84878
____________________________________________________________________________ 42846,107124
_____________________________________________________________________________ 28524,7016|28664,3799|43120,10355
______________________________________________________________________________ 32123,3796|32123,5266|42846,107369|50011,6512
_______________________________________________________________________________ 35476,689|43120,4454
________________________________________________________________________________ 50011,753|50011,1711|50011,2619|50011,3289|50011,4104|50011,4298|50011,4802|50011,5538|50011,6068|50011,7005|50011,7730|50011,7976|50011,8445|50011,8858|50011,9591|50011,10603|50011,10788|50011,11051|50011,11290|50011,12061|50011,12872|50011,14301|50011,15321|50011,16753|50011,17802
_________________________________________________________________________________ 19383,32344
__________________________________________________________________________________ 19383,10009
___________________________________________________________________________________ 28548,572|28548,2192|28548,3698|28548,5066|32123,7085|32123,8662|43120,68400|43120,69942
___a___ 36523,3240
___argc 34493,82416|34493,173208|45259,82416|45259,173208
___argv 34493,82474|34493,173324|45259,82474|45259,173324
___b____ 36523,3258
___build_environ 34493,82532|34493,115198|45259,82532|45259,115198
___callv 34493,82590|34493,116950|45259,82590|45259,116950
___cc_array 34493,82648|34493,116532|45259,82648|45259,116532
___cc_handl 34493,82706|34493,116590|45259,82706|45259,116590
___cc_handles_length 34493,82764|34493,116648|45259,82764|45259,116648
___cpp_init_ptr 34493,82822|34493,175883|45259,82822|45259,175883
___doserrno 34493,82880|34493,115720|45259,82880|45259,115720
___faterr 34493,82938|34493,117008|45259,82938|45259,117008
___fp_sigfunc 34493,82996|34493,174194|45259,82996|45259,174194
___heap32_multpool_cpp2346133860_ 34493,82279|34493,82351|34493,118499|34493,118571|45259,82279|45259,82351|45259,118499|45259,118571
___init_environ_ptr 34493,83054|34493,173962|45259,83054|45259,173962
___init_mbctype_ptr 34493,83112|34493,174722|45259,83112|45259,174722
___initmbctyp 34493,83170|34493,115314|45259,83170|45259,115314
___itoa 34493,83228|34493,118694|45259,83228|45259,118694
___j 49254,2520
___locale_codepag 34493,83286|34493,174542|45259,83286|45259,174542
___locale_id 34493,83344|34493,174600|45259,83344|45259,174600
___locale_mbs 34493,83402|34493,174484|45259,83402|45259,174484
___mb_cpinfo 34493,83460|34493,175129|45259,83460|45259,175129
___mb_cpinfon 34493,83518|34493,175187|45259,83518|45259,175187
___mbcodepag 34493,83576|34493,174896|45259,83576|45259,174896
___mbcpinfo 34493,83634|34493,174838|45259,83634|45259,174838
___mblcid 34493,83692|34493,174954|45259,83692|45259,174954
___module_handl 34493,83750|34493,175419|45259,83750|45259,175419
___rtl_clean_cppexcept 34493,83808|34493,116892|45259,83808|45259,116892
___rtl_criticalsect 34493,83866|34493,174368|45259,83866|45259,174368
___rtl_init_cppexcept 34493,83924|34493,116834|45259,83924|45259,116834
___sd 34493,82272|34493,118492|45259,82272|45259,118492
___si 34493,82344|34493,118564|45259,82344|45259,118564
___sigill_sigfunc 34493,83982|34493,174252|45259,83982|45259,174252
___sigsegv_sigfunc 34493,84040|34493,174310|45259,84040|45259,174310
___terminate_don 34493,84098|34493,172338|45259,84098|45259,172338
___thdtbl 34493,84156|34493,174020|45259,84156|45259,174020
___threadid 34493,84214|34493,115546|45259,84214|45259,115546
___ve_debughook 34493,84272|34493,174426|45259,84272|45259,174426
___wargv 34493,84330|34493,173440|45259,84330|45259,173440
___wildcard 34493,84388|34493,172164|45259,84388|45259,172164
___xcfilter 34493,84446|34493,114792|45259,84446|45259,114792
__abs__ 32593,59306|45714,51756
__acm_ 22172,597
__acmdln 34493,84504|34493,174078|45259,84504|45259,174078
__acrtused_con 34493,84562|34493,172280|45259,84562|45259,172280
__add 32593,48469|32593,50477
__add__ 23295,30689|23353,3001|23353,3036|24298,20847|24298,21231|29111,476|32411,10723|32593,42001|32593,42542|32593,42585|32593,43242|32593,43386|32593,43753|32593,44140|32593,44596|32593,44624|32593,44901|32593,45519|32593,45628|32593,46203|32593,47960|32593,48424|32593,48979|32593,49329|32593,49364|32593,49586|32593,49760|32593,49909|32593,50287|32593,50403|32593,50448|32593,50636|32593,51227|32593,51272|32593,51387|32593,52019|32593,52074|32593,52121|32593,52607|32593,52754|32593,53176|32593,53967|32593,54441|32593,55014|32593,56808|32593,59393|32593,59670|32593,60343|32593,62442|32593,62723|38719,297|39515,3756|39728,298|42816,306|45351,5780|45351,18684|45351,19300|45714,51859|46615,3756|50623,350
__addthreadtableentri 34493,84620|34493,117994|45259,84620|45259,117994
__allocinit 34493,84678|34493,115894|45259,84678|45259,115894
__and__ 32593,52861|44126,15168|45714,51966
__argc 34493,84736|34493,173150|45259,84736|45259,173150
__argv 34493,84794|34493,173266|45259,84794|45259,173266
__asm 37538,3921
__atexit_max 34493,84852|34493,172454|45259,84852|45259,172454
__atexit_tbl 34493,84910|34493,175361|45259,84910|45259,175361
__atexitp 34493,84968|34493,172396|45259,84968|45259,172396
__atopsp 34493,85026|34493,174136|45259,85026|45259,174136
__attribute__ 19419,1721|19419,1831|19419,1931|36045,4406
__avx__ 47983,1013|47983,2056
__bases__ 25027,6706|25027,6996|25027,7352
__bool__ 20443,355|29111,553|32593,6845|32593,6959|32593,7881|32593,7944|32593,8570|32593,9244|32593,9284|32593,9791|32593,10461|32593,10736|32593,10983|32593,11081|32593,11232|32593,13574|32593,13664|32593,14119|32593,40876|32593,57988|32593,61242|34798,2033|38719,364|39728,365|42816,356|43964,2674|44126,11661|44126,11850|45351,5789|45351,12934|45351,13054|45351,14002|50623,420
__bool__funct 32593,7105
__builtin_ffsl 45565,53031
__call__ 33745,9028|33745,9152|34798,2291|43964,2843|44126,9082|45714,23069|45714,23164|45714,23200|45714,23468|45714,23593|45714,23713|45714,23946|45714,24356|45714,24394|45714,24419|45714,24573|45714,25190|45714,25718|45714,26415|45714,27057|45714,52835|45714,54279|46474,1006|46474,4331|46474,4841|46474,5860|46474,5948|46474,6228|46474,6530|46474,10911|46474,12169|46474,16102|46474,16353|46474,16731|46474,16822|46474,27622
__call_except_block 34493,85084|34493,116184|45259,85084|45259,116184
__calls__ 45714,26449|45714,26503
__cast_ 34493,85142|34493,85200|34493,171622|34493,171683|45259,85142|45259,85200|45259,171622|45259,171683
__ceil__ 45714,51799
__cinit 34493,85261|34493,115024|45259,85261|45259,115024
__cleanup 42846,360006|42846,360070|42846,360083|42846,360457|42846,360781
__clearbss 34493,85319|34493,116126|45259,85319|45259,116126
__code__ 43444,4944|43444,5024|43444,5101|43444,5212|43444,5454|43444,5509|43444,5560|43444,5805|43444,17489|43444,17542|43444,17592|46474,13973
__coerce__ 45714,52524
__complex__ 32593,21679|45714,52469
__connectk_gui 47751,1493|49769,304
__contains__ 32411,8005|34798,2258|37450,52861|43964,2810|45714,1952|45714,2206|45714,14438|45714,14482|45714,14546|45714,14922|45714,16709|45714,16798|45714,16977|45714,17417|45714,17529|45714,18145|45714,19335|45714,49739|45714,51054|45714,52797|48783,25811|48783,26809|48783,30129|48783,31078|48783,38229
__coord 32593,3239
__copy__ 45714,52845
__cppeh_sv 34493,85377|34493,173788|45259,85377|45259,173788
__cpumod 34493,85435|34493,172570|45259,85435|45259,172570
__debug__ 42892,14816|42892,14893|42892,15196|42892,15253
__declspec 36045,4473|36045,4495
__deepcopy__ 45714,52855
__delattr__ 34798,2377|43964,2929|45714,40177|45714,46430|45714,46779|45714,46923
__delete__ 45714,53023
__delete_rtl_critsect 34493,85493|34493,116474|45259,85493|45259,116474
__delitem__ 23538,10114|23538,10235|32411,9485|32411,9613|32411,9681|32411,10410|34798,2245|43964,2797|45714,2140|45714,12955|45714,13236|45714,13283|45714,13655|45714,13757|45714,13841|45714,14178|45714,14272|45714,14320|45714,20188|45714,21427|45714,22278|45714,49190|45714,49237|45714,49609|45714,52761
__deltitem__ 23538,10172
__dict_ 42892,9850
__dict__ 20443,3459|23353,175378|23353,175432|23353,175642|23353,176051|23353,176107|23538,1744|23538,23009|23538,27025|23538,27292|23538,30102|23538,30165|24564,16670|24564,16709|25027,10116|25027,10152|25027,10286|25027,10322|25027,11158|25027,11269|25027,11457|25027,11498|29111,1421|30897,4570|30897,5379|30897,5399|30903,1493|32593,2484|32593,61548|33959,1259|34270,21222|34798,1009|34798,1843|37850,9861|38719,1004|39728,1000|40294,1819|42816,1645|42892,3019|42892,3491|42892,4112|42892,7039|42892,7176|42892,7230|42892,7257|42892,7838|42892,7910|42892,7951|42892,8034|42892,8188|42892,8801|42892,10141|42892,10326|42892,10485|42892,10699|42892,17564|42892,17688|42892,17778|42892,22019|42892,23685|42892,23832|42892,24183|42892,24336|42892,24456|42892,24602|42892,29913|42892,30041|42892,30133|42892,30243|42892,30699|42892,30841|42892,33222|42892,47740|42892,51443|42892,51507|42892,51570|42892,55733|42892,55771|43964,1686|43964,2485|44126,16472|45714,23850|45714,40521|45714,42663|45714,42855|45714,42998|45714,43461|45714,44287|45714,44507|45714,45271|45714,46983|45714,47016|46474,8440|46474,13918|48783,20732|48783,20771|50623,1433
__dir__ 45714,52629
__divmod__ 32593,52818|45714,51922
__doc__ 42892,17792|42892,20053
__doc__r 26373,1459
__dodtor 34493,85551|34493,115082|45259,85551|45259,115082
__doserrno 34493,85609|34493,173730|45259,85609|45259,173730
__edata 34493,85667|34493,175303|45259,85667|45259,175303
__end 34493,85725|34493,175999|45259,85725|45259,175999
__enter__ 34798,2439|43964,2991|45714,29641|45714,30235|45714,30793|45714,31146|45714,31433|45714,33169|45714,34302|45714,34461|45714,36214|45714,36327|45714,36910|45714,38293|45714,38633|45714,52968|45714,53101|45714,55270|48783,2705
__environ 34493,85783|34493,173846|45259,85783|45259,173846
__envptr 34493,85841|34493,173034|45259,85841|45259,173034
__eq__ 32593,22497|32593,30953|32593,31095|32593,31201|32593,31226|32593,31309|32593,31610|32593,32675|32593,32767|32593,33191|32593,34461|32593,58947|42816,432|45351,15390|45351,15402|45351,15495|45351,15733|45351,15787|45351,15834|45351,15869|45714,51659
__errno 34493,85899|34493,115662|45259,85899|45259,115662
__errno_set 34493,85957|34493,115604|45259,85957|45259,115604
__except_handler3 34493,86015|34493,114676|45259,86015|45259,114676
__except_list 34493,86073|34493,98579|45259,86073|45259,98579
__exit 34493,86131|34493,114734|45259,86131|45259,114734
__exit__ 34798,2450|43964,3002|45714,29655|45714,30250|45714,30807|45714,31589|45714,32208|45714,32279|45714,32531|45714,33093|45714,34355|45714,34516|45714,34987|45714,35280|45714,36228|45714,36378|45714,36534|45714,37409|45714,38750|45714,38802|45714,52979|45714,53116|45714,55716|48783,2719
__f 42892,47030|42892,47085|42892,47312|42892,47360|42892,47407
__fatexit 34493,86189|34493,120461|45259,86189|45259,120461
__fcloseallp 34493,86247|34493,175535|45259,86247|45259,175535
__fe_cur_env 34493,86305|34493,173672|45259,86305|45259,173672
__feexcept 34493,81634|34493,115778|45259,81634|45259,115778
__feround 34493,81692|34493,115836|45259,81692|45259,115836
__float__ 32593,21668|45714,52458
__floor__ 45714,51788
__floordiv__ 32593,52794|45714,51899
__format__ 45714,52593
__ge__ 32593,22489|32593,30519|32593,30769|32593,30856|32593,33172|32593,34432|32593,59103|42816,479|45351,16187|45351,16293|45714,51651
__get__ 45714,53005
__getattr__ 25027,7752|34798,2351|37850,13245|37850,13442|43964,2903|45714,40035|45714,40824|45714,41272|45714,41789|45714,42134|45714,42165|45714,49845|45714,49886|45714,51000|45714,52654|46474,10407|46474,25786|46474,25879|46474,26425
__getattribute__ 34798,2398|43964,2950|45714,40231|45714,42276|45714,46464|45714,52691
__getitem 45714,15838|45714,15972|45714,16216|45714,16341
__getitem__ 23538,4883|23538,6400|23538,9453|23538,9480|23538,9730|23538,9788|23538,9857|32411,8674|32411,10309|32411,11671|32411,11788|32411,16508|32411,16531|32411,16684|32411,16730|34798,2219|39515,6158|39515,6268|39515,6286|39515,6549|39515,6579|39515,6718|39515,6941|39515,7156|39515,7179|39515,7411|39515,7539|39515,7604|39515,7714|39515,7871|39515,9083|39515,9127|39515,9772|39515,9809|39515,11151|39515,12331|40732,15370|40732,15537|40732,18686|43964,2771|44126,15700|44126,15880|45714,2004|45714,3669|45714,5954|45714,6315|45714,6439|45714,6519|45714,6566|45714,6765|45714,6861|45714,7136|45714,7200|45714,7362|45714,7386|45714,7410|45714,7435|45714,7920|45714,8277|45714,8613|45714,8992|45714,9503|45714,9550|45714,9916|45714,10018|45714,10081|45714,10462|45714,10955|45714,10995|45714,11036|45714,11080|45714,11517|45714,13083|45714,14402|45714,15074|45714,15098|45714,15122|45714,15146|45714,15170|45714,15202|45714,15226|45714,15250|45714,15274|45714,15298|45714,15322|45714,15346|45714,15465|45714,15578|45714,16187|45714,16856|45714,17760|45714,18209|45714,18408|45714,18431|45714,18454|45714,18477|45714,18500|45714,18523|45714,18546|45714,18620|45714,18898|45714,18977|45714,20157|45714,22248|45714,48197|45714,48244|45714,48610|45714,52735|45714,53507|45714,53689|45714,53884|45714,54007|46615,6158|46615,6268|46615,6286|46615,6549|46615,6579|46615,6718|46615,6941|46615,7156|46615,7179|46615,7411|46615,7539|46615,7604|46615,7714|46615,7871|46615,9083|46615,9127|46615,9772|46615,9809|46615,11151|46615,12331|48783,25798|48783,26584|48783,30058|48783,37994
__getstate__ 34270,21264
__getthreaddata 34493,86363|34493,115488|45259,86363|45259,115488
__global_unwind 34493,86421|34493,116300|45259,86421|45259,116300
__gnuc__ 20606,8354
__gnuc_minor__ 20606,8375
__gt__ 32593,22473|32593,28495|32593,28807|32593,28866|32593,29017|32593,29063|32593,29365|32593,29432|32593,29536|32593,29618|32593,29801|32593,29912|32593,30073|32593,30084|32593,30307|32593,30574|32593,33150|32593,34421|32593,37061|32593,37221|32593,37255|32593,37299|32593,37324|32593,37812|32593,37856|32593,38087|32593,38320|32593,38363|32593,39056|32593,39090|32593,39133|32593,39212|32593,41387|32593,41503|32593,46767|32593,46835|32593,58690|32593,61948|32593,62236|32593,62263|42816,544|45351,16123|45351,16229|45714,51635
__hash__ 37450,44532|37450,45113|37450,45240|37450,45505|42816,1808|45714,52605
__hdlsemhandl 34493,86479|34493,175825|45259,86479|45259,175825
__hex__ 32593,21701|45714,52491
__hookexitp 34493,86537|34493,175477|45259,86537|45259,175477
__ia 42892,46844|42892,47014|42892,47077|42892,47250|42892,47264|42892,47397
__iadd__ 32593,53979|32593,54226|32593,54520|32593,54738|32593,55527|32593,55547|32593,56079|32593,56603|32593,56754|32593,56974|32593,60054|45714,52240
__iand__ 32593,57093|45714,52353
__idiv__ 45714,52270
__idivmod__ 32593,57044|45714,52305
__ifloordiv__ 32593,57019|45714,52280
__imod__ 32593,57034|45714,52295
__imp__ 34493,86769|34493,86827|34493,86894|34493,86961|34493,87019|34493,87077|34493,87140|34493,87202|34493,87265|34493,87323|34493,87389|34493,87455|34493,87525|34493,87609|34493,87667|34493,87735|34493,87802|34493,87869|34493,87929|34493,87991|34493,88050|34493,88110|34493,88174|34493,88232|34493,88291|34493,88350|34493,88408|34493,88469|34493,88536|34493,88598|34493,88664|34493,88723|34493,88782|34493,88856|34493,88928|34493,89001|34493,89073|34493,89146|34493,89219|34493,89293|34493,89366|34493,89443|34493,89508|34493,89572|34493,89633|34493,89700|34493,89761|34493,89825|34493,89900|34493,89968|34493,90029|34493,90087|34493,90148|34493,90223|34493,90309|34493,90386|34493,90471|34493,90546|34493,90606|34493,90665|34493,90725|34493,90789|34493,90847|34493,90907|34493,90967|34493,98637|34493,98709|34493,98782|34493,98842|34493,98901|34493,98960|34493,99032|34493,99105|34493,99167|34493,99226|34493,99290|34493,99350|34493,99424|34493,99497|34493,99571|34493,99630|34493,99690|34493,99751|34493,99809|34493,99871|34493,99931|34493,99989|34493,100049|34493,100107|34493,100166|34493,100230|34493,100296|34493,100355|34493,100422|34493,100495|34493,100572|34493,100639|34493,100700|34493,100760|34493,100835|34493,100903|34493,100964|34493,101024|34493,101088|34493,101152|34493,101217|34493,101344|34493,101419|34493,101505|34493,101589|34493,101664|34493,101749|34493,101826|34493,167865|34493,167923|34493,167981|34493,168039|34493,168106|34493,168173|34493,168231|34493,168298|34493,168365|34493,168431|34493,168497|34493,168559|34493,168622|34493,168685|34493,168753|34493,168811|34493,168869|45259,86769|45259,86827|45259,86894|45259,86961|45259,87019|45259,87077|45259,87140|45259,87202|45259,87265|45259,87323|45259,87389|45259,87455|45259,87525|45259,87609|45259,87667|45259,87735|45259,87802|45259,87869|45259,87929|45259,87991|45259,88050|45259,88110|45259,88174|45259,88232|45259,88291|45259,88350|45259,88408|45259,88469|45259,88536|45259,88598|45259,88664|45259,88723|45259,88782|45259,88856|45259,88928|45259,89001|45259,89073|45259,89146|45259,89219|45259,89293|45259,89366|45259,89443|45259,89508|45259,89572|45259,89633|45259,89700|45259,89761|45259,89825|45259,89900|45259,89968|45259,90029|45259,90087|45259,90148|45259,90223|45259,90309|45259,90386|45259,90471|45259,90546|45259,90606|45259,90665|45259,90725|45259,90789|45259,90847|45259,90907|45259,90967|45259,98637|45259,98709|45259,98782|45259,98842|45259,98901|45259,98960|45259,99032|45259,99105|45259,99167|45259,99226|45259,99290|45259,99350|45259,99424|45259,99497|45259,99571|45259,99630|45259,99690|45259,99751|45259,99809|45259,99871|45259,99931|45259,99989|45259,100049|45259,100107|45259,100166|45259,100230|45259,100296|45259,100355|45259,100422|45259,100495|45259,100572|45259,100639|45259,100700|45259,100760|45259,100835|45259,100903|45259,100964|45259,101024|45259,101088|45259,101152|45259,101217|45259,101344|45259,101419|45259,101505|45259,101589|45259,101664|45259,101749|45259,101826|45259,167865|45259,167923|45259,167981|45259,168039|45259,168106|45259,168173|45259,168231|45259,168298|45259,168365|45259,168431|45259,168497|45259,168559|45259,168622|45259,168685|45259,168753|45259,168811|45259,168869
__imp___vtbl_ 34493,92927|34493,101278|45259,92927|45259,101278
__imp__closehandl 34493,91027|34493,103192|45259,91027|45259,103192
__imp__createsemaphorea 34493,91085|34493,102784|45259,91085|45259,102784
__imp__createthread 34493,91143|34493,102842|45259,91143|45259,102842
__imp__deletecriticalsect 34493,91201|34493,103316|45259,91201|45259,103316
__imp__entercriticalsect 34493,91263|34493,102244|45259,91263|45259,102244
__imp__filetimetodosdatetim 34493,91324|34493,102482|45259,91324|45259,102482
__imp__findclos 34493,91387|34493,102366|45259,91387|45259,102366
__imp__findfirstfilea 34493,91445|34493,102424|45259,91445|45259,102424
__imp__findnextfilea 34493,91503|34493,102545|45259,91503|45259,102545
__imp__getacp 34493,91561|34493,102070|45259,91561|45259,102070
__imp__getcommandlinea 34493,91677|34493,103680|45259,91677|45259,103680
__imp__getcpinfo 34493,91619|34493,101954|45259,91619|45259,101954
__imp__getenvironmentvariablea 34493,91735|34493,102719|45259,91735|45259,102719
__imp__getlasterror 34493,91800|34493,102603|45259,91800|45259,102603
__imp__getmodulefilenamea 34493,91858|34493,103436|45259,91858|45259,103436
__imp__getmodulehandlea 34493,91918|34493,103622|45259,91918|45259,103622
__imp__getoemcp 34493,91976|34493,102012|45259,91976|45259,102012
__imp__getstdhandl 34493,92034|34493,102186|45259,92034|45259,102186
__imp__gettickcount 34493,92092|34493,103378|45259,92092|45259,103378
__imp__initializecriticalsect 34493,92150|34493,103250|45259,92150|45259,103250
__imp__leavecriticalsect 34493,92216|34493,102305|45259,92216|45259,102305
__imp__messageboxa 34493,92277|34493,103738|45259,92277|45259,103738
__imp__multibytetowidechar 34493,92335|34493,103496|45259,92335|45259,103496
__imp__releasesemaphor 34493,92396|34493,103076|45259,92396|45259,103076
__imp__setthreadprior 34493,92454|34493,102900|45259,92454|45259,102900
__imp__sleep 34493,92512|34493,103018|45259,92512|45259,103018
__imp__terminatethread 34493,92570|34493,103134|45259,92570|45259,103134
__imp__unhandledexceptionfilt 34493,92628|34493,103557|45259,92628|45259,103557
__imp__virtualalloc 34493,92693|34493,102661|45259,92693|45259,102661
__imp__virtualfre 34493,92751|34493,101896|45259,92751|45259,101896
__imp__waitforsingleobject 34493,92809|34493,102958|45259,92809|45259,102958
__imp__writeconsolea 34493,92869|34493,102128|45259,92869|45259,102128
__imul__ 32593,56995|45714,52260
__index__ 45714,52500
__index_t__ 37424,1593|37424,1669|37424,1863|37424,1892|37424,2207|37424,2891|37424,3645|37424,3677|37424,7368|37424,8027
__init__ 19763,1007|19763,9281|20443,95|20443,427|20943,110|22897,8900|23353,175972|23538,2639|23538,2692|23538,2732|23538,2987|23538,4635|23538,5013|23538,5340|23538,5644|23538,6004|23538,6079|23538,7176|23538,7468|23538,7625|23538,7673|23538,7759|23538,7870|23538,8774|23538,14819|23538,15592|23538,16011|23538,16040|23538,17728|23538,18487|23538,19330|23538,19456|23538,21236|23538,21506|23538,22590|23538,23179|23538,23199|23538,24399|23538,24489|23538,25587|23538,26680|23538,27432|23538,27686|24241,1263|24447,874|24564,21655|24564,21786|24564,31197|24564,31261|24564,31436|26700,232|29111,653|32593,477|32593,1809|32593,2218|32593,2541|32593,2762|32593,2952|32593,3582|32593,3739|32593,3783|32593,3951|32593,3988|32593,4201|32593,6018|32593,6546|32593,7263|32593,9090|32593,57868|32593,61652|32593,62387|33745,9015|33745,9102|33959,365|34519,9532|34519,9711|34519,10885|34798,2014|34907,860|36148,2405|36148,10337|36148,11327|36148,11535|36148,11730|36682,377|37352,9495|37450,9506|37450,9559|37450,21743|37450,33835|37450,33906|37450,46192|37450,46755|37850,3984|37850,15540|37850,15570|37850,15655|37850,15803|37850,16829|37850,16856|37850,16952|37850,17069|37850,17156|37850,18837|37850,18911|37850,19212|37850,19264|37850,19439|37850,19483|37850,19532|37850,19624|37850,21644|37850,25311|37850,25346|37850,25769|37850,25919|37850,26215|37850,26381|37850,26453|37850,26476|37850,26578|37850,28065|37850,28165|37850,29613|37850,29646|37850,29975|37850,34251|37850,34340|37850,34404|37850,35891|37850,36009|37850,36750|37850,37985|37850,38042|37935,644|37935,1785|37935,1907|37935,2176|37935,2685|37935,2915|37935,3101|37935,3167|37935,3208|37935,3287|37935,3409|37935,3696|37935,4187|37935,4507|37935,4761|37935,4983|37935,7652|37935,7699|37935,7951|37935,9793|37935,11767|37935,15137|38719,436|39187,12511|39187,12548|39728,437|40294,420|40732,3470|40732,6398|40732,6542|40732,7876|40732,8121|40732,9000|40732,9084|40732,9807|40732,12525|40732,12573|40732,14254|40732,15304|40732,15632|40732,15765|40732,16368|40732,16991|40732,18854|40732,25843|40732,25984|40732,26935|40732,27254|40732,27449|40732,29142|40732,29283|40732,30573|40732,30765|40732,31923|40732,32113|40732,33673|40732,37431|41993,9359|41993,9492|42437,1486|42437,2075|42816,597|42892,1607|42892,2332|42892,3083|42892,3185|42892,3397|42892,4066|42892,4235|42892,4391|42892,4974|42892,5596|42892,6147|42892,6441|42892,7416|42892,8278|42892,8328|42892,8438|42892,8494|42892,8953|42892,9090|42892,9539|42892,9958|42892,10895|42892,10997|42892,11178|42892,11350|42892,12263|42892,12434|42892,12519|42892,12649|42892,12710|42892,12789|42892,12850|42892,12934|42892,12996|42892,13519|42892,13629|42892,14232|42892,14283|42892,14352|42892,17809|42892,17878|42892,20994|42892,22873|42892,23202|42892,25630|42892,31807|42892,36345|42892,38781|42892,45442|42892,45865|42892,49360|42892,50261|42892,50353|42892,51020|42892,52350|42892,52644|42892,55108|42892,55319|42892,55527|42892,56058|42892,56111|42892,56167|42892,56232|42892,57012|42892,57354|43964,2655|43964,4305|45351,1986|45351,2077|45351,2199|45351,2385|45351,3554|45351,3681|45351,3899|45351,5761|45351,8141|45351,8755|45351,8795|45351,9062|45714,3018|45714,23526|45714,23895|45714,25640|45714,34204|45714,36267|45714,36829|45714,38186|45714,43887|45714,44410|45714,44928|45714,45153|45714,45404|45714,45680|45714,45761|45714,46868|45714,47767|45714,53325|45714,54202|45714,55179|45714,56707|46474,4762|46474,12093|46474,16535|46474,27526|46474,27977|46474,28278|47751,3081|48783,17632|48783,18220|48783,18711|48783,21605|48783,21637|48783,22170|48783,22244|48783,22291|48783,22785|48783,27323|48783,27504|48783,27621|48783,28473|48783,30415|48783,30941|48783,36352|49514,2760|49769,1509|49800,1790|49800,3925|49800,3992|49800,4126|49800,5812|49800,7050|49800,16030|50623,510
__init__c 24241,1297|24241,3373|26373,1162|26373,1867|36682,410
__init__r 24241,2561
__init__ú 26373,1046
__init_rtl_critsect 34493,92993|34493,116416|45259,92993|45259,116416
__initi__ 36148,16450
__initsemaphoresi 34493,81750|34493,115952|45259,81750|45259,115952
__inlin 36045,4656
__int64 35671,25496|35671,27474|35671,27537|35671,27597
__int__ 32593,21659|32593,21755|32593,21901|32593,22208|32593,22277|45714,52449
__invert__ 45714,51765
__ior__ 32593,57103|45714,52363
__ipow__ 32593,57057|45714,52318
__irshift__ 32593,57080|45714,52340
__isemlockctr 34493,86595|34493,175651|45259,86595|45259,175651
__isemnestcount 34493,86653|34493,175767|45259,86653|45259,175767
__isemthreadid 34493,86711|34493,175709|45259,86711|45259,175709
__ismbblead 34493,93051|34493,117878|45259,93051|45259,117878
__isub__ 32593,56985|45714,52250
__iter__ 23295,46899|23353,117020|24564,16346|24564,16631|24564,17352|24564,21064|24564,21269|24564,21338|24564,21624|24564,21729|24564,22206|24564,22513|24564,22761|24564,22964|24564,23021|24564,23072|24564,23133|24564,23187|24564,23644|24564,23783|24564,23982|24564,24490|24564,25669|24564,25826|24564,26320|24564,26718|24564,27003|24564,27129|24564,27480|24564,27520|24564,27571|24564,27703|24564,27802|24564,28542|24564,31207|24564,31229|24564,31446|29111,790|32411,14141|32411,14780|32411,14926|32411,15280|32411,16074|32411,16380|32411,17710|32593,57534|34798,2316|37450,60311|38719,543|39728,544|40732,252|40732,1344|40732,2051|40732,2647|40732,4648|40732,4790|40732,5917|40732,5976|40732,6348|40732,6806|40732,7478|40732,7521|40732,7746|40732,8028|40732,8051|40732,8446|40732,8541|40732,9021|40732,9533|40732,9723|40732,9917|40732,10087|40732,10144|40732,10324|40732,10942|40732,11185|40732,11487|40732,11544|40732,11635|40732,12300|40732,12421|40732,12978|40732,13038|40732,13332|40732,15601|40732,15706|40732,16233|40732,19203|40732,21547|40732,22469|40732,22520|40732,22635|40732,22733|40732,25237|40732,25923|40732,26572|40732,26707|40732,27388|40732,28245|40732,29222|40732,29735|40732,30704|40732,31304|40732,32052|40732,32561|40732,33877|42437,19468|42437,19518|42437,19835|42437,19933|42437,25290|42437,29461|43964,2868|45714,18044|45714,18842|45714,19371|45714,47424|45714,52773|45714,53138|46474,526|48783,1837|48783,2565|48783,3308|48783,10444|48783,10886|48783,10963|48783,17724|48783,17746|48783,18086|48783,18601|48783,18770|48783,18967|48783,19876|48783,20540|48783,20693|48783,20915|48783,23946|48783,24378|48783,24491|48783,24692|48783,28067|48783,28248|48783,29829|48783,29920|48783,35617|48783,37363|48783,39624|50623,742
__itruediv__ 32593,57005
__ixor__ 32593,57112|45714,52372
__j_anewarray 34493,93109|34493,93143|34493,158943|34493,158977|45259,93109|45259,93143|45259,158943|45259,158977
__j_arraybound 34493,93182|34493,93216|34493,160418|34493,160452|45259,93182|45259,93216|45259,160418|45259,160452
__j_checkcast 34493,93257|34493,93291|34493,159115|34493,159149|45259,93257|45259,93291|45259,159115|45259,159149
__j_classinit 34493,93330|34493,160006|45259,93330|45259,160006
__j_local_unwind2 34493,93400|34493,159862|45259,93400|45259,159862
__j_new 34493,93474|34493,93508|34493,160493|34493,160527|45259,93474|45259,93508|45259,160493|45259,160527
__j_stringfix 34493,93541|34493,159936|45259,93541|45259,159936
__java_framehandl 34493,93611|34493,160649|45259,93611|45259,160649
__java_main 34493,93687|34493,103796|45259,93687|45259,103796
__jrtuse 34493,93745|34493,172222|45259,93745|45259,172222
__kernel__ 25313,11340|25313,11691
__lcmp 34493,81808|34493,114560|45259,81808|45259,114560
__ldiv 34493,81866|34493,114502|45259,81866|45259,114502
__le__ 32593,22481|32593,30508|32593,30599|32593,30682|32593,33165|32593,34413|32593,59026|42816,657|45351,16166|45351,16314|45714,51643
__len__ 22897,5966|22897,6152|22897,8832|22897,8957|32411,7951|32411,11583|32411,11776|32593,4303|32593,4406|32593,4586|32593,4670|32593,4878|32593,4925|32593,4949|32593,4990|32593,5368|32593,6079|32593,6118|32593,6228|32593,6318|32593,6644|32593,7276|32593,7574|32593,7601|32593,7628|32593,8129|32593,8383|32593,9151|32593,9190|32593,10325|32593,10421|32593,10632|32593,10776|32593,10862|32593,11245|32593,57929|32593,61330|34798,2024|37450,53666|37450,53771|43964,2665|45351,5771|45351,10711|45351,10781|45351,10840|45351,10957|45351,11152|45351,11765|45351,13103|45351,13141|45351,13204|45351,13305|45714,727|45714,807|45714,14810|45714,19819|45714,19861|45714,49674|45714,51041|45714,52726|48783,25789|48783,26329|48783,26670|48783,29985|48783,37739|48783,38080
__len__b 32593,7751
__libc_start_main 39411,54737
__lishift__ 32593,57067|45714,52327
__little_endian__ 31016,3194|31016,4922
__lmul 34493,81924|34493,114386|45259,81924|45259,114386
__local_except_handl 34493,93803|34493,116242|45259,93803|45259,116242
__local_unwind 34493,93861|34493,116358|45259,93861|45259,116358
__lshift__ 32593,52837|45714,51942
__lt__ 32593,22465|32593,22883|32593,22994|32593,23070|32593,23397|32593,23430|32593,23471|32593,23618|32593,23768|32593,23810|32593,23903|32593,25282|32593,25329|32593,25364|32593,25408|32593,25440|32593,25539|32593,25834|32593,25867|32593,25913|32593,26057|32593,26092|32593,26735|32593,27073|32593,27115|32593,27326|32593,27583|32593,27636|32593,27691|32593,27805|32593,27986|32593,28216|32593,28285|32593,28986|32593,29098|32593,29166|32593,29288|32593,29404|32593,29468|32593,29678|32593,29701|32593,29994|32593,30055|32593,30102|32593,30296|32593,30562|32593,33143|32593,33613|32593,34405|32593,35133|32593,35885|32593,35994|32593,36016|32593,36964|32593,37501|32593,37534|32593,37575|32593,37916|32593,37939|32593,37988|32593,38649|32593,38677|32593,38718|32593,38740|32593,41054|32593,41098|32593,41212|32593,46404|32593,46577|32593,58433|32593,61707|32593,62301|42816,720|45351,16102|45351,16250|45714,51627
__m128 47983,2388
__m128d 47983,2480
__m256 47983,1113
__m256d 47983,1214
__macosx 20120,78|20120,168|22937,78|22937,164|23083,174|31208,78|31208,168|31800,78|31800,164|32146,286|33448,174
__main_ 38771,5751
__main__ 19754,41104|19763,10376|20340,41104|20845,6968|20845,8213|20845,10852|22777,25457|22777,25610|22897,4360|22897,4505|23516,12148|23516,27582|23516,36514|23516,47356|23516,59044|23538,24134|23538,28126|23538,29295|23538,31004|24732,12538|24732,13435|24732,13538|24732,14223|24732,14439|24732,21707|25027,18631|25027,18643|25027,20588|25276,24431|25276,24535|27597,8104|28108,7489|30124,7686|30897,8124|32593,5766|32593,18269|32593,18548|35653,7471|37850,18219|38806,1371|41384,25192|41993,4607|41993,4753|42892,5127|42892,5161|42892,5216|42892,17856|42892,18103|42892,18234|42892,18429|42892,18639|42892,18723|42892,18846|42892,18940|42892,19107|42892,19222|42892,19866|42892,48851|42892,49622|42892,49865|42892,50756|42892,50793|42892,50837|44805,24444|44805,24548|45351,17239|45517,24550|45517,24839|47207,4298|47966,3823|47966,4289|47966,4393|47966,4767|47966,5248|47966,5761|47966,14320|47966,14483|47966,16016
__main__ú 26373,3681
__mbctype 34493,93919|34493,174780|45259,93919|45259,174780
__mbschr 34493,93977|34493,117530|45259,93977|45259,117530
__missing__ 23538,4843|23538,5675|23538,5755|23538,6497|23538,6690|23538,6774|23538,8485|23538,8592|45714,20369|45714,20490|45714,20635|45714,20989|45714,40938|45714,52811
__missing___ 23538,8036
__mod__ 32593,52808|45714,51913
__module__ 42892,17842|42892,18069|42892,18290|42892,20114|42892,48836
__module__ú 24241,2139|26373,1433|36682,1039
__mro__ 23538,1840|23538,1946|23538,2167|23538,30462|25027,8423|25027,8523|25027,9478|25027,9848|25027,10212|25027,11020|25027,11234|25027,11532|25027,11588|25027,12079|25027,12131|25027,13157|25027,13824|25027,15480|25027,15531|25027,15585|25027,16833|25027,16880|25027,16927|25027,16997|25027,17067|25027,17467|25027,20221|25027,20324|25027,20375|25027,20429|25027,21021|25027,23151|25027,23176|25027,23415|25027,26162
__mul__ 32411,10828|32593,52772|42816,770|45351,19370|45351,19511|45714,51877
__name__ 19754,41091|20340,41091|20845,6955|20845,8200|20845,10839|22777,25444|22777,25597|22897,4347|22897,4492|23516,12135|23516,27569|23516,36501|23516,47343|23516,59031|24732,12525|24732,13116|24732,14186|24732,14426|24732,21694|25276,24418|25276,24522|27597,8091|28108,7476|30124,7673|33745,3480|33745,4912|33745,7684|33745,9247|35653,7458|35714,7486|37850,18206|38806,1358|41384,25179|41993,4594|41993,4740|42892,18221|42892,18385|42892,18612|42892,18626|42892,18819|42892,18833|42892,19080|42892,19094|42892,19604|42892,19853|43444,17448|44805,24431|44805,24535|45517,24537|45517,24826|46474,17033|46474,17237|47207,4285|47966,3798|47966,3957|47966,4099|47966,4198|47966,4567|47966,4745|47966,5235|47966,5748|47966,14307|47966,14470|47966,16003
__name__ú 24241,2129|26373,1423|36682,1029
__ne__ 32593,22505|32593,31068|32593,31181|32593,31247|32593,31320|32593,31621|42816,826|45351,15715|45351,15798|45714,51667
__neg__ 32593,53067|32593,53164|32593,59180|45714,51747
__new__ 38771,7598|38771,7804|45351,2550
__next_ 45714,53151
__next__ 23353,117038|24564,16651|24564,16684|24564,21073|24564,21278|24564,21664|24564,21978|24564,27815|24564,28015|24564,28137|24564,28408|24564,31274|24564,31461|32411,14627|32411,15442|32593,57547|34798,2326|40732,1357|40732,2678|40732,5930|40732,6079|40732,6117|40732,6442|40732,7014|40732,7967|40732,8258|40732,8797|40732,8826|40732,9238|40732,10212|40732,12711|40732,15641|40732,16001|40732,19253|40732,22766|40732,26205|40732,27218|40732,27671|40732,29429|40732,30980|40732,32276|40732,36040|42437,29609|43964,2878|45714,18057|45714,19385|45714,47437|46474,539|48783,1850|48783,2578|48783,2894|48783,3321|48783,10547|48783,10899|48783,11004|48783,11170|48783,17786|48783,17891|48783,18247|48783,18271|48783,18650|48783,18850|48783,18945|48783,18986|48783,19310|48783,19483|48783,19992|48783,20713|48783,20746|48783,20982|48783,21072|48783,24020|48783,24088|48783,24124|48783,24427|48783,24571|48783,24670|48783,24711|48783,28170|48783,28295|48783,29910|48783,29965|48783,34423|48783,37462|48783,37500|48783,39637|48783,40815|50623,808
__nonozero__ 45714,52615
__oct__ 32593,21692|45714,52482
__opti_stosd 34493,94035|34493,118752|45259,94035|45259,118752
__or__ 32593,52870|44126,15250|45714,51975
__osmod 34493,94093|34493,172976|45259,94093|45259,172976
__osver 34493,94151|34493,172744|45259,94151|45259,172744
__pgmptr 34493,94209|34493,172628|45259,94209|45259,172628
__pos__ 32593,59259|45714,51738
__pow__ 32593,52829|42816,877|45714,51934
__pycache__ 25288,172|26700,95|26700,201|39871,2706|42624,208|44964,77|44964,165
__qualname__ 42892,17823|42892,20098
__qualname__r 24241,2151|36682,1051
__qualname__ú 26373,1445
__r 20953,28825
__radd_ 32593,48649
__radd__ 32411,10738|32593,42063|32593,47983|32593,48051|32593,48158|32593,48677|32593,49008|32593,49101|32593,49254|32593,49378|32593,49461|32593,49673|32593,49771|32593,50042|32593,50135|32593,50260|32593,50343|32593,50526|32593,50555|32593,50586|32593,51539|32593,51655|32593,52240|32593,52296|32593,52347|32593,52619|32593,52941|32593,59864|39515,3768|42816,924|45351,18758|45714,52025|46615,3768
__rand__ 45714,52143
__rdivmod__ 45714,52094
__releasesemaphor 34493,81982|34493,116068|45259,81982|45259,116068
__repr__ 23538,4828|23538,5206|23538,6245|23538,6329|23538,8023|23538,8076|23538,8353|23538,8403|23538,28677|23538,28962|23538,29086|23538,29224|23538,29508|23538,30562|23538,30683|23538,30814|30897,8236|32593,17323|32593,17794|32593,17882|32593,18447|32593,18608|32593,18837|32593,18868|32593,18969|32593,19390|32593,20658|32593,58064|34798,2051|35053,30429|35053,30607|35053,30855|35053,31690|35053,31766|35053,31788|37850,4660|37850,4743|37850,4855|37850,5175|37850,5282|37850,38779|37935,3013|37935,15822|37935,15900|37935,16281|37935,16380|37935,16475|38875,19940|40732,16581|40732,19567|43964,2692|45351,5802|45351,17506|45351,17832|45714,52570|48783,22410|48783,23580|48783,27587|48783,29688|48783,37222|49800,5340
__repr___ 37850,4815
__repr__method 32593,17976
__reversed__ 32411,17674|45714,879|45714,906|45714,52783|48783,25829|48783,26048|48783,30207|48783,40898|48783,41082
__rfloordiv__ 45714,52069
__rlshift__ 45714,52117
__rmod__ 45714,52084
__rmul__ 32411,10843|32593,52961|42816,996|45351,19714|45714,52045
__ror__ 45714,52153
__round__ 45714,51777
__rpow__ 42816,1074|45714,52107
__rrshift__ 45714,52130
__rshift__ 32593,52849|45714,51954
__rsub__ 32593,52951|42816,1122|45351,18892|45714,52035
__rtruediv__ 45714,52055
__rxor__ 45714,52162
__semerr 34493,94267|34493,115140|45259,94267|45259,115140
__set__ 45714,53014
__set__item 45714,13100
__set_errno 34493,82040|34493,119100|45259,82040|45259,119100
__set_nt_errno 34493,82098|34493,119042|45259,82098|45259,119042
__setargv 34493,94325|34493,115256|45259,94325|45259,115256
__setattr_ 45714,43660
__setattr__ 23538,21924|23538,22236|23538,22648|23538,22703|23538,23544|23538,23596|23538,23658|23538,23709|23538,23760|23538,23817|23538,24083|23538,24573|23538,24889|23538,25030|23538,25221|23538,25394|23538,25724|23538,25944|23538,26124|23538,26247|23538,26423|23538,26882|23538,26937|23538,27786|23538,27808|23538,27830|23538,27852|23538,28075|23538,31154|25027,21127|34798,2364|37850,4589|37850,4670|37850,5009|37850,5187|37850,5294|37850,5368|37850,5501|37850,28858|43964,2916|45714,40112|45714,42415|45714,42469|45714,42619|45714,42768|45714,42816|45714,42958|45714,43138|45714,43365|45714,43611|45714,43843|45714,44159|45714,44209|45714,44766|45714,44994|45714,45191|45714,45231|45714,45372|45714,45931|45714,52667|45714,56908
__setenvp 34493,94383|34493,117066|45259,94383|45259,117066
__setitem__ 23538,9919|23538,9983|23538,10045|32411,9016|32411,10394|34798,2232|40732,15341|40732,18976|43964,2784|45714,2061|45714,11382|45714,11888|45714,11941|45714,12328|45714,12430|45714,12514|45714,12756|45714,12850|45714,12876|45714,13183|45714,20170|45714,21347|45714,22261|45714,48677|45714,48730|45714,49117|45714,52748
__setmbcp 34493,94441|34493,118984|45259,94441|45259,118984
__sse2__ 31016,12923|31016,13077|47983,2296|47983,3239
__str__ 20443,732|23295,35451|23538,931|23538,28296|23538,28489|23538,28578|23538,28689|23538,28804|23538,28851|23538,28974|23538,29098|23538,29247|23538,29520|23538,29721|23538,29961|23538,30385|23538,30574|23538,30695|23538,30826|23538,30949|23538,31220|24241,1372|29111,856|32593,17336|32593,17469|32593,17605|32593,17728|32593,18460|32593,19378|32593,19865|32593,19934|32593,20016|32593,20229|32593,20390|32593,20718|32593,20875|32593,58159|33959,546|34798,2043|37450,46306|37450,47070|37850,15828|37850,16278|37850,17280|37850,17319|37850,18921|37850,20236|37850,22626|37850,25363|37850,26791|37850,26912|37850,31139|37850,31206|37850,31276|37850,31315|37850,31534|37850,31564|37850,31600|37850,31697|37850,31834|37850,31883|37850,31916|37850,32015|37850,32049|37850,33062|37850,33101|37850,33270|37850,33403|37850,33476|37850,33503|37850,38155|37850,38440|37935,3000|37935,14547|37935,14571|37935,14635|37935,14835|37935,15018|37935,15112|37935,15192|37935,15253|38719,609|39728,610|40294,768|40732,16825|40732,19854|42816,1197|43964,2684|43964,4675|45714,3100|45714,10101|45714,47845|45714,52561|49800,5264|49800,6054|49800,9411|50623,863
__str__c 24241,1399
__sub__ 32593,52763|32593,53115|32593,53327|42816,1333|45351,18818|45714,51868
__szsemprefix 34493,94499|34493,175941|45259,94499|45259,175941
__tab_siz 34493,94557|34493,172512|45259,94557|45259,172512
__thderr 34493,94615|34493,115430|45259,94615|45259,115430
__thread1 34493,94673|34493,173556|45259,94673|45259,173556
__thread_init 34493,94731|34493,115372|45259,94731|45259,115372
__truediv__ 32593,52781|45714,51886
__trunc__ 32593,21710|45714,52511
__uldiv 34493,82156|34493,114444|45259,82156|45259,114444
__unicode__ 45714,52580
__value_t__ 20327,971|20327,1806|20327,1906|20327,1931|20327,1968|20327,2036|20327,2055|20327,2117|20327,2448|37424,1556|37424,1655|37424,1811|37424,1834|37424,2109|37424,2155|37424,8008
__vedbtr_createservicethread 34493,94789|34493,116706|45259,94789|45259,116706
__vsnprintf_chk 39411,35706|39411,37209
__vtbl_ 34493,19508|34493,19585|34493,19673|34493,19749|34493,19810|34493,19879|34493,19958|34493,20037|34493,20109|34493,20184|34493,20270|34493,20345|34493,20420|34493,20498|34493,20575|34493,20663|34493,20739|34493,20801|34493,20867|34493,94849|34493,94907|34493,94974|34493,95041|34493,95099|34493,95157|34493,95220|34493,95282|34493,95345|34493,95403|34493,95469|34493,95535|34493,95593|34493,95661|34493,95719|34493,95786|34493,95853|34493,95911|34493,96004|34493,96062|34493,160994|34493,169800|34493,169916|34493,170032|34493,170151|34493,170279|34493,170404|34493,170523|34493,170651|34493,170776|34493,170894|34493,171020|34493,171144|34493,171260|34493,171381|34493,171502|34493,171741|34493,171861|34493,171987|34493,172103|45259,19508|45259,19585|45259,19673|45259,19749|45259,19810|45259,19879|45259,19958|45259,20037|45259,20109|45259,20184|45259,20270|45259,20345|45259,20420|45259,20498|45259,20575|45259,20663|45259,20739|45259,20801|45259,20867|45259,94849|45259,94907|45259,94974|45259,95041|45259,95099|45259,95157|45259,95220|45259,95282|45259,95345|45259,95403|45259,95469|45259,95535|45259,95593|45259,95661|45259,95719|45259,95786|45259,95853|45259,95911|45259,96004|45259,96062|45259,160994|45259,169800|45259,169916|45259,170032|45259,170151|45259,170279|45259,170404|45259,170523|45259,170651|45259,170776|45259,170894|45259,171020|45259,171144|45259,171260|45259,171381|45259,171502|45259,171741|45259,171861|45259,171987|45259,172103
__waitsemaphor 34493,82214|34493,116010|45259,82214|45259,116010
__wargv 34493,96123|34493,173382|45259,96123|45259,173382
__weakref__ 20443,3516|29111,1478|33959,1316|38719,1061|39728,1057|40294,1876|42816,1702|42892,17761|42892,20081|50623,1490
__wenviron 34493,96181|34493,173904|45259,96181|45259,173904
__wenvptr 34493,96239|34493,173092|45259,96239|45259,173092
__win32_faterr 34493,96297|34493,118926|45259,96297|45259,118926
__win32_stderrmsg 34493,96355|34493,118868|45259,96355|45259,118868
__winmajor 34493,96413|34493,172918|45259,96413|45259,172918
__winminor 34493,96471|34493,172860|45259,96471|45259,172860
__winver 34493,96529|34493,172802|45259,96529|45259,172802
__wpgmptr 34493,96587|34493,172686|45259,96587|45259,172686
__xc_a 34493,96645|34493,167517|45259,96645|45259,167517
__xc_z 34493,96703|34493,167575|45259,96703|45259,167575
__xi_a 34493,96761|34493,167401|45259,96761|45259,167401
__xi_z 34493,96819|34493,167459|45259,96819|45259,167459
__xor__ 32593,52878|45714,51983
__xp_a 34493,96877|34493,167633|45259,96877|45259,167633
__xp_z 34493,96935|34493,167691|45259,96935|45259,167691
__xt_a 34493,96993|34493,167749|45259,96993|45259,167749
__xt_z 34493,97051|34493,167807|45259,97051|45259,167807
_a 19292,4419|39458,16165|44918,21989
_absolute_ 41216,8828|41216,26772
_afx_no_ole_resourc 19692,1033|19692,11404|20376,1033|20376,11586|24095,1033|24095,11404|24272,1033|24272,11586|33861,1033|33861,11735|36018,1033|36018,11586|36036,1033|36036,11586|38966,1033|38966,11735|40868,990|40868,11216|41487,1033|41487,11735|46322,1033|46322,11735
_afx_no_property_resourc 19692,1119|19692,11470|20376,1119|20376,11652|24095,1119|24095,11470|24272,1119|24272,11652|33861,1119|33861,11801|36018,1119|36018,11652|36036,1119|36036,11652|38966,1119|38966,11801|40868,1074|40868,11280|41487,1119|41487,11801|46322,1119|46322,11801
_afx_no_splitter_resourc 19692,987|19692,11368|20376,987|20376,11550|24095,987|24095,11368|24272,987|24272,11550|33861,987|33861,11699|36018,987|36018,11550|36036,987|36036,11550|38966,987|38966,11699|40868,945|40868,11181|41487,987|41487,11699|46322,987|46322,11699
_afx_no_tracker_resourc 19692,1074|19692,11435|20376,1074|20376,11617|24095,1074|24095,11435|24272,1074|24272,11617|33861,1074|33861,11766|36018,1074|36018,11617|36036,1074|36036,11617|38966,1074|38966,11766|40868,1030|40868,11246|41487,1074|41487,11766|46322,1074|46322,11766
_afxdll 21183,1363|21183,1469|21183,1665|21183,1710|21183,2339|21183,2454|21183,2646|21183,2691|26098,1915|26098,7035|26098,12155|26616,384|26616,645|33688,1363|33688,1469|33688,1661|33688,1706|33688,2335|33688,2450|33688,2642|33688,2687|33891,384|33891,645|36583,1363|36583,1469|36583,1665|36583,1710|36583,2339|36583,2454|36583,2646|36583,2691|38935,376|38935,651|39724,376|39724,651|42301,1363|42301,1469|42301,1661|42301,1706|42301,2335|42301,2450|42301,2642|42301,2687|51011,1915|51011,7035|51011,12155
_all_ 23119,819|23119,1328|24359,3900|24895,2478|26011,3029
_always_ 31742,29297
_amer 26588,6435
_an 21122,1865
_and_ 24895,2031
_and_clion 35197,6447
_any_ 19515,2054|24350,10742|38009,725|44716,3764
_arch 28127,4898
_are_ 30173,5791|30173,7023|30173,8079|46043,2191
_article_ 34749,2183
_assignment1 48512,113
_at 46043,9664
_at_ 29373,567
_au2__xt_val_glob 42846,153082
_avx 24202,1226
_b 32122,718|32122,816|32122,1165|32122,1278|32122,1506|32122,1630|40076,704|40076,802|40076,1151|40076,1264|40076,1492|40076,1616
_be_ 30173,2834
_begin 38197,11461|38197,11523
_bi 20159,66822
_bin 37450,46225|37450,46821|37450,47053|37450,47110|37450,47136|37450,47390|37450,48750|37450,48819|37450,48999|37450,49293|37450,49362|37450,49593|37450,49667|37450,49742|37450,50063|37450,50224|37450,50414|37450,50602|37450,50644|37450,51010|37450,51244|37450,51406|37450,51977|37450,52093|37450,52126|37450,52324|37450,52471|37450,52909|37450,53222|37450,60350
_bin_of 37450,50359|37450,50944|37450,52920|37450,53233|37450,60775
_binary_entryother_start 35651,436
_binary_initcode_start 35651,472
_board 45565,14411|45565,14514|45565,14620|45565,14826|45565,14891|45565,15037|45565,15102|45565,15237|45565,15366|45565,21331|45565,21434|45565,21540|45565,21746|45565,21811|45565,21957|45565,22022|45565,22157|45565,22286|45565,31157|45565,31260|45565,31366|45565,31572|45565,31637|45565,31783|45565,31848|45565,31983|45565,32112
_both 24895,1995
_bss 34493,2015|45259,2015
_bt 19419,2157
_buf 42846,360915|42846,360955
_builder 45565,16074|45565,16258|45565,16431|45565,23033|45565,23217|45565,23390|45565,32890|45565,33074|45565,33247
_buildgametre 45565,17575|45565,24534|45565,34391
_bus_16_bit_ 31941,810
_c 26426,12614|26426,12925|26426,12973
_c__f 42892,47478
_c__ia 42892,46904|42892,47468|42892,47645|42892,47765
_cach 46474,12146|46474,12216|46474,12249|46474,12376|46474,12462|46474,14186|46474,14223|46474,14303|46474,14367|46474,14426
_call 45714,27757|45714,27915|45714,27967|46474,4815|46474,4928|46474,5067|46474,5116|46474,5571|46474,6004|46474,6262|46474,7912|46474,7969|46474,9041|46474,9098|46474,9271|46474,9390|46474,10073
_call__ 45714,26828
_calloc 34493,97109|34493,117936|45259,97109|45259,117936
_can_ 28078,5102
_cc 26426,8631|26426,8669|26426,8751|26426,8844|26426,8899|26426,8920|26426,8944|26426,8963|26426,8987|26426,9038|26426,9088|26426,9116|26426,9162|26426,9234|26426,9280|26426,9336
_class_attr 42892,26250
_cleantre 45565,27481|45565,37323
_cleanup 42846,358931|42846,359171|42846,360483|42846,360793
_closehandl 34493,78354|34493,166160|45259,78354|45259,166160
_clown 19189,169
_clown_image_data 31373,159
_clusteranalysis2018pdf 31645,139
_cnt 42846,242005
_code 37450,21831|37450,22321
_collect 22897,11339|22897,11476|22897,11586|22897,11648|22897,12543|22897,12680|22897,12790|22897,12870|22897,13680|22897,13764|22897,14811|22897,14870|41993,11979|41993,12103|41993,12220|41993,12279|41993,13288|41993,13412|41993,13529|41993,13606|41993,14671|41993,14752|41993,15849|41993,15909
_collection_ 25659,11761|31622,11478|32665,12589
_comment 25564,270|28788,275|38965,222
_compon 45351,8982|45351,11029|45351,11191|45351,14048|45351,17888
_computer_vision_ericsudderth 31645,207
_container_ 39302,1120
_content_ 39302,1051
_convex_ 48876,885
_coord 32593,3227
_count 19763,9311|19763,9367|19763,9400|19763,9469|22897,8933|22897,8996|22897,9057|22897,9148|22897,14116|34519,9741|34519,9797|34519,9830|34519,9888|34519,9941|34519,10737|34519,10755|34519,10954|34519,11408|41993,9526|41993,9596|41993,9674|41993,9766|41993,15130|42846,360739|42846,360840|42846,360925|42846,361025|42846,361146
_creat 20159,27982
_create_test_song 22897,12811|22897,12900|22897,13701|22897,14774|41993,13550|41993,13644|41993,14692|41993,15811
_createsemaphorea 34493,78424|34493,165645|45259,78424|45259,165645
_createthread 34493,78499|34493,165720|45259,78499|45259,165720
_crt_no_deprec 31016,3119
_crt_secure_no_deprec 31016,4882
_cybersecurity_john_brock 31645,243
_cyclic 36693,347
_d0lfkiut2m 22547,178|29101,178|30926,178|49486,178
_data 34493,772|45259,772
_data_science_final_lectur 31645,275
_databases_michael_carey 31645,309
_dataset1 31373,179
_dataset2 31373,195
_dataset3 31373,211
_date_ 34749,2176
_debug 19692,5139|20376,5015|21183,2313|21183,2428|21183,2512|21183,2570|21183,2634|21183,2679|21824,2312|21824,2414|21824,2485|21824,2543|21824,2607|21824,2639|23793,376|23793,521|23793,636|23793,1013|24095,5139|24272,5015|24850,2311|24850,2413|24850,2484|24850,2542|24850,2606|24850,2638|25538,371|25538,515|25538,629|25538,1000|30540,660|30540,771|30540,850|33688,2309|33688,2424|33688,2508|33688,2566|33688,2630|33688,2675|33861,5547|34234,2311|34234,2413|34234,2484|34234,2542|34234,2606|34234,2638|35685,2312|35685,2414|35685,2485|35685,2543|35685,2607|35685,2639|36018,5015|36036,5015|36583,2313|36583,2428|36583,2512|36583,2570|36583,2634|36583,2679|38966,5547|39584,2312|39584,2414|39584,2485|39584,2543|39584,2607|39584,2639|40868,4857|41487,5547|42148,376|42148,521|42148,636|42148,1013|42301,2309|42301,2424|42301,2508|42301,2566|42301,2630|42301,2675|42337,2312|42337,2414|42337,2485|42337,2543|42337,2607|42337,2639|45042,2244|45042,2345|45042,2415|45042,2472|45042,2535|45042,2566|46322,5547
_default_factori 23538,6161|23538,6302|23538,6730|23538,6864
_delet 45714,46898|45714,46961|45714,47121
_deletecriticalsect 34493,78570|34493,166322|45259,78570|45259,166322
_diagonal_ 24350,885
_differences_ 41216,8761|41216,26703
_distanc 42892,53623|42892,53755|42892,54043
_do_ 20829,1461|20961,2167|23050,1371
_does_ 46043,27416
_down 48854,4544
_dragonpheonixai 19237,157|20629,158|23270,221|25063,221|25581,221|25914,249|26908,221|29104,158|31033,227|31493,157|31955,158|35950,221|40270,227|42360,158|43391,157|43471,157|44154,243|44265,157|44713,158|44825,221|45444,158|48227,157|49704,227|50895,243
_dual 24350,5712
_each_ 36523,1417
_ear_ 24350,5328
_edata 34493,97167|34493,175245|45259,97167|45259,175245
_edges_ 24350,18337
_end 34493,97225|34493,176057|38197,11438|45259,97225|45259,176057
_end_ 20159,91949|20159,94142
_entercriticalsect 34493,78654|34493,164735|45259,78654|45259,164735
_env 26426,18047|26426,18111|26426,18129|28218,916|28218,2422|28218,2524|45425,556
_eof 42846,360592|42846,361109
_eppstein 25669,32953
_epsilon 41658,28
_err 42846,360585|42846,361074
_errno 34493,97283|34493,173614|45259,97283|45259,173614
_evaluate_result 37450,21961|37450,22428|37450,22530|37450,22614|37450,23222
_exactly_ 42891,5773
_exit 34493,97341|34493,114850|45259,97341|45259,114850|45714,33073|45714,33407|45714,33532|45714,33627|45714,33690
_exitprocess 34493,78736|34493,167114|45259,78736|45259,167114
_expect 26426,7870|26426,8120|26426,8192
_f 19270,799|19270,894|19270,993|19270,1096|19270,1192|19270,1314|19270,1409|19270,1508|19270,1611|19270,1707|19616,863|19616,939|19616,1153|20159,72243|23500,558|23500,627|23500,866|26426,13714|26426,13805|26426,13904|26426,14003|26426,14088|26426,15948|26426,15980|26426,16031|26426,16101|26426,16133|26426,16184|26426,16258|26426,16301|26426,16429|26426,16446|26426,16493|26426,16516|26426,18339|26426,18380|26426,18438|26426,18975|26426,19016|26426,19074|26426,19640|26426,19683|26426,20067|26426,20092|26426,20304|26426,20350|27089,1239|28218,1078|28218,1309|28218,1544|28218,1750|28218,1998|28218,2620|28218,2900|28218,3184|28218,3439|28218,3813|30543,686|30543,781|30543,880|30543,983|30543,1079|30543,1424|30543,1611|30543,1802|30543,1997|30543,2185|32436,576|32436,648|32436,887|33745,9134|33745,9244|33745,9320|38835,845|38835,921|38835,1184|40039,576|40039,648|40039,887|42892,45914|42892,45986|42892,47023|45714,24965|45714,25672|45714,25836|45714,26647|46474,4794|46474,4961|46474,5497|46474,6037|46474,12125|46474,12304|46474,16567|46474,17030|46474,17118|46474,17234|46474,25940|46474,25972|46474,26147|46474,26204|46474,26559|46474,27565|46474,27675
_f_ 20159,72506|20159,107942
_f_name 46474,27586|46474,27713
_false_ 20159,83973
_fd 42846,360719|42846,360906
_fdg 42544,98|42544,128
_fe_dfl_env 34493,78806|34493,173498|45259,78806|45259,173498
_feb20_cybersecur 47443,101
_feb6_clust 47443,128
_filbuf 42846,242099
_filetimetodosdatetim 34493,78864|34493,165040|45259,78864|45259,165040
_findclos 34493,78949|34493,164899|45259,78949|45259,164899
_findfirst 34493,97399|34493,117704|45259,97399|45259,117704
_findfirstfilea 34493,79017|34493,164967|45259,79017|45259,164967
_findnext 34493,97457|34493,117762|45259,97457|45259,117762
_findnextfilea 34493,79090|34493,165125|45259,79090|45259,165125
_five 34187,3214
_fix_index 45714,4331|45714,4608|45714,4741|45714,4847|45714,5020|45714,5191|45714,5259|45714,5397|45714,5468|45714,5892|45714,5921|45714,6695|45714,8920|45714,8977|45714,9235|45714,9679|45714,9763|45714,9794|45714,12078|45714,12170|45714,12201|45714,13409|45714,13493|45714,13524|45714,16619|45714,19178|45714,19484|45714,47923|45714,48373|45714,48457|45714,48488|45714,48867|45714,48959|45714,48990|45714,49363|45714,49447|45714,49478
_flag 42846,361064|42846,361099
_flsbuf 42846,242107
_focal 45372,315
_fooyyybar_ 20159,58067
_free 24350,10492|34493,97515|34493,117472|45259,97515|45259,117472
_freeenvironmentstringsa 34493,79162|34493,166783|45259,79162|45259,166783
_g 50264,1728
_g117 43384,1453
_g123 36947,981
_game 45565,17336|45565,24295|45565,34152
_gameicon 20120,201|31208,201
_gaussian_mixture_templ 37373,173
_gen 24564,22396|24564,22667|24564,22892|24564,24984|24564,25173|24564,25249
_gener 47435,2301
_getacp 34493,79250|34493,164527|45259,79250|45259,164527
_getcommandlinea 34493,79383|34493,167259|45259,79383|45259,167259
_getcpinfo 34493,79315|34493,164392|45259,79315|45259,164392
_getcurrentthreadid 34493,79457|34493,166545|45259,79457|45259,166545
_getdefaultlocal 37450,35174
_getenvironmentstr 34493,79535|34493,166940|45259,79535|45259,166940
_getenvironmentvariablea 34493,79619|34493,165556|45259,79619|45259,165556
_getitem 45714,53912
_getlasterror 34493,79708|34493,165341|45259,79708|45259,165341
_getmodulefilenamea 34493,79779|34493,166623|45259,79779|45259,166623
_getmodulehandlea 34493,79858|34493,167184|45259,79858|45259,167184
_getoemcp 34493,79933|34493,164460|45259,79933|45259,164460
_getprocaddress 34493,80000|34493,165268|45259,80000|45259,165268
_getstdhandl 34493,80073|34493,164664|45259,80073|45259,164664
_gettickcount 34493,80144|34493,166474|45259,80144|45259,166474
_getvers 34493,80215|34493,166871|45259,80215|45259,166871
_gnu_sourc 28127,7314
_h 23913,5330
_hidden 24564,4893|24564,4971|24564,16961|48783,10390|48783,10510|48783,10539|48783,10741|48783,10761|48783,11547|48783,11643|48783,12626|48783,13020|48783,13442|48783,13510|48783,13680|48783,16648|48783,38887|48783,38959|48783,39079
_histogram 40732,14301|40732,14546|40732,14670|40732,14708|40732,15453|40732,15813|40732,15894|40732,16127|40732,16309|40732,19039|40732,19134|40732,19338|40732,19370|40732,21597|40732,21648|40732,22562|40732,22682
_histori 45714,43772|45714,43917|45714,44269|45714,44392|45714,44436|45714,44679|45714,44810|45714,44882|45714,44960|45714,45432|45714,45505|45714,46152|45714,46239
_hw 35501,739|37733,739
_hw1_2019 28694,131|28694,147
_hw2_2019 28694,163|28694,179
_hw3_2019 28694,195|28694,211
_hw4_logistic_2019 28694,227
_hw5_2019 28694,252|28694,268
_hw6_2019 28694,284|28694,300
_hw6_materi 28694,316
_hypertext 20159,45090
_i 19179,4181|48010,5870
_i_ 43878,815
_ia 42892,45895|42892,45945|42892,45979|42892,47007
_icnt 42846,242038|42846,242082|42846,242156
_id 22857,950
_ignor 45714,34256|45714,34416|45714,34445|45714,34547|45714,34650
_in 26426,3079|26426,3303|26426,3350|26426,3363|26426,3525|26426,3591|26426,3657|26426,3723|26426,3789|26426,3883|26426,4102|26426,4330|26426,4372|26426,4406|26426,4431|26426,4453|26426,4487|26426,4512|26426,4534|26426,4693|26426,4921|26426,4963|26426,4997|26426,5022|26426,5044|26426,5078|26426,5103|26426,5125|26426,5289|26426,5529|26426,5582|26426,5935|26426,6167|26426,6220|26426,6412|26426,6637|26426,6679|26426,6718|26426,6866|26426,7083|26426,7187|26426,7282|26426,7483|26426,7623|26426,7683|26426,7740|26426,7915|26426,8146|26426,8211|26426,8413|26426,8875|28006,2167|28078,48039|30219,1008|30219,1395|30219,1546|34695,1021|38193,654
_in_ 44716,2252|44716,2407
_indent 46474,16668|46474,16898|46474,17082|46474,17179|46474,17217|46474,17308
_index 20159,60926
_inform 49290,1286
_initializecriticalsect 34493,80284|34493,166230|45259,80284|45259,166230
_introduction_to_data_sci 31645,340
_inversive_geometry_ 43779,6395
_io 29972,4339|29972,4419|29972,9790|42560,792
_is_ 24895,2730
_is_ord 37112,14573|37112,14800|37112,15802
_is_ordr 37112,17385
_iter 23295,46918|40732,25883|40732,26032|40732,26114|40732,26281|40732,26424|40732,26446|40732,26652|40732,27310|40732,27508|40732,27607|40732,27899|40732,28125|40732,28147|40732,28325|40732,29182|40732,29331|40732,29371|40732,29481|40732,29555|40732,29606|40732,29663|40732,29815|40732,30626|40732,30876|40732,31032|40732,31171|40732,31384|40732,31974|40732,32172|40732,32328|40732,32471|40732,32641
_itoa 34493,97573|34493,118636|45259,97573|45259,118636
_j 19179,4233|20074,3332|20074,3401|49254,2336|49254,2789|49254,2843
_j_classinit 34493,93364|34493,160040|45259,93364|45259,160040
_j_local_unwind2 34493,93434|34493,159896|45259,93434|45259,159896
_j_stringfix 34493,93575|34493,159970|45259,93575|45259,159970
_jan23rd_databas 47443,151
_jan31st_naturallanguag 47443,176
_java_framehandl 34493,93645|34493,160683|45259,93645|45259,160683
_k 24350,7406|24350,7552|24350,7852|24350,7991
_l 49254,2604|50264,1672
_labelset3 31373,227
_late_ 30173,8752
_leavecriticalsect 34493,80376|34493,164817|45259,80376|45259,164817
_lecture1_introduct 31271,113
_lecture2_basic_concept 31271,142
_lecture3_document_classif 31271,173
_lecture4_document_classification_part2 31271,213
_lecture5_word_embeddings_and_rnn 31271,259
_lecture6_project_overview 31271,300
_lecture7_evaluation_method 31271,334
_lecture8_clustering_algorithm 31271,369
_lecture_final_report 31271,407
_lecture_progress_report 31271,436
_left 24463,681|24463,1085|24463,1188|26426,15031|26426,15135|26426,15168|30576,681|30576,1085|30576,1188|32310,945|32310,1060|34695,1211|34695,1326|40176,667|40176,1001|40176,1104|47343,667|47343,1001|47343,1104
_len 37450,46370|37450,46848|37450,51164|37450,51392|37450,51677|37450,52180|37450,52334|37450,53807
_length_ 38009,1702
_lft 37450,46923|37450,51420
_link_ 49088,12297
_live_ 20159,100877
_loadlibrarya 34493,80458|34493,165197|45259,80458|45259,165197
_log_fil 45714,36869|45714,37265|45714,37488|45714,38531
_logic 45565,17243|45565,24202|45565,27349|45565,34059|45565,37191
_looks_ 20932,3422
_lord 42846,266813
_lot_ 34548,20744
_lsprof 37450,35854
_mac 19692,4927|19692,5900|20376,4803|20376,5807|24095,4927|24095,5900|24272,4803|24272,5807|33861,5335|33861,6327|36018,4803|36018,5807|36036,4803|36036,5807|38966,5335|38966,6327|40868,4655|40868,5619|41487,5335|41487,6327|46322,5335|46322,6327
_machine_learn 31645,376
_main 34493,97631|34493,114966|45259,97631|45259,114966
_maincrtstartup 34493,97689|34493,114618|45259,97689|45259,114618
_malloc 34493,97747|34493,117298|45259,97747|45259,117298
_manual 23917,501|37534,523
_map 25315,1138
_mar6_bigdata_econom 47443,207
_marguli 44393,10000
_mathematical_models_ 37223,1870
_matt_harding_bigdata_iza_fin 31645,169
_max 41658,66
_max_pip 37935,3483|37935,5732|37935,6103|37935,6145|37935,6558|37935,9054|37935,9417|37935,9508|37935,9588|37935,9897|37935,11746|37935,11906|37935,12127|37935,15878|49800,4204|49800,4463|49800,4621|49800,5389
_max_tim 40732,27346|40732,28341|40732,30662|40732,30926|40732,31119|40732,31400
_max_times_left 40732,27557|40732,27712|40732,27745|40732,28014|40732,28073
_memcpi 34493,97805|34493,117646|45259,97805|45259,117646
_memmov 34493,97863|34493,117588|45259,97863|45259,117588
_memset 34493,97921|34493,118810|45259,97921|45259,118810
_messageboxa 34493,80529|34493,167333|45259,80529|45259,167333
_messages_ 45370,1032|46169,729
_mgr 45714,32927|45714,33013|45714,33087|45714,33164|45714,33413|45714,33633
_min 41658,100
_mint 22629,89|22629,190|22630,111|26882,111|27420,97|27420,206|28516,111|28773,222|40379,206|40896,111|41209,131|41845,111|48239,230|50105,101|50105,214
_mm 34661,842
_mm256_add_p 47983,1408
_mm256_broadcast_ 47983,1655
_mm256_castp 47983,2018
_mm256_castps256_ps128 47983,1961
_mm256_div_p 47983,1359
_mm256_hadd_p 47983,1507
_mm256_loadu_p 47983,1708
_mm256_mul_p 47983,1310
_mm256_permute2f128_p 47983,1904
_mm256_setzero_p 47983,1606
_mm256_store_ 47983,1757
_mm256_store_p 47983,1806
_mm256_storeu_p 47983,1855
_mm256_sub_p 47983,1557
_mm_add_p 47983,2698
_mm_and_p 47983,3085
_mm_andnot_p 47983,3128
_mm_cmpneq_p 47983,3042
_mm_div_p 47983,2655
_mm_hadd_p 47983,1458
_mm_load1_p 47983,2827
_mm_loadu_p 47983,2870
_mm_max_p 47983,2569
_mm_mul_p 47983,2612
_mm_set_ 47983,2956
_mm_setzero_p 47983,2784
_mm_shuffle_p 47983,2999
_mm_store_ 47983,2913
_mm_store_p 47983,3171
_mm_storeu_p 47983,3214
_mm_sub_p 47983,2741
_mnist_2s_and_6 19452,135
_modulu 23538,3613|26411,836|26411,1352|26411,2132|37850,17196|37850,17350|37850,17731|37850,17875|37850,27407|37850,27563|37850,30008|37850,30147|37850,30442|37850,31346|37850,31767|37850,33128|37850,34264|37850,34432
_more_ 29324,2403|49303,2514
_mouth_ 24350,5284
_move_count 45565,16651|45565,16899|45565,17086|45565,17677|45565,23610|45565,23858|45565,24045|45565,24636|45565,27386|45565,33467|45565,33715|45565,33902|45565,34493|45565,37228
_msc_ver 20606,3031|20606,8846
_multibytetowidechar 34493,80597|34493,166702|45259,80597|45259,166702
_must_ 46043,26443
_my_ 24895,1093|47435,793
_name 32122,639|32122,1087|40076,625|40076,1073|41316,654|41316,1022|41316,1074|41915,675|41915,1120|41915,1172
_name_ 36177,1770
_need 24895,4846
_never 42846,71538
_next 40732,15972|40732,16042|40732,16143|40732,16172
_nextpart_01cc8135 19954,67|19954,366|19954,2354|19954,2548|19954,2741|19954,7173|19954,7376|19954,11373|19954,11590
_nice_ 46043,335|46043,2684
_nmake_v 51159,244|51159,354|51159,465|51159,598|51159,729|51159,860|51159,995|51159,1131|51159,1215|51159,1299|51159,1386|51159,1473|51159,1559|51159,1645|51159,1731|51159,1817|51159,2113
_no_ 19341,1539
_normal_ 22923,12386
_not_ 29324,3529|34548,11768
_note 20455,9605
_numbers_ 46043,21750
_o 49088,34229|49088,34554|49088,34592|50264,1700
_o_ 49088,34598
_ocnt 42846,242051|42846,242088|42846,242162
_odd_ 28078,996
_of 50519,3062
_one_ 46043,15218|49088,12097
_other 23460,41581
_out_nod 37623,3642
_p 40283,3771|48428,1420|48428,3907|48428,6333|48428,6360|48428,6410|48428,6433|48428,7107|48428,7274|48428,7295|48428,7322|48428,7349|48428,7373|48428,7605|48428,7663|48428,7775|48428,8116|48428,8316|48428,8916|48428,9117
_painted_ 38009,2701
_particular_ 29324,1369|49303,643
_percent 26856,19648
_perfect_tetrahedron_ 46043,8435
_philosoph 24464,129904
_pip 37935,3549|37935,5743|37935,6719|37935,6763|37935,6883|37935,6952|37935,8996|37935,9359|37935,9439|37935,9843|37935,9864|37935,11061|37935,11653|37935,11731|37935,12522|37935,12610|37935,12637|37935,12713|37935,12876|37935,13050|37935,13421|37935,13551|37935,13670|37935,13798|37935,13826|37935,14330|37935,14361|37935,14617|49800,4274|49800,4405|49800,4556|49800,4827|49800,4917|49800,4946|49800,5005|49800,5138|49800,5210|49800,5238|49800,5312
_plist 45714,3057|45714,3140|45714,4664|45714,6095|45714,6154|45714,6682|45714,8720|45714,9197|45714,9666|45714,9855|45714,11312|45714,11631|45714,12065|45714,12255|45714,13396|45714,13582|45714,17025|45714,17159|45714,17471|45714,47781|45714,47804|45714,47818|45714,47885|45714,48360|45714,48549|45714,48854|45714,49044|45714,49350|45714,49536|45714,49793|45714,49946|45714,49982|45714,50104|45714,50565|45714,51116
_plot_gauss_paramet 37373,204
_polyhedral_models_ 37223,1903
_predic 40732,32010|40732,32222|40732,32401|40732,32657
_principal_ 24350,5154
_proceed 45697,11427
_program_ 25388,942
_ptr 42846,360812|42846,360943
_q 46024,2490|46024,2676
_quartic_ 46043,14649
_rand48 21579,138
_rand48_se 46097,394|46097,457
_rational_ 36523,3882
_read_clown_imag 19189,182
_real_print 45714,36970|45714,37140|45714,37218|45714,37537
_realloc 34493,97979|34493,117356|45259,97979|45259,117356
_rehash 37450,51444|37450,51880|37450,51936|37450,52536
_rel_ 36177,1690
_releasesemaphor 34493,80678|34493,166011|45259,80678|45259,166011
_replac 32518,1181|38771,8681|38771,8738|38771,8922|38771,9038|38771,9234|38771,9487|40654,5648|40654,5673|40654,6379|43532,3511|43532,3595|46699,12356
_require_ 24895,2648|36601,905|46169,1656
_reset 46474,9340
_retriev 20159,60736
_right 24463,708|24463,1119|24463,1218|26426,15071|26426,15150|26426,15184|30576,708|30576,1119|30576,1217|32310,972|32310,1087|34695,1238|34695,1353|40176,694|40176,1035|40176,1133|47343,694|47343,1035|47343,1133
_roll_count 37935,3590|37935,5755|37935,7036|37935,7064|37935,7134|37935,7168|37935,8969|37935,9241|37935,9272|37935,11045|37935,12242|37935,12348|37935,12441|37935,13348|49800,4319|49800,4374|49800,4681|49800,4744|49800,5063
_rtlunwind 34493,80753|34493,166406|45259,80753|45259,166406
_run 45565,16717|45565,17617|45565,23676|45565,24576|45565,27222|45565,33533|45565,34433|45565,37069
_s 23913,5035|35501,765|37733,765
_same_ 49303,922
_sample_matlab_cod 31373,244
_sample_python_cod 31373,266
_sbrk 34493,98037|34493,120519|45259,98037|45259,120519
_scanf 42846,297434
_sci 26588,6062
_scientif 26588,5922
_second_ 20159,110949|20159,111156
_see 46043,45777
_seemed_ 49511,1372
_sent_mail 49323,4098
_setthreadprior 34493,80964|34493,165791|45259,80964|45259,165791
_setup 37450,21870|37450,22222
_should_ 20829,1347|20829,1499|20961,2054|20961,2204|23050,1258|23050,1408
_show_debug_trac 27229,12527
_sides_ 34548,21155
_sleep 34493,81040|34493,165947|45259,81040|45259,165947
_snjregistermodul 34493,80821|34493,157459|45259,80821|45259,157459
_snjrunmain 34493,80896|34493,157534|45259,80896|45259,157534
_spie 45697,11319
_squared_ 41216,2441
_sse2 24202,1167
_start 24187,8221|24187,8972|35651,352|35651,418|35651,506|35651,620|35651,1984|35651,4051|35651,4089|35651,4466|35651,4626|35651,5330|35651,8283|35651,8397|35651,8422|39411,54985|45067,18304|45067,40825|45067,40981|45565,44686
_stat5_clusteranalysis2017 47136,165
_stat5_guassianmixtur 47136,196
_state_ 40195,956
_std_vedbtr_endservicethread 34493,22725|34493,116767|45259,22725|45259,116767
_strcat 34493,98095|34493,117820|45259,98095|45259,117820
_strchr 34493,98153|34493,117240|45259,98153|45259,117240
_strcpi 34493,98211|34493,117124|45259,98211|45259,117124
_strdup 34493,98269|34493,117414|45259,98269|45259,117414
_strlen 34493,98327|34493,117182|45259,98327|45259,117182
_subformula 30730,528|30730,824|30730,888|32310,1172|34695,1438|50559,542|50559,908|50559,972
_supposed_ 46043,27550
_symbol 26551,3007|32495,2680
_sysatexit 34493,98385|34493,157602|45259,98385|45259,157602
_sysexit 34493,98452|34493,157669|45259,98452|45259,157669
_t 20159,108111|20159,108186
_t_ 20159,70373
_talli 40732,14201|40732,14516|40732,15017|40732,17507
_terminatethread 34493,81104|34493,166086|45259,81104|45259,166086
_text 34493,84|34493,176191|34493,176337|34493,176573|34493,181267|34493,181553|34493,182075|34493,183715|34493,184001|34493,184275|34493,185913|34493,186239|34493,186507|34493,191337|34493,191615|34493,191892|34493,192388|34493,196650|34493,196856|34493,203015|45259,84|45259,176191|45259,176337|45259,176573|45259,181267|45259,181553|45259,182075|45259,183715|45259,184001|45259,184275|45259,185913|45259,186239|45259,186507|45259,191337|45259,191615|45259,191892|45259,192388|45259,196650|45259,196856|45259,203015
_the 42846,266309|42846,266925
_the_questor_tapes_ 42846,10603
_the_texbook_ 21661,2810|24391,2810|30051,2810|33575,2810|39094,2810
_theori 45697,11624
_thoma 47681,5156
_through 28078,5363
_tilings_and_patterns_ 37223,1946
_time 37450,21910|37450,22165|40732,30824|40732,31096|40732,31234
_titl 37450,22000|37450,23536
_top 35942,778|35942,836
_trace 46474,16588|46474,16694|46474,16769|46474,16869|46474,17153
_tree 42846,266289
_triangulation_ 24350,1017
_twice_ 38009,4742
_ugly_ 46043,17163
_un_fortun 46043,13743
_unhandledexceptionfilt 34493,81178|34493,167024|45259,81178|45259,167024
_uuid_t 35671,14732
_v 22299,603|22299,1474|22299,1600|22299,1788|22299,1825|24463,834|24463,1320|24463,1446|24463,1634|24463,1671|26426,11929|26426,11943|26426,12577|26426,12828|26426,12842|26426,14344|26426,14495|26426,14534|26426,14602|26426,15229|26426,15243|30576,834|30576,1319|30576,1445|30576,1633|30576,1670|34595,563|34595,664|34595,747|34595,892|34595,929|38738,926|38738,995|38738,1064|38738,1125|38738,1207|38738,1272|41915,784|41915,1272|41915,1398|41915,1586|41915,1623|50559,663|50559,1083|50559,1209|50559,1397|50559,1434
_val_ 36177,1796
_valu 23538,3459|23538,3518|23538,3577|25178,556|25977,584|25977,883|25977,936|26130,721|26130,1236|26130,1336|26411,413|26411,429|26411,786|26411,928|26411,945|26411,1295|26411,1518|26411,1534|26411,1832|26411,1901|26411,2013|26426,11799|26426,11867|26426,11886|37850,15715|37850,15888|37850,15920|37850,16003|37850,16028|37850,16123|37850,16144|37850,16226|37850,16263|37850,20090|37850,20312|37850,20389|37850,20472|37850,20539|37850,22093|37850,26331|37850,26623|37850,26875|37850,27168|37850,27289|37850,27359|37850,28075|37850,28312|37850,29712|37850,30136|37850,30419|37850,33821|37850,34071|37850,34182|37850,36590|37850,36660|37850,37737|38835,607|44870,704|44870,1219|44870,1319|45714,33155|45714,33255
_variabl 25178,532|25178,674|26130,697|26130,827|26130,1200|26130,1303|26130,1418|26130,1482|38835,583|38835,725|44870,680|44870,810|44870,1183|44870,1286|44870,1401|44870,1465
_verions_ 27971,666|34749,2433
_version 39511,1245
_version_ 26551,1639|26551,1734|26551,2301|26551,2874|26551,3189|27971,851|27971,1191|27971,1453|32495,1616|32495,1712|32495,2537|32495,2867|32495,3090|32495,3237|32495,3347|32495,5033|34749,2613|34749,2946
_virtualalloc 34493,81268|34493,165412|45259,81268|45259,165412
_virtualfre 34493,81339|34493,164322|45259,81339|45259,164322
_virtualprotect 34493,81409|34493,165483|45259,81409|45259,165483
_vital 44940,160
_vl_binsum_ 37424,1643
_vl_cummax_ 20327,1794
_vl_det_hessian_respons 23540,1049|30790,1173|38668,2745|38668,7492
_vl_dog_respons 23540,1088|30790,1212|38668,3130|38668,7870
_vl_dsift_alloc_buff 23540,1119|30790,1243|33496,1598|33496,2402
_vl_dsift_free_buff 23540,1156|30790,1280|33496,1396|33496,2634
_vl_dsift_new_kernel 23540,1192|30790,1316|33496,1160|33496,2747
_vl_dsift_normalize_histogram 23540,1226|30790,1350|33496,1294|33496,2987
_vl_dsift_update_buff 23540,1269|30790,1393|33496,1481|33496,3246|50160,1878|50160,3636
_vl_dsift_with_flat_window 23540,1317|30790,1441|33496,2102|33496,3316
_vl_dsift_with_gaussian_window 23540,1357|30790,1481|33496,2002|33496,3441
_vl_enlarge_buff 23540,1401|30790,1525|38668,1319|38668,8217
_vl_harris_respons 23540,1434|30790,1558|38668,2929|38668,8416
_vl_resize_buff 23540,1468|30790,1592|38668,1202|38668,8905
_vl_scalespace_fill_octav 23540,1500|27770,3046|27770,3732|30790,1624
_vl_scalespace_start_octave_from_imag 23540,1545|27770,3173|27770,4042|30790,1669
_vl_scalespace_start_octave_from_previous_octav 23540,1602|27770,3344|27770,4454|30790,1726
_vl_sift_smooth 23540,1669|30790,1793|47331,1683|47331,3707
_vl_svm_update_statist 23540,1697|27092,7035|27092,7282|30790,1821
_vl_x86cpu_info_init 20606,6402
_vl_x86cpu_info_to_string_copi 20606,6454
_vlcovdet 19146,1350|23897,992|23897,1381|23897,1438|23897,1499|23897,1574|23897,1629|23897,1729|23897,1793|23897,1866|25187,1225|25580,1227|26336,1229|26702,1464|26764,1446|27122,1792|27122,6783|27122,16163|32305,1235|34478,1349|34618,1229|36699,1342|36880,1127|38668,1129|39540,1114|40448,1110|45316,1344|46642,1331|49373,1313|49775,1242
_vlfilemeta 49373,1150
_vlhikmnod 42027,1114|42027,1273
_vlmserextrreg 49373,1542
_vlmserfilt 49373,1627
_vlmserreg 49373,1049
_vlmserstat 49373,1108
_vlmxoption 49373,1662
_vlvectorcomparisontyp 24880,1016|30790,1858|45166,2635|45166,2732|45166,6768
_vtbl_ 34493,19483|34493,19549|34493,19637|34493,19725|34493,19786|34493,19847|34493,19927|34493,20005|34493,20085|34493,20149|34493,20235|34493,20321|34493,20383|34493,20473|34493,20539|34493,20627|34493,20715|34493,20777|34493,20837|34493,95953|34493,161036|45259,19483|45259,19549|45259,19637|45259,19725|45259,19786|45259,19847|45259,19927|45259,20005|45259,20085|45259,20149|45259,20235|45259,20321|45259,20383|45259,20473|45259,20539|45259,20627|45259,20715|45259,20777|45259,20837|45259,95953|45259,161036
_vti_cnf 19725,154|19920,30|19920,68|21348,263|22704,30|22704,68|22988,30|22988,68|25071,350|25753,181|27783,229|28988,480|30253,30|30253,68|30287,403|31620,30|31620,68|36110,30|36110,68|36418,30|36418,68|36692,305|38447,303|38709,30|38709,68|38949,30|38949,68|39152,235|39577,30|39577,68|41040,30|41040,68|41612,30|41612,68|41625,30|41625,68|42712,291|48838,555|49730,238
_waitforsingleobject 34493,81482|34493,165867|45259,81482|45259,165867
_who_ 30173,3210|30173,4222
_win 28078,3170|28078,59825|28078,60249|34384,5996|34384,6116|40706,304|40706,7970
_win32 19692,567|19692,652|19692,1243|19692,11564|20376,567|20376,652|20376,1243|20376,11746|24095,567|24095,652|24095,1243|24095,11564|24272,567|24272,652|24272,1243|24272,11746|33861,567|33861,652|33861,1243|33861,11895|36018,567|36018,652|36018,1243|36018,11746|36036,567|36036,652|36036,1243|36036,11746|38138,1490|38966,567|38966,652|38966,1243|38966,11895|40868,549|40868,631|40868,1195|40868,11371|41487,567|41487,652|41487,1243|41487,11895|46322,567|46322,652|46322,1243|46322,11895
_window 21183,1349|21183,1455|21183,2325|21183,2440|21824,1373|21824,1466|21824,2324|21824,2426|23793,388|24850,1397|24850,1490|24850,2323|24850,2425|25538,383|26098,1901|26098,7021|26098,12141|26616,370|30540,281|30540,667|33688,1349|33688,1455|33688,2321|33688,2436|33891,370|34234,1397|34234,1490|34234,2323|34234,2425|35685,1373|35685,1466|35685,2324|35685,2426|36583,1349|36583,1455|36583,2325|36583,2440|38935,362|39584,1373|39584,1466|39584,2324|39584,2426|39724,362|42148,388|42301,1349|42301,1455|42301,2321|42301,2436|42337,1373|42337,1466|42337,2324|42337,2426|45042,1331|45042,1423|45042,2256|45042,2357|51011,1901|51011,7021|51011,12141
_windows_ 35671,27049
_within_ 31742,8864
_without_ 49088,18122
_writeconsolea 34493,81562|34493,164592|45259,81562|45259,164592
_x 19179,4731|38806,379
_y 19179,4772|38806,437
_ywiec 23070,3842
_zip 32146,183|32146,199
