달걀형호박 36993,5250
달도미 36993,1872|36993,3448
달라 36663,2906
달라진다 27445,36396
달리 19406,36211|25899,22030|25899,22411|27445,37339|43111,21039|49792,26555
달리기 45326,7664|45326,7701
달리기와 45326,6622
달리기의 35316,237
달리기중에 27798,28432
달리하면 43111,25423
달릴 37097,31878
달릴때 42032,4705
달빛 38161,2094|38161,2112|38161,2172
달성수등의 36663,10855
달성하지 51013,13636
달성한 51013,13758
달성한다 51013,13283|51013,13367
달에 38161,1098|38161,1113
달인 23733,4244|23733,4319|23733,5544|23733,5602|23733,6633|23733,6699|23733,8034|23733,12196|23733,12311|23733,12560|23733,12651|23733,12939|23733,12995|23733,13247|23733,13365|23733,17614|23733,17700|23733,18866|23733,18927|23733,21143|23733,21202|23733,22724|23733,22776|23733,23352|23733,26035|23733,26130|23733,26416|23733,26481|23733,27429|23733,27486|23733,27796|23733,27859|23733,32463|23733,32521|23733,32632|23733,35999|23733,36120|23733,37349|23733,37419|26754,4013|26754,5055|26754,5115|26754,5923|26754,10329|26754,10444|26754,10691|26754,11021|26754,11079|26754,11279|26754,15193|26754,16231|26754,18379|26754,19751|26754,19803|26754,22941|26754,23134|26754,23185|26754,23310|26754,23372|26754,24283|26754,24342|26754,24564|26754,26982|26754,28726|26754,28791|26754,28890|26754,30019|26754,30082|26754,32146|26754,33293|26774,4233|26774,5256|26774,5336|26774,6323|26774,10410|26774,10525|26774,10783|26774,11105|26774,11161|26774,11358|26774,11459|26774,16329|26774,18530|26774,19882|26774,19932|26774,22965|26774,23067|26774,23186|26774,23238|26774,23362|26774,23425|26774,24225|26774,24282|26774,24495|26774,26983|26774,28719|26774,28784|26774,28882|26774,30010|26774,30071|26774,32031|26774,33207|26774,33268|31242,3567|33119,4267|33119,5338|33119,5397|33119,6298|33119,10510|33119,10625|33119,10885|33119,11217|33119,11274|33119,11479|33119,11594|33119,16373|33119,16433|33119,18524|33119,18582|33119,19951|33119,20002|33119,23065|33119,23257|33119,23309|33119,23432|33119,23493|33119,24375|33119,24429|33119,24648|33119,27098|33119,28889|33119,28946|33119,30217|33119,30279|33119,32278|33119,32394|33119,33417|45326,4381|45794,1781|45794,1853|45794,2033|45794,2081|45794,2154|47038,4108|47038,5009|47038,5067|47038,5933|47038,5997|47038,9882|47038,9999|47038,10260|47038,10583|47038,10639|47038,10880|47038,10992|47038,14821|47038,14880|47038,15873|47038,18169|47038,19438|47038,19488|47038,22485|47038,22678|47038,22730|47038,22818|47038,22901|47038,23838|47038,23895|47038,24110|47038,26518|47038,28255|47038,28318|47038,28420|47038,29630|47038,29691|47038,31587|47038,31679|47038,32747|51013,8378
달인랜스 19406,21963
달인뱃지 31242,3551
달인보우건 24789,17687
달인블레이드 21815,24243
달인소드 33645,20906
달인의반지 51013,13738
달인의해골 19406,12587|19406,21644|19406,31142|21239,3827|21239,3865|21239,5390|21239,5414|21815,30763|23733,14346|23733,19695|23733,23367|23733,24984|25030,4243|25030,4302|25030,7822|25030,7870|27445,19665|33013,8416|33013,11516|36760,906|36760,974|38917,12963|43998,4265|43998,4289|47038,11813|47038,16735|49792,4504|49792,22308
달인주 33013,6860|45794,2029
달인코인g 19406,22212|21815,24478|23733,34645|23733,34735|24789,31003|26754,30576|27445,27494|31242,2789|31242,2897|31242,4620|33119,30768|33119,31092|33119,31211|38917,28813|39826,3189|39826,4716|39826,8851|47038,30417
달인티켓 19406,22018|19406,31316|21815,24299|23733,23464|23733,26850|24789,17804|26754,20515|26754,23770|26754,23885|26774,20490|26774,23729|26774,23842|27445,27298|27445,33954|31242,1460|31242,1566|31242,1661|31242,2165|31242,2283|33119,20650|33119,23790|33119,23904|33645,20961|38917,29991|39826,701|47038,20023|47038,23325|47038,23442
달인해머 27445,27243
