청각보호 23733,2233|23733,2296|23733,5551|23733,5621|23733,6274|23733,6341|23733,8628|23733,11280|23733,11377|23733,13320|23733,13388|23733,17621|23733,17673|23733,18499|23733,18568|23733,20637|23733,20700|23733,22545|23733,22608|23733,26423|23733,26490|23733,27803|23733,27866|23733,30664|23733,30731|23733,31750|23733,31819|23733,32978|23733,33039|23733,33878|23733,33942|23733,35047|23733,35153|23733,36999|23733,37067|23733,37356|23733,37426|26754,2088|26754,5062|26754,5132|26754,5652|26754,9526|26754,11365|26754,15203|26754,15955|26754,17956|26754,19561|26754,22082|26754,23326|26754,23396|26754,24574|26754,27150|26754,28097|26754,29160|26754,30033|26754,30104|26754,31387|26754,32989|26754,33348|26774,2242|26774,2310|26774,5271|26774,5371|26774,5976|26774,6041|26774,9623|26774,11404|26774,11505|26774,15183|26774,15235|26774,16013|26774,16080|26774,18133|26774,18194|26774,19699|26774,22128|26774,23369|26774,23432|26774,24505|26774,27179|26774,27245|26774,28103|26774,29183|26774,29244|26774,30024|26774,30095|26774,31151|26774,31270|26774,33214|26774,33275|33119,2298|33119,2367|33119,5345|33119,5414|33119,6021|33119,9304|33119,9502|33119,11548|33119,11615|33119,15290|33119,15339|33119,16053|33119,18053|33119,19760|33119,22213|33119,23448|33119,23517|33119,24658|33119,27288|33119,27344|33119,28244|33119,28304|33119,29388|33119,29448|33119,30231|33119,30301|33119,31481|33119,33427|35316,2624|35316,2692|35316,6095|35316,8026|35316,8778|35316,9985|35316,10190|45326,1778|45794,5520|45794,5597|45997,14022|45997,14245|45997,16272|45997,16468|45997,21368|45997,26909|47038,2241|47038,5016|47038,5084|47038,5643|47038,8928|47038,10947|47038,11013|47038,14828|47038,14887|47038,15576|47038,17690|47038,19250|47038,21651|47038,21760|47038,22832|47038,22917|47038,24120|47038,26723|47038,26787|47038,27627|47038,28752|47038,28811|47038,29644|47038,29713|47038,30766|47038,32463|47038,32528|47038,32757
청괴조갑각 23733,4199|24789,4308|26754,3967|26774,4187|27445,15237|33119,4220|37097,4249|38917,15628|45794,2052|47038,4062
청괴조견각 23733,21107|25899,4970|25899,5000|26754,18408|26774,18559|27445,15404|33119,18486|37097,12178|38917,15654|47038,18198
청괴조비늘 23733,5215|25899,4705|26754,3954|26774,4174|27445,15245|27798,6102|38917,15544|39826,1892|47038,4049
청괴조상린 23733,17136|26754,18396|26774,18547|27445,15412|38917,15574|47038,18186
청괴조중각 23733,32426|24789,24206|25899,5159|26754,28696|26774,28692|27445,15610|33119,28862|37097,18279|38917,15681|39826,8623|47038,28235
청괴조후린 24789,37555|25899,5330|26754,28688|26774,28684|27445,15599|37097,29485|38917,15601|47038,28227
청귀 27798,18712|33645,22990
청룡도 21815,17832|21815,18061|21815,18267|49792,18574
청새치 21239,1948|21815,24675|21815,24828|21815,32358|23733,27243|25899,6572|25899,6702|25899,6838|25899,18813|26774,24111|27445,6204|33013,5203|38917,9401|39826,3642|43998,3186|43998,3239|43998,5940
청색 25899,193|39826,390
청색으로 36663,5638
청소에 28259,631|28259,1463
청소해주기 36663,11961
청얀쿡 38161,900|38917,15566|51013,16879
청얀쿡포 37097,4154
청엽 49792,10736
청조 51013,4281
청풍조 27798,13622
청화룡중각 26774,33171|33119,33434
청화룡후린 26774,33179|33119,33442
