입니다 31242,3746|43111,479
입력 43111,19872|45997,25240
입력시는 25899,21116
입력에서는 43111,22935
입력으로 27445,36289|27445,36692
입력하는 33645,31859
입력하면 19406,35063|45997,25231
입력하면서 27798,28354
입력한 43111,20647
입수 28259,269|33013,1678|33013,1768|33013,11854|33013,11875|36663,13546|36993,2920|36993,3635|36993,4334|36993,5451|36993,6163|38917,8686|38917,8755|38917,8826|38917,8862|38917,19121|38917,29072|38917,29110|38917,29142|38917,29196|38917,29230|38917,29514|38917,29570|38917,29748|38917,31697|38917,33004|38917,33146|38917,33205|38917,33265|38917,33324|38917,33373|38917,33415|38917,33488|51013,12013|51013,17375
입수可 23733,13484|23733,13574
입수가 51013,9820|51013,9865|51013,9907|51013,9949|51013,9993|51013,10039|51013,10101|51013,10160|51013,10202|51013,10244|51013,10287|51013,10379|51013,10435|51013,10490|51013,10545|51013,10601|51013,10723|51013,10778|51013,10834|51013,10888|51013,10944
입수가능 38917,86|38917,7833|38917,8905|38917,9745|38917,10371|38917,11478|38917,11880|38917,19116|38917,27554|38917,28214|38917,28960|38917,30678|38917,31469
입수곤란한 51013,14615
입수는 33013,3499
입수방법 21033,6689|38917,81|38917,7828|38917,8900|38917,9740|38917,10366|38917,11473|38917,11875|38917,19111|38917,27549|38917,28209|38917,28955|38917,30673|38917,31464|38917,31708
입수방법에 38917,32909
입수방법으로는 38917,33515
입수아이템 38917,9574|38917,9652
입수하고 51013,14634
입수한 36993,117
입수할 38917,27413|38917,33107
입수할수 33013,2127
입은 38917,7761
입장 51013,15185
입질로 38917,5247|45326,6891
입히기 25899,21811
입히는 19406,35255
입힘 38917,3074
