프라이멀스피어 19406,21584
프라이빗글래스 23733,9325
프라이빗베스트 26754,7862
프라이빗커프스 26774,7896
프라이빗타이즈 33119,8041
프라이빗프릴 47038,7326
프라이아몬드 36993,2542
프란롱거 37097,23008
프란마르스 37097,13971
프란마르스g 37097,30868
프란베로쥬 27798,15203|27798,15372|33645,9084
프래그랜스 19406,20815
프래그랜스g 19406,29281
프래그랜스改 19406,21012
프레스 51013,5815
프레이야맥주 42032,1224
프레임 51013,3559
프레임사이포스 33645,16386
프레임을 21760,97|46907,97
프레임이 21760,75|46907,75
프로그크래프트 35316,4844|35316,10781|45997,18607
프로미넨스보우 25899,11128
프로미넨스보우ⅰ 25899,11273
프로미넨스보우ⅱ 25899,11403
프로미넨스보우ⅲ 25899,11531
프로미넨스보우ⅳ 25899,11668
프로미넨스보우ⅴ 25899,11879
프로미넨스소올 19406,20660
프로미넨스필러 19406,20089
프로미넨스필러g 19406,34295
프로스트리퍼 49792,7116
프로스트리퍼g 49792,24188
프로스트아이시클 19406,5716
프로스트엣지 33645,5894
프로스트엣지改 27798,21029|33645,6090
프로즌 27798,21492
프로즌임펙트 27445,3910
프리덤 51013,11412
프린세스레이피어 33645,7947
프린세스레이피어改 33645,8157
프린세스포크 42032,732
