에리어도 42032,4867
에메랄드스피어 19406,4684
에메랄드스피어g 19406,33022
에버그린 27798,7955
에비건 24789,3379
에서 19406,28110|21815,28114|24789,32400|25899,18002|27445,29200|27798,24360|33645,25679|37097,25398|43111,17717|45326,8362|45997,21980|49792,22714|49792,26389|51013,15444|51013,15527|51013,15607|51013,17250
에서는 43111,20665
에서도 43111,19660
에서의 51013,16028
에스독 19406,7417
에스트레모 33645,19197
에이션트 51013,4059
에이션트pg 21815,31679
에이션트레릭 27445,18691
에이션트레릭으로부터 45997,18968
에이션트블레이드 21815,25221
에이션트블로우 27445,4581
에이스 51013,814
에피타프블레이드 21815,26480
에피타프이디온 21815,26652
