조건 31242,633|31242,1731|31242,2419|31242,3892|31242,4784|31242,5400|33013,113|36993,337
조건과 51013,17351
조건부 36993,473|36993,642|36993,829|36993,999|36993,1177|36993,1336|36993,1513
조건에 36663,6191|36663,6245
조금 24789,797|24789,1099|24789,1395|24789,2258|24789,2822|24789,3665|24789,5201|24789,5770|24789,8168|24789,8735|24789,9296|24789,9589|24789,10192|24789,10539|24789,11110|24789,11984|24789,12276|24789,12845|24789,13428|24789,15250|24789,16125|24789,17987|24789,18274|24789,18565|24789,19137|24789,19451|24789,20313|24789,20619|24789,21479|24789,22985|24789,23277|24789,24428|24789,25022|24789,25872|24789,28278|24789,28561|24789,29432|24789,30015|24789,30319|24789,32092|24789,32829|24789,33123|24789,33424|24789,33716|24789,34011|24789,35734|24789,36023|24789,36313|24789,36604|24789,37764|24789,39234|24789,40416|25899,23489|27445,37595|33013,5424|36663,6810|37097,291|37097,552|37097,1156|37097,1437|37097,1716|37097,2302|37097,2706|37097,3007|37097,5746|37097,6034|37097,7905|37097,8212|37097,8482|37097,8770|37097,9356|37097,9663|37097,9965|37097,11515|37097,11813|37097,13687|37097,14573|37097,14861|37097,16154|37097,16445|37097,16738|37097,17033|37097,17613|37097,18507|37097,18800|37097,19682|37097,20389|37097,21555|37097,22424|37097,22723|37097,23607|37097,24492|37097,24499|37097,25074|37097,25545|37097,26136|37097,26730|37097,27024|37097,27324|37097,27620|37097,27914|37097,28216|37097,28800|37097,30295|37097,30590|42032,4197|45326,176|45326,217|45326,4839|45326,6633
조금씩 43111,22111|45997,25262
조금이라도 25899,23085|36663,11334
조두 27445,16293
조력주 45794,8414
조룡 38161,8355|38917,26787|51013,2095|51013,3136|51013,4206|51013,5298|51013,6335|51013,7384|51013,15604
조룡강각 21815,22891|23733,38262|25899,17477|26754,34133|26774,34022|27445,26181|27798,23833|38917,26959|45997,17278
조룡강익 24789,31600|26774,34046|33119,34231|38917,26903|45997,17285|47038,33585|49792,8732
조룡견각 25899,17320|25899,17359|26754,25446|26774,25404|27445,26005|33119,25493|33119,29229|38917,26823|47038,24946
조룡백린 21815,22706|23733,28656|25899,17310|25899,17349|26754,25458|33119,25481|33119,29217|38917,26756|45997,17061|47038,24958
조룡뿔 21815,22713|23733,28680|25899,17304|25899,17343|26754,25435|26774,25393|27445,25999|27798,23644|38917,26930|45997,17045
조룡을 51013,2078|51013,3118|51013,4188|51013,5280|51013,6317|51013,7366|51013,15610
조룡익막 26774,25416|33119,25505|33119,29241|38917,26877|45997,17051|47038,24970
조룡종 29127,1242|29127,5364|38161,118|51013,16846
조룡중각 25899,17495|26754,34145|26774,34034|27445,26188|33119,34224|38917,26850|47038,33570
조룡후백린 21815,22019|21815,22883|23733,38237|24789,31587|25899,17484|26754,34157|33119,34216|38917,26795|45997,17295|47038,33577
조리술 42032,3398|42032,6067|42032,6225
조복주 33013,6869|45794,8564
조식주 45794,4902
조심할 45997,26520
조심해야 21815,35864|28259,1732|45997,25773
조작방법 19406,34600|21815,34344|24789,39524|25899,20842|27445,36163|27798,28275|33645,31797|37097,31494|43111,19516|45997,24932|49792,26034
조작법 33645,32967
조작으로 24789,39806|27798,29567|37097,31792
조작이 19406,35366|27798,29560
조전주 33013,11587|45794,2687
조정도 43111,25180
조정에 19406,36191
조정은 19406,37251
조제 25899,19520|38917,214|38917,276|38917,340|38917,405
조제성공률 38917,152
조준선 25899,21057
조준점 24789,39745|37097,31731
조준점보다 33013,5399
조폐궁 25899,4415
조폐궁g 25899,18661
조폐궁i 25899,4553
조폐궁ⅱ 25899,4671
조폐궁ⅲ 25899,4791
조합 21033,69|21033,86|21033,101|21033,690|21033,707|21033,722|21033,1335|21033,1352|21033,1367|21033,1988|21033,2005|21033,2020|21033,2726|21033,2743|21033,2758|21033,3477|21033,3494|21033,3509|21033,4166|21033,4183|21033,4198|21033,4922|21033,4939|21033,4954|21033,5696|21033,5713|21033,5728|21033,6292|21033,6709|21033,6741|21033,6754|21033,6785|21033,6798|21033,6828|21033,6841|21033,6872|21033,6885|21033,6931|21033,7055|21033,7133|21033,7173|21033,7213|21033,7255|21033,7296|24789,40170|28259,528|28259,3666|31242,5043|36993,1804|37097,32071|38917,617|38917,657|38917,701|38917,745|38917,793|38917,833|38917,887|38917,956|38917,1023|38917,1094|38917,1166|38917,1224|38917,1290|38917,1357|38917,1424|38917,1482|38917,1534|38917,1646|38917,1689|38917,1747|38917,1795|38917,1860|38917,1910|38917,1963|38917,1999|38917,2101|38917,2196|38917,2260|38917,2352|38917,2413|38917,2470|38917,2697|38917,2764|38917,3054|38917,3100|38917,3145|38917,3288|38917,3447|38917,3521|38917,3605|38917,3659|38917,3732|38917,3804|38917,3905|38917,3929|38917,4028|38917,4088|38917,4129|38917,4237|38917,4278|38917,4308|38917,4355|38917,4401|38917,4458|38917,4514|38917,4571|38917,5109|38917,5146|38917,5184|38917,5285|38917,5332|38917,5383|38917,5581|38917,5845|38917,5891|38917,5913|38917,5970|38917,6029|38917,6104|38917,6181|38917,6216|38917,6347|38917,6385|38917,6417|38917,6451|38917,6540|38917,6569|38917,6635|38917,6669|38917,6704|38917,6739|38917,6993|38917,7020|38917,7433|38917,8380|38917,8528|38917,8568|38917,8608|38917,8648|38917,8721|38917,8790|38917,10451|38917,10485|38917,10520|38917,10555|38917,10590|38917,10624|38917,10658|38917,10692|38917,10727|38917,10760|38917,10790|38917,10821|38917,10853|38917,10883|38917,10911|38917,10942|38917,10973|38917,11004|38917,11036|38917,11070|38917,11105|38917,11139|38917,11170|38917,11202|38917,11234|38917,11266|38917,11298|38917,11326|38917,11363|38917,11407|38917,11432|38917,11556|38917,11605|38917,11651|38917,11698|38917,11745|38917,11817|38917,31312|38917,31346|38917,31380|38917,31415|38917,33356|42032,3900|42032,3957|45326,9683|45326,9722|45326,9761|45326,9801|45326,9841|45326,9882|51013,14499
조합결과 28259,101|28259,806|28259,1273|28259,1905|28259,2613|28259,3120|28259,3800|28259,4155|28259,4952
조합도 42032,7629
조합레시피를 21033,6317
조합리스트를 51013,12179
조합리스트에 21033,6271
조합리스트의 38917,443
조합서 21033,20|21033,6406
조합서g연금편을 21033,7330
조합서① 21033,6585
조합서①②③④⑤를 38917,388
조합서①②③④를 38917,324
조합서①②③를 38917,261
조합서①②를 38917,200
조합서①입문편 21033,6700|21239,709|23733,10157|23733,27254|25030,2363|25030,7107|26754,8631|26754,24169|26774,8684|26774,24119|29127,1075|33119,8826|33119,24223|36760,6747|38917,114|43998,4215|45794,8886|47038,7985|47038,23728
조합서②초급편 21033,6733|21239,4586|25030,2376|25030,3062|29127,1146|36760,1129|38917,171|43998,5002
조합서③중급편 21033,6776|25030,2389|29127,1222|36760,1575|38917,232
조합서④상급편 21033,6820|25030,5213|29127,1297|36760,1588|38917,293
조합서⑤달인편 21033,6863|23733,36985|25030,5226|26754,33082|26774,32935|29127,1371|33119,33168|36760,1601|38917,357|47038,32449
조합서가 21033,6548
조합서나 21033,7479
조합서는 21033,6468
조합서로 21033,7072
조합서ｇ 38917,422|51013,14523
조합서ｇ연금편 21033,6907|21033,7407
조합성공률 21033,7123|21033,7163|21033,7203|23733,1501|23733,1825|23733,1928|23733,4679|23733,10178|23733,10251|23733,27200|23733,27310|23733,31505|23733,31625|23733,37008|23733,37076|26754,365|26754,1445|26754,1726|26754,4360|26754,8605|26754,24080|26754,27936|26754,33001|26774,1509|26774,4574|26774,8659|26774,24036|26774,27921|26774,32896|33119,1472|33119,4606|33119,8802|33119,24146|33119,24170|33119,28014|33119,28135|33119,33129|39470,703|39470,801|39470,3681|39470,10261|39470,12395|39470,14819|42032,3932|45326,9664|45326,9673|45326,9712|45326,9751|45326,9791|45326,9830|45326,9871|45766,862|45766,2056|45766,3662|45766,10321|45766,12387|45766,14856|45794,6439|45794,6491|45794,8869|47038,427|47038,1610|47038,1889|47038,4463|47038,7963|47038,11317|47038,23645|47038,27464|47038,32472|47038,32537
조합성공률이 45326,8574|45326,9280
조합수 28259,2191
조합술 21033,7248|21033,7289|42032,3893|42032,3950|42032,3990|42032,5979|42032,6026|42032,6134|42032,6454|42032,6491|42032,6660|42032,6697
조합시 21033,6490
조합시는 21033,6343
조합시의 21033,7024
조합실패 38917,5837
조합에 21033,6179|21033,6262|28259,1098|38917,3999|38917,4767|38917,4843
조합에서도 21033,6380
조합용 36993,2775|36993,2804|36993,3479|36993,3510|36993,4175|36993,4207|36993,4778|36993,4808|36993,5301|36993,5331|36993,6014|36993,6043|38917,3118
조합으로 21033,6993|38917,5450|38917,11526
조합은 42032,7608
조합을 21033,7353|51013,14487
조합이 21033,6207|21033,6368|21033,7421
조합재료 28259,96|28259,801|28259,1268|28259,1900|28259,2608|28259,3115|28259,3795|28259,4150|28259,4947|38917,7281|38917,7320|38917,7363|38917,7408|38917,8979|38917,9053|38917,9102|38917,9148|38917,9197|38917,9244|38917,9293
조합품 36993,2825|36993,3533|36993,4230|36993,4831|36993,5354|36993,6066
조합하면 45997,26646
조합할 21033,6526
