납도 21815,34571|21815,35232|21815,35266|27445,37904|49792,26285
납도시 21815,34584|21815,34655|25899,21156|43111,19534|49792,26051
납도시는 27798,28488
납도시라면 43111,20693
납도한다 25899,20879
납창시 19406,34775
납총 24789,39573|37097,31541
납총상태로에서 37097,32646
납총이 24789,39926
납퇴시 27445,36180
납품 31242,4862|31242,4932|31242,5002|31242,5086|31242,5153|31242,5232|36993,483|36993,652|36993,839|36993,1009|36993,1187|36993,1346|36993,1523|36993,2633
납품시 42032,4964
납품에 36993,2779|36993,2808|36993,3483|36993,3514|36993,4179|36993,4211|36993,4782|36993,4812|36993,5305|36993,5335|36993,6018|36993,6047
납품하는 25030,7675
납품하면 36993,2651
