환대 47038,8894|47038,8975|47038,21616|47038,21726|47038,30721|47038,30845
환산술 42032,4954|42032,6394|42032,6518|42032,6780
환상나비 19406,5369|19406,32389|21033,4285|21033,5186|21033,5198|21815,3169|21815,6320|23733,32099|23733,34812|24789,25124|24789,25404|24789,27127|25899,3461|25899,4392|25899,5724|25899,10476|25899,13714|25899,18458|26754,29834|26754,30008|26754,31220|26754,32007|26774,28228|26774,30938|26774,31909|27445,1944|27445,20134|27798,3211|33013,2797|33013,2802|33013,2855|33013,7780|33013,10059|33119,27129|33119,31324|33119,32153|33119,33726|33645,2679|37097,21030|38917,10205|39826,9007|45997,7453|45997,10728|45997,21122|47038,27023|47038,27176|47038,27676|47038,30605|49792,5655|49792,12368|49792,12794
환상나비의 33013,3493
환상의 38161,2129|38161,7387
환상적 51013,14275
환상코인 19406,22026|19406,31327|23733,23473|24789,17779|26754,20369|26774,23738|31242,1614|33119,23913|38917,28559|39826,2650|39826,4072|39826,5351|39826,6539|39826,8194
환수 25030,9304|38161,7292|51013,13110
환수치즈 42032,1188
환수포 24789,28846
환원됩니다 36663,6173
환제메뚜기 47038,28408
환혹 51013,7147
