쿡d 39470,1869|45766,1838
쿡d가드 26774,4240
쿡d그리브 33119,4167
쿡d레깅스 33119,4274
쿡d레지스트 26754,4020
쿡d메일 26754,3913
쿡d암 26774,4134
쿡d캡 23733,4267
쿡d코트 47038,4115
쿡d폴드 47038,4008
쿡d헬름 23733,4146
쿡s 39470,5705|45766,5718
쿡s가드 26774,13717
쿡s그리브 33119,13672
쿡s레깅스 33119,13751
쿡s레지스트 26754,13717
쿡s메일 26754,13615
쿡s암 26774,13652
쿡s캡 23733,15860
쿡s코트 47038,13267
쿡s폴드 47038,13201
쿡s헬름 23733,15755
쿡u 39470,8056|45766,8042
쿡u가드 26774,18569
쿡u그리브 33119,18431
쿡u레깅스 33119,18540
쿡u레지스트 26754,18418
쿡u메일 26754,18333
쿡u암 26774,18485
쿡u캡 23733,21159
쿡u코트 47038,18208
쿡u폴드 47038,18123
쿡u헬름 23733,21052
쿡x 39470,11168|45766,11219
쿡x가드 26774,25772
쿡x그리브 33119,25780
쿡x레깅스 33119,25872
쿡x레지스트 26754,25800
쿡x메일 26754,25731
쿡x암 26774,25690
쿡x캡 23733,29057
쿡x코트 47038,25343
쿡x폴드 47038,25244
쿡x헬름 23733,28950
쿡z 39470,12717|45766,12709
쿡z가드 26774,28740
쿡z그리브 33119,28812
쿡z레깅스 33119,28903
쿡z레지스트 26754,28747
쿡z메일 26754,28646
쿡z암 26774,28643
쿡z캡 23733,32477
쿡z코트 47038,28276
쿡z폴드 47038,28185
쿡z헬름 23733,32371
쿡가드 26774,2911
쿡그리브 33119,2849
쿡레깅스 33119,2952
쿡레이지 24789,4220
쿡레지스트 26754,2720
쿡메일 26754,2655
쿡바렛 24789,24131
쿡바렛g 24789,37465
쿡암 26774,2823
쿡앵거 24789,3932
쿡죠 27445,12612
쿡죠g 27445,31226
쿡카운트 24789,23842
쿡카운트g 24789,37173
쿡캡 23733,2806
쿡코인 19406,21887|23733,7891|23733,9589|26754,6901|26754,7081|26774,7219|26774,7481|31242,696|33119,7240|33119,7960|38917,28235|39826,2461|39826,6469|39826,7989
쿡코트 47038,2978
쿡트윈즈 27798,5814
쿡트윈즈改 27798,6035
쿡폴드 47038,2888
쿡픽 27445,12807
쿡픽g 27445,31948
쿡픽으로부터 45997,17551
쿡헬름 23733,2689
