정글 51013,8065
정글보우ⅰ 25899,3164
정글보우ⅱ 25899,3417
정글봉고 35316,7881|45997,3697
정글봉봉 27798,7647
정글어설트 24789,23260
정글어설트g 24789,36586
정글콩가 35316,7892|45997,4034
정기적으로 37097,32057
정도 25899,20813|35316,245|36663,5875|36663,6816|36663,14725|38161,289|38161,319|38161,1438|49792,26528
정도가 36663,8303
정도로 19406,37331
정도의 19406,34920|19406,37208|28259,483|36663,8290|43111,25333
정령왕의가호 35316,2254|35316,7564|35316,11509|35316,11686|45997,6584|45997,10071|45997,23570|45997,24096
정령왕의가호가 35316,2526
정령왕의가호은 35316,2470
정령의가호 39470,4171|39470,7783|39470,11707|39470,14202|39470,14910|42032,3718|45326,4905|45766,4182|45766,7769|45766,11727|45766,14263|45766,14939
정령의가호와는 35316,2509
정령의변덕 39470,879|39470,2492|39470,4676|42032,3876|45326,6725|45766,2457|45766,4676
정말 51013,12999
정면에서의 36663,8317
정면이 45997,26678
정밀사격 23733,604|23733,3577|23733,4137|23733,5990|23733,9339|23733,15404|23733,19787|23733,24687|23733,31272|26754,1325|26754,3395|26754,3904|26754,5458|26754,7876|26754,17187|26754,21669|26754,27744|26774,606|26774,4125|26774,5703|26774,7910|26774,17271|26774,21717|26774,27709|33119,1368|33119,4158|33119,5782|33119,8055|33119,13395|33119,17300|33119,21803|33119,27799|45326,3917|45794,4270|45794,4329|47038,1426|47038,3630|47038,3999|47038,5404|47038,7339|47038,16812|47038,21208|47038,27252
정밀위력 28259,7800
정보 28259,7730|36663,14412
정보가 29127,3816
정보는 29127,3808
정보로 29127,3828
정보를 36663,10869
정보의 38917,33165|38917,33221|38917,33281|38917,33340
정산아이템 38917,31673|42032,4958
정상 25030,7635|36663,560
정식채용기계창 19406,6627
정식채용기계창g 19406,33387
정식채용기계추 27445,5449
정식채용기계추g 27445,35492
정식채용회전기계창 19406,1621
정식형 33013,5545
정식형벌집 33013,1283|33013,1334
정적 51013,2894
정조준해서 28259,4074
정지 19406,34686
정지시 27445,36597
정지시는 43111,19652
정해지기 42032,7782
정해지는 36663,4704
정해집니다 42032,7586
정확하게 28259,1493
