äªè 33898,491
äµ¹² 26219,6026|26219,7406|26219,8103|26219,9159|26219,9519
äµåáöàç 34279,622|34279,14301|43048,1340
ä¾æ 19615,3809|26219,1467|34279,1493|34279,1778|34279,2499|34279,5166|34279,5919|34279,6088|34279,7668|34279,8158|34279,15028|34279,17602|34279,17791|43048,3061|43048,3219|43048,4816|50971,6681
äàç 34279,49995
äá 34279,1117|34279,1151|34279,1209|34279,1249|34279,7808|34279,7842|34279,13424|34279,30577|34279,32643|34279,32806|34279,32986|34279,33775|43048,2278|43048,2336|43048,2368|43048,15932
äçï 34279,13046|34279,26132|34279,26419|34279,49488
äìºñ 43048,21030
äí¼ 34279,12294|34279,23985|34279,24237|34279,26637|34279,47755|34279,47798|34279,48054|43048,8384|43048,8529|43048,19930
äð 19615,128|19615,209|19615,3673|19615,5137
äù½ºæ 19615,1056|19615,2307|19615,4239|19615,6807|26219,3504|26219,4119|26219,8354|26219,10117|26219,11148|34279,157|34279,187|34279,230|34279,279|34279,360|34279,1856|34279,3321|34279,6505|34279,9847|34279,9884|34279,10185|34279,10290|34279,13291|34279,13453|34279,13667|34279,13685|34279,13758|34279,15810|34279,20746|34279,24852|34279,27509|34279,27784|34279,28002|34279,29190|34279,29205|34279,29278|34279,34055|34279,41430|34279,41531|34279,51007|43048,122|43048,818|43048,3260|43048,5849|43048,8824|43048,11431|43048,13512|43048,13606|43048,16622|43048,20856|43048,22310|43048,26758|43048,27086|43048,27476|50971,2655|50971,2883|50971,3751|50971,4137|50971,5590|50971,6982|50971,7060
äúåä 43048,17891|43048,21101|43048,26753|43048,26797
äý 34279,15645|34279,29604|34279,30392|43048,14375|43048,14419
äþ 43048,27741
