부가되는 45326,5037
부가되어 27798,29255
부가되었지만 28259,2455
부가한다 36663,6865|36663,6954|36663,7043|36663,7132|36663,7221
부동 23733,12446|23733,25926|23733,35889|26754,10587|26754,22835|26754,32039|26774,10674|26774,22861|26774,31926|33119,10774|33119,22959|33119,32178|45766,4378|45766,9931|45766,14365|47038,10149|47038,22379|47038,31487
부두 38917,32997
부두에서 33013,5298
부드러운 43111,23976|43111,24307|43111,24427|43111,24511
부딪쳤다가 28259,668
부러뜨리는 43111,22796
부린 21239,5702|38161,3924
부메랑 21033,2274|29127,603|29127,4973|36760,5737|38917,3037|45326,6690|45326,6739|45326,6787|45326,6835|45794,8002
부메랑의 45326,9227
부분까지 38161,4827
부분에서 51013,11897
부분을 33645,32646|38917,2848|38917,3012|45997,26103
부분의 28259,2267
부분이 27445,37960|38161,3625|38161,3801|45326,10912
부산물 38917,5852
부수 33013,1666|33013,1756
부수적인 33013,3459|33013,4643
부식된용검c 33645,21532|33645,21642
부악 38917,8801|51013,5315
부악룡 38917,29175
부악룡가죽 25899,14980|25899,15025|26774,32204|27798,13698|33119,32482|38917,26088|43111,13300|45794,5031|45997,15844
부악룡갈기 25899,14988|25899,15033|26754,32318|38917,26121|39826,9092|43111,13060|45997,15889|49792,20105|49792,20290
부악룡체액 23733,36228|25899,15044|25899,19332|27445,3401|27445,17781|27798,12258|33119,32836|33645,12593|33645,23532|33645,31090|37097,24562|37097,26505|38917,26148|39826,6859|43111,13308|45997,16101|47038,31765|49792,18488|49792,20050
부여되고 21815,35016
부여되는 28259,4773
부여된다 19406,35030
부위 25899,21592|27445,37845
부위가 28259,1651|43111,24432
부위를 25899,21576|28259,295|43111,22191|43111,23015
부위에 28259,1623|36663,5559|43111,22088|43111,25074
부위에는 43111,23985
부위에서도 27445,37032
부위의 25899,21850|43111,24400|45326,10784
부위인 28259,1658
부위파괴 38917,15421|38917,17059|38917,17089|38917,17119|38917,17239|38917,17296|38917,17329|38917,17468|38917,17498|38917,18436|38917,18465|38917,18494|38917,18559|38917,18772|38917,18801|38917,18830|38917,18894|38917,19801|38917,19837|38917,21408|38917,21437|38917,21466|38917,22277|38917,22314|38917,22574|38917,22621|38917,23231|38917,23268|38917,23451|38917,23496|38917,23904|38917,24170|38917,24469|38917,24498|38917,24737|38917,24765|38917,25006|38917,25034|38917,25064|38917,25398|38917,25619|38917,25649|38917,25849|38917,25879|38917,25910|38917,26244|38917,26280|38917,26512|38917,26558|38917,26947|38917,26977|38917,27143
부위파괴를 43111,24404
부위파괴보수 31242,4256|31242,4387|31242,4604
부적 39470,15438|45766,15504
부족하게 33645,32313
부족하다 33645,32665
부츠 51013,10941
부터 23733,38440|43111,19548
부활은 36663,13239
부활이 36663,9635
부활하는 36663,1502
부활한다 36663,13197
