버그 51013,5990
버는 36663,11170
버드 51013,6042
버려 27798,28704|28259,2476|36663,1606
버리기 36760,3610|36760,4322
버리는 28259,2479|36663,2128|36663,14157
버리므로 28259,1727|43111,24694
버린다 19406,37339|36663,15104
버밀리온림 19406,22245|19406,22372
버서커 51013,8801
버섯 36993,2510|51013,11296
버섯과 33013,11994
버섯나무 33013,1359|33013,1406|33013,5620|33013,5635
버스터 51013,9233
버스터블레이드 21815,711
버스터블레이드g 21815,28210
버스터소드 21815,376|21815,434|49792,13394
버스터소드改 21815,575|49792,934
버스터크랩 37097,2286
버스터크랩g 37097,27895
버스턴메이지 37097,1420
버스턴워록 37097,11498
버튼 33645,32964
버튼으로 42032,494
버튼은 27445,37107
버튼을 33013,5876|36663,15138
버튼의 27445,37061|27445,37182|27445,37239
버프 45997,25869
