0
1551661
1753234
1761674
1764541
1764697
1764715
1764734
1765022
1765052
1765072
1765092
1765112
1765168
1765187
1765219
1765238
1765257
1765289
1765308
1765340
1765391
1765411
1766067
1766086
1766256
1766390
1766408
1766427
1766459
1766479
1766524
1766543
1766561
1766580
1766711
1766730
1766776
1766794
1766837
1766869
1766888
1766907
1766939
1766970
1767001
1767021
1767161
1767179
1767197
1767333
1767392
1767490
1767579
1767599
1767630
1767662
1767680
1767720
1767950
1767969
1768123
1768154
1768174
1768192
1768222
1768251
1768283
1768301
1768332
1768351
1768370
1768390
1768420
1768440
1768584
1768603
1768633
1768663
1768682
1768740
1768759
1768778
1768798
1768816
1768859
1768902
1768921
1768940
1769099
1769130
1769149
1769168
1769187
1769209
1769228
1769250
1769268
1769287
1769305
1769325
1769509
1769527
1769546
1769565
1769584
1769602
1769621
1769640
1769659
1769679
1769821
1769840
1769859
1769879
1769899
1770022
1770041
1770062
1770081
1770100
1770119
1770139
1770199
1770225
1770253
1770413
1770827
1770843
1774678
1774759
1774789
1774807
1774826
1774845
1774864
1774883
1774924
1774943
1774964
1774994
1775337
1775434
1775493
1775523
1775561
1775606
1775636
1775657
1775689
1775720
1775739
1775757
1775776
1775808
1775827
1775847
1775865
1775885
1775904
1775959
1775978
1775998
1776017
1776036
1776056
1776075
1776094
1776215
1776258
1776299
1776318
1776337
1776356
1776394
1776426
1776445
1776464
1776483
1776513
1776532
1776552
1777927
1777946
1777972
1777991
1778022
1778042
1778059
1778076
1778093
1778111
1778128
1778198
1778216
1778251
1778270
1778288
1778306
1778331
1778359
1778378
1778395
1778502
1778521
1778540
1778559
1778590
1778609
1778639
1778658
1778677
1778696
1778715
1778734
1778753
1778773
1778793
1779013
1779065
1779084
1779102
1779121
1779152
1779171
1779201
1779221
1779414
1779432
1779453
1779472
1779491
1779548
1779567
1779586
1779611
1779630
1779649
1779679
1779698
1779858
1779877
1779896
1779915
1779934
1779953
1779972
1779991
1780178
1780196
1780217
1780236
1780255
1780275
1780294
1780313
1780333
1780350
1780367
1780383
1780399
1790219
1790290
1790320
1790339
1790357
1790376
1790394
1790413
1790435
1790453
1790472
1790491
1790510
1790530
1790700
1790719
1790738
1790769
1790788
1790806
1790824
1790843
1790870
1790889
1790920
1790987
1791005
1791024
1791043
1791063
1791220
1791239
1791263
1791282
1791302
1791321
1791338
1791445
1791462
1791483
1791504
1791523
1791543
1791721
1791740
1791759
1791778
1791797
1791816
1791836
1791856
1791989
1792008
1792027
1792062
1792081
1792099
1792140
1792160
1792180
1792202
1792221
1792240
1792261
1792280
1792322
1792465
1792484
1792502
1792529
1792548
1792568
1792587
1792606
1792625
1792643
1792662
1792681
1792699
1792781
1792800
1792921
1792953
1792972
1792990
1793009
1793028
1793047
1793067
1793086
1793105
1793126
1793146
1793326
1793345
1793365
1793382
1793400
1793420
1793561
1793579
1793596
1793688
1793705
1797624
1797766
1797791
1797809
1797827
1797844
1797863
1797883
1798000
1798019
1798038
1798055
1798075
1798094
1798113
1798132
1798150
1798181
1798204
1798234
1798353
1798372
1798389
1798408
1798427
1798446
1798476
1798495
1798513
1798534
1798553
1798572
1798602
1798621
1798641
1798661
1798681
1798864
1798883
1798902
1798921
1798939
1798958
1798977
1799008
1799027
1799046
1799076
1799205
1799225
1799245
1799263
1799347
1799366
1799385
1799406
1799425
1799444
1799462
1799493
1799512
1799531
1799550
1799568
1799586
1799606
1799690
1799709
1799728
1799747
1799766
1799784
1799803
1799822
1799841
1799860
1799879
1799898
1799917
1799937
1799967
1800064
1800083
1800101
1800120
1800141
1800160
1800178
1800197
1800216
1800235
1800255
1800410
1800429
1800448
1800477
1800496
1800518
1800537
1800557
1800576
1800683
1800702
1800721
1800738
1800759
1800779
1800797
1805031
1805124
1805141
1805160
1805181
1805198
1805217
1805377
1805396
1805414
1805433
1805476
1805678
1805697
1805718
1805744
1805762
1805781
1805800
1805820
1806040
1806059
1806080
1806099
1806116
1806261
1806284
1806303
1806321
1806361
1806379
1806399
1806544
1806564
1806583
1806616
1806636
1806655
1806675
1806694
1806713
1806732
1806764
1806805
1806824
1806844
1806863
1806882
1806901
1806921
1807057
1807075
1807094
1807113
1807132
1807152
1807169
1807188
1807319
1807340
1807359
1807378
1807398
1807418
1807574
1807591
1807610
1807628
1807782
1807801
1807821
1807840
1807859
1807878
1807896
1807915
1807932
1807973
1807989
1808885
1808905
1813638
1813761
1813782
1813801
1813821
1813840
1813860
1813880
1813897
1814037
1814056
1814075
1814094
1814122
1814141
1814286
1814317
1814334
1814355
1814374
1814455
1814474
1814595
1814612
1814767
1814785
1814803
1814822
1814840
1814857
1814877
1814907
1815138
1815159
1815178
1815195
1815216
1815235
1815327
1815437
1815585
1815602
1815621
1815737
1815761
1815779
1815798
1815816
1815832
1815851
1815868
1815895
1815911
1818924
1819018
1819037
1819055
1819073
1819090
1819110
1819130
1819150
1819293
1819311
1819329
1819367
1819398
1819416
1819615
1819633
1819651
1819743
1819935
1819954
1819971
1819989
1820007
1820258
1820278
1820295
1820314
1820335
1820487
1820506
1820524
1820542
1820559
1820578
1820596
1821065
1821084
1821102
1821120
1821207
1821227
1821436
1821455
1821473
1821567
1821584
1821603
1821717
1821736
1821755
1821774
1821793
1821818
1825155
1825238
1825256
1825275
1825294
1825312
1825330
1825350
1825445
1825464
1825483
1825502
1825854
1825873
1825890
1825979
1826029
1828919
1828989
1848799
1848879
1848899
1849016
1849035
1849054
1849243
1849260
1849277
1849384
1849401
1849418
1849437
1849457
1849474
1849665
1849683
1849702
1849720
1849739
1849758
1849845
1849863
1849883
1850036
1850057
1850076
1850095
1850115
1850232
1850250
1850270
1850392
1850414
1850431
1850449
1850469
1853860
1853965
1853984
1854001
1854122
1854139
1854158
1854177
1854345
1854364
1854383
1854402
1854420
1854512
1854595
1854615
1854647
1854664
1854694
1854849
1855030
1855049
1855068
1855085
1855104
1855125
1855142
1855312
1855330
1855352
1855370
1855392
1855524
1855543
1855563
1855582
1855602
1855744
1855763
1855780
1855798
1855830
1855864
1855953
1856074
1856093
1856120
1856137
1856155
1860455
1860555
1860574
1860593
1860771
1860790
1860807
1860826
1860913
1860933
1861087
1861105
1861128
1861146
1861233
1861365
1861383
1861400
1861420
1861439
1861458
1861475
1861496
1861513
1861684
1861705
1861723
1861741
1861861
1861880
1861899
1861916
1862012
1862031
1862049
1862069
1862162
1862181
1862301
1862320
1862340
1862359
1862442
1862472
1862491
1862509
1862528
1862546
1862566
1862703
1862720
1862758
1864538
1864574
1864590
1864612
1864631
1864650
1864677
1864722
1864739
1864766
1864784
1864805
1864830
1864850
1864870
1864900
1864919
1864961
1865011
1865043
1865065
1865081
1865108
1865135
1865162
1865211
1865586
1865641
1865669
1865782
1871123
1871150
1871177
1871195
1871226
1871245
1871275
1871305
1871335
1873463
1873486
1873537
1873727
1873768
1873795
1874120
1874166
1874303
1874330
1874347
1874364
1874392
1874419
1954683
1957650
1958021
1958050
1958072
1958093
1958112
1958132
1958330
1958452
1958469
1958488
1958511
1958530
1958623
1958642
1958661
1958679
1958701
1958722
1958740
1958760
1958957
1958977
1959196
1959217
1959236
1959264
1959294
1959312
1959434
1959453
1959472
1959502
1959520
1959706
1959725
1959743
1959762
1959784
1959893
1959910
1959928
1960099
1960121
1960139
1960157
1960174
1960195
1960221
1960243
1960262
1960372
1960393
1960418
1960437
1960456
1960475
1960491
1964065
1964193
1964213
1964232
1964254
1964273
1964295
1964312
1964329
1964355
1964375
1964513
1964531
1964556
1964573
1964592
1964611
1964733
1964751
1964773
1964792
1965125
1965349
1965366
1965384
1965528
1965546
1965565
1965582
1965601
1965619
1965636
1965655
1965674
1965694
1965870
1965896
1965915
1965934
1965952
1965972
1966175
1966201
1966222
1966247
1966279
1966298
1966319
1966336
1966356
1966563
1966582
1966609
1966628
1966647
1966757
1966776
1966794
1966889
1966908
1966927
1966949
1967082
1967108
1967130
1967149
1967177
1967194
1967213
1967237
1967255
1970461
1970611
1970632
1970649
1970670
1970688
1970709
1970729
1970863
1970882
1970903
1970922
1970939
1971112
1971131
1971154
1971176
1971196
1971217
1971242
1971260
1971285
1971304
1971327
1971462
1971483
1971504
1971524
1971669
1971688
1971705
1971722
1971743
1971765
1971784
1971803
1971833
1972003
1972019
1972040
1972065
1972156
1972183
1972202
1972220
1972244
1972264
1972422
1972444
1972464
1972482
1972502
1972726
1972745
1972766
1972784
1972802
1972823
1972842
1973000
1973025
1973042
1973064
1973083
1973101
1973907
1977258
1977407
1977424
1977443
1977461
1977483
1977502
1977696
1977715
1977734
1977753
1977771
1977791
1977809
1977966
1977989
1978026
1978044
1978062
1978081
1978147
1978172
1978191
1978221
1978251
1978371
1978412
1978596
1978615
1978632
1978651
1978746
1978764
1978783
1978803
1978926
1978943
1978961
1978980
1978999
1979019
1979139
1979156
1979175
1979194
1979312
1979330
1979350
1979572
1979591
1979607
1984018
1984099
1984117
1984136
1984156
1984176
1984332
1984355
1984374
1984392
1984413
1984433
1984538
1984569
1984589
1984735
1984753
1984772
1984792
1984811
1984985
1985004
1985030
1985161
1985180
1985205
1985397
1985416
1985433
1985452
1985660
1985677
1985694
1985791
1985810
1985829
1985847
1985877
1985958
1985977
1985995
1986011
1986032
1989369
1989583
1990070
1990087
1990108
1990125
1990146
1990165
1990184
1990202
1990224
1990242
1990971
1990996
1991017
1991200
1991219
1991238
1991256
1991276
1991298
1991316
1991333
1991481
1991500
1991672
1991690
1991709
1991728
1991825
1991853
1991976
1992123
1992142
1992274
1992292
1992341
1992361
1992388
1992484
1992503
1992521
1992559
1996079
1996150
1996167
1996184
1996203
1996221
1996241
1996397
1996416
1996434
1996455
1996602
1996621
1996704
1996734
1996753
1996771
1996931
1996950
1996969
1996988
1997008
1997164
1997183
1997312
1997374
1997468
1997486
1997729
1997836
1997854
1997871
1998005
1998026
1998044
1998062
2001273
2001344
2001364
2001385
2001403
2001421
2001516
2001539
2001556
2001766
2001783
2001929
2001949
2001970
2001987
2002120
2002139
2002158
2002178
2002407
2002426
2002536
2002555
2002574
2002595
2002840
2002858
2002877
2002894
2002914
2003022
2003041
2003062
2003081
2003240
2003259
2003286
2003313
2003331
2006589
2006671
2006712
2006730
2006748
2006767
2006786
2006816
2006977
2006994
2007127
2007146
2007165
2007184
2007202
2007221
2007329
2007350
2007369
2007516
2007537
2007556
2007575
2007593
2007613
2007736
2007947
2007966
2007986
2008174
2008193
2008212
2008230
2008247
2008266
2008285
2008320
2008339
2008462
2008483
2008500
2008520
2008539
2008747
2008764
2012755
2012850
2012869
2012888
2012905
2012924
2012945
2013227
2013244
2013261
2013282
2013301
2013318
2013460
2013483
2013503
2013523
2013642
2013662
2013679
2013698
2013717
2013811
2013828
2013847
2013866
2013883
2014027
2014045
2014065
2014085
2014217
2014236
2014264
2014283
2014302
2014399
2014417
2014434
2014453
2014472
2014492
2014601
2014620
2014639
2014657
2014675
2014694
2014711
2014740
2014759
2014919
2014938
2014956
2014975
2014992
2015009
2015030
2015049
2015079
2015411
2015742
2015775
2015791
2015816
2016395
2016465
2016486
2016533
2016614
2016644
2016681
2016744
2016762
2016788
2016837
2016863
2016888
2016907
2016930
2016946
2016966
2016985
2017013
2017030
2017054
2017073
2017168
2017183
2018352
2018372
2018390
2019324
2019343
2019361
2019390
2019413
2064520
2072740
2076739
2078272
2078304
2078325
2078346
2078373
2078403
2078519
2078538
2078557
2078576
2078594
2078613
2078748
2078771
2078789
2078859
2078878
2078896
2078913
2078929
2079045
2079062
2079080
2079097
2079117
2079143
2079307
2079326
2079344
2079362
2079449
2079572
2079602
2079620
2079639
2079669
2079690
2079707
2079727
2079744
2079764
2080096
2080115
2080136
2080155
2080172
2080259
2080417
2080434
2080453
2080470
2080646
2080664
2080682
2080699
2080718
2080746
2080833
2080972
2080992
2081021
2081039
2081058
2081079
2081098
2081116
2081146
2081162
2087838
2087866
2091844
2091938
2091963
2091993
2092011
2092031
2092252
2092270
2092289
2092307
2092326
2092509
2092527
2092550
2092571
2092588
2092606
2092635
2092726
2092858
2092876
2092896
2092913
2092931
2092948
2092978
2092998
2093030
2093246
2093264
2093287
2093306
2093352
2093492
2093513
2093531
2093552
2093569
2093658
2093804
2093823
2093842
2093861
2094107
2094126
2094146
2094233
2094253
2094273
2094443
2094464
2094622
2094639
2094656
2094675
2094694
2094880
2094899
2094917
2094947
2094966
2094984
2095023
2098624
2098683
2098706
2098727
2098748
2098767
2098936
2098954
2098973
2098991
2099010
2099149
2099166
2099197
2099216
2099305
2099325
2099470
2099488
2099505
2099522
2099543
2099562
2099582
2099780
2099799
2099821
2099840
2099857
2099944
2100134
2100155
2100176
2100321
2100340
2100523
2100542
2100561
2100582
2100599
2100620
2100637
2100655
2100672
2100830
2100861
2100881
2100899
2100918
2100937
2100956
2101103
2101124
2101143
2101172
2101189
2101212
2104525
2104608
2104628
2104649
2104669
2104689
2104708
2104727
2104746
2104773
2104795
2104813
2104832
2104851
2104870
2105103
2105124
2105144
2105161
2105400
2105419
2105437
2105458
2105483
2105501
2105520
2105691
2105711
2105730
2105748
2105769
2105787
2105818
2105990
2106010
2106029
2106046
2106064
2106085
2106244
2106261
2106279
2106299
2106431
2106457
2106474
2106494
2106513
2106645
2106664
2106685
2106704
2106722
2106741
2106767
2106912
2106930
2106951
2106970
2106988
2107122
2107143
2107162
2107183
2111629
2111700
2111723
2111742
2111761
2111780
2111798
2111817
2111834
2111854
2112534
2112715
2112825
2112845
2112966
2112986
2113005
2113023
2113042
2113062
2113195
2113228
2113249
2113268
2113289
2113320
2113351
2113371
2113468
2113486
2113504
2113525
2113544
2113563
2113595
2113727
2113744
2113765
2113791
2113812
2113852
2113882
2113978
2113996
2114104
2114129
2114285
2114304
2114325
2114344
2114379
2114397
2114414
2114433
2114451
2114471
2114490
2117441
2117892
2118019
2118036
2118057
2118076
2118095
2118114
2118133
2118152
2118205
2118349
2118366
2118383
2118402
2118433
2118590
2118609
2118627
2118806
2118823
2118841
2118862
2118882
2118979
2118996
2119015
2119032
2119051
2119068
2119226
2119243
2119349
2119366
2119384
2119401
2119418
2119436
2119455
2119536
2119555
2119574
2119593
2119611
2119631
2119752
2119770
2119796
2119815
2119936
2119955
2119974
2119993
2120012
2120030
2120047
2120065
2123486
2123580
2123605
2123621
2123638
2123657
2123678
2123811
2123828
2123846
2123864
2123881
2123901
2124023
2124041
2124060
2124077
2124095
2124193
2124213
2124239
2124258
2124276
2124295
2124314
2124333
2124351
2124369
2124502
2124519
2124540
2124557
2124578
2124596
2124616
2124737
2124757
2124774
2124793
2124948
2124967
2124995
2125139
2125158
2125177
2125194
2125304
2125322
2125341
2125360
2125508
2125527
2125546
2125564
2125583
2125601
2125619
2125635
2128745
2128887
2128910
2128927
2128952
2128972
2129146
2129163
2129182
2129201
2129336
2129361
2129382
2129465
2129486
2129505
2129522
2129541
2129660
2129677
2129694
2129712
2129732
2129752
2129887
2129904
2129923
2129942
2129960
2130110
2130131
2130152
2130169
2130187
2130219
2130273
2130292
2130312
2130423
2130442
2130461
2130582
2130599
2130618
2130752
2130773
2134129
2134210
2134229
2134248
2134268
2134286
2134420
2134445
2134462
2134595
2134616
2134636
2134744
2134765
2134782
2134801
2134822
2134941
2134960
2134978
2134997
2135141
2135159
2135178
2135195
2135212
2135321
2135494
2135515
2135536
2135553
2135574
2135595
2135616
2135760
2135785
2135804
2136273
2136294
2136314
2136343
2136361
2136457
2140121
2140204
2140223
2140242
2140267
2140287
2140306
2140327
2140344
2140362
2140381
2140564
2140585
2140603
2140622
2140769
2140787
2140812
2140829
2140947
2141042
2141061
2141080
2141098
2141117
2141136
2141311
2141329
2141360
2141379
2141512
2141533
2141551
2141570
2141601
2141620
2141639
2141785
2141803
2141822
2141841
2141972
2142107
2142124
2142145
2142164
2142184
2144081
2144151
2144756
2144853
2144879
2144897
2144923
2144939
2144965
2144985
2145005
2145024
2145050
2145131
2145166
2145204
2145224
2145242
2145287
2145347
2145374
2145401
2145428
2145486
2145530
2145558
2145575
2145603
2145619
2145648
2145665
2145685
2145705
2145757
2146186
2146203
2146242
2146267
2146286
2146821
2146860
2147618
2147633
2148685
2148700
2148760
2148775
2700022
2702747
2703028
2703051
2703068
2703087
2703108
2703126
2703143
2703246
2703276
2703431
2703589
2703608
2703627
2703646
2703666
2703821
2703838
2703856
2703873
2703915
2704056
2704074
2704093
2704238
2704257
2704278
2704295
2704313
2704330
2704349
2704367
2704386
2704406
2704426
2704446
2704543
2704561
2704578
2704820
2704839
2704858
2704877
2704897
2705056
2705077
2705097
2705115
2705134
2705153
2705179
2705403
2705424
2705443
2705464
2705483
2705604
2705623
2705642
2705660
2705679
2705695
2709893
2709988
2710011
2710031
2710049
2710067
2710187
2710208
2710229
2710247
2710267
2710286
2710305
2710415
2710433
2710451
2710470
2710488
2710508
2710525
2710546
2710600
2710619
2710639
2710659
2710893
2710912
2710940
2710958
2710989
2711008
2711037
2711069
2711086
2711204
2711222
2711239
2711257
2711274
2711384
2711406
2711427
2711572
2711590
2711609
2711822
2711841
2711860
2711879
2711899
2711919
2712065
2712092
2712111
2712131
2712324
2712342
2712361
2712380
2712400
2715462
2715556
2715584
2715602
2715746
2715763
2715783
2715893
2715914
2715951
2716071
2716091
2716109
2716128
2716147
2716166
2716195
2716313
2716332
2716490
2716511
2716530
2716639
2716657
2716678
2716819
2716838
2716856
2716875
2716895
2716916
2717180
2717197
2717215
2717234
2717254
2717387
2717408
2717425
2717444
2717463
2717493
2717509
2717527
2717548
2720607
2720688
2720705
2720724
2720742
2720760
2720780
2720799
2720819
2720837
2721019
2721036
2721055
2721074
2721178
2721196
2721214
2721234
2721254
2721271
2721292
2721310
2721328
2721769
2721786
2721922
2722019
2722042
2722062
2722090
2722217
2722237
2722391
2722408
2722428
2722449
2722468
2722488
2722609
2722626
2722974
2722992
2723009
2723030
2723050
2723070
2723201
2723222
2723342
2723361
2723382
2723400
2723509
2723527
2723546
2723565
2723583
2723602
2723651
2727388
2727459
2727478
2727497
2727514
2727531
2727628
2727645
2727664
2727682
2727701
2727720
2727740
2727759
2727916
2727936
2727957
2727975
2728000
2728020
2728037
2728057
2728154
2728172
2728189
2728208
2728227
2728247
2728405
2728424
2728454
2728602
2728623
2728642
2728765
2728784
2728803
2728822
2728840
2728860
2728878
2728896
2729042
2729138
2729158
2729187
2729204
2729223
2729243
2729263
2729359
2729377
2729395
2729413
2729430
2732798
2732889
2732910
2732927
2732944
2732961
2732978
2732997
2733014
2733033
2733681
2733801
2733820
2733985
2734002
2734021
2734041
2734176
2734195
2734213
2734231
2734262
2734282
2734300
2734320
2734430
2734447
2734465
2734484
2734501
2734522
2734555
2734686
2734707
2734726
2734745
2734763
2734784
2734803
2734823
2734904
2734923
2735058
2735076
2735203
2735223
2735241
2735258
2735442
2735458
2735473
2735519
2735536
2738964
2739070
2739088
2739105
2739124
2739153
2739171
2739191
2739212
2739231
2739251
2739286
2739306
2739326
2739346
2739421
2739603
2739622
2739640
2739665
2739686
2739705
2739802
2739819
2739838
2739922
2739941
2739960
2739979
2739999
2740119
2740136
2740156
2740175
2740195
2740215
2740342
2740363
2740394
2740425
2740443
2740462
2740480
2740649
2740669
2740687
2740706
2740726
2740766
2740876
2740894
2740910
2740929
2741048
2741068
2741101
2741119
2741140
2741159
2741178
2741336
2741355
2741373
2741392
2741409
2741429
2741447
2741953
2744869
2744952
2744975
2744992
2745011
2745030
2745049
2745067
2745177
2745194
2745215
2745232
2745274
2745292
2745436
2745479
2745498
2745516
2745533
2745553
2745573
2745682
2745700
2745721
2745739
2745759
2745903
2745921
2745939
2745957
2745985
2746019
2746038
2746171
2746192
2746212
2746232
2746273
2746394
2746423
2746444
2746615
2746634
2746653
2746672
2746820
2746838
2746855
2747040
2747056
2747076
2747096
2747115
2747131
2747187
2750116
2750199
2750222
2750239
2750259
2750403
2750421
2750440
2750586
2750605
2750622
2750640
2751094
2751160
2751179
2751196
2751212
2751321
2751338
2751356
2751377
2751398
2751418
2751540
2751557
2751578
2751606
2751624
2751645
2751825
2751959
2751978
2752151
2752171
2752342
2752361
2752379
2752400
2756380
2756461
2756480
2756501
2756521
2756541
2756693
2756711
2756730
2756747
2756767
2756888
2756908
2756927
2756944
2756963
2757085
2757104
2757123
2757143
2757251
2757268
2757300
2757332
2757353
2757372
2757468
2757486
2757505
2757588
2757607
2757626
2757645
2757664
2757684
2757704
2757837
2757856
2757876
2757987
2758004
2758022
2758179
2758197
2758215
2758236
2758254
2758271
2758387
2758920
2759042
2759067
2759100
2759133
2759150
2759184
2759210
2759226
2759251
2759269
2759295
2759318
2759336
2759364
2759385
2759407
2759436
2759490
2759512
2759533
2759565
2759586
2759662
2759711
2759782
2759798
2759813
2759832
2759848
2759867
2760312
2760330
2760345
2761625
2762736
2762755
2762771
2762785
2805428
2808245
2809097
2809115
2809134
2809155
2809174
2809277
2809339
2809448
2809467
2809486
2809680
2809717
2809736
2809754
2809774
2809792
2809824
2809841
2809861
2809982
2810128
2810146
2810163
2810193
2810391
2810412
2810429
2810447
2810581
2810598
2810619
2810639
2810659
2810856
2810873
2810894
2810911
2810932
2810950
2811097
2811116
2811133
2811229
2811248
2811267
2811285
2811303
2811322
2811340
2811358
2811376
2811393
2815047
2815257
2815274
2815292
2815312
2815333
2815352
2815371
2815390
2815408
2815492
2815512
2815529
2815548
2815567
2815585
2815605
2815813
2815832
2815850
2815869
2816013
2816031
2816058
2816075
2816101
2816120
2816150
2816323
2816340
2816359
2816379
2816399
2816520
2816540
2816558
2816577
2816768
2816789
2816807
2816826
2816847
2816867
2817041
2817059
2817078
2817097
2817194
2817215
2817247
2817264
2817372
2817389
2817406
2817422
2820508
2820614
2820631
2820649
2820668
2820686
2820707
2820725
2820745
2820763
2820909
2820930
2820949
2820968
2821062
2821079
2821096
2821116
2821133
2821278
2821299
2821324
2821343
2821552
2821570
2821591
2821608
2821627
2821646
2821663
2842830
2842849
2842869
2842888
2842907
2842926
2842956
2843102
2843121
2843139
2843158
2843177
2843196
2843215
2843235
2843435
2843453
2843472
2843491
2843636
2843782
2843801
2843822
2843838
2847256
2847497
2847514
2847533
2847552
2847572
2847599
2847618
2847637
2847656
2847674
2847717
2847825
2847843
2847862
2847879
2847898
2848056
2848076
2848094
2848112
2848130
2848149
2848168
2848189
2848209
2848341
2848359
2848379
2848786
2848803
2848821
2848850
2848869
2848888
2848907
2855166
2855185
2855203
2855220
2855238
2855262
2855357
2855376
2855397
2855516
2855545
2855563
2855581
2855599
2855755
2855774
2855793
2855813
2855933
2855953
2855972
2855998
2856023
2856045
2856069
2856093
2856110
2859167
2859573
2859592
2859609
2859627
2859646
2859665
2859682
2859831
2859852
2859870
2859889
2859909
2859929
2859948
2860079
2860097
2860118
2860137
2860283
2860332
2860351
2860368
2860488
2860508
2860525
2860544
2860690
2860709
2860885
2860903
2860919
2860936
2860957
2860975
2861194
2861214
2861349
2861368
2861388
2861409
2861427
2861448
2861478
2861639
2861658
2861678
2861824
2861842
2861863
2861883
2861908
2861930
2861983
2862509
2866315
2866455
2866474
2866492
2866511
2866530
2866589
2866618
2866637
2866655
2866775
2866794
2866814
2866835
2866855
2866874
2867010
2867028
2867048
2867067
2867086
2867243
2867262
2867448
2867466
2867485
2867504
2867521
2868041
2868060
2868077
2868097
2868116
2868135
2868247
2868348
2868379
2868398
2868418
2868550
2868670
2868688
2868794
2868813
2868842
2868884
2868970
2868988
2869016
2872539
2872621
2872770
2872789
2872807
2872827
2872847
2872980
2872998
2873016
2873034
2873206
2873225
2873246
2873418
2873439
2873458
2873477
2873497
2873619
2873640
2873658
2873677
2873799
2873818
2873838
2873857
2873874
2874031
2874064
2874082
2874100
2874119
2874227
2874246
2874267
2874284
2874305
2874325
2874345
2874481
2874500
2874519
2874535
2874551
2874567
2874609
2874625
2874640
2874656
2874672
2874710
2874728
2877529
2877600
2877617
2877636
2877655
2877673
2877694
2877714
2877734
2877866
2877882
2877901
2877920
2877939
2878093
2878112
2878129
2878311
2878329
2878348
2878458
2878478
2878495
2878518
2878536
2878556
2878685
2878704
2878723
2878742
2878761
2878780
2878912
2878929
2878947
2879043
2879062
2879081
2879100
2879235
2879254
2879273
2879293
2879313
2879443
2879464
2879481
2879499
2879518
2879538
2879557
2879583
2879620
2879642
2879666
2879691
2879709
2879730
2882864
2882935
2882953
2882977
2882998
2883018
2883048
2883192
2883210
2883229
2883247
2883490
2883509
2883527
2883544
2883563
2883716
2883736
2883756
2883892
2883912
2883933
2883950
2883967
2884086
2884255
2884276
2884293
2884311
2884331
2884464
2884483
2884503
2884522
2884658
2884677
2884797
2884818
2884836
2884878
2884908
2887958
2888065
2888091
2888112
2888131
2888150
2888175
2888284
2888303
2888325
2888498
2888517
2888534
2888555
2888651
2888672
2888806
2888825
2888844
2888967
2888985
2889006
2889025
2889043
2889177
2889194
2889213
2889233
2889355
2889372
2889520
2889539
2889587
2889604
2889622
2889652
2889811
2889830
2889850
2889878
2889895
2889923
2889957
2889999
2890017
2890034
2890080
2890765
2890791
2890806
2890826
2890845
2890881
2890928
2890946
2890963
2890998
2891051
2891095
2891161
2891186
2891223
2891245
2891311
2891351
2891410
2891438
2891506
2891555
2891574
2891659
2891674
2892832
2893516
2893544
2893576
2988764
2993212
2994031
2994070
2994090
2994457
2994475
2994494
2994511
2994542
2994572
2994673
2994792
2994817
2994837
2994946
2994963
2994992
2995010
2995093
2995112
2995133
2995150
2995175
2995257
2995276
2995295
2995314
2995334
2995504
2995612
2995633
2995653
2995773
2995792
2995810
2995828
2995957
2995975
2995993
2996012
2996160
2996178
2996197
2996215
2996237
2996360
2996379
2996397
2996422
2996440
2996461
2996479
2996498
2996526
2996556
2996586
2996616
2996652
2996668
2996857
2999945
3000026
3000043
3000069
3000086
3000103
3000122
3000267
3000284
3000305
3000336
3000459
3000478
3000497
3000515
3000533
3000553
3000662
3000681
3000700
3000727
3000746
3000764
3001053
3001070
3001090
3001225
3001242
3001260
3001464
3001485
3001503
3001522
3001542
3001665
3001683
3001703
3001809
3001826
3001855
3001874
3001901
3001928
3001947
3001965
3002135
3002164
3002183
3002201
3002222
3002247
3002265
3002314
3002340
3006042
3006112
3006133
3006152
3006171
3006192
3006213
3006233
3006355
3006375
3006394
3006528
3006559
3006577
3006594
3006613
3006632
3006787
3006806
3006827
3006844
3006965
3006984
3007003
3007020
3007039
3007061
3007080
3007211
3007230
3007249
3007268
3007286
3007304
3007461
3007480
3007497
3007618
3007787
3007806
3007827
3007846
3007865
3007972
3007997
3008017
3008035
3008055
3008075
3008194
3008213
3008232
3008252
3008272
3008291
3008319
3008341
3008359
3008815
3011749
3011831
3011869
3011890
3011910
3012049
3012068
3012087
3012107
3012237
3012258
3012278
3012296
3012316
3012536
3012557
3012574
3012595
3012613
3012630
3012648
3012667
3012789
3012855
3012874
3012894
3012913
3012932
3012951
3012969
3013261
3013277
3013294
3013312
3013408
3013444
3013464
3013586
3013605
3013635
3013653
3013811
3013830
3013851
3013869
3014084
3014101
3014120
3014137
3014156
3014186
3014212
3022887
3022957
3022975
3022995
3023138
3023157
3023176
3023193
3023272
3023291
3023423
3023440
3023459
3023619
3023638
3023659
3023754
3023771
3023788
3023918
3023937
3023956
3024121
3024151
3024285
3024301
3024320
3024337
3024356
3024375
3024532
3024553
3024571
3024592
3024610
3024767
3024784
3024809
3024828
3024848
3024866
3024896
3032804
3032955
3033082
3033100
3033119
3033150
3033170
3033191
3033211
3033329
3033348
3033399
3033418
3033434
3033466
3033483
3033502
3033638
3033656
3033675
3033696
3033716
3033736
3033756
3033890
3033909
3033928
3033945
3034054
3034071
3034090
3034109
3034128
3034263
3034282
3034300
3034320
3034439
3034456
3034476
3034547
3034566
3034583
3034602
3034621
3034642
3034752
3034769
3034786
3034819
3034838
3034857
3034887
3035007
3035036
3035057
3035074
3035098
3035115
3035136
3035154
3035171
3035202
3038259
3038330
3038347
3038366
3038384
3038401
3038421
3038439
3038560
3038578
3038596
3038614
3038669
3038798
3038815
3038836
3038944
3038962
3038988
3039006
3039025
3039043
3039263
3039284
3039302
3039319
3039338
3039356
3039426
3039684
3039705
3039723
3039753
3039772
3039797
3039959
3039976
3039995
3040013
3040034
3040176
3040196
3040216
3040312
3040330
3040349
3040521
3040539
3040558
3040577
3043733
3043817
3043835
3043873
3043891
3043921
3044030
3044049
3044066
3044099
3044385
3044416
3044435
3044579
3044596
3044617
3044636
3044654
3044786
3044803
3044824
3044844
3044980
3044999
3045018
3045190
3045208
3045226
3045244
3045265
3045283
3045417
3045436
3045454
3045482
3045502
3045623
3045642
3045659
3045678
3045698
3045805
3045824
3045843
3045862
3045880
3045900
3045919
3046029
3046047
3046065
3046110
3046131
3053923
3054005
3054026
3054056
3054077
3054095
3054213
3054230
3054248
3054267
3054288
3054307
3054350
3054457
3054476
3054506
3054525
3054545
3054655
3054674
3054691
3054720
3054851
3054870
3054888
3054907
3054932
3054952
3055087
3055106
3055200
3055228
3055246
3055264
3055418
3055448
3055466
3055487
3055648
3055666
3055684
3055702
3055735
3055754
3055777
3055925
3055944
3055961
3055982
3056001
3056020
3056035
3056091
3056110
3056126
3056144
3059870
3059963
3059980
3059999
3060017
3060136
3060157
3060176
3060195
3060274
3060304
3060489
3060518
3060535
3060554
3060571
3060589
3060608
3060627
3060647
3060885
3060915
3061047
3061065
3061083
3061102
3061132
3061253
3061272
3061369
3061388
3061409
3061426
3061445
3061465
3061588
3061607
3061626
3061644
3061791
3061810
3061828
3061846
3061993
3062012
3062029
3062048
3062079
3062096
3062114
3062162
3062765
3062790
3062818
3062847
3062867
3062892
3062940
3062958
3063004
3063030
3063055
3063094
3063278
3063306
3063321
3063357
3063371
3063390
3064167
3064182
3065548
3066232
3066247
3066263
3066302
3066390
3066405
3095723
3099420
3099958
3100131
3100149
3100167
3100371
3100388
3100408
3100528
3100713
3100763
3100781
3100799
3100827
3100855
3100873
3100892
3101067
3101086
3101126
3101146
3101176
3101194
3101327
3101344
3101364
3101393
3101410
3101459
3101478
3101498
3101652
3101668
3101686
3101705
3101733
3101752
3101771
3101790
3101874
3101893
3102050
3102066
3102085
3102102
3102121
3102141
3102270
3102288
3102305
3102326
3102375
3102657
3102685
3102782
3102801
3102826
3102864
3102889
3102906
3102944
3102962
3103568
3103657
3110854
3110974
3110992
3111011
3111029
3111048
3111065
3111084
3111103
3111237
3111256
3111274
3111295
3111314
3111333
3111467
3111522
3111548
3111569
3111588
3111608
3111628
3111724
3111783
3111801
3111827
3111844
3111987
3112005
3112023
3112118
3112137
3112153
3112169
3112194
3112213
3112231
3112251
3112460
3112486
3112504
3112530
3112551
3112577
3112595
3112621
3112639
3112665
3112839
3112856
3112875
3112894
3112912
3113034
3113073
3113094
3113114
3113134
3113291
3113310
3113329
3113348
3113367
3113387
3113405
3113421
3113439
3113535
3116565
3116683
3116711
3116736
3116754
3116864
3116881
3116900
3116917
3116936
3116953
3116982
3117101
3117120
3117139
3117157
3117177
3117323
3117340
3117358
3117379
3117514
3117531
3117557
3117577
3117708
3117726
3117746
3117841
3117861
3117880
3117899
3117918
3117937
3117958
3117977
3118185
3118210
3118229
3118248
3118268
3118400
3118417
3118437
3118465
3118485
3118506
3118538
3118558
3118588
3118765
3118791
3118817
3118836
3118856
3118872
3118965
3122021
3122147
3122174
3122193
3122212
3122238
3122257
3122275
3122293
3122310
3122529
3122550
3122570
3122589
3122609
3122627
3122646
3122665
3122703
3122723
3122741
3122762
3122778
3122797
3122816
3122973
3122992
3123011
3123030
3123047
3123064
3123083
3123105
3123122
3123231
3123250
3123280
3123298
3123316
3123334
3123353
3123370
3123478
3123494
3123510
3123529
3123548
3123565
3123583
3123603
3123699
3123747
3123773
3123799
3123825
3123843
3123862
3123895
3123914
3124009
3124028
3124049
3124068
3124088
3124180
3124217
3124243
3124262
3124278
3124297
3124586
3124607
3124626
3124643
3124739
3124757
3124776
3124801
3124820
3124891
3124936
3129508
3129589
3129615
3129631
3129652
3129673
3129694
3129714
3129731
3129751
3129848
3129887
3129915
3129943
3129966
3129986
3130148
3130167
3130188
3130207
3130227
3130424
3130441
3130460
3130481
3130635
3130685
3130706
3130723
3130744
3130765
3130782
3131082
3131103
3131122
3131141
3131169
3131188
3131218
3131378
3131395
3131414
3131431
3131586
3131602
3131618
3131637
3131653
3131679
3131698
3131728
3131997
3132037
3132055
3132075
3132115
3132247
3132277
3132296
3132314
3132732
3132759
3132778
3132804
3132821
3136051
3136281
3136331
3136350
3136378
3136478
3136658
3136686
3136705
3136725
3136872
3136911
3136930
3136953
3136971
3136990
3137010
3137176
3137195
3137215
3137374
3137424
3137445
3137465
3137481
3137603
3137642
3137663
3137681
3137804
3137821
3137842
3137858
3137877
3137897
3138046
3138065
3138084
3138103
3138232
3138249
3138270
3138290
3138308
3138479
3138498
3138517
3138538
3138556
3138571
3138588
3142207
3142278
3142297
3142323
3142344
3142364
3142394
3142513
3142532
3142551
3142567
3142686
3142702
3142720
3142739
3142936
3143008
3143027
3143046
3143063
3143198
3143215
3143233
3143252
3143372
3143393
3143415
3143433
3143453
3143634
3143662
3143679
3143697
3143718
3144019
3144091
3144110
3144145
3144340
3144359
3144380
3144399
3144418
3144437
3144542
3144559
3144575
3144718
3144744
3144760
3144779
3144799
3144815
3148086
3148169
3148185
3148204
3148220
3148238
3148260
3148383
3148411
3148607
3148646
3148672
3148693
3148712
3148734
3148754
3148774
3148869
3148890
3148918
3148936
3148955
3148974
3148993
3149013
3149149
3149176
3149196
3149305
3149322
3149341
3149360
3149380
3149398
3149544
3149567
3149583
3149602
3149623
3149642
3149667
3149688
3149706
3149731
3149815
3149841
3149862
3149880
3149910
3150032
3150099
3150118
3150134
3150154
3150174
3150194
3150352
3150371
3150391
3153368
3153438
3153458
3153479
3153499
3153519
3153690
3153716
3153733
3153751
3153780
3153802
3153822
3153983
3154011
3154030
3154048
3154069
3154088
3154220
3154238
3154256
3154273
3154309
3154329
3154474
3154492
3154510
3154536
3154556
3154717
3154735
3154754
3154912
3154929
3154948
3155071
3155089
3155108
3155126
3155287
3155308
3155443
3155460
3155480
3155496
3156032
3159380
3159450
3159467
3159486
3159505
3159525
3159739
3159767
3159786
3159806
3159966
3159984
3160003
3160023
3160154
3160173
3160192
3160218
3160239
3160255
3160275
3160548
3160577
3160598
3160617
3160635
3160654
3160675
3160697
3160815
3160838
3160998
3161017
3161036
3161055
3161074
3161094
3161228
3161249
3161267
3161292
3161311
3161332
3161351
3161371
3161493
3161512
3161531
3161549
3161567
3161586
3161606
3161699
3161769
3161787
3161806
3161823
3161853
3161879
3161944
3162605
3162652
3162673
3162719
3162736
3162756
3162775
3162811
3162860
3162881
3162897
3162918
3162938
3162961
3163005
3163048
3163066
3163095
3163117
3163147
3163170
3163196
3163236
3163260
3163286
3163304
3163344
3163371
3163407
3163435
3163482
3163508
3163525
3163565
3163584
3163919
3163944
3165191
3165208
3165225
3165243
3165743
3165769
3165785
3192663
3194930
3195197
3195423
3195442
3195470
3195499
3195517
3195548
3195568
3195701
3195717
3195736
3195754
3195836
3195874
3195890
3195907
3195928
3195945
3195973
3195991
3196010
3196030
3196050
3196284
3196323
3196342
3196361
3196379
3196397
3196416
3196434
3196453
3196563
3196656
3196672
3196691
3196709
3196725
3196742
3196761
3196781
3196801
3196898
3197069
3197086
3197107
3197125
3197143
3197163
3197284
3197388
3197404
3197420
3197439
3197549
3197611
3197629
3197646
3197664
3197699
3197718
3197888
3197934
3197980
3198000
3198146
3198163
3198182
3198203
3198220
3201495
3201566
3201724
3201750
3201769
3201786
3201804
3201822
3201956
3201986
3202005
3202024
3202043
3202061
3202079
3202099
3202261
3202279
3202307
3202343
3202363
3202473
3202490
3202507
3202525
3202552
3202572
3202668
3202686
3202705
3202827
3202846
3202863
3202957
3202977
3203048
3203168
3203229
3203248
3203266
3203285
3203302
3203320
3203342
3203362
3203379
3203395
3206558
3206641
3206658
3206692
3206709
3206727
3206746
3206766
3206919
3206937
3206957
3206976
3206992
3207013
3207031
3207050
3207196
3207212
3207231
3207250
3207269
3207286
3207303
3207323
3207394
3207410
3207431
3207450
3207469
3207489
3207650
3207678
3207696
3207713
3207731
3207751
3207911
3207929
3207947
3207966
3207986
3208120
3208140
3208159
3208186
3208204
3208223
3208243
3208273
3208430
3208455
3208473
3208655
3208673
3208693
3208853
3208872
3208897
3208915
3208934
3208951
3211940
3212010
3212027
3212045
3212062
3212081
3212227
3212246
3212263
3212284
3212441
3212459
3212477
3212494
3212514
3212534
3212594
3212717
3212745
3212764
3212923
3212940
3212957
3213093
3213111
3213129
3213247
3213268
3213287
3213305
3213327
3213346
3213367
3213384
3213404
3213592
3213611
3213630
3213649
3213670
3213828
3213849
3213870
3213890
3213920
3213940
3214073
3214101
3214119
3214137
3214155
3214173
3214197
3214221
3214238
3214264
3217792
3217900
3217917
3217935
3217954
3218024
3218056
3218279
3218303
3218323
3218481
3218500
3218521
3218540
3218661
3218688
3218707
3218726
3218744
3218763
3218783
3218803
3218947
3218966
3218984
3219002
3219019
3219049
3219068
3219118
3219148
3219282
3219309
3219327
3219347
3219365
3219473
3219492
3219512
3219531
3219549
3219568
3219591
3219710
3219735
3219754
3219773
3219793
3219954
3219972
3219991
3220139
3220162
3220184
3220205
3220222
3223163
3223305
3223325
3223344
3223363
3223382
3223401
3223418
3223437
3223454
3223473
3223491
3223509
3223529
3223630
3223763
3223781
3223801
3223936
3223955
3223975
3224145
3224163
3224182
3224201
3224309
3224330
3224349
3224368
3224388
3224507
3224525
3224543
3224560
3224580
3224837
3224856
3224874
3224892
3224932
3225042
3225060
3225079
3225097
3225116
3225135
3225154
3225174
3225282
3225299
3225331
3225352
3225369
3225541
3225560
3225598
3225615
3228618
3228710
3228747
3228766
3228784
3228805
3228822
3228843
3228863
3229149
3229170
3229189
3229208
3229341
3229359
3229376
3229396
3229416
3229536
3229556
3229575
3229596
3229614
3229632
3229804
3229823
3229844
3229864
3230010
3230028
3230047
3230168
3230187
3230205
3230225
3230321
3230338
3230361
3230379
3230397
3230416
3230437
3230457
3230602
3230621
3230640
3230680
3230700
3230821
3230846
3231612
3234420
3234693
3234711
3234729
3234748
3234769
3234788
3234807
3234955
3234974
3234992
3235011
3235030
3235070
3235165
3235184
3235339
3235358
3235377
3235396
3235415
3235435
3235465
3235651
3235678
3235705
3235732
3235751
3235773
3235793
3235949
3235967
3235988
3236008
3236027
3236162
3236183
3236202
3236221
3236240
3236260
3236381
3236418
3236437
3236455
3236474
3236669
3236817
3236836
3236864
3236987
3237013
3239789
3242850
3242920
3242936
3242955
3242972
3242991
3243011
3243041
3243164
3243183
3243201
3243220
3243239
3243408
3243427
3243447
3243589
3243609
3243627
3243722
3243743
3243762
3243783
3243943
3243962
3243981
3244100
3244121
3244151
3244181
3244327
3244344
3244365
3244384
3244405
3244423
3244443
3244676
3244694
3244720
3244738
3244759
3244903
3244919
3244938
3244957
3244976
3244992
3245065
3245081
3249066
3249158
3249175
3249193
3249212
3249230
3249248
3249268
3249287
3249307
3249326
3249346
3249507
3249528
3249549
3249570
3249591
3249612
3249632
3249804
3249824
3249844
3249964
3249983
3250102
3250121
3250166
3250186
3250204
3250223
3250243
3250366
3250384
3250403
3250428
3250446
3250466
3250606
3250625
3250643
3250662
3250682
3250702
3250836
3250855
3250874
3250893
3250913
3251047
3251068
3251086
3251113
3251132
3251151
3251171
3251300
3251322
3251339
3251357
3251377
3251401
3251450
3251481
3251498
3251536
3252138
3252198
3252218
3252250
3252271
3252293
3252321
3252336
3252370
3252429
3252455
3252474
3252492
3252523
3252540
3252564
3252582
3252614
3252667
3252791
3252810
3252854
3252959
3252974
3254271
3254320
3254598
3254662
3254676
3254693
3280768
3283042
3283576
3283594
3283611
3283629
3283647
3283665
3283684
3283714
3283756
3283899
3283916
3283934
3283953
3283972
3284154
3284172
3284368
3284388
3284408
3284543
3284565
3284583
3284613
3284709
3284727
3284744
3284766
3284784
3284809
3284828
3285097
3285116
3285134
3285153
3285326
3285343
3285362
3285382
3285528
3285546
3285567
3285586
3285604
3285624
3285950
3285970
3285995
3286014
3286036
3286085
3286101
3286120
3286136
3286153
3289474
3289581
3289602
3289622
3289650
3289773
3289800
3289819
3289836
3289862
3289880
3290014
3290032
3290051
3290206
3290223
3290242
3290261
3290278
3290612
3290638
3290663
3290681
3290699
3290830
3290851
3290868
3290886
3290905
3290922
3291057
3291076
3291095
3291114
3291133
3291153
3291173
3291346
3291367
3291510
3291540
3291559
3291654
3291674
3291690
3291709
3294360
3294443
3294461
3294482
3294501
3294520
3294540
3294687
3294705
3294724
3294868
3294887
3294905
3294926
3294944
3294964
3294994
3295014
3295309
3295326
3295343
3295370
3295530
3295547
3295564
3295583
3295602
3295623
3295772
3295791
3295810
3295828
3295847
3295866
3295885
3295904
3295924
3295944
3295986
3296105
3296124
3296142
3296164
3296185
3296204
3296224
3296407
3296427
3296446
3296465
3296484
3296503
3296521
3296543
3296714
3296733
3296760
3296779
3296799
3296839
3297124
3297156
3297174
3297193
3297211
3297230
3297248
3297267
3297286
3297304
3297322
3297343
3297359
3297378
3297398
3300193
3300301
3300320
3300338
3300361
3300379
3300399
3300419
3300436
3300558
3300577
3300596
3300614
3300633
3300654
3300799
3300816
3300835
3300854
3300882
3300900
3300930
3301325
3301374
3301500
3301519
3301536
3301556
3301741
3301758
3301778
3301800
3301957
3301976
3301998
3302119
3302141
3302159
3302176
3302196
3302217
3302236
3302255
3302292
3302322
3302493
3302512
3302530
3302550
3302570
3302591
3302610
3302627
3302660
3302679
3302838
3302856
3302875
3302894
3302913
3302932
3303064
3303081
3303100
3303130
3303150
3303169
3307025
3307175
3307195
3307213
3307238
3307268
3307426
3307444
3307463
3307482
3307502
3307521
3307546
3307565
3307586
3307606
3307808
3307829
3307847
3307865
3307884
3307905
3307925
3308297
3308316
3308335
3308545
3308564
3308584
3308601
3308624
3308644
3308848
3308866
3308885
3309125
3309144
3309162
3309179
3309197
3309229
3309251
3309268
3309288
3309507
3309526
3309546
3309563
3309580
3309737
3309756
3309776
3310019
3310036
3310053
3310074
3310092
3310129
3310200
3310686
3313745
3314033
3314052
3314070
3314110
3314299
3314318
3314507
3314526
3314545
3314563
3314747
3314768
3314786
3314805
3314912
3314931
3315133
3315152
3315171
3315189
3315209
3315376
3315467
3315486
3315507
3315527
3315738
3315757
3315776
3315794
3315814
3315833
3316011
3316032
3316051
3316070
3316204
3316224
3316242
3316266
3316282
3316301
3319092
3319207
3319226
3319246
3319265
3319286
3319305
3319503
3319523
3319542
3319716
3319735
3319754
3319771
3319790
3319831
3319850
3319959
3319978
3319996
3320016
3320035
3320218
3320237
3320256
3320276
3320437
3320455
3320474
3320616
3320636
3320655
3320673
3320698
3320715
3320733
3320925
3320944
3320962
3320979
3320998
3321017
3321036
3321232
3321413
3321441
3321460
3321481
3321497
3321528
3324065
3324149
3324296
3324317
3324336
3324358
3324506
3324525
3324544
3324562
3324580
3324600
3324780
3324802
3324821
3324842
3324989
3325007
3325034
3325056
3325086
3325107
3325217
3325236
3325254
3325273
3325292
3325473
3325493
3325514
3325539
3325688
3325707
3325726
3325745
3325764
3325783
3325805
3325826
3326044
3326063
3326088
3326107
3326339
3326358
3326376
3326398
3326446
3326478
3326534
3329194
3329264
3329281
3329299
3329485
3329506
3329524
3329542
3329563
3329584
3329602
3329621
3329756
3329773
3329793
3329811
3329830
3329850
3330030
3330199
3330220
3330242
3330376
3330394
3330413
3330432
3330452
3330585
3330606
3330624
3330642
3330667
3330688
3330706
3330828
3330847
3330866
3331023
3331042
3331061
3331079
3331097
3331114
3331133
3331152
3331186
3331316
3331976
3331996
3341926
3342083
3342134
3342154
3342274
3342290
3342309
3346046
3346147
3346172
3346189
3346214
3346233
3346253
3346387
3346408
3346428
3346498
3346630
3346648
3346666
3346701
3346721
3346867
3346885
3346904
3346922
3346941
3346961
3346981
3347011
3347120
3347139
3347155
3347174
3347194
3347365
3347386
3347405
3347424
3347444
3347591
3347611
3347636
3347653
3347816
3347835
3347980
3348001
3348019
3348036
3348288
3348305
3348355
3348374
3348392
3348411
3348443
3348461
3348480
3348499
3348518
3348537
3348556
3348575
3348594
3348613
3348632
3348652
3348676
3348692
3348776
3348839
3349444
3349470
3349486
3349551
3349571
3349592
3349624
3349644
3349674
3349695
3349738
3349776
3349796
3349815
3349864
3349899
3349920
3349938
3349959
3349995
3350011
3350028
3350049
3350076
3350109
3350131
3350183
3350212
3350231
3352886
3352901
3354028
3354628
3354660
3354688
3354769
3354785
3397656
3400063
3400373
3400391
3400408
3400474
3400618
3400755
3400774
3400793
3400812
3400833
3400990
3401007
3401028
3401045
3401065
3401187
3401205
3401223
3401244
3401408
3401426
3401445
3401463
3401480
3401574
3401595
3401614
3401635
3401660
3401873
3401892
3401913
3401933
3401952
3402100
3402122
3402142
3402161
3402180
3402265
3402294
3402310
3402336
3402368
3402384
3405191
3405354
3405371
3405389
3405408
3405425
3405621
3405640
3405658
3405676
3405693
3405826
3405845
3405866
3405884
3405902
3405921
3405938
3405957
3406105
3406122
3406146
3406165
3406325
3406342
3406368
3406387
3406408
3406429
3406447
3406467
3406613
3406632
3406651
3406894
3406913
3407004
3407023
3407040
3407201
3407220
3407239
3407258
3407277
3407296
3407316
3407508
3407525
3407545
3407564
3407585
3407604
3407621
3407637
3407656
3407685
3410478
3410559
3410576
3410598
3410617
3410668
3410803
3410821
3410841
3410860
3411067
3411086
3411103
3411130
3411148
3411269
3411288
3411316
3411635
3411654
3411672
3411690
3411711
3411728
3411764
3411884
3411901
3411919
3411939
3411966
3411984
3412004
3412157
3412174
3412194
3412211
3412230
3412389
3412407
3412426
3412572
3412590
3412609
3412626
3412775
3412865
3412884
3412901
3413022
3413042
3413061
3413079
3413097
3413116
3413133
3413152
3413528
3416245
3416339
3416356
3416375
3416531
3416550
3416568
3416586
3416604
3416629
3416663
3416835
3416854
3416871
3416890
3416908
3416927
3416946
3417061
3417076
3417095
3417115
3417134
3417153
3417178
3417337
3417421
3417439
3417458
3417495
3417531
3417678
3417699
3417717
3417788
3417807
3417826
3417845
3417864
3417987
3418004
3418023
3418044
3418063
3418085
3418255
3418274
3418293
3418310
3418329
3421455
3421562
3421579
3421598
3421615
3421796
3421815
3421834
3421855
3421874
3421895
3422093
3422112
3422129
3422148
3422167
3422338
3422356
3422374
3422391
3422419
3422635
3422654
3422673
3422693
3422712
3422731
3422752
3422896
3422914
3422931
3423051
3423070
3423089
3423160
3423178
3423196
3423214
3423347
3423366
3423552
3423570
3423589
3423610
3423636
3423655
3426574
3426655
3426688
3426723
3426758
3426777
3426797
3426815
3426845
3426937
3426958
3427150
3427171
3427190
3427208
3427316
3427337
3427355
3427374
3427391
3427416
3427437
3427626
3427647
3427666
3427685
3427710
3427876
3427897
3427917
3427936
3428093
3428118
3428137
3428156
3428385
3428406
3428431
3428450
3428570
3428594
3428762
3428787
3428806
3428830
3428848
3428884
3428903
3428922
3431438
3431543
3431562
3431580
3431598
3431623
3431641
3431659
3431777
3431796
3431815
3431840
3431859
3431878
3432012
3432037
3432055
3432276
3432295
3432314
3432333
3432354
3432495
3432520
3432540
3432656
3432675
3432694
3432871
3432890
3432953
3432970
3433124
3433143
3433164
3433182
3433203
3433322
3433340
3433359
3433378
3433406
3433620
3433690
3433711
3433730
3433749
3433770
3433789
3433818
3433840
3433866
3433885
3436548
3436628
3436646
3436742
3436760
3436780
3436900
3436920
3436938
3436958
3436977
3436995
3437014
3437038
3437185
3437214
3437233
3437252
3437271
3437419
3437438
3437570
3437587
3437607
3437625
3437644
3437766
3437784
3437803
3437824
3438051
3438229
3438246
3438264
3438424
3438443
3438464
3438480
3438587
3438605
3438624
3438648
3438666
3438689
3438735
3438754
3441878
3441959
3441976
3441994
3442012
3442033
3442050
3442068
3442087
3442194
3442213
3442246
3442354
3442373
3442402
3442535
3442553
3442572
3442588
3442605
3442700
3442717
3442736
3442831
3442850
3442869
3442887
3443090
3443108
3443129
3443282
3443301
3443459
3443479
3443498
3443658
3443676
3443695
3443716
3443734
3444924
3444990
3445981
3446000
3446022
3446038
3446057
3450169
3450240
3450259
3450289
3450306
3450325
3450473
3450492
3450513
3450713
3450732
3450751
3450769
3450790
3450809
3450941
3450961
3450982
3451000
3451018
3451036
3451171
3451188
3451396
3451431
3451450
3451468
3451486
3451518
3451621
3451778
3451796
3451815
3451834
3454038
3454055
3454075
3456877
3456901
3456920
3457040
3457061
3457090
3457111
3457157
3457176
3457251
3457823
3457861
3457876
3457895
3457919
3457980
3457996
3458032
3458054
3458078
3458111
3458135
3458153
3458170
3458196
3458237
3458254
3458282
3458309
3458325
3458353
3458400
3458514
3458543
3458592
3458668
3458687
3458802
3458817
3460016
3460032
3460068
3460298
3460315
3460331
3460362
3461838
3461885
3461919
3461938
3461987
3462006
3462021
3462037
3462091
3462136
3462164
3462188
3462214
3462231
3462247
3463587
3463604
3463621
3463655
3463674
3463689
3463706
3463727
3463745
3463761
3463834
3463861
3463880
3463914
3463932
3463951
3463990
3464030
3464071
3464103
3464142
3464178
3464213
3464235
3464284
3464320
3464348
3464374
3464393
3464413
3464437
3464473
3464498
3464517
3464548
3464599
3464617
3464652
3464681
3464704
3464719
3464733
3464764
3464781
3464800
3464816
3464846
3464874
3464901
3465047
3465069
3465088
3465110
3465135
3465163
3465200
3465219
3465245
3465268
3465289
3465325
3465345
3465402
3465429
3465463
3465538
3465605
3465622
3465646
3465688
3465724
3465781
3465807
3465827
3465873
3465897
3465915
3465947
3465962
3465979
3466016
3466069
3466124
3466145
3466172
3466213
3466245
3466276
3466292
3466312
3466329
3466357
3466383
3466438
3466485
3466502
3466521
3466546
3466610
3466634
3466664
3466699
3466752
3466807
3466829
3466886
3466902
3466921
3467446
3467483
3467500
3467515
3467532
3467569
3467592
3467629
3467644
3467661
3467689
3467737
3467936
3467990
3468009
3468030
3468051
3468066
3468087
3468104
3468122
3475647
3475676
3475705
3475726
3475742
3475819
3475868
3475909
3475958
3475972
3475991
3476007
3476027
3476062
3476079
3476106
3476122
3476219
3476234
3476286
3476315
3476364
3476440
3476495
3476513
3476550
3476700
3476717
3476734
3476751
3476800
3476816
3476847
3476865
3476912
3477041
3477058
3477074
3477096
3477176
3477197
3477215
3477279
3477294
3477317
3477332
3477346
3499155
3499200
3499218
3499248
3499266
3499281
3499303
3499348
3499385
3499433
3499495
3499512
3499535
3499562
3499582
3499616
3499633
3499690
3499726
3499757
3499810
3499851
3499866
3499918
3499935
3499950
3499966
3499982
3500000
3500016
3500047
3500061
3500091
3500153
3500230
3509694
3509709
3509746
3509787
3509814
3510913
3510963
3510977
3511012
3511049
3511064
3511106
3511233
3511298
3511319
3511376
3511395
3511447
3594257
3594296
3594314
3594343
3594381
3594414
3594437
3594481
3594505
3594527
3594548
3594566
3594583
3594600
3594625
3594659
3594689
3594722
3594790
3594813
3594832
3594866
3594886
3594903
3594973
3595016
3595078
3595115
3595167
3595228
3595255
3595285
3595331
3595376
3595438
3595461
3595491
3595516
3595530
3595547
3595570
3595586
3595612
3595629
3595670
3595691
3595727
3595742
3595780
3595808
3595829
3595845
3595884
3595957
3596022
3596059
3596089
3596107
3596189
3596210
3596228
3596257
3596273
3596364
3596380
3596454
3596469
3596759
3597617
3597635
3597744
3597759
3597850
3597884
3597900
3597916
3597952
3606620
3606641
3606658
3606676
3606701
3607294
3607308
3607324
3607476
3607507
3607524
3607552
3607690
3607717
3607737
3607760
3607778
3607824
3607839
3607861
3607996
3608019
3608045
3608097
3608111
3608134
3608154
3608213
3608229
3608243
3608263
3608290
3695049
3695086
3695115
3695133
3695222
3695478
3695495
3695545
3695588
3695671
3695709
3695735
3695783
3695842
3695864
3695901
3696152
3696170
3696221
3696263
3696291
3696557
3696592
3696609
3696657
3696684
3696698
3696711
3696831
3696846
3696862
3696877
3696893
3696908
3696937
3696965
3696981
3696996
3697036
3697078
3697117
3697132
3697149
3697165
3697180
3697196
3697212
3697294
3697334
3697349
3697366
3697433
3697448
3697463
3697478
3697494
3697509
3697633
3697648
3697662
3697678
3697692
3697707
3697772
3697788
