홍늠 33119,10311|47038,9679
홍독 51013,4358
홍련석 19406,4956|19406,6279|19406,6319|19406,6508|19406,9698|19406,33301|21033,4633|21033,4644|21239,4929|21815,6986|23733,8666|23733,12237|23733,12929|24789,5293|24789,8254|25899,11443|26754,9393|26754,10134|26754,10370|26754,10770|26754,14794|26754,16407|26754,18047|26774,6156|26774,6240|26774,9208|26774,10051|26774,10453|26774,10860|26774,13556|26774,17369|26774,17857|27445,5333|27445,21217|27445,31670|27798,18187|33013,10299|33013,10334|33013,10538|33013,10691|33119,10552|33119,10963|33645,16467|37097,3065|37097,6719|37097,7006|37097,7290|37097,28288|38917,8207|39826,1583|39826,5300|43111,2414|43111,4789|43111,4973|43111,7115|43111,18530|43998,5340|45794,4518|45794,5144|45794,9108|47038,8798|47038,9152|47038,10336|47038,10923|47038,15110|47038,17340|47038,29438|49792,8894|49792,8946|49792,9141|49792,9779
홍련쌍인 27798,18268|33645,22885
홍련쌍인g 27798,27738
홍련어 42032,1018
홍련주 45794,7149
홍룡을 51013,15507
홍벽의대노 24789,18257
홍염 33119,10417|47038,9788
홍염의팔찌 51013,15497
홍엽 49792,9663
홍용을 51013,15530
홍흑룡 38161,8316|38917,26530|51013,2052|51013,3092|51013,4161|51013,5254|51013,6289|51013,7340
