½ 19615,8193|19615,8215|26219,6367|26219,11635|26984,525|27807,1036|34279,1140|34279,8790|34279,25610|34279,35198|34279,37378|34279,49790|43048,2267|43048,13382|43048,21635|43162,2914|46103,343|46103,452|46103,1480|48686,3053|48686,55248
½º 26219,2387|26219,4186|26219,5241|26219,6344|33898,210|33898,219|34279,1043|34279,1201|34279,1318|34279,1574|34279,1716|34279,2451|34279,3153|34279,3546|34279,3627|34279,4256|34279,4309|34279,4321|34279,4379|34279,4413|34279,4430|34279,4505|34279,4667|34279,4679|34279,4726|34279,5099|34279,5206|34279,5259|34279,5273|34279,5305|34279,5328|34279,5347|34279,5436|34279,5582|34279,5670|34279,5723|34279,5737|34279,5764|34279,5798|34279,5870|34279,6020|34279,6034|34279,6715|34279,7658|34279,8112|34279,10006|34279,10594|34279,10736|34279,10894|34279,11378|34279,11535|34279,11699|34279,11847|34279,14097|34279,14549|34279,14562|34279,14837|34279,14856|34279,14871|34279,14909|34279,14997|34279,16098|34279,17404|34279,17768|34279,18467|34279,19860|34279,21307|34279,21472|34279,23005|34279,23217|34279,23226|34279,23558|34279,23567|34279,28406|34279,28459|34279,28475|34279,31309|34279,38294|34279,39473|34279,42624|34279,42872|34279,45811|43048,1044|43048,1122|43048,1849|43048,1901|43048,1913|43048,1958|43048,1975|43048,2061|43048,2194|43048,2328|43048,2579|43048,2633|43048,2685|43048,2699|43048,2739|43048,2762|43048,2988|43048,3165|43048,3410|43048,3485|43048,4079|43048,4230|43048,4510|43048,4671|43048,4890|43048,4942|43048,4956|43048,4983|43048,4998|43048,5637|43048,5766|43048,6384|43048,6520|43048,6561|43048,6579|43048,6617|43048,6634|43048,11148|43048,14131|43048,14159|43048,14182|43048,14198|43048,14269|43048,14284|43048,14399|43048,14667|43048,14833|43048,19047|43048,21898|43048,22288|43048,23103|43048,23112|43048,23379|43048,23388
½º2 34279,14493|34279,14798
½º² 34279,14890
½º¹ßåé 34279,4396|43048,1992|43048,6651
½ººñ 34279,5783|43048,2724
½º¼û 34279,4364|34279,4711|34279,14534|43048,1943|43048,6602|43048,14211
½ºàç 34279,14445
½ºã 34279,14575
½ºä 34279,12493|34279,12655|34279,24502|34279,24802|34279,48285|34279,48538|43048,10567|43048,10688|43048,12244|43048,12378|43048,20159|43048,20405|43048,26047|43048,26294
½ºå 26219,11730|34279,8707|34279,17038|34279,18313|34279,19559|34279,23848|34279,25647|34279,25942|34279,26607|34279,27984|34279,32931|34279,33302|34279,33806|34279,39943|34279,45659|34279,45906|34279,50082|34279,50114|34279,50493|34279,50525|34279,50884|34279,50916|34279,51275|43048,15101|43048,15269|43048,24081
½ºå³ 19615,325|19615,372|33898,342
½ºå³àì 19615,157|19615,238|50971,190
½ºåâ¹ì³ª 50971,204
½ºåç 43048,27295
½½ 19615,1798|26219,2837|26219,4140|26219,5448|26219,6465|26219,6984|26219,8391|26219,9396|26219,9467|34279,32895|34279,33053|34279,33878|34279,40358|50971,558|50971,5839|50971,6457
½à 34279,4529|34279,4620|34279,6127|34279,12265|34279,42171|34279,42195|43048,5144|43048,15878|43048,19899|43048,23894
½àáöàç 34279,33699
½âãµçï 43048,13373
½ã 19615,562|19615,572|19615,1828|19615,1851|19615,2785|19615,2810|19615,3780|19615,4473|19615,4505|19615,5347|19615,5356|26219,828|26219,1415|26219,1432|26219,2126|26219,2330|26219,2732|26219,2769|26219,3943|26219,4014|26219,4394|26219,6141|26219,6213|26219,6475|34279,436|34279,1932|34279,3397|34279,5124|34279,6043|34279,6581|34279,10097|34279,10366|34279,11925|34279,12193|34279,13834|34279,15886|34279,15978|34279,16105|34279,16221|34279,17510|34279,20226|34279,20822|34279,22677|34279,22853|34279,23692|34279,23705|34279,26735|34279,27586|34279,29316|34279,29478|34279,29622|34279,29775|34279,29924|34279,30066|34279,34093|34279,34261|34279,34409|34279,38147|34279,40021|34279,41569|34279,44622|34279,46518|34279,47443|34279,51045|43048,198|43048,894|43048,3190|43048,3336|43048,3492|43048,5925|43048,8900|43048,10643|43048,11507|43048,11662|43048,13682|43048,16698|43048,20932|43048,22017|43048,23522|43048,23537|43048,25386|43048,27162|50971,699|50971,2182|50971,2262|50971,2275|50971,3164|50971,3191|50971,3585|50971,3652|50971,4650|50971,4776|50971,4789|50971,5111|50971,5862|50971,5890|50971,6652|50971,6698
½ãµµ 34279,5965|43048,3096
½ã¹ýµ 26219,2110|26219,2220|26219,4746|26219,4843|34279,5108|34279,10163|43048,3174|50971,1286|50971,1375
½ã¼ 34279,32235|43048,17027
½ãàç 34279,50711
½ãàû 19615,8404|26219,11861|33898,13|34279,51538|43048,27798|50971,7255
½ãàû½ã 26219,11157
½ãáö 19615,1251|19615,1262|19615,1273|26219,1133|26219,2716|26219,2753|50971,3180|50971,5095
½ãå³¼ö 19615,345|19615,392
½ä 43048,443|43048,1161|43048,14091|50971,4128
½äàúµé 34279,33708|43048,19648|50971,7020
½å 26219,11505|34279,26930|34279,27108|34279,27119|34279,27130|34279,27141|34279,27152|34279,27357|34279,27368|34279,27379|34279,27390|34279,27401|34279,34554|34279,34590|34279,34626|34279,34656|34279,34684|34279,34714|34279,34791|34279,34819|34279,34923|34279,34959|34279,34995|34279,35024|34279,35052|34279,35082|34279,35112|34279,35141|34279,35169|34279,35267|34279,35282|34279,35298|34279,35332|34279,35366|34279,35396|34279,35424|34279,35454|34279,35485|34279,40378|34279,40406|34279,40434|34279,40464|34279,47579|34279,47607|34279,47639|34279,47673|34279,47701|43048,20975|43048,21220|43048,21231|43048,21242|43048,21253|43048,21264|43048,21275|43048,21383|43048,21394|43048,21405|43048,21416|43048,21427|43048,21438|43048,26997|43048,27010|43048,27023
½ö 33898,156
½öµõàì 34279,38767
½öº 34279,19978
½ö¾î 34279,17139|43048,11725
