0
15
42
59
74
130
148
166
181
197
213
231
246
5837
5907
5969
6028
6205
6401
6527
6862
6955
6971
6989
7099
7128
7147
7164
7202
7219
7258
7351
7370
7389
7420
7546
7563
7581
7598
7614
7628
7658
7675
7693
7714
7735
7754
7772
7791
7810
7828
7845
7863
7879
7893
7941
8028
8051
8079
8107
8123
8139
8167
8185
8201
8215
8232
8299
8318
8345
8410
8428
8444
8469
8484
8500
8517
8537
11300
11327
11357
11378
11399
11419
11441
11461
11482
11503
11523
11544
11564
11594
11615
11636
11656
11678
11698
11719
11740
11760
11781
11801
11820
11840
11858
11878
11896
11915
11934
11952
11971
11990
12005
12031
12046
12066
12086
12106
12126
12146
12163
12180
12197
12214
