áfra 34359,215
ágælan 19829,1451
álvarez 22854,8969
álvaro 25397,4517|30234,5664|34171,5775
ávila 27142,7789|27142,12064|46408,57872
áx5 43048,21144
á³ª 34279,39409
áµéà 34279,13702
á½º 34279,2546|34279,2589|34279,8391|34279,8419|34279,8632|34279,8679|34279,15956|34279,17004|34279,17016|34279,18277|34279,29894|34279,33109|34279,33272|34279,39907|43048,4492|43048,4532|43048,5024|43048,5067|43048,9356|43048,9368|43048,15011|43048,15177|43048,19506
á¾ 34279,4493|34279,7164|34279,8098|34279,8397|34279,8972|34279,10880|34279,11208|34279,11523|34279,11835|34279,15341|34279,16086|34279,16868|34279,17022|34279,17206|34279,17750|34279,18283|34279,19162|34279,20031|34279,20338|34279,20546|34279,21291|34279,21632|34279,21836|34279,22381|34279,22768|34279,22789|34279,22993|34279,25863|34279,25917|34279,26728|34279,26753|34279,29751|34279,29900|34279,30954|34279,31857|34279,32083|34279,32455|34279,33411|34279,33476|34279,33497|34279,34237|34279,37707|34279,38282|34279,40600|34279,41277|34279,42610|34279,42918|34279,43530|34279,43854|34279,46360|34279,46375|34279,47503|34279,47524|34279,50161|34279,50215|34279,50704|43048,4218|43048,4498|43048,5187|43048,6234|43048,7086|43048,7419|43048,9374|43048,9762|43048,10023|43048,10189|43048,11791|43048,11969|43048,12111|43048,12633|43048,15183|43048,15718|43048,15969|43048,16190|43048,17258|43048,17846|43048,18158|43048,18241|43048,19032|43048,19718|43048,19767|43048,20660|43048,22082|43048,22103|43048,22500|43048,22904
á¾2 34279,33278
á¾º 19615,463|19615,762|19615,1338|19615,1923|19615,2896|19615,3909|19615,4580|19615,5005|19615,5516|19615,7018|26219,212|26219,1322|26219,2989|26219,4295|26219,5827|26219,6729|26219,7713|26219,8965|26219,10407|34279,369|34279,1865|34279,3330|34279,6514|34279,10299|34279,13767|34279,15819|34279,20755|34279,29287|34279,34064|34279,41540|34279,51016|43048,131|43048,827|43048,3269|43048,5858|43048,8833|43048,11440|43048,13615|43048,16631|43048,20865|43048,27095|50971,362|50971,892|50971,1573|50971,2339|50971,3256|50971,3847|50971,4341|50971,4853|50971,5232|50971,5967
áß 19615,2288|19615,3548|19615,4232|19615,5877|19615,6537|19615,6704|19615,7565|26219,916|26219,1526|26219,3453|26219,3770|26219,6014|26219,7380|26219,8418|26219,9133|34279,1605|34279,2052|34279,2637|34279,2745|34279,2867|34279,3238|34279,4565|34279,6189|34279,13305|34279,17226|34279,17424|34279,18622|34279,19206|34279,20067|34279,20570|34279,21046|34279,22024|34279,23423|34279,23768|34279,23873|34279,24357|34279,25194|34279,25767|34279,26460|34279,26825|34279,27083|34279,27332|34279,27541|34279,28189|34279,28675|34279,30734|34279,30979|34279,30989|34279,31057|34279,31168|34279,31348|34279,31372|34279,31549|34279,31702|34279,31928|34279,32172|34279,32325|34279,32500|34279,33560|34279,33644|34279,34641|34279,34700|34279,35009|34279,35068|34279,35382|34279,35719|34279,35760|34279,35876|34279,35977|34279,36247|34279,36514|34279,36543|34279,36739|34279,36768|34279,37208|34279,37241|34279,37345|34279,37495|34279,37552|34279,37782|34279,37841|34279,38063|34279,38122|34279,38354|34279,38414|34279,38656|34279,38843|34279,38880|34279,38912|34279,39484|34279,39770|34279,39810|34279,40697|34279,40902|34279,41841|34279,42109|34279,42393|34279,42721|34279,43017|34279,43258|34279,43571|34279,44055|34279,44165|34279,44440|34279,46972|34279,50059|34279,50470|34279,50861|43048,2083|43048,3683|43048,4242|43048,5236|43048,5672|43048,6272|43048,6972|43048,7159|43048,7461|43048,10485|43048,11196|43048,15942|43048,16948|43048,17996|43048,20017|43048,20484|43048,21139|43048,21204|43048,21545|43048,21727|43048,21931|43048,22123|43048,22552|43048,23071|43048,23670|43048,23939|43048,24618|43048,25323|43048,25660|43048,25900|43048,26123|43048,26549|43048,26739|43048,27257|50971,5553|50971,6312
áß¾óàç 26219,11238
áßèäçñ 34279,32875|34279,32999|34279,39209|34279,39373|34279,39592|34279,41080|34279,45049|34279,45388|34279,46117
áàç 19615,8354|34279,24742|34279,44958
áàçáöàî 34279,12599|34279,48227|43048,12321
áàü 34279,27934|34279,46017|43048,6848|43048,7105|43048,17589
áàüàå 34279,23818|34279,25896|34279,26359|34279,27960|34279,50194|43048,27237
áá 19615,909|19615,1467|19615,1483|19615,1568|19615,2056|19615,2187|19615,2418|19615,2549|19615,3029|19615,3360|19615,4044|19615,6470|19615,7139|19615,7288|26219,1674|26219,1791|26219,1965|26219,3271|26219,3386|26219,7834|26219,7953|26219,8121|26219,9177|26219,10163|34279,2223|34279,7362|34279,7587|34279,9751|43048,3978|43048,8305|50971,1696|50971,1813|50971,2450|50971,2952|50971,5355|50971,5452|50971,6088
áåõ¾î 19615,8149|26219,11447|34279,3433|34279,3510|34279,3589|34279,6617|34279,6679|34279,6741|34279,13869|34279,13964|34279,14041|34279,15921|34279,16047|34279,16174|34279,29418|34279,29564|34279,29708|34279,29861|34279,30008|34279,34195|34279,34347|43048,930|43048,1008|43048,1084|43048,3372|43048,3449|43048,5961|50971,6900
áçñº 34279,32890|34279,33048|34279,33873|34279,40353
áçñåð 34279,6453|34279,13485|34279,15577|34279,32674|43048,2256|43048,11381|43048,16048|43048,19383
áè 26219,4611
áñ 43048,10404
áö 19615,1648|19615,2121|19615,2218|19615,2483|19615,2580|19615,3116|19615,7170|19615,7319|26219,5202|34279,397|34279,400|34279,1893|34279,1896|34279,3358|34279,3361|34279,6542|34279,6545|34279,8763|34279,10038|34279,10327|34279,10330|34279,13795|34279,13798|34279,15847|34279,15850|34279,17068|34279,20116|34279,20783|34279,20786|34279,28564|34279,29325|34279,29328|34279,33140|34279,33312|34279,33588|34279,34102|34279,34105|34279,40785|34279,41578|34279,41581|34279,45236|34279,48955|34279,51054|34279,51057|43048,159|43048,162|43048,855|43048,858|43048,3297|43048,3300|43048,5886|43048,5889|43048,8861|43048,8864|43048,9429|43048,11468|43048,11471|43048,12898|43048,13011|43048,13643|43048,13646|43048,16527|43048,16659|43048,16662|43048,18200|43048,18319|43048,19623|43048,20893|43048,20896|43048,21452|43048,24979|43048,25046|43048,25772|43048,27123|43048,27126|50971,3627|50971,3694|50971,6617|50971,6979|50971,7057
áöµµ 19615,1219|26219,628|26219,7569|50971,484
áö¹èàú 34279,23947|43048,8347
áö¾à 19615,5928|26219,6299|26219,9492
áöàççïàú 43048,13391
áöàî 34279,2111|34279,7603|34279,8133|34279,16449|34279,24746|34279,39068|43048,4170
áöá 34279,393|34279,1889|34279,3354|34279,6538|34279,10323|34279,13791|34279,15843|34279,20779|34279,29321|34279,34098|34279,41574|34279,51050|43048,155|43048,851|43048,3293|43048,5882|43048,8857|43048,11464|43048,13639|43048,16655|43048,20889|43048,27119
áöáßàç 34279,7411|43048,3757
áöçüµ 19615,311|19615,358
áø 19615,5901|19615,6716|34279,983|34279,18554|34279,31525|34279,34833|34279,35155|34279,35499|34279,36062|34279,36334|34279,36854|34279,37127|34279,37635|34279,37924|34279,38208|34279,38497|34279,38696|34279,38726|34279,39047|34279,39538|34279,41056|34279,41288|34279,41926|34279,42225|34279,42254|34279,42506|34279,42847|34279,43113|34279,43144|34279,43438|34279,43758|34279,44041|34279,44067|34279,44291|34279,44320|34279,44568|34279,44598|34279,44906|34279,44934|34279,45115|34279,45199|34279,45499|34279,45530|34279,45715|34279,45746|34279,45962|34279,45993|34279,46750|34279,46950|34279,47234|34279,47841|34279,48302|34279,49065|34279,49440|34279,49471|34279,49683|34279,49711|34279,51331|34279,51423|43048,2134|43048,12450|43048,26870|43048,27507
áø¹éàç 34279,50787
áø¹ì 34279,1662
áø¼ö 34279,1145|43048,2272
áøáö 34279,16766|34279,28213|34279,31712|34279,33900|34279,47218|43048,15617|43048,19860
áøè 34279,20430|43048,25454
áøèëåá 26219,11710|43048,16886
áú 34279,2647|34279,8752|34279,17101|43048,5121|43048,9457|43048,15041|43048,15057|43048,19589
áúàúçç 34279,8473|34279,18372|43048,4588|43048,9470|43048,15225
áúááàº¹éàºàç 43048,19181
áúááàºáøè 43048,25465
áúæ 34279,33156|34279,39999
áúç³àç 34279,26923
áúç³àûàü 43048,18952
áü½â 34279,724|34279,830|34279,990|34279,1060|34279,1227|34279,2202|34279,6404|34279,6895|34279,7375|34279,7817|34279,8882|34279,13433|43048,401|43048,657|43048,756|43048,1442|43048,1694|43048,2141|43048,2211|43048,5356|43048,6118|43048,9238|43048,11329
áý 26219,11530|34279,19315|34279,42165|50971,6970|50971,7048
áýè 19615,475|19615,489|19615,496|19615,774|19615,788|19615,795|19615,1350|19615,1364|19615,1371|19615,1935|19615,1949|19615,1956|19615,2908|19615,2922|19615,2929|19615,3921|19615,3935|19615,3942|19615,4592|19615,4606|19615,4613|19615,5017|19615,5031|19615,5038|19615,5528|19615,5542|19615,5549|19615,7030|19615,7044|19615,7051|19615,8035|19615,8052|19615,8059|26219,224|26219,238|26219,245|26219,1334|26219,1348|26219,1355|26219,3001|26219,3015|26219,3022|26219,4307|26219,4321|26219,4328|26219,5839|26219,5853|26219,5860|26219,6741|26219,6755|26219,6762|26219,7725|26219,7739|26219,7746|26219,8977|26219,8991|26219,8998|26219,10419|26219,10433|26219,10440|26219,11324|26219,11338|26219,11345|33898,36|34279,27|34279,336|34279,1832|34279,3297|34279,6481|34279,10266|34279,13734|34279,15786|34279,20722|34279,29253|34279,34030|34279,41500|34279,50978|50971,374|50971,388|50971,395|50971,904|50971,918|50971,925|50971,1585|50971,1599|50971,1606|50971,2351|50971,2365|50971,2372|50971,3268|50971,3282|50971,3289|50971,3859|50971,3873|50971,3880|50971,4353|50971,4367|50971,4374|50971,4865|50971,4879|50971,4886|50971,5244|50971,5258|50971,5265|50971,5979|50971,5993|50971,6000|50971,6791|50971,6805|50971,6812
áþ 26219,11792|34279,38516
