사거리 43111,23122
사검 21815,7463|21815,7677|21815,7838|21815,8002|21815,8180|21815,8374|21815,29397|21815,29582|21815,29930
사격술 42032,4073|42032,6017|42032,6585|42032,6709
사격중을 37097,32435
사냥감을 51013,13259|51013,13333
사냥꾼t셔츠 26754,20378
사냥꾼t셔츠x 26754,30677
사냥꾼을 38161,5908
사냥꾼의 38161,5972
사냥꾼티켓 26754,20419|38917,30430|39826,843
사냥시 36663,2389
사냥한 51013,13264|51013,13341
사다르메리크 19406,3198
사다르스드 19406,2922
사람과 25899,23538
사람만이 51013,13799
사람은 43111,23603|51013,13074|51013,17463
사람의 45997,26875
사랑 51013,11778
사룡 38161,620|51013,15415
사룡가죽 19406,6869|19406,6921|21815,8246|26754,8280|26754,17259|33013,10407|33119,17041|33119,17994|33119,18796|33645,24895|38917,13778|39826,7953|47038,7645|47038,12013|47038,16937|47038,18499|49792,21887
사룡갈기 19406,8094|21815,14810|23733,2922|23733,10120|24789,1738|24789,5001|26754,2828|26774,3022|27445,6210|27798,5563|33119,8742|33645,14405|37097,1774|38917,18053|45794,3590|45794,7771
사룡머리 19406,6876|19406,6914|19406,7121|21815,8439|21815,30097|23733,9745|24789,27501|27445,2784|33645,18344|38917,13886|39826,5201|43111,2616|45794,4159
사룡비늘 19406,8049|21815,14852|23733,2934|23733,3840|23733,4758|24789,1750|24789,1792|24789,4989|26754,2844|26754,8559|26774,3033|26774,4695|26774,8614|27798,5726|33119,3046|33119,3953|37097,1786|38917,17995|39826,8224|43111,8628|45794,4723|45794,4779|45794,7725|47038,3085|47038,7918
사룡상갈기 19406,4356|19406,4573|23733,15974|23733,27219|24789,11757|25899,7440|26754,24099|26774,13835|33119,13877|33119,26987|33645,27443|37097,8540|38917,18078|43111,19101|47038,13386
사룡상린 19406,4313|21815,12361|21815,32189|23733,15962|23733,17244|24789,11770|24789,34374|26754,14985|26774,13824|26774,14950|26774,24055|26774,26838|27798,26849|33013,8398|33119,13866|33119,14727|33119,15048|33119,19691|33119,24189|37097,8553|37097,9758|38917,18027|47038,13375|47038,14557|47038,23664
사룡상피 19406,7114|21815,8432|21815,30078|23733,24426|26754,21495|26774,15835|26774,19768|26774,21459|26774,21739|33119,14265|33119,15915|33119,19038|33119,21627|33119,21825|38917,13808|45997,6969|47038,19574|47038,21034|47038,21230
사룡자린 21815,15642|23733,21263|23733,22359|24789,15911|26754,18531|26774,18679|26774,29494|33119,18658|37097,8565|37097,10343|38917,18105|39826,4426|47038,18303
사룡특상피 19406,7312|21815,30089|23733,31554|24789,24520|24789,39333|26774,27782|26774,30717|33013,10793|33119,26159|33119,27874|33119,29018|33119,29376|33119,31016|33645,30728|38917,13833|45794,799|45997,22756|47038,28400|47038,29607|47038,30308|49792,22066
사룡핑크갈기 21815,12568|21815,15882|21815,32720|23733,21275|24789,15897|24789,34659|25899,7489|26754,18542|26774,18690|33119,18669|33119,29743|33645,14946|33645,30041|37097,27409|38917,18131|39826,4431|45794,4834|47038,18315
사막 21239,5528|31242,1786|31242,4054|33013,7914|36993,721|36993,1647|36993,1908|36993,3922|36993,4234|36993,4315|38161,441|38161,457|38161,4777|38161,4793|39826,4757|39826,4836|39826,5541|45326,6954|45326,7004|45326,7061|45326,7114|45326,7174|45326,7243|45326,7319|45326,7388|45794,512|45794,7732|45794,8445|51013,7848
사막에서 36993,691|36993,3899
사막에서의 51013,7851
사막의 21239,5656|21239,5719|31242,2907|38161,6925|38161,6985
사막이나 45326,7178|45326,7247|45326,7323|45326,7392
사망 38917,1068|38917,1139|38917,1264|38917,1330
사무라이 51013,9075
사바스챤 36993,2729
사사자 21239,5666|38161,6942
사수 23733,38355|26754,34251|26774,34138|28259,725|28259,1193|28259,1823|33119,34321|45326,4280|47038,33674
사신 51013,7020
사실 43111,24127|43111,26109
사실은 43111,25204
사용 19406,34985|19406,35220|21760,84|27798,28777|28259,561|33013,4779|33013,5251|36663,6741|36663,10844|38917,2446|38917,2503|38917,4003|38917,4166|38917,4771|38917,4847|38917,5305|38917,5355|38917,5406|38917,5508|38917,5553|38917,5601|38917,7532|38917,7578|38917,7621|38917,8967|38917,9568|38917,9643|38917,31208|38917,31427|43111,19980|43111,23452|43111,25748|46907,84
사용가능 38917,3828|38917,3959|38917,11339|38917,11531|45326,3116|45326,3155|45326,3184|45326,3220|45326,3247|45326,3287|45326,3318|45326,3357|45326,3386|45326,4025|45326,4080|45326,4135|45326,4190|45326,4245
사용가능음색 35316,9004
사용가능한적 35316,3853|35316,9026
사용도 33645,32114
사용되고 28259,5357
사용될때 35316,9021
사용불가 38917,1834|38917,6945
사용사용할 45326,4034|45326,4089|45326,4144|45326,4199|45326,4254
사용시의 38917,91|38917,7838|38917,8910|38917,10376|38917,11483|38917,11885|38917,27559|38917,28965|38917,30683|38917,31474
사용에 28259,3025
사용율도 36663,12574
사용을 36663,12904|45326,1653
사용이 19406,34963
사용퀘스트 21239,5446|25030,8191|36760,9119|43998,5994
사용하기 28259,7701
사용하기가 28259,1121
사용하기는 28259,2210
사용하는 21815,35505|27445,37895|27798,29939|28259,491|28259,4809|33645,32138|36663,879|36663,1954|36663,2219|36663,12938|36663,13495|37097,32875|43111,23598|43111,24264|45326,8824|45326,8874|45326,8925|45326,8997|45997,25660
사용하는것에 36663,459
사용하도록 19406,35877
사용하면 27445,38458|28259,7610|35316,1665|36663,1047|36663,1127|36663,2841|36663,13408|38917,2317|38917,3466|42032,5438
사용하므로 36663,12391
사용하자 27798,29632|43111,21891
사용하지 27798,30041
사용하지만 36663,12564
사용한 51013,14605|51013,15727|51013,16654
사용한다 19406,36195
사용할 25030,335|28259,2491|28259,3958|28259,4627|33645,32147|33645,32521|36663,772|36663,11568|36663,14117|36760,219|36993,194|37097,31999|43111,24831|45997,26889
사용할수 24789,40353|37097,32381|45997,25750
사용해 27798,29841|36663,9699|45997,26386
사용해도 33645,32367|33645,32457|36663,14509
사용해서 21815,34799
사용해서까지 36663,13040
사용후 38917,3682
사원체 49792,14283|49792,14511
사이 37097,33191
사이는 43111,25125
사이드 43111,21672|43111,21725
사이드스텝 19406,34735|43111,20173
사이에 36663,15174
사이에만 43111,20775
사이즈 38161,28|38161,4629|38161,4658|38161,6106|38161,8196|38161,8223|38161,8282|38161,8321|38161,8359|51013,7507|51013,7547|51013,7585
사이즈가 38161,694
사이즈는 38161,3556|38161,3715|38161,4819|38161,4975
사이클론 27798,11265|51013,3931
사이클론g 27798,25985
사이클롭스해머 27445,12351|45997,619
사일런트 51013,3956
사자 51013,2656
사자무 49792,2757
사자왕 49792,2943
사자황 49792,3153
사정거리가 28259,3517
사정거리는 28259,1798
사정거리를 43111,22846
사진 51013,4452
사창 19406,6805|19406,7043|19406,7244
사투 38161,580
사항 33013,11720
