앵글러 51013,9768
앵화 51013,2339
앵화룡 36993,5612|36993,5638|36993,5665|38161,1898
앵화룡갑각 21815,9828|23733,13069|24789,9376|26754,11167|26774,11231|33119,11346|38917,19559|45794,8050|45997,12875|45997,12926|47038,10723
앵화룡견각 21815,10025|21815,12560|23733,27562|24789,18067|25899,10729|25899,10774|26754,24432|26774,24354|33119,23606|33119,24503|38917,19585|45997,13130|45997,24649|47038,23985
앵화룡비늘 21815,9839|23733,13082|24789,9363|24789,9692|26754,11150|26774,11248|27798,20167|33119,7747|33119,11363|38917,19470|45997,12867|45997,12918|47038,10710
앵화룡상린 21815,10033|23733,27575|24789,18054|24789,19241|25899,10782|25899,10944|26754,24415|26774,24371|27798,20337|33119,20773|33119,24520|38917,19505|45997,13122|47038,23968
앵화룡중각 21815,10481|21815,32701|23733,37131|24789,25952|26754,33165|26774,33052|33119,33287|33645,8721|33645,9042|38917,19612|45997,13604|45997,24638|47038,32599
앵화룡후린 21815,10253|23733,37144|24789,25939|24789,28654|25899,11093|26754,33153|26774,33060|27798,20511|33119,33295|33645,8795|38917,19532|45794,6891|45997,24630|47038,32591|49792,22074
앵화의연노 24789,25855
