감겨 36663,15295
감긴돌꼬리 21033,5479
감사 51013,16600|51013,16617
감사의 51013,16303
감사의편지 51013,14395
감소 35316,2560|36663,8539|38917,31998|38917,32866|42032,4054|42032,5261|45326,220|45326,248|45326,279|45326,7211|45326,7285|45326,7356|45326,7425
감소가 25030,160|25030,220|27798,28931|42032,4303|45326,7088|45326,7141|45326,7680|45326,7717
감소를 45326,6981|45326,7036
감소에 45326,4485
감소하고 45326,5460
감소하는 45326,8021|45326,8068|45326,8114
감소하지 45326,7988
감소한다 35316,2499|36663,9454|45326,4842|45326,4890|45326,5477|45326,5710|45326,6242|45326,6713|45326,6759|45326,8441|45326,8513|45326,9237|45326,9817|45326,9858|45326,9899
감소합니다 21239,153|21239,210|36663,3601|36760,152|43998,141
감소해 27798,28749
감으면 51013,12995
감자스틱 42032,1003
감춰진 51013,15552
