명검 39470,2615|39470,2762|39470,3192|39470,5518|39470,8749|39470,8828|39470,10060|39470,13224|39470,13314|39470,13390|39470,14134|39470,14593|42032,4312|43111,21957|43111,23340|45326,2320
명검을 27798,29062
명검이나 43111,24624
명랑쓰르라미 36760,7282|36993,1957|36993,4648
명인 33013,5293|51013,569
명인주 45794,2077
명장주 45794,1473
명중률 24789,40440
명중률과 37097,32702
명칭 19406,400|19406,11251|19406,21320|19406,21703|19406,22259|19406,23199|19406,24067|19406,25239|19406,26430|19406,27465|19406,27838|19406,28154|21815,390|21815,8527|21815,21329|21815,22067|21815,22947|21815,23987|21815,24535|21815,24882|21815,26127|21815,27329|21815,27681|21815,28156|24789,185|24789,4515|24789,7176|24789,10434|24789,14862|24789,16710|24789,21722|24789,27310|24789,32442|25899,263|25899,2085|25899,3498|25899,4427|25899,5770|25899,6422|25899,6896|25899,7922|25899,8860|25899,9509|25899,9859|25899,11144|25899,11955|25899,12637|25899,13120|25899,14096|25899,14582|25899,15091|25899,15436|25899,15778|25899,16242|25899,16585|25899,17547|25899,17761|25899,18044|25899,19503|27445,388|27445,11794|27445,20675|27445,21840|27445,23044|27445,24286|27445,25329|27445,26244|27445,26981|27445,27538|27445,27891|27445,28388|27445,28934|27445,29242|27798,391|27798,3833|27798,8089|27798,9939|27798,10943|27798,13020|27798,13758|27798,14561|27798,15219|27798,15849|27798,16873|27798,17219|27798,18002|27798,18778|27798,19754|27798,19997|27798,20562|27798,20985|27798,21620|27798,22296|27798,22995|27798,23893|27798,24124|27798,24402|28259,67|28259,772|28259,1239|28259,1871|28259,2579|28259,3086|28259,3766|28259,4121|28259,4918|33645,394|33645,9169|33645,16966|33645,18384|33645,19612|33645,20644|33645,21206|33645,21549|33645,21890|33645,22797|33645,23574|33645,24694|33645,25097|33645,25721|37097,192|37097,2605|37097,5057|37097,7800|37097,11126|37097,12710|37097,16048|37097,20288|37097,25440|43111,506|43111,4048|43111,7814|43111,11455|43111,12522|43111,13366|43111,13954|43111,14321|43111,14731|43111,15455|43111,16216|43111,16731|43111,17257|43111,17761|45794,48|45997,394|45997,4174|45997,5691|45997,7498|45997,9330|45997,10764|45997,11833|45997,12613|45997,13903|45997,15188|45997,16159|45997,17340|45997,18186|45997,18744|45997,20014|45997,20595|45997,21170|45997,21643|45997,22024|49792,880|49792,7454|49792,12403|49792,12828|49792,13340|49792,14639|49792,15679|49792,17021|49792,17835|49792,18520|49792,18992|49792,19521|49792,20344|49792,20901|49792,21301|49792,21686|49792,22106|49792,22758
