견개옥 21033,4023|21033,4055|21239,2193|21239,4938|21239,5192|21239,5255|33013,4028|33013,4032|33013,4063|33013,4388|33013,6776|33013,7764|33013,8436|33013,9278|33013,10647|33013,11402|33013,11536|38917,8580|39826,9779|43998,2970|43998,4756|43998,4846|43998,5358
견골추 27445,13034
견골추g 27445,34582
견골추改 27445,13229
견딜 51013,12925
견룡 47038,28077
견룡암 25030,4684|36760,2519|36760,6771|36760,7919|36760,8087|36993,2184|36993,3835|36993,5702|36993,6457
견병주 45794,3776
견수주 45794,254
견순 51013,4721
견용골 19406,12176|19406,12606|21033,4839|21033,4850|21815,12078|21815,12128|21815,12188|21815,12368|21815,17304|21815,23711|23733,16501|23733,19023|23733,19684|23733,27588|24789,15347|24789,16217|24789,21300|24789,32629|24789,34685|25899,5019|25899,5946|25899,6717|25899,7451|25899,7505|25899,8223|25899,13877|26754,16029|26754,16163|26754,16318|26754,19042|26754,19904|26754,20112|26754,21364|26754,24651|26754,28422|26754,29194|26774,15087|26774,15173|26774,16180|26774,16255|26774,16491|26774,17171|26774,19852|26774,20190|26774,24215|26774,24424|26774,24534|26774,24615|26774,26203|27445,7686|27445,12271|27445,25020|27445,25064|27445,30420|27798,16609|27798,17038|27798,21884|33013,7618|33013,7797|33013,8311|33013,9163|33013,10570|33013,11263|33119,15475|33119,16518|33119,17199|33119,19831|33119,19920|33119,20314|33119,24574|33119,27561|33119,30199|33645,10823|33645,10878|33645,10906|33645,20980|37097,8577|37097,11323|37097,11920|37097,12498|37097,12907|37097,13497|37097,14381|37097,15549|37097,16228|37097,28604|38917,12703|39826,4020|39826,7644|43111,12207|43111,18153|45997,1149|45997,3108|45997,6737|45997,14872|47038,14650|47038,15422|47038,19792|47038,21497|47038,23828|47038,25449|47038,28906|49792,4934
견창다이자자미 19406,18479
