같고 25899,22062
같다 35316,1981|35316,2039|35316,2086
같습니다 33013,12142|36663,4413
같아서 29127,3254
같으면 27798,29694
같은 19406,84|19406,35561|19406,35584|21815,74|24789,92|25899,85|25899,19795|25899,22263|27445,74|27798,74|28259,2331|28259,4022|33013,11998|33013,12032|33013,12070|33645,76|33645,32296|36663,12487|37097,97|37097,32246|38161,286|38161,316|39826,477|39826,1317|39826,3405|39826,4845|39826,5860|39826,7107|43111,81|43111,24277|43111,24604|43111,24636|43111,24882|43111,25082|45326,6192|45326,10920|45997,81|45997,25837|49792,567|51013,17562
같을 19406,35871
같음 38161,418|38161,478
같이 25899,20225|25899,22336|28259,1534|28259,5226|36663,626|36663,2899|36663,14183|36663,14457|36663,14488|36663,15334|37097,32642|38917,6827|42032,230|43111,20370|43111,23108|43111,25051|43111,25558|45997,26129
같지만 36663,12213|36663,12382|38161,670|43111,20883
