0
10956
10971
10991
11008
11024
11041
11060
11094
11114
11135
11151
11173
11191
11211
11234
11253
11284
11304
11328
11350
11372
11391
11408
11427
11448
11471
11492
11524
11543
11562
11583
11602
11622
11644
11666
11706
11761
11790
11834
11862
11879
11898
11921
11941
11961
11981
12000
12016
12036
12056
12074
12091
12110
12129
12152
12169
12187
12209
12229
12250
12271
12311
12328
12348
12364
12380
12408
12428
12460
12480
12500
12526
12546
12567
12599
12623
12643
12668
12687
12707
12739
12758
12778
12798
12816
12836
12852
12874
12897
12918
12936
13060
13076
13093
13118
13136
13178
13193
13210
13240
13443
13508
13559
13577
13603
13629
13655
13670
13689
13741
13755
13789
14475
14613
14654
14672
14996
15226
15243
15264
15279
15306
15323
15392
15445
15485
