숫돌 21033,2278|21033,3571|21239,4247|21239,4258|23733,1284|25030,1134|25030,1883|25030,2568|25030,2612|25030,2678|25030,3604|25030,3656|25030,3700|25030,3780|25030,3927|25030,3990|25030,4488|25030,4527|25030,4581|25030,5420|25030,6031|25030,6042|25030,6484|25030,6510|25030,7529|25030,7551|25899,19825|26754,1236|26754,4748|26774,1238|26774,4952|29127,500|29127,3000|29127,5031|31242,4939|33013,3712|33119,1217|36760,1523|36760,1543|36760,2240|36760,2260|36760,3087|36760,3159|36760,4858|36760,5892|36760,5929|36760,7650|36760,8161|36760,8844|36760,8933|38917,5734|43111,24629|43998,2694|43998,3090|43998,3485|43998,4914|43998,4925|47038,1340|49792,23116
숫돌계 45326,2499
숫돌로 38917,8963
숫돌사용고속나 27798,29054
숫돌사용고속화 39470,615|39470,713|39470,2766|39470,5219|39470,5301|39470,12000|45326,2461
숫돌성능감소 39470,2093|39470,12239|45326,2492
숫돌은 27798,28948
숫돌의 27445,37521
숫돌이나 43111,21126
숫자 25899,20631
숫자가 21033,6596
숫자는 25899,20676
