유격수 36663,5014|36663,11908
유니온광석 19406,1516|19406,1767|19406,2391|19406,5133|19406,32031|21033,4563|21033,4576|21239,2257|21239,2663|21239,5231|21815,2261|21815,2942|21815,12778|23733,26823|24789,10924|24789,11513|24789,15649|24789,16527|25030,3717|25030,4603|25030,5573|25899,10955|25899,12942|25899,16870|26754,15892|26754,23736|26754,23851|26774,14812|26774,15504|26774,19180|26774,23696|26774,23809|26774,26354|27445,1445|27445,1716|27445,2775|27445,3569|27445,4652|27445,6569|27445,7246|27445,35223|27798,1703|27798,3605|27798,11321|27798,11521|27798,19701|27798,20326|33013,3835|33013,3878|33013,4159|33013,7748|33013,9255|33013,10868|33119,16361|33119,20105|33119,21416|33119,22265|33119,22353|33119,22495|33119,23755|33119,23869|33645,1776|33645,2451|33645,3497|33645,11651|36760,3181|36760,7837|36760,8941|37097,10628|37097,12218|37097,13791|37097,27423|38917,8140|39826,5689|39826,9659|43111,9229|43998,3521|43998,3755|43998,5438|45997,5162|47038,13766|47038,14540|47038,23289|47038,23407|47038,25603|47038,26420|49792,3655|49792,4521|49792,16085|49792,16335|49792,18077|49792,19255|49792,21491|49792,24517
유도는 36663,1714
유리원주 25030,1980|25030,2045|25030,2652|25030,2722|33013,4109|33013,4188|33013,4573|33013,10094|33013,10577|33013,11441|36760,2827|36760,3202|38917,31624|39826,9948|45794,180|45794,978|45794,1106|45794,1441|45794,1494|45794,1575|45794,1624|45794,1732|45794,1823|45794,1862|45794,1940|45794,1990|45794,2128|45794,2168|45794,2375|45794,2478|45794,2543|45794,2803|45794,2883|45794,2936|45794,3033|45794,3083|45794,3201|45794,3318|45794,3432|45794,3799|45794,4179|45794,4229|45794,4450|45794,4567|45794,4821|45794,4967|45794,5026|45794,5202|45794,5245|45794,5402|45794,5486|45794,5570|45794,5613|45794,5658|45794,5756|45794,5805|45794,5955|45794,6097|45794,6182|45794,6232|45794,6336|45794,6391|45794,6503|45794,6664|45794,6714|45794,6819|45794,6878|45794,7020|45794,7067|45794,7534|45794,7670|45794,7808|45794,8139|45794,8191|45794,8299|45794,8682|45794,8778|45794,8826|45794,9262|45794,9319
유리하다 25899,22248
유명한 51013,15327
유미 25899,5457|25899,5691
유사 42032,3255
유수주 33013,9969|45794,7183
유용하고 37097,32929
유용하다 28259,638|37097,32977
유용한 51013,12852
유인하기 36663,1639
유일하게 19406,36071
유제품 42032,1162|42032,1708|42032,2090|42032,2405|42032,2602|42032,2776|42032,2907|42032,2912|42032,2965
유지 25899,20926
유지됩니다 36663,3617
유지하고 37097,31930
유지한 43111,23531
유지한다 51013,13172
유지할 49792,26759
유지할려면 43111,21948
유탄추가 23733,2111|23733,11019|23733,19610|23733,29809|26754,2015|26754,9278|26754,14574|26754,17013|26774,2117|26774,9375|26774,14530|26774,17099|26774,26439|33119,2177|33119,9258|33119,14582|33119,17125|33119,26583|45326,3256|45794,3621|47038,2160|47038,8683|47038,14098|47038,16656|47038,25991
유턴 33013,5358
유효 28259,1545|35316,11317|35316,11807|37097,32510|38917,3337|43111,22439|43111,23023
유효최대채취 45326,6263|45326,6336|45326,6411
유효하다 33013,5315
유효한 19406,37086|37097,32842
유효합니다 45326,10210
