암룡갑각 19406,8804|19406,8858|19406,9046|23733,5071|23733,5188|24789,4700|25899,989|26754,4711|26774,4915|27445,10035|27445,10381|27445,10422|27445,18973|33119,4953|37097,2775|38917,20992|45794,2295|45794,3637|45794,5869|45997,4885|45997,11008|45997,11048|47038,4668
암룡강익 19406,1991|23733,30057|24789,24793|25899,1576|27445,9873|27445,11265|27798,25617|33645,2180|37097,18882|37097,19775|38917,21101|45997,5644|45997,11778|45997,23350|49792,16560|49792,24529
암룡견각 23733,17029|23733,17122|23733,22146|23733,22245|24789,14380|25899,6058|26754,14779|26754,19240|26774,14730|26774,19376|27445,9643|27445,19143|33119,14778|33119,19430|37097,9425|38917,21023|45794,5967|47038,14331|47038,19073|47038,26249
암룡날개 19406,8851|19406,9039|23733,8368|24789,6691|25899,1039|27445,18963|27798,3796|37097,2814|38917,21075|39826,7717|45794,1516|45997,4951|45997,11264
암룡눈물 19406,30596|23733,17014|23733,17107|23733,20421|23733,22135|23733,22234|24789,11467|24789,36130|26754,17726|27445,32383|27798,3614|33645,1784|37097,9438|37097,10058|37097,28314|38917,21128|45997,5171|45997,11553|47038,17394|49792,16103|49792,16347
암룡중각 19406,3298|19406,30606|21815,5337|23733,30045|24789,27103|25899,1583|26754,26698|26774,26662|27445,4303|27445,32372|27445,32539|27798,12981|27798,25797|33119,26829|37097,18869|37097,21926|38917,21049|45997,5409|45997,11771|45997,23340|47038,26242
암산룡 38161,8219|38917,23879|38917,23969|38917,24086|38917,24117
암살자 38161,4536|43998,6190
암야검 21815,23807|33645,20471
암야궁 25899,13974
암야창 19406,27297
