길고 28259,613
길과 51013,8282
길기 49792,27002
길다 25899,20816|25899,22159|43111,22420|49792,26834
길드 29127,4836|31242,3820|36663,2555|36663,4289|36663,4436|36663,5793|36993,1763|38917,29771|38917,29806|38917,29842|38917,29877|38917,29912|38917,29947|38917,32940|39826,72|39826,272|39826,354|51013,689|51013,8506|51013,8544|51013,8580|51013,8616|51013,8653|51013,8691|51013,8729|51013,8767|51013,8805|51013,8845|51013,8883|51013,8922|51013,8961|51013,9000|51013,9040|51013,9080|51013,9120|51013,9159|51013,9198|51013,9237|51013,9278|51013,9317|51013,9357|51013,9397|51013,9436|51013,9477|51013,9517|51013,9557|51013,9597|51013,9636|51013,16680
길드가드글러브 26774,20693|26774,20767|26774,20939|26774,21028
길드가드로포스 23733,23666|23733,23913
길드가드마스크 23733,23787|23733,24038
길드가드베스트 26754,20850|26754,20929|26754,21102|26754,21195
길드가드부츠 33119,20858|33119,20926|33119,21092|33119,21175
길드가드슈트 26754,20730|26754,20804|26754,20976|26754,21065
길드가드커프스 26774,20814|26774,20892|26774,21065|26774,21157
길드가드코일 47038,20238|47038,20311|47038,20484|47038,20572
길드가드코트 47038,20359|47038,20436|47038,20608|47038,20699
길드가드타이즈 33119,20973|33119,21046|33119,21212|33119,21299
길드가드피어스 23733,23866|23733,24131
길드가드하트 23733,23741
길드가드헷 23733,24003
길드가준꽃다발 51013,16054
길드나이트글러브 26774,7710
길드나이트마스크 23733,9252
길드나이트베스트 26754,7792
길드나이트부츠 33119,7853
길드나이트세이버 27798,1620
길드나이트슈트 26754,7676
길드나이트스커트 47038,7253
길드나이트커프스 26774,7825
길드나이트코일 47038,7136
길드나이트타이즈 33119,7968
길드나이트페더 23733,9136
길드매니져로부터 38917,29098|38917,29130|38917,29184|38917,29218
길드의 51013,15020
길드카드를 51013,14541|51013,16110
길드카드의 51013,11919|51013,14735
길드포인트를 51013,16071
길어 43111,20984
길어서 45997,26091
길어져서 43111,25388
길어지고 45326,9221
길어진다 45326,9544
길을 42032,5382|43111,21275
길이 49792,26783
길이가 25899,22285|49792,26520
길이는 43111,20970
길지 25899,22289
