0
437922
463571
464981
465324
465364
465382
465401
465829
465847
465892
465910
467263
467406
467422
467441
467460
467580
467601
467619
467637
467659
467716
467761
467806
467963
468005
468050
468067
468223
468238
468260
468279
468298
468315
468360
468379
468463
468609
468693
468735
468754
468799
468818
468902
469125
469167
469290
469310
469329
469348
469365
469410
469503
469545
469691
469720
469738
469759
469788
469809
469968
470010
470031
470060
470080
470099
470144
470166
470208
470234
470382
470407
470428
470447
470466
470491
470510
470529
470605
470623
470639
471045
480565
480661
480703
480784
480806
480852
480898
481180
481198
481243
481260
481426
481444
481464
481483
481528
481549
481567
481735
481752
481771
481816
481833
481854
481988
482005
482047
482089
482106
482124
482145
482329
482347
482366
482487
482509
482530
482664
482685
482704
482749
482768
482988
483007
483026
483187
483205
483224
483243
483262
483338
500304
500444
500486
500658
500678
500697
500716
500738
500759
500892
500911
500928
500947
500969
501142
501161
501179
501197
501215
501260
501472
501539
501712
501730
501749
501957
501983
502004
502201
502223
502242
502267
502286
502305
502463
502482
502501
502520
502545
502691
502713
502819
508469
508564
508582
508601
508760
508779
508800
508819
508838
509061
509080
509101
509244
509263
509282
509300
509320
509342
509361
509505
509665
509687
509861
509910
509929
510090
510107
510126
510325
510494
510516
510533
510554
510573
510643
510719
510736
514114
514209
514228
514249
514396
514413
514435
514455
514474
514620
514640
514773
514791
514810
514831
514965
514983
515255
515275
515294
515316
515335
515353
515513
515532
515702
515721
515740
515759
515781
515802
515947
515966
516098
516138
516156
516174
516193
516210
516306
516323
516344
519191
519287
519308
519326
519474
519505
519527
519675
519695
519866
519888
519905
519923
520069
520253
520399
520416
520435
520606
520625
520647
520666
520684
520879
520949
520968
521139
521158
521176
521198
521217
521235
521281
521298
523124
523219
523238
523371
523390
523535
523554
523573
523734
523765
523784
523805
523824
523846
524020
524037
524055
524186
524204
524222
524243
524402
524421
524568
524741
524760
524779
524798
524920
524939
524961
524982
525003
525023
525089
525106
525127
526814
526946
526963
527122
527141
527162
527180
527339
527358
527376
527548
527567
527733
527928
527947
527969
527986
528121
528140
528157
528326
528345
528367
528384
528402
528421
528634
528655
528673
528692
528727
528836
528855
528874
528893
528949
528977
530643
530738
530755
530774
530792
530813
530832
531027
531049
531070
531091
531236
531266
531285
531315
531336
531373
531390
531497
531515
531534
531553
531724
531743
531762
531781
531801
531946
531967
531984
532168
532286
532308
532327
532498
532517
532539
532557
532717
532738
532757
532775
532794
532840
532858
534012
534120
534280
534299
534317
534336
534444
534463
534482
534500
534522
534699
534720
534893
534963
534985
535004
535022
535194
535216
535235
535254
535273
535432
535453
535638
535657
535843
535864
535882
536029
536047
536065
536083
536149
536167
536189
536216
536243
536292
536311
536345
536374
536438
536478
536521
536564
536581
537026
537052
537092
537107
537188
537215
537255
553934
554483
554578
554600
554618
555560
555753
555772
555983
556169
556188
556206
556224
556247
556270
556289
556307
556466
556508
556530
556575
556593
556612
556630
556651
556875
556900
556919
556938
556957
557088
557110
557129
557351
557370
557388
557597
557616
557637
557659
557819
557838
557855
557875
557894
557912
558688
558740
558759
558777
558883
558901
560165
560271
560293
560324
560345
560362
560383
560592
560611
560633
560651
560861
560886
560904
560923
560940
560959
560977
561160
561181
561202
561220
561237
561256
561475
561494
561513
561532
561703
561722
561740
561758
561777
561799
561819
561992
562137
562159
562178
562248
562267
562437
562456
562474
562492
562510
562529
562695
562771
562790
562808
563883
563989
564009
564028
564047
564068
564094
564279
564301
564322
564444
564463
564485
564644
564665
564683
564704
564740
564975
564995
565014
565226
565245
565263
565281
565454
565477
565495
565512
565530
565552
565571
565821
565840
565860
565879
566070
566088
566107
566127
566149
566169
566304
566323
566342
566360
566379
566535
567718
567826
567845
567868
568028
568046
568066
568090
568109
568128
568247
568269
568288
568307
568328
568354
568500
568519
568538
568557
568575
568760
568777
568797
568816
568838
568856
568875
568894
568913
569086
569104
569123
569141
569160
569282
569301
569318
569336
569497
569516
569535
569554
569711
569733
569751
569770
569791
569964
569983
570005
570024
570070
571109
571205
571223
571240
571258
571275
571294
571490
571507
571526
571684
571702
571721
571742
571759
571793
571925
571947
572066
572085
572102
572121
572255
572277
572296
572313
572487
572512
572529
572547
572566
572585
572810
572829
572846
572874
572893
572921
572948
573134
573280
573302
573321
573338
573357
573376
573412
573431
574514
574610
574628
574649
574668
574687
574884
574904
575052
575069
575088
575106
575292
575310
575331
575350
575496
575518
575691
575710
575729
575747
575766
575788
575942
575961
575980
575999
576129
576146
576165
576184
576356
576374
576393
576412
576429
576641
576659
576679
576697
576719
576738
576794
578106
578202
578223
578249
578276
578293
578313
578420
578439
578461
578645
578677
578708
578866
578892
578911
578939
579099
579118
579135
579334
579356
579588
579607
579626
579709
579835
579854
579876
580180
580201
580222
580377
580396
580590
580611
580629
580715
581780
581874
581893
581914
581936
581955
582098
582117
582136
582155
582263
582290
582312
582330
582451
582470
582508
582526
582710
582729
582747
582893
582914
582999
583017
583038
583060
583191
583349
583368
583390
583409
583430
583449
583617
583838
583856
583875
583894
583950
584963
585058
585076
585096
585114
585132
585301
585322
585343
585365
585549
585571
585742
585761
585779
585797
585816
585961
585980
585999
586155
586182
586200
586419
586439
586460
586480
586499
586646
586673
586692
586711
586730
586752
586886
587044
587120
587992
588087
588105
588124
588143
588162
588179
588391
588413
588599
588618
588637
588662
588683
588838
588856
588878
589049
589070
589087
589108
589127
589275
589294
589313
589344
589362
589381
589399
589581
589600
589618
589637
589655
589677
589712
589870
589888
589907
590041
590063
590082
590101
590262
590282
590300
590346
590386
590409
590438
590463
590494
590524
590545
590576
590598
590626
590659
590688
590728
590780
590829
590872
590912
591030
591054
591081
591102
613436
613991
614098
614119
614138
614157
614326
614379
614424
614446
614605
614650
614671
614690
614849
614871
614890
614911
615071
615098
615126
615147
615175
615201
615349
615368
615387
615408
615555
615574
615593
615766
615788
615806
615832
616005
616026
616048
616282
616298
616317
616338
616364
616430
616449
617369
617464
617493
617512
617530
617567
617725
617745
617763
617781
617939
617956
617978
617997
618015
618032
618251
618268
618287
618309
618326
618343
618923
618942
618970
619155
619174
619191
619388
619406
619423
619543
619612
619634
619652
619684
619701
619859
619878
619897
619919
619938
620083
620104
620123
620144
620162
620180
620198
620294
621153
621248
621269
621290
621309
621335
621483
621504
621525
621544
621691
621712
621732
621753
621770
621789
621808
621978
621996
622028
622050
622196
622215
622241
622259
622279
622461
622480
622499
622677
622695
622714
622733
622891
622910
622932
623154
623174
623193
623212
623230
623249
623268
623289
623469
623488
623509
623529
623548
623574
624689
624785
624804
624823
624854
624873
624892
624911
624937
625084
625103
625124
625142
625339
625358
625380
625399
625534
625553
625572
625598
625615
625634
625656
625842
625861
625880
625899
626034
626052
626078
626226
626245
626264
626449
626471
626490
626509
626666
626684
626706
626737
626845
626864
626882
626988
628094
628190
628216
628290
628471
628496
628514
628539
628558
628576
628812
628834
628941
628963
628980
628999
629016
629175
629196
629215
629371
629390
629410
629429
629446
629476
629635
629654
629812
629833
629852
629869
629905
629923
629942
629959
630114
630133
630155
630172
630191
630211
630383
630402
630422
630441
630459
630515
631231
631326
631344
631362
631380
631500
631519
631541
631560
631744
631760
631777
631796
631813
631831
632014
632036
632064
632083
632253
632272
632291
632462
632608
632630
632649
632783
632803
632822
632841
633013
633032
633054
633072
633091
633237
633256
633274
633340
634200
634295
634314
634410
634469
634541
634563
634652
634671
634793
634814
634832
635019
635048
635069
635091
635236
635254
635273
635291
635485
635506
635524
635697
635714
635733
635758
635777
635922
635954
635976
635994
636011
636170
636189
636206
636225
636247
636369
636388
636407
636426
636447
636587
636604
666838
666857
666944
666963
666981
667057
668070
668166
668313
668333
668355
668375
669142
669163
669295
669313
669335
669520
669539
669670
669689
669831
669849
669867
669889
669906
670014
670039
670185
670207
670226
670411
670432
670640
670659
670678
670699
670755
670773
671892
671988
672010
672157
672174
672196
672214
672233
672417
672435
672454
672482
672501
672529
672550
672569
672586
672603
672622
672755
672781
672801
673108
673128
673263
673285
673307
673325
673956
674119
674266
674288
674436
674457
674577
674596
674615
674632
674929
674948
674966
674988
675007
675083
676123
676259
676278
676297
676521
676543
676562
676581
676750
676769
676788
676805
676947
676965
676996
677130
677148
677170
677189
677208
677379
677401
677419
677625
677643
677664
677683
677701
677897
677916
677933
678118
678140
678324
678410
678426
678444
678471
678492
678598
678626
678656
678681
678714
678743
678760
678781
678809
678875
678918
678961
679079
679104
679228
679255
679334
679352
679376
695840
696187
696294
696316
696335
696477
696608
696628
696645
696663
696885
696905
696922
696945
696974
697003
697020
697037
697221
697243
697262
697284
697458
697479
697498
697519
697540
697559
697729
697747
697766
697888
697907
697926
698071
698090
698112
698270
698289
698308
698327
698348
698479
698500
698546
698575
699515
699633
699661
699724
699743
699966
699984
700116
700137
700158
700180
700198
700217
700235
700380
700398
700415
700433
700451
700469
700491
700672
700689
700849
700867
700888
700907
701055
701073
701090
701151
701173
701346
701365
701384
701528
701550
701569
701588
701605
701809
701827
701903
702753
702860
702880
702901
702919
702936
703145
703167
703185
703204
703221
703402
703421
703443
703464
703483
703504
703686
703707
703726
703742
703889
703907
703928
704111
704132
704151
704171
704191
704213
704231
704401
704419
704437
704567
704588
704606
704624
704643
704661
704678
704860
705075
705094
705190
705208
706355
706461
706483
706509
706539
706560
706579
706597
706616
706787
706806
706826
706848
706867
707049
707067
707085
707352
707371
707442
707482
707501
707520
707539
707673
707695
707853
707872
707894
707913
708098
708117
708135
708154
708172
708191
708285
708304
708323
708342
708528
708546
708568
708715
708733
708750
708846
708863
708881
709585
709680
709702
709722
709740
709937
709956
709974
709994
710179
710200
710321
710343
710361
710379
710400
710586
710604
710626
710649
710783
710801
710822
710995
711155
711177
711324
711346
711478
711497
711623
711640
711658
711676
712761
712857
713028
713050
713069
713191
713210
713228
713247
713266
713288
713462
713483
713683
713881
713899
713918
713935
713957
713975
714106
714127
714422
714444
714461
714643
714774
714793
714899
714916
714934
716115
716211
716233
716251
716385
716450
716472
716620
716639
716658
716854
716873
716890
717061
717083
717256
717275
717297
717316
717599
717618
717804
717821
717956
717978
717998
718194
718213
718234
718253
718319
718336
718365
719266
719382
719400
719417
719563
719582
719601
719772
719794
719815
719833
719852
719973
719992
720014
720197
720216
720349
720544
720580
720598
720620
720879
720899
721068
721280
721346
721365
721394
721560
721577
721595
722529
722625
722644
722666
722685
722831
722850
722869
722891
723024
723043
723062
723083
723101
723119
723305
723324
723343
723362
723495
723515
723537
723736
723753
723771
723890
723912
723931
724088
724107
724291
724309
724328
724350
724522
724541
724647
724665
725724
725830
725852
725870
726042
726061
726208
726227
726248
726267
726289
726458
726475
726661
726678
726700
726718
726742
726888
726907
727093
727112
727131
727153
727365
727383
727402
727423
727444
727641
727662
727684
727703
727902
727921
727940
727958
728064
728082
728191
728228
728254
728292
728317
728337
728354
728383
728418
728487
728543
728566
728594
728620
728663
728751
728885
728928
728969
746554
746971
747067
747086
747105
747127
747313
747332
747354
747554
747571
747779
747798
747837
747955
748179
748198
748220
748392
748411
748430
748452
748599
748618
748660
748681
748714
748756
748775
748794
748952
748972
748991
749010
749027
749186
749205
749223
749245
749290
749436
749455
749473
749495
749562
749619
749637
750445
750540
750557
750576
750596
750615
750634
751119
751201
751222
751241
751260
751433
751450
751471
751489
751511
751705
751724
751746
751980
751997
752014
752033
752217
752237
752421
752440
752462
752483
752652
752674
752692
752890
752908
752926
752944
753126
753145
753163
753182
753298
753317
753335
754233
754340
754359
754377
754395
754417
754436
754616
754638
754820
754837
754856
754875
754893
754914
755097
755116
755134
755281
755303
755322
755340
755358
755376
755596
755618
755638
755657
755828
755846
755867
755885
755909
755927
755946
756181
756203
756424
756447
756466
756484
756502
756520
756538
756558
756578
756595
756616
756638
756657
756805
756823
756844
756865
756883
756903
756922
756998
757017
757035
757817
757913
757941
757961
757980
758011
758029
758047
758065
758086
758104
758122
758259
758334
758351
758486
758504
758523
758545
758690
758709
758731
758749
758768
758877
758898
758917
758936
758954
759113
759132
759151
759311
759333
759352
759371
759389
759562
759584
759603
759621
759854
759873
759892
759911
760082
760101
760285
760306
760325
760441
760459
761318
761412
761434
761453
761472
761671
761690
761707
761724
761945
761962
761981
761998
762020
762229
762249
762268
762288
762310
762483
762502
762527
762549
762741
762761
762946
762968
762987
763006
763024
763046
763074
763245
763267
763388
763407
763632
763653
763667
763733
763751
764693
764789
764808
764830
764848
764996
765015
765037
765056
765230
765249
765457
765476
765495
765517
765740
765759
765784
765805
766014
766033
766206
766225
766243
766350
766368
766390
766409
766428
766586
766603
766623
766640
766659
766676
766848
766879
766898
766916
766982
767000
767019
768018
768125
768144
768163
768185
768332
768374
768392
768422
768444
768590
768609
768808
768827
768985
769007
769026
769236
769255
769277
769457
769591
769613
769757
769776
769795
769813
769835
770033
770052
770071
770089
770205
770223
770989
771209
771227
771246
771265
771314
771500
771519
771541
771560
771581
771817
771839
772039
772221
772240
772259
772277
772296
772318
772516
772535
772557
772727
772758
772777
772886
772905
773051
773073
773247
773269
773385
773414
774011
774107
774125
774144
774162
774310
774329
774347
774365
774387
774406
774563
774582
774603
774764
774782
774800
774821
774994
775013
775032
775053
775072
775232
775251
775270
775292
775311
775482
775503
775522
775543
775685
775704
775875
775896
775918
775937
775956
776130
776147
776169
776187
776273
776291
808804
808900
808917
808936
809121
809140
809189
809208
809402
809420
809442
809459
809478
809495
809692
809714
809733
809752
809771
809790
809807
809967
809984
810154
810173
810194
810212
810234
810253
810422
810440
810461
810480
810502
810635
810653
810977
811089
811111
811130
811302
811324
811340
811358
811373
811426
811452
811473
811501
811543
811595
811621
811645
811685
811701
811756
811966
812015
812055
812095
812249
812339
812363
812406
812781
812798
812816
812831
1036523
1037051
1037191
1037208
1037225
1037485
1037504
1037750
1037967
1037986
1038181
1038203
1038220
1038240
1038261
1038421
1038442
1038467
1038600
1038619
1038638
1038657
1038676
1038696
1038717
1038736
1038884
1038905
1038923
1038943
1039114
1039130
1039149
1039169
1039236
1039258
1039277
1039525
1039543
1039702
1039720
1039739
1039761
1039779
1039814
1039973
1039989
1040007
1040025
1040046
1040068
1040086
1040113
1040149
1040166
1040184
1040200
1040954
1041048
1041069
1041242
1041258
1041277
1041484
1041506
1041525
1041543
1041564
1041583
1041602
1041721
1041740
1041769
1041786
1041904
1041922
1042064
1042086
1042107
1042126
1042145
1042266
1042287
1042306
1042328
1042347
1042366
1042385
1042404
1042423
1042581
1042599
1042795
1042816
1042838
1042857
1043055
1043074
1043096
1043115
1043251
1043268
1044249
1044344
1044363
1044384
1044404
1044474
1044493
1044652
1044671
1044693
1044712
1044832
1044857
1044876
1044898
1044917
1044934
1045081
1045104
1045123
1045279
1045299
1045317
1045335
1045357
1045476
1045514
1045535
1045553
1045575
1045610
1045793
1045813
1045835
1045854
1046040
1046060
1046079
1046096
1046115
1046135
1046330
1046351
1046369
1046391
1046411
1046520
1046539
1046558
1046577
1046663
1046680
1046698
1047570
1047701
1047719
1047739
1047757
1047775
1047796
1047956
1047978
1047998
1048220
1048242
1048415
1048434
1048451
1048611
1048632
1048653
1048674
1048909
1048931
1048948
1048967
1049128
1049145
1049165
1049182
1049377
1049399
1049420
1049438
1049458
1049600
1049622
1049638
1049657
1049873
1049894
1049913
1049999
1050028
1050838
1050934
1050951
1050973
1050991
1051163
1051182
1051199
1051218
1051240
1051438
1051457
1051476
1051610
1051629
1051648
1051670
1051687
1051955
1051977
1051997
1052016
1052035
1052056
1052075
1052310
1052338
1052357
1052375
1052393
1052527
1052545
1052564
1052586
1052605
1052802
1052819
1052841
1052962
1052979
1052997
1053016
1053033
1053218
1053237
1053259
1053278
1053296
1053382
1053425
1053443
1054149
1054256
1054278
1054501
1054520
1054539
1054558
1054756
1054774
1054793
1054815
1054834
1054969
1054986
1055008
1055027
1055044
1055191
1055212
1055382
1055401
1055422
1055444
1055463
1055621
1055640
1055659
1055677
1055699
1055897
1056094
1056113
1056135
1056154
1056287
1056308
1056330
1056348
1056366
1056391
1056487
1056506
1056524
1057187
1057283
1057515
1057534
1057556
1057575
1057745
1057767
1057786
1057805
1057938
1057970
1058104
1058128
1058150
1058171
1058190
1058208
1058368
1058390
1058409
1058634
1058653
1058824
1058846
1058865
1058884
1059057
1059079
1059227
1059246
1059269
1059288
1059324
1059342
1060069
1060164
1060185
1060207
1060226
1060245
1060264
1060285
1060458
1060478
1060651
1060785
1060807
1060825
1060844
1060866
1060972
1060991
1061010
1061030
1061226
1061245
1061267
1061440
1061461
1061482
1061503
1061525
1061720
1061739
1061909
1061928
1061947
1061969
1061986
1062005
1062125
1062143
1062164
1062183
1062269
1062287
1063006
1063111
1063127
1063146
1063328
1063347
1063369
1063387
1063406
1063528
1063547
1063569
1063765
1063784
1063805
1063965
1063984
1064006
1064025
1064156
1064178
1064196
1064216
1064364
1064383
1064543
1064565
1064587
1064747
1064882
1064902
1064921
1064943
1064988
1065006
1065082
1065100
1065866
1065973
1065995
1066142
1066162
1066183
1066202
1066388
1066406
1066425
1066447
1066619
1066645
1066667
1066824
1066842
1066861
1066882
1066903
1066922
1066941
1067140
1067159
1067181
1067362
1067381
1067403
1067422
1067441
1067460
1067619
1067740
1067762
1067779
1067797
1067818
1067840
1067974
1067992
1068023
1068109
1068127
1068242
1068328
1068356
1068443
1068492
1068655
1068737
1068855
1068895
1068926
1069002
1069018
1069097
1069572
1069587
1069602
1069617
1069644
1069662
1069677
1092471
1093290
1093447
1093465
1093487
1093508
1093527
1093653
1093824
1093843
1093861
1093882
1093904
1093924
1094094
1094228
1094247
1094269
1094287
1094467
1094484
1094506
1094640
1094691
1094710
1094729
1094939
1094961
1094982
1095000
1095018
1095037
1095059
1095078
1095103
1095262
1095304
1095451
1095473
1095492
1095677
1095711
1095730
1095752
1095770
1095787
1095884
1095902
1095920
1095939
1095967
1096634
1096729
1096748
1097169
1097190
1097363
1097379
1097398
1097417
1097439
1097458
1097475
1097495
1097666
1097688
1097706
1097730
1097901
1097919
1097937
1097959
1098106
1098127
1098146
1098168
1098189
1098361
1098383
1098402
1098421
1098601
1098620
1098641
1098661
1098683
1098702
1098908
1098930
1099102
1099121
1099319
1099340
1099362
1099379
1099400
1099449
1099467
1099583
1099601
1100191
1100297
1100316
1100473
1100492
1100511
1100533
1100551
1100722
1100742
1100764
1100785
1100944
1100963
1101135
1101157
1101177
1101197
1101216
1101272
1101294
1101313
1101472
1101491
1101736
1101756
1101775
1101794
1101816
1101835
1102006
1102025
1102045
1102067
1102085
1102104
1102260
1102282
1102303
1102424
1102446
1102468
1102554
1102572
1102591
1102609
1103423
1103517
1103542
1103562
1103583
1103603
1103620
1103803
1103825
1103844
1103865
1104008
1104039
1104058
1104077
1104099
1104118
1104136
1104155
1104325
1104342
1104361
1104380
1104399
1104571
1104590
1104611
1104631
1104648
1104670
1104830
1104851
1104869
1104888
1104906
1105105
1105125
1105161
1105183
1105343
1105363
1105381
1105403
1105424
1105442
1105461
1105622
1105640
1105661
1105680
1105699
1105912
1105934
1105956
1106032
1106051
1106069
1106766
1106861
1106880
1106899
1106920
1107080
1107098
1107117
1107139
1107273
1107292
1107314
1107334
1107353
1107492
1108518
1108537
1108683
1108703
1108722
1108741
1108760
1108782
1109319
1109338
1109360
1109379
1109397
1109531
1109550
1109683
1109705
1109726
1109873
1109894
1109911
1109929
1110090
1110110
1110132
1110312
1110334
1110410
1110429
1110458
1111096
1111191
1111210
1111408
1111430
1111449
1111467
1111489
1111648
1111667
1111686
1111705
1111851
1111870
1111908
1111927
1111945
1111967
1111985
1112106
1112128
1112147
1112318
1112339
1112471
1112490
1112509
1112531
1112688
1112706
1112776
1112795
1112816
1112833
1113053
1113074
1113096
1113256
1113286
1113372
1113391
1113409
1114271
1114388
1114410
1114429
1114621
1114643
1114664
1114862
1114881
1114903
1115126
1115148
1115370
1115389
1115408
1115427
1115449
1115584
1115603
1115625
1115768
1115787
1115891
1116170
1116191
1116213
1116232
1116260
1116282
1116455
1116474
1116491
1116510
1116530
1116676
1116695
1116717
1116737
1116756
1116787
1116893
1116911
1117996
1118103
1118125
1118284
1118303
1118325
1118596
1118613
1118634
1118656
1118865
1118893
1118912
1118932
1118954
1118973
1119132
1119182
1119204
1119386
1119405
1119499
1119518
1119536
1119642
1119664
1119686
1119834
1119854
1120129
1120151
1120170
1120192
1120364
1120425
1120444
1120500
1120518
1121233
1121329
1121348
1121370
1121391
1121551
1121574
1121596
1121615
1121636
1121797
1121813
1121830
1121851
1121873
1122141
1122160
1122182
1122200
1122397
1122416
1122438
1122457
1122602
1122624
1122643
1122764
1122787
1122808
1122826
1122848
1122981
1123000
1123022
1123045
1123063
1123223
1123242
1123259
1123284
1123484
1123502
1123524
1123546
1123577
1123693
1123711
1124566
1124661
1124679
1124811
1124833
1124852
1124873
1124892
1125072
1125095
1125239
1125262
1125284
1125304
1125323
1125341
1125363
1125382
1125401
1125598
1125617
1125636
1125656
1125673
1125692
1125837
1125859
1125880
1125902
1126137
1126156
1126175
1126192
1126220
1126239
1126256
1126467
1126489
1126508
1126526
1126548
1126695
1126715
1126733
1126752
1126946
1126968
1126990
1127126
1127144
1127192
1127263
1127280
1127303
1127338
1127354
1127371
1127399
1127442
1127509
1127552
1127595
1127610
1127680
1127708
1127783
1127805
1127827
1127849
1127864
1127879
1127906
1154819
1155268
1155373
1155391
1155410
1155430
1155460
1155620
1155641
1155661
1155681
1155852
1155874
1155893
1155912
1155930
1155949
1156110
1156129
1156146
1156168
1156338
1156360
1156380
1156401
1156418
1156436
1156594
1156616
1156635
1156654
1156776
1156797
1156816
1156835
1156856
1156874
1156893
1157066
1157088
1157107
1157126
1157145
1157317
1157339
1157358
1157491
1157510
1157532
1157554
1157572
1157718
1157736
1157753
1158412
1158508
1158526
1158710
1158728
1158750
1158772
1158955
1158988
1159006
1159126
1159144
1159166
1159188
1159420
1159439
1159613
1159635
1159654
1159673
1159694
1159829
1159848
1159867
1159884
1160016
1160035
1160056
1160078
1160097
1160115
1160137
1160297
1160314
1160334
1160353
1160499
1160521
1160543
1160558
1160644
1160662
1161358
1161454
1161473
1161490
1161648
1161670
1161689
1161706
1161725
1161746
1161763
1161909
1161930
1161949
1161966
1161988
1162132
1162151
1162178
1162200
1162409
1162434
1162453
1162472
1162491
1162513
1162532
1162730
1162747
1162766
1162788
1162807
1162826
1163034
1163056
1163075
1163095
1163113
1163135
1163268
1163287
1163309
1163326
1163344
1163514
1163533
1163553
1163598
1163616
1163635
1163654
1163676
1163697
1163877
1163899
1163920
1163939
1164005
1164023
1164042
1164768
1164862
1164881
1164899
1164920
1164941
1165135
1165154
1165175
1165196
1165214
1165409
1165431
1165448
1165466
1165488
1165699
1165717
1165738
1165933
1165955
1165974
1166030
1166052
1166222
1166244
1166261
1166280
1166465
1166487
1166681
1166700
1166718
1166737
1166755
1166777
1166935
1166957
1166975
1166994
1167138
1167155
1167180
1167202
1167223
1167241
1167263
1167282
1167338
1167357
1168155
1168249
1168266
1168284
1168456
1168478
1168500
1168517
1168652
1168669
1168687
1168706
1168728
1168759
1168953
1168975
1168993
1169189
1169208
1169230
1169401
1169423
1169440
1169457
1169486
1169633
1169650
1169679
1169701
1169719
1169737
1169766
1169784
1169806
1170001
1170020
1170039
1170056
1170077
1170312
1170329
1170351
1170369
1170391
1170577
1170599
1170675
1170694
1170715
1171597
1171692
1171711
1171728
1171750
1171767
1171796
1171943
1171961
1171983
1172000
1172146
1172168
1172190
1172207
1172226
1172244
1172265
1172411
1172433
1172453
1172483
1172505
1172670
1172688
1172705
1172727
1172746
1172958
1172977
1172999
1173018
1173151
1173169
1173190
1173212
1173233
1173443
1173465
1173506
1173535
1173693
1173732
1173751
1173769
1173791
1173822
1173840
1173859
1173878
1173895
1173912
1173934
1173951
1174122
1174140
1174159
1174178
1174195
1174217
1174236
1174342
1174360
1174379
1174432
1175315
1175410
1175432
1175450
1175469
1175603
1175620
1175639
1175657
1175675
1175696
1175712
1175731
1175750
1175785
1175954
1175975
1175992
1176013
1176032
1176053
1176213
1176230
1176251
1176272
1176290
1176309
1176331
1176348
1176367
1176553
1176570
1176589
1176608
1176630
1176800
1176822
1176841
1176871
1177065
1177087
1177109
1177292
1177311
1177333
1177494
1177515
1177533
1177555
1177750
1177768
1177788
1177810
1177831
1177849
1177925
1177944
1178894
1178990
1179011
1179030
1179048
1179170
1179192
1179211
1179233
1179354
1179373
1179392
1179414
1179436
1179583
1179604
1179623
1179642
1179776
1179798
1179820
1179994
1180023
1180042
1180061
1180079
1180101
1180285
1180304
1180323
1180342
1180364
1180385
1180540
1180562
1180581
1180603
1180812
1180831
1180850
1180875
1180897
1181043
1181062
1181084
1181103
1181122
1181139
1181205
1181224
1183117
1183213
1183238
1183262
1183287
1183309
1183345
1183367
1183408
1183432
1183618
1183643
1183668
1183693
1183719
1183758
1183783
1183802
1183824
1183958
1183980
1183999
1184018
1184151
1184177
1184199
1184216
1184238
1184463
1184482
1184501
1184520
1184542
1184727
1184749
1184907
1184926
1184946
1184968
1184987
1185008
1185027
1185187
1185204
1185221
1185240
1185262
1185287
1185306
1185440
1185462
1185480
1185499
1185518
1185652
1185674
1185696
1185715
1185851
1185870
1186842
1186960
1186988
1187006
1187026
1187044
1187255
1187277
1187299
1187420
1187442
1187464
1187488
1187507
1187678
1187697
1187715
1187747
1187769
1187791
1187898
1187917
1187936
1187956
1188280
1188299
1188321
1188339
1188357
1188376
1188536
1188558
1188580
1188789
1188811
1188983
1189005
1189023
1189042
1189073
1189244
1189266
1189288
1189306
1189325
1189346
1189365
1189411
1189442
1189517
1189545
1189612
1189629
1189685
1189725
1189741
1189790
1189817
1189837
1189877
1189902
1190017
1190048
1190063
1190078
1190095
1547699
1548216
1548373
1548392
1548462
1548484
1548500
1548522
1548540
1549280
1549608
1549630
1549853
1549872
1549893
1549912
1550021
1550039
1550061
1550082
1550326
1550345
1550364
1550386
1550408
1550541
1550850
1550869
1550887
1550917
1550947
1550968
1550990
1551226
1551243
1551265
1551284
1551305
1551323
1551456
1551483
1551505
1551524
1551546
1551565
1551710
1551732
1551752
1551773
1551930
1552139
1552312
1552515
1552720
1552738
1552757
1552777
1552796
1552818
1552847
1552983
1553000
1553764
1553869
1553888
1553910
1553928
1553946
1554143
1554165
1554195
1554217
1554362
1554381
1554399
1554421
1554439
1554457
1554479
1554498
1554746
1554764
1554783
1554809
1554827
1554845
1554867
1554886
1554906
1555091
1555113
1555135
1555316
1555338
1555355
1555373
1555392
1555537
1555559
1555578
1555600
1555747
1555769
1555790
1555912
1555930
1555951
1555970
1555990
1556012
1556170
1556195
1556214
1556236
1556258
1556274
1556390
1556409
1557206
1557337
1557359
1557378
1557397
1557556
1557577
1557594
1557619
1557641
1557835
1557852
1557871
1557893
1557910
1557932
1557951
1558119
1558140
1558162
1558413
1558432
1558454
1558473
1558671
1558688
1558710
1558730
1558749
1558768
1558929
1558948
1558970
1558988
1559008
1559030
1559051
1559288
1559307
1559329
1559348
1559367
1559389
1559609
1559628
1559650
1559672
1559691
1559826
1559843
1559862
1559886
1559908
1559926
1559948
1560074
1560092
1560111
1560881
1560999
1561018
1561036
1561054
1561071
1561090
1561111
1561308
1561330
1561348
1561369
1561388
1561405
1561427
1561586
1561604
1561625
1561647
1561664
1561684
1562003
1562025
1562097
1562136
1562157
1562179
1562196
1562377
1562399
1562419
1562441
1562460
1562604
1562626
1562645
1562667
1562827
1562846
1562867
1562889
1562911
1563094
1563115
1563134
1563156
1563178
1563324
1563342
1563364
1563473
1563495
1563516
1563533
1563552
1563574
1563680
1563698
1563717
1563738
1564676
1564772
1564797
1564819
1564838
1564860
1565007
1565026
1565048
1565066
1565084
1565270
1565292
1565314
1565331
1565515
1565537
1565555
1565577
1565594
1565613
1565773
1565792
1565814
1565833
1565851
1565873
1565908
1566065
1566082
1566104
1566121
1566142
1566164
1566183
1566202
1566464
1566483
1566505
1566523
1566542
1566564
1566760
1566782
1566804
1566823
1566970
1566992
1567009
1567031
1567048
1567234
1567253
1567275
1567293
1567315
1567385
1567414
1567520
1567538
1567557
1568242
1568336
1568354
1568376
1568397
1568419
1568454
1568588
1568607
1568626
1568644
1568666
1568688
1568707
1568867
1568889
1568908
1568930
1568949
1569134
1569153
1569172
1569192
1569211
1569232
1569251
1569410
1569432
1569451
1569473
1569696
1569716
1569735
1569754
1569776
1569798
1569967
1569985
1570004
1570023
1570045
1570067
1570264
1570282
1570304
1570326
1570345
1570465
1570484
1570506
1570528
1570723
1570745
1570766
1570785
1570827
1570973
1571004
1571780
1571886
1571906
1571925
1571942
1571963
1571983
1572002
1572023
1572042
1572202
1572224
1572243
1572265
1572507
1572529
1572550
1572572
1572598
1572921
1572940
1572958
1572980
1572998
1573020
1573155
1573174
1573196
1573218
1573237
1573371
1573393
1573415
1573434
1573455
1573750
1573772
1573789
1573811
1573830
1573849
1574072
1574093
1574115
1574137
1574159
1574281
1574300
1574317
1574339
1574361
1574508
1574530
1574552
1574583
1574709
1574727
1574745
1574761
1575439
1575559
1575581
1575602
1575624
1575646
1575665
1575824
1575842
1575864
1575883
1575902
1575923
1576140
1576159
1576181
1576203
1576349
1576368
1576389
1576411
1576431
1576452
1576612
1576631
1576653
1576673
1576692
1576711
1576869
1576886
1576908
1576927
1576945
1576964
1576992
1577200
1577222
1577242
1577260
1577420
1577442
1577461
1577483
1577618
1577637
1577655
1577680
1577702
1577721
1577894
1577916
1577992
1578010
1578028
1578059
1579235
1579331
1579353
1579370
1579389
1579485
1579507
1579524
1579672
1579692
1579709
1579730
1579751
1579949
1579971
1580105
1580124
1580143
1580165
1580347
1580368
1580399
1580596
1580617
1580787
1580806
1580825
1580981
1581000
1581019
1581189
1581208
1581227
1581244
1581263
1581359
1581377
1581395
1581414
1582145
1582251
1582269
1582288
1582447
1582464
1582483
1582503
1582567
1582766
1582939
1582958
1583144
1583169
1583199
1583321
1583340
1583358
1583503
1583522
1583706
1583725
1583744
1583765
1583911
1583930
1583949
1584119
1584140
1584159
1584178
1584199
1584232
1584252
1584271
1584347
1584365
1584384
1584418
1584470
1584488
1584502
1584532
1584616
1584729
1584775
1584791
1584831
1584907
1584995
1585098
1587183
1587198
1587213
1587251
1877420
1877888
1878054
1878088
1878108
1878128
1878149
1878767
1878902
1878920
1879104
1879276
1879295
1879315
1879510
1879529
1879548
1879567
1879774
1879841
1879860
1879877
1880011
1880030
1880047
1880066
1880214
1880435
1880605
1880827
1881029
1881208
1881437
1881582
1881600
1881837
1882049
1882079
1882100
1882120
1882292
1882504
1882523
1882542
1882728
1882768
1882785
1882802
1882831
1882852
1882958
1882974
1883652
1883747
1883969
1884142
1884397
1884464
1884482
1884499
1884647
1884666
1884881
1885106
1885125
1885144
1885162
1885181
1885200
1885335
1885352
1885371
1885392
1885411
1885436
1885607
1885624
1885691
1885710
1885729
1885902
1885921
1885944
1886167
1886185
1886204
1886223
1886242
1886439
1886458
1886619
1886638
1886657
1886814
1886831
1886848
1886964
1886995
1887635
1887729
1887749
1887768
1887787
1887973
1887992
1888010
1888029
1888048
1888219
1888239
1888256
1888275
1888505
1888676
1888696
1888720
1888739
1888909
1888927
1888947
1889105
1889127
1889298
1889316
1889335
1889354
1889372
1889391
1889562
1889580
1889598
1889617
1889636
1889663
1889798
1889817
1889834
1889853
1889909
1889952
1890964
1891060
1891082
1891101
1891120
1891138
1891157
1891188
1891206
1891225
1891254
1891275
1891298
1891478
1891499
1891672
1891691
1891708
1891927
1891946
1892117
1892137
1892345
1892363
1892381
1892399
1892428
1892549
1892567
1892586
1892609
1892756
1892774
1892793
1892810
1892830
1892849
1893057
1893075
1893094
1893112
1893133
1893152
1893348
1893367
1893385
1893415
1893432
1893538
1893557
1894549
1894692
1894709
1894728
1894888
1894907
1894924
1894941
1894958
1894978
1894997
1895130
1895311
1895328
1895500
1895518
1895740
1895757
1895782
1895799
1895933
1896119
1896138
1896284
1896304
1896478
1896498
1896634
1896653
1897326
1897421
1897440
1897459
1897592
1897611
1897768
1897787
1897806
1897824
1897843
1898013
1898032
1898215
1898235
1898254
1898461
1898595
1898614
1898783
1898803
1898822
1898841
1898860
1899016
1899035
1899168
1899189
1899208
1899227
1899246
1899275
1899292
1899408
1899427
1900376
1900471
1900618
1900637
1900654
1900840
1900859
1900878
1901021
1901040
1901195
1901216
1901235
1901252
1901412
1901429
1901448
1901467
1901638
1901658
1901803
1901822
1901993
1902012
1902030
1902178
1902195
1902214
1902232
1902338
1902357
1903072
1903179
1903405
1903426
1903445
1903464
1903483
1903631
1903648
1903667
1903686
1903705
1903926
1903962
1903980
1903998
1904170
1904188
1904208
1904227
1904248
1904422
1904441
1904638
1904657
1904678
1904697
1904882
1904907
1905055
1905074
1905206
1905240
1905258
1905277
1905383
1905402
1909112
1909207
1909228
1909452
1909649
1909668
1909687
1909704
1909838
1909857
1909876
1910046
1910065
1910084
1910216
1910235
1910253
1910422
1910441
1910462
1910481
1910502
1910670
1910691
1910710
1910857
1910875
1910896
1910915
1910936
1910953
1910989
1911008
1911139
1911158
1911306
1911422
1911440
1911459
1916641
1916737
1916756
1916773
1916792
1916988
1917158
1917178
1917376
1917395
1917415
1917436
1917634
1917831
1917850
1918092
1918109
1918128
1918384
1918403
1918422
1918633
1918651
1918672
1918689
1918993
1919010
1919027
1919067
1919095
1919116
1919145
1919174
1919192
1919243
1919297
1919327
1919349
1919369
1919465
1919483
1919502
1919578
1919601
1919622
1919659
1919685
1919706
1919729
1919754
1919790
1919830
1919858
1919901
1919921
1919997
1920037
1920242
1920258
1920276
1920291
1920317
1920336
1920361
1920406
1920423
1920440
1920456
1920480
1920807
1920885
1920902
1920951
1920971
1921205
1921338
1921474
1921517
1921543
1921569
1921609
1921666
1921696
1921715
1921734
1921750
1921778
1921812
1921832
1921851
1921867
1921916
1921960
1921985
1922018
1922077
1922110
1922130
1922148
1922165
1922198
1922217
1922241
1922262
1922280
1922299
1922315
1922332
1922372
1922395
1922419
1922435
1922472
1922494
1922544
1922578
1922628
1922650
1922667
1922694
1922912
1922949
1922977
1922998
1923040
1923056
1923073
1923103
1923168
1923185
1923292
1923341
1923390
1923435
1923505
1923554
1923603
1923623
1923641
1923682
1923709
1923723
1923798
1923819
1923836
1923885
1923901
1923950
1923999
1924030
1924048
1924097
1924123
1924172
1945937
1945964
1946004
1946034
1946051
1946080
1946149
1946213
1946292
1946330
1946358
1946374
1946427
1946500
1946551
1946715
1946769
1946785
1946812
1953586
1953629
1953649
1953663
1953679
1953699
1953718
1953735
1953750
1961103
1961124
1961145
1961225
1961240
1961298
1961327
1961897
1961923
1961967
1961983
1962000
1962571
1962597
1962685
1962712
1962726
1965815
1965832
1965864
1965880
1965895
1965911
1965933
1965982
1966053
1966088
1974229
1974279
1974296
1974403
1974418
1974476
1974517
1974535
1974551
1974577
1974598
1974613
1974628
1974643
