차단하는 38917,3539
차라리 36663,11250
차레로 25899,20711
차이가 28259,2984
차이로서 43111,21552
차지 21815,34640|25899,186|25899,283|25899,2105|25899,3518|25899,4447|25899,5790|25899,6442|25899,6916|25899,7942|25899,8880|25899,9529|25899,9879|25899,11164|25899,11975|25899,12657|25899,13140|25899,14116|25899,14602|25899,15111|25899,15456|25899,15798|25899,16262|25899,16605|25899,17567|25899,17781|25899,18064|25899,19986|25899,19998|25899,20172|25899,20932|27445,36368|27445,37085|27445,37243|27445,37311|27445,37919|45326,5634
차지1 27445,36448|27445,37553|27445,37591
차지2 27445,36509|27445,36525|27445,37610
차지2로 27445,38255
차지2와 27445,37396
차지3 27445,36576|27445,36592|27445,36642|27445,37645
차지3으로 27445,38202
차지3의 27445,37401
차지lv1이 25899,20242
차지공격 27445,36228|27445,36251|27445,36343|45326,2807
차지공격의 45326,5673|45326,5738
차지공격이 27445,37674
차지는 25899,21390
차지단축 23733,11496|23733,11565|23733,24269|23733,24340|23733,26432|23733,26507|23733,28786|23733,31580|23733,31651|23733,31937|23733,32003|23733,32700|23733,34420|23733,34529|26754,9749|26754,21357|26754,22290|26754,22360|26754,23317|26754,23387|26754,25563|26754,28263|26754,28329|26754,28958|26754,30883|26754,30955|26774,9774|26774,21301|26774,21370|26774,22283|26774,23378|26774,23449|26774,25522|26774,28017|26774,28246|26774,28312|26774,28950|33119,9707|33119,21444|33119,21505|33119,22420|33119,23439|33119,23508|33119,25612|33119,28089|33119,28159|33119,28414|33119,28479|33119,29142|45326,5651|45794,1894|45794,1974|45794,3727|45794,3788|45794,3954|45794,4017|47038,9145|47038,20842|47038,20911|47038,21840|47038,22848|47038,22948|47038,25076|47038,27497|47038,27812|47038,27876|47038,28502|47038,30217|47038,30338
차지로 27445,37192
차지를 21815,35384|25899,21203|25899,22761|25899,22885
차지베기 21815,34385
차지베기는 21815,35406
차지슬롯 45794,54
차지에 45326,7668|45326,7705
차지중 25899,21128|27445,36412
차지중에는 27445,37362
차지하는 25899,22800
차지하면서 27445,38185
차지２ 27445,36798
