메뉴 21033,6229
메뉴명 36663,10019
메뉴의 36663,10676
메뉴판에서 42032,259
메데오 51013,6259
메데오버스터 37097,8752
메데오캐논 37097,2990
메데오캐논g 37097,28197
메데오폴 37097,18491
메라루 36663,4615|38917,9321|38917,9372|38917,13448
메라루가 38917,6498
메라루가제트 33645,17474
메라루나 45326,2027
메라루럭돌 24789,7563
메라루에게 42032,4388
메라루의 21815,34950|36663,14286
메라루툴 33645,17322
메라루툴g 33645,30932
메라루헬돌 24789,17098
메라루헬돌g 24789,38334
메라르에 36663,14356
메론 36993,1894|36993,3410
메리트 36663,485|36663,2052
메리트가 27445,37826
메리트도 19406,37352
메리트와 36663,472
메이드베스트 26754,7744
메이드스커트 47038,7206
메이드스타킹 33119,7923
메이드카츄샤 23733,9206
메이드커프스 26774,7778
메인으로서 43111,24258
메인이 27445,37680
메일 51013,10775
메일슈트롬 24789,1956
메일슈트롬g 24789,34851
메일슈트롬改 24789,10808
메탈백파이프 27445,8742|35316,4542|45997,4347
메탈백파이프계 45997,4162
메테오테스카토르 36993,2052|36993,5959|36993,6512
