낚시 21239,1461|21239,1907|21239,3899|23733,4058|23733,4121|23733,4790|23733,4859|23733,10171|23733,10244|23733,12754|23733,12821|23733,14468|25030,1199|26754,3827|26754,3888|26754,8554|26754,10865|26754,12213|26774,4048|26774,4109|26774,4690|26774,8609|26774,10954|26774,12347|31242,5108|33013,5290|33119,4080|33119,4142|33119,4725|33119,8753|33119,11059|33119,12492|36760,414|36760,3345|38917,4940|38917,4949|38917,4987|38917,5035|38917,5044|38917,8954|38917,9007|38917,9038|38917,9085|38917,9133|38917,9182|38917,9229|38917,9278|38917,9318|38917,9369|38917,9420|38917,9450|38917,9484|38917,9512|38917,9545|38917,32139|38917,32167|38917,33298|38917,33346|39470,14733|43998,332|43998,3169|43998,5795|45326,6867|45326,8530|45766,14771|45794,8418|47038,3922|47038,3983|47038,7913|47038,10431|47038,11917|47038,23635|51013,14296
낚시가 21239,2020
낚시개구리 21033,5907|21239,1359|21239,1376|21239,1382|25030,1089|25030,1106|25030,1123|33013,2082|38917,5054|39826,1007|39826,1452|45997,18489|45997,18686
낚시개구리로 21239,2013|51013,9784
낚시도 45326,6925
낚시메뚜기 21033,1687|21239,1348|21239,1365|21239,1803|21239,4639|25030,1566|25030,2357|25030,4333|29127,1875|29127,2402|29127,2977|29127,3526|33013,2220|38917,4906|43998,681|43998,716|43998,1532|43998,1588|45794,8432
낚시명인 39470,1827|39470,3654|39470,4525|45326,6873|45766,1789|45766,3635|45766,4536|45766,5130
낚시반딧불 21033,1717|21033,5506|25030,495|25030,6051|29127,1939|29127,4124|33013,2294|38917,5009|43998,844|43998,1704|43998,1762|43998,5035|43998,5092
낚시부두 33013,230|33013,253|33013,290|33013,447|33013,4805|33013,4820|33013,4825|33013,4832|51013,11095
낚시부두를 51013,14279
낚시용 25030,669|29127,2001|29127,4184|33013,2333|36760,1837|38917,5205
낚시중에 45326,6498
낚시지렁이 21033,1657|21239,2979|25030,1078|25030,1095|25030,1112|25030,2313|25030,2339|29127,663|29127,3579|29127,5709|33013,2257|36760,1826|36760,5224|36760,7600|36760,7629|38917,4959|43998,2648|43998,2654|43998,3934|43998,3940|43998,4482|43998,4488
낚시포인트 38917,33311
낚시한다 51013,9798
낚을 33013,5308
낚을수 38917,5251
