고가이기도 28259,2867
고고 49792,14287|51013,6841
고고고 49792,14515
고고의 38161,1141|38161,1161
고급 27798,29000
고급고기굽기세트 38917,5652|39826,9994
고급귀마개 35316,2683|35316,2760|39470,943|39470,4771|39470,7850|39470,8664|39470,10494|39470,12992|39470,14036|45326,1786|45766,987|45766,4769|45766,7847|45766,10534|45766,12956|45766,14068
고급귀마개를 25899,22664
고급버섯나무 33013,1391|33013,1443|33013,5640
고기 21033,920|21033,946|21033,973|21033,5617|29127,3911|31242,4008|31242,4350|31242,4925|33013,6172|33013,6270|33013,7212|33013,7384|33013,8695|33013,8724|33013,9572|33013,9731|38917,2297|42032,642|45326,9435|45326,9475
고기굽기 31242,4884|38917,2530|38917,2570|38917,2611|38917,2648|45794,5070
고기굽기로 38917,33101
고기굽기세트 25030,2412|29127,745|29127,3009|36760,4874|38917,5608
고기굽기세트보다 38917,5687
고기굽기세트와 38917,30933
고기다짐 42032,692
고기라도 38917,5238
고기를 45326,9386|45326,9517|45326,9567
고기의 45326,8556
고기찍는도장 21815,5476|21815,29905|23733,7665|27445,23187|27445,33587|33013,9899|33013,10717|33645,17107|33645,17372|33645,17701|33645,28625|38917,29237|39826,5388|45794,5380
고난을 51013,14696
고대 38161,7718|38161,7739
고대고양이왕석상 21033,5460
고대식섬멸총창 19406,3591|43111,16200|43111,16379
고대어 21815,3988|21815,20201|21815,24822|21815,32368|23733,30069|24789,15638|25899,6844|26754,21481|27445,6552|27445,14248|27445,31842|33013,5140|33013,9100|33013,9936|33119,24212|36760,3445|37097,28592|38917,9465|39826,1669|39826,7501|47038,21020|47038,27528
고대의비약 21033,302|23733,10805|23733,23379|26754,9101|26774,9198|33119,9096|36993,1121|36993,1454|38917,1730|39826,1612|39826,2085|39826,3239|39826,6958|39826,8334|39826,9298|45794,8791|45794,8993|47038,8509|47038,23589
고대의비약의효과 38917,6916
고대의용비보 38917,32597
고대콩 42032,1101
고려하지 36663,1312
고룡 38161,7491|38161,7510|38161,7562
고룡골 21815,9847|21815,25429|23733,10999|23733,25009|26754,9201|26754,21951|26774,9297|26774,9703|26774,9846|26774,10219|26774,21997|26774,22210|26774,22358|27445,13053|27445,18232|27445,18761|27445,18980|33013,5991|33119,9238|33119,9989|33119,22084|33645,4589|33645,11112|33645,12166|33645,21845|33645,27271|38917,12757|39826,4003|39826,4040|39826,7817|39826,7856|39826,7874|47038,7656|47038,8606|47038,9008|47038,21521|47038,21682|49792,4265
고룡관측대 51013,12504
고룡눈물 25030,3302|36993,1851|36993,2599
고룡생태 21033,5424|36993,2046|36993,6101
고룡의대보옥 19406,23681|19406,24027|19406,25198|19406,26391|21815,22554|21815,22908|21815,26083|21815,27287|23733,35083|23733,35278|23733,35659|23733,36043|24789,30420|24789,31623|25899,15730|25899,16541|25899,17185|25899,17502|26754,34170|26774,31257|26774,34058|27445,21792|27445,23002|27445,25845|27445,26205|27798,15807|27798,22953|27798,23482|27798,23850|33645,19506|33645,22378|33645,22719|37097,20075|37097,22214|37097,22524|37097,23106|37097,23712|37097,30674|38917,13372|43111,6743|43111,13916|45997,2383|45997,16816|45997,17303|47038,33592|49792,8739|49792,13306|49792,20864|49792,22316|49792,25583
고룡종 38161,7216
고룡총창엠블럼 43111,17308
고룡혈 19406,24455|19406,24781|19406,25667|19406,25837|19406,31501|21815,25289|21815,25610|21815,26554|21815,26729|21815,31837|23733,12226|23733,35174|24789,8265|25899,14746|25899,16861|26754,9756|26754,9965|26754,10778|26754,22265|26754,23029|26754,31539|26754,32229|26774,10868|26774,22218|26774,22601|26774,23006|26774,25022|26774,31128|27445,21065|27445,21392|27445,22273|27445,22444|27445,26583|27445,34140|27798,19187|27798,19360|27798,19543|27798,19946|27798,27374|27798,28234|33119,10971|33119,23152|33119,32490|33645,18777|33645,19092|33645,28812|37097,5827|37097,6405|37097,13486|37097,14370|37097,31294|38917,25462|39826,3936|43111,6317|45794,1921|47038,9353|47038,10344|47038,22572|49792,3240|49792,8903
고룡화석 36993,1931|36993,4120
고른 36663,5864
고맙다옹 51013,14451
고무육포 42032,658
고무질가죽 19406,5543|19406,8465|19406,8655|19406,10684|19406,27621|21815,4744|21815,13563|21815,13615|23733,3259|23733,11652|24789,7385|25899,831|26754,2469|26754,3194|26754,6457|26754,9881|26774,3356|26774,9964|27445,15762|27445,16533|27798,12407|33119,3478|33119,6875|33119,9902|33645,4417|33645,4578|33645,4906|33645,13577|33645,28142|37097,1214|37097,1245|38917,15708|39826,3895|45794,3912|47038,3402|47038,3539|47038,4388|47038,9266
고무질상피 19406,5611|21815,4928|21815,13833|21815,17233|21815,17285|23733,16317|26754,13083|26754,14138|26754,17897|26754,18313|26774,14150|26774,18475|26774,22447|26774,22523|27445,15946|27798,12607|27798,21840|27798,21876|27798,26660|33119,14196|33119,18421|33119,20322|33119,22622|37097,8270|38917,15738|39826,4451|43111,2789|43111,2990|43111,14989|43111,15029|45794,8144|45997,19069|47038,13699|47038,18040
고무질자피 23733,4384|26754,4113|26774,4330|33119,4367|33645,4755|33645,5064|33645,13625|37097,1495|38917,15847|43111,2389|43111,2438|43111,2599|45794,415|47038,4206
고무질특상피 19406,30244|21815,5318|21815,17501|23733,29334|24789,23661|25899,9674|26754,26101|26774,26017|27445,31132|27445,31479|27798,12972|27798,22054|27798,22237|33119,26132|33119,26671|33645,2875|33645,2933|33645,27087|33645,27262|33645,27964|37097,16503|38917,15765|43111,3207|43111,15406|45997,19286|47038,25576
고서짜투리 21033,5436|36993,6004|36993,6118
고성능을 28259,2930
고성능인 25899,21413
고속 28259,6099|36663,12476
고속갈무리 39470,3577|39470,10225|39470,14737|45326,6551|45766,3561|45766,10263|45766,14775
고속과 43111,24632
고속설치 23733,31394|23733,36817|23733,36891|26754,30628|26754,32849|26774,27812|26774,32769|33119,27968|33119,33000|45326,8522|45794,4659|47038,27419|47038,32312|47038,32374
고속수집 23733,9928|23733,10052|23733,27078|23733,27147|23733,36747|23733,36864|26754,8467|26754,24007|26754,32832|26774,8497|26774,11818|26774,23966|26774,32740|33119,8640|33119,23991|33119,32971|45326,6543|45794,7933|47038,1478|47038,7743|47038,23564|47038,32249|47038,32358
고속으로 27798,28744|45326,9449
고속작업 36663,11817|36663,11920|36663,12306|36663,12356|36663,12530|36663,12788
고속작업술 36663,8369
고속회복 36663,11822|36663,11925|36663,12188|36663,12445|36663,12832
고속회복술 36663,8474
고양이 21033,7012|21239,4759|33013,3407|36663,182|36663,256|36663,10936|51013,14874
고양이가 38917,33039
고양이공통 36663,13092
고양이둥지 36760,1651|43998,4318
고양이둥지가 21239,227|36760,298|43998,214
고양이둥지에서 36663,14383|42032,4402
고양이를 36663,11039
고양이망토 51013,14961
고양이방울 51013,14888
고양이스킬 42032,5902
고양이왕관파편 21033,5276|36993,3467|36993,3586
고양이의 21033,7243|21033,7284|35316,2541|42032,3214|42032,3269|42032,3334|42032,3393|42032,3452|42032,3508|42032,3560|42032,3618|42032,3678|42032,3730|42032,3776|42032,3829|42032,3888|42032,3945|42032,3985|42032,4012|42032,4068|42032,4130|42032,4174|42032,4209|42032,4276|42032,4321|42032,4379|42032,4432|42032,4497|42032,4537|42032,4575|42032,4623|42032,4652|42032,4690|42032,4734|42032,4776|42032,4820|42032,4882|42032,4949|42032,4995|42032,5042|42032,5078|42032,5114|42032,5159|42032,5189|42032,5228|42032,5270|42032,5319|42032,5372|42032,5422|42032,5463|42032,5520|42032,5579|42032,5646|42032,5677|42032,5744|42032,5756|42032,5794|42032,5805|42032,5930|42032,5939|42032,5948|42032,5965|42032,5974|42032,5986|42032,6001|42032,6012|42032,6021|42032,6039|42032,6051|42032,6062|42032,6077|42032,6089|42032,6101|42032,6116|42032,6129|42032,6141|42032,6159|42032,6172|42032,6183|42032,6198|42032,6211|42032,6220|42032,6235|42032,6248|42032,6257|42032,6273|42032,6286|42032,6295|42032,6312|42032,6325|42032,6334|42032,6349|42032,6359|42032,6370|42032,6389|42032,6398|42032,6410|42032,6429|42032,6437|42032,6449|42032,6467|42032,6478|42032,6486|42032,6504|42032,6513|42032,6522|42032,6539|42032,6548|42032,6561|42032,6580|42032,6589|42032,6598|42032,6614|42032,6626|42032,6635|42032,6655|42032,6667|42032,6676|42032,6692|42032,6704|42032,6713|42032,6729|42032,6738|42032,6747|42032,6764|42032,6775|42032,6784|42032,6798|42032,6809|42032,6821|42032,6837|42032,6848|42032,6860|42032,6875|42032,6886|42032,6899|42032,6916|42032,6927|42032,6939|42032,6958|42032,6969|42032,6980|42032,6997|42032,7009|42032,7018|42032,7032|42032,7044|42032,7056|42032,7074|42032,7088|42032,7097|42032,7112|42032,7126|42032,7138|42032,7160|42032,7168|42032,7177|42032,7198|42032,7206|42032,7220|42032,7242|42032,7250|42032,7261|42032,7282|42032,7290|42032,7302|42032,7320|42032,7328|42032,7337|42032,7355|42032,7363|42032,7372|42032,7390|42032,7398|42032,7407|42032,7425|42032,7433|42032,7444|42032,7466|42032,7474|42032,7483|42032,7503|42032,7514|42032,7522|42032,7540|42032,7551|42032,7559
고양이의가짜수염 51013,14811
고양이의화사장력이 45326,5303|45326,5392
고양이털홍옥 21815,5843|21815,6141|21815,6327|23733,8545|24789,16889|24789,17192|24789,38137|24789,38443|27445,23706|27445,23882|27445,24071|27445,33787|27798,20927|33645,17550|33645,31081|36760,917|36760,985|36760,8746|36760,8793|38917,13424|39826,1747
고양이펀치 33645,16950|33645,17069
고양이할머니 42032,215
고양이할머니로에게 42032,164
고양이할머니에게서 42032,79
고양이할머니의 42032,119
고용계 51013,17481
고용이 36663,210
고용조건 42032,1250
고용조건을 42032,67
고용주의 36663,10839
고용하는 42032,89
고용한 36663,2301|42032,7795|51013,11494|51013,11528|51013,11563|51013,11598|51013,16314
고용할 36663,293|42032,174
고용해서 36663,11044
고유한 43111,20378
고적주 45794,9123
고전된 51013,15632
고정 38161,4633|38161,4662|38161,6110|38161,8200|38161,8227|38161,8286|38161,8325|38161,8363|45326,3767
고정값 37097,32788
고정된다 24789,39674|28259,6888|37097,31658
고주파 35316,552|35316,4459|35316,5095|35316,5325|35316,5895|35316,6777|35316,7358|35316,7721|35316,8522|45997,2534|45997,2999|45997,6614|45997,7701|45997,9524|45997,10095|45997,10960|45997,11487|45997,12036|45997,18371|45997,20247|45997,20828|45997,22486|45997,22960|45997,23289|45997,23586|45997,24112
고지에 36760,3592|36760,4304
고쳐잡지 49792,26807
고추 21033,649|21033,755|21033,837|21033,5569|21239,3662|25030,4857|25030,6736|29127,3328|33013,1858|33013,1913|36760,8570|36760,8653|36760,8676|38917,6550|39826,1742|43998,632|43998,3894|43998,3906
고친다 36663,6645
고탑 51013,8003
고탑에서의 51013,8006
고탑의 51013,14722
