자갈 21033,1003|21033,1749|21239,1681|21239,1695|21239,2506|21239,4239|21239,4250|21239,4460|21239,4499|25030,1917|25030,3596|25030,3648|25030,3896|25030,4210|25030,4213|25030,4260|25030,4471|25030,4510|25030,4564|25030,6034|25030,6492|25030,6518|25030,7230|25030,7543|25030,7828|33013,3744|33013,3759|36760,1001|36760,1506|36760,1535|36760,1546|36760,2232|36760,2252|36760,2739|36760,2785|36760,2843|36760,3032|36760,6161|36760,6197|36760,6233|36760,7592|36760,7621|36760,7642|36760,7746|36760,7829|38917,7861|39826,5005|43998,2686|43998,2889|43998,3041|43998,3044|43998,3405|43998,3477|43998,4917
자게료스 38161,1365|38917,15869|51013,16895
자고 36663,14143
자기 35316,131
자는 36663,13864|51013,15787
자동 21815,34432
자동리로드 23733,11009|23733,33595|26754,9268|26754,22022|26754,23209|26754,29761|26774,9365|26774,22069|26774,23262|26774,29766|33119,9246|33119,22154|33119,23333|33119,29975|33119,32418|45326,3703|45326,3712|45766,3866|45766,9535|45766,10102|45766,13179|45794,2837|45794,2916|45794,4280|47038,8673|47038,21592|47038,22754|47038,29361
자동리로드는 28259,6856
자동리로드를 28259,6966
자동리로드시 28259,7053
자동마킹 39470,393|39470,2897|39470,5071|39470,5840|39470,7410|39470,9221|39470,11930|45326,6046|45326,8711|45766,398|45766,2891|45766,5061|45766,5831|45766,7414|45766,9182
자동방어 23733,810|45326,2698|45326,2706|45794,2575
자동방어가 37097,32446
자동으로 45326,2741
자동장전 24789,40059|28259,7422
자동적으로 28259,7615
자랑 51013,6689
자랑하고 43111,22350|43111,22852
자랑한다 27445,37164
자료에서 21033,6234
자루없는황금칼날 21033,5310|36993,4194|36993,4275
자리나 36663,13225
자리로부터 27798,28831
자리를 43111,22152
자리에서 21815,35812
자면 36663,14596
자색칼날 36760,10035
자세가 42032,5344
자세를 36663,1338
자수가 36993,2617
자신 35316,134
자신에게 28259,3953|36663,9109|45326,8819|45326,8869|45326,8920|45326,8992
자신의 19406,36977|19406,37072|36663,9012|39826,268|45997,25643
자신이 36663,1330|36663,10618|51013,16360
자애주 45794,6860
자연 38917,845|38917,2911|38917,2967
자연치유부분 45326,4726|45326,4776|45326,4824|45326,4876
자연회복량 35316,2153|35316,2243
자욱한 38161,1287|38161,1302
자유롭지 19406,35370
자이언트타스크 19406,12904
자자 45997,26501
자자미 35316,9107|39470,1616|39470,6066|45766,1597|45766,6083|51013,1576
자자미s가드 26774,14485
자자미s그리브 33119,14417
자자미s레깅스 33119,14536
자자미s레지스트 26754,14527
자자미s메일 26754,14412
자자미s암 26774,14367
자자미s캡 23733,16735
자자미s코트 47038,14053
자자미s폴드 47038,13939
자자미s헬름 23733,16617
자자미u 39470,8408|45766,8395
자자미u가드 26774,19279
자자미u그리브 33119,19215
자자미u레깅스 33119,19326
자자미u레지스트 26754,19140
자자미u메일 26754,19059
자자미u암 26774,19199
자자미u캡 23733,22013
자자미u코트 47038,18976
자자미u폴드 47038,18895
자자미u헬름 23733,21902
자자미x 39470,11522|45766,11538
자자미x가드 26774,26390
자자미x그리브 33119,26412
자자미x레깅스 33119,26535
자자미x레지스트 26754,26453
자자미x메일 26754,26372
자자미x암 26774,26288
자자미x캡 23733,29760
자자미x코트 47038,25944
자자미x폴드 47038,25843
자자미x헬름 23733,29640
자자미z 39470,13032|45766,12995
자자미z가드 26774,29371
자자미z그리브 33119,29464
자자미z레깅스 33119,29585
자자미z레지스트 26754,29374
자자미z메일 26754,29255
자자미z암 26774,29260
자자미z캡 23733,33173
자자미z코트 47038,28932
자자미z폴드 47038,28827
자자미z헬름 23733,33055
자자미가드 26774,3748
자자미그리브 33119,3657
자자미레깅스 33119,3773
자자미레지스트 26754,3518
자자미메일 26754,3404
자자미소 38917,9586|38917,9664|38917,32266
자자미소브이 36993,4397|36993,4424
자자미슬래셔 49792,5546
자자미슬레이서 49792,5319
자자미암 26774,3633
자자미캡 23733,3703
자자미코트 47038,3753
자자미폴드 47038,3639
자자미헬름 23733,3586
자잘하게 19406,35267|19406,36372
자잘한 28259,1526|43111,20605
자전 33645,13496
자전g 33645,27810
자전改 27798,13064|33645,13720
자전改g 33645,27977
자주 25899,22977|25899,23316|25899,23380|36663,12135|43111,21333|45997,25485
자주자주 43111,26125
자지 36663,14640
자체에 25899,22417
자체의 28259,2244
자초 25899,6824
자칭 45326,9557|51013,104
자화룡 38161,2006|38161,2055
자화룡가시 21815,1478|21815,9665|21815,34129|23733,13095|24789,9405|24789,18080|25899,10277|26754,15737|27798,10307|33119,10169|33119,10390|33645,8021|38917,19388|39826,7776|45794,4151|49792,11040
자화룡갑각 21815,9474|21815,9646|23733,6054|24789,5855|25899,10005|25899,10138|26774,5763|33119,5844|33119,12561|38917,19308|39826,7770|47038,5454|49792,10846|49792,11032
자화룡견각 21815,11904|23733,18135|24789,12919|25899,10309|26774,15687|26774,23543|33119,15717|33645,8467|33645,30548|38917,19334|47038,15290|49792,11233
자화룡로스 36993,5627
자화룡비극 23733,37168|24789,28339|24789,28679|25899,11085|26774,27606|26774,33379|27798,27540|33645,8713|33645,8787|33645,16029|38917,19443|39826,8730|45997,13631
자화룡비늘 21815,9466|21815,9654|23733,6041|23733,14537|23733,18122|24789,5831|25899,10022|26754,5522|26774,5776|26774,7604|26774,12414|26774,19326|27798,10146|33119,5857|33645,8029|38917,19140|39826,8559|47038,5467|49792,10838
자화룡비옥 36993,2013|36993,5653
자화룡상가시 23733,27599|23733,27944|24789,18345|24789,19266|24789,25965|25899,10793|25899,10935|26754,27650|26774,15674|26774,24750|26774,25033|33645,8240|33645,30556|38917,19415|45794,4240|49792,4733|49792,11241
자화룡상린 19406,3067|23733,18109|24789,12906|25899,10269|25899,10317|26754,15688|26754,19585|26774,15734|26774,20603|27798,10480|33119,15730|33645,8249|38917,19172|39826,8644
자화룡역린 21815,21658|21815,30939|23733,11311|25899,10328|25899,15949|26774,24437|33119,23238|33119,24863|33119,25335|33645,1794|33645,8260|33645,28995|38917,19226|39826,4220|45794,2862|45997,13141|47038,24323|49792,11051
자화룡중각 21815,33401|23733,31149|24789,25096|25899,10592|26774,27614|33119,27699|38917,19361|39826,4510|45997,13612|47038,27152|49792,25213
자화룡천린 21815,33763|23733,37518|24789,30135|25899,10600|26754,27637|26754,33227|26774,32419|26774,33392|27798,10902|33119,33603|33119,33874|33645,2197|38917,19280|39826,8761|45997,13860|47038,27160|47038,32613|47038,32938|49792,25231
자화룡홍옥 21815,10044|21815,10271|21815,34137|21815,34317|23733,27958|24789,20433|25899,10458|26754,15676|26754,24505|26754,24785|26774,23167|26774,24761|26774,25245|26774,33074|33119,22711|33119,24873|33119,32667|33119,33595|33645,1987|33645,8475|33645,8739|33645,15821|38917,19253|39826,4241|47038,15278|47038,24051|47038,24333|47038,32930|49792,11250
자화룡후린 21815,33755|23733,31136|24789,25083|25899,10450|26754,27624|26774,27622|33119,27707|33645,9053|33645,16010|38917,19199|39826,8701
