0
481081
561670
563418
564223
564239
564257
564276
564503
564520
564539
564558
564577
564596
564625
564667
564872
564891
565038
565057
565076
565095
565366
565385
565404
565426
565445
565464
565599
565808
565829
565847
565865
565884
565924
566070
566254
566272
566294
566452
566470
566489
566510
566529
566547
566693
566719
566737
566768
566969
568326
568500
568529
568550
568568
568587
568605
568623
568655
568674
568807
568826
569019
569038
569057
569078
569096
569277
569312
569330
569348
569365
569382
569410
569632
569653
569670
569689
569707
569724
569764
569805
569846
569990
570010
570029
570189
570310
570331
570349
570368
570387
570406
570595
570617
570635
570654
570675
570694
570713
570938
570957
570975
571011
571030
573506
573626
573644
573662
573681
573946
573967
573986
574157
574176
574198
574217
574234
574261
574393
574413
574432
574449
574594
574612
574652
574671
574841
574861
574881
574901
574931
575087
575114
575134
575153
575170
575330
575349
575390
575431
575471
575511
575552
575591
575631
575671
575710
575751
575792
575833
575874
575915
575956
575997
576037
576077
576116
576156
576196
576237
576278
576318
576359
576399
576439
576480
576521
576562
576603
576643
576683
576723
576763
576804
576845
576886
576926
576967
577007
577047
577087
577127
577167
577207
577247
577288
577328
577368
577408
577449
577490
577531
577572
577613
577654
577694
577734
577775
577816
577857
577897
577937
577978
578019
578060
578100
578141
578182
578223
578264
578305
578345
578386
578427
578466
578507
578547
578588
578629
578669
578710
578751
578792
578833
578874
578915
578956
578997
579038
579079
579120
579161
579201
579242
579282
579323
579364
579405
579444
579483
579523
579564
579605
579645
579686
579727
579768
579809
579849
579890
579931
579971
580011
580051
580092
580133
580174
580215
580256
580297
580338
580379
580420
580461
580500
580540
580581
580621
580661
580701
580741
580781
580821
580861
580901
580942
580983
581023
581064
581105
581146
581187
581228
581269
581310
581351
581392
581433
581474
581515
581556
581596
581637
581677
581718
581758
581797
581837
581877
581917
581958
581999
582040
582081
582122
582162
582203
582243
582283
582324
582364
582404
582444
582484
582525
582566
582607
582648
582688
582729
582770
582811
582852
582893
582934
582975
583015
583056
583096
583137
583178
583219
583260
583299
583339
583379
583419
583459
583500
583541
583582
583623
583664
583705
583746
583786
583826
583866
583907
583948
583989
584030
584071
584112
584153
584193
584233
584274
584315
584356
584395
584435
584476
584517
584558
584599
584640
584681
584722
584761
584800
584839
584879
584919
584959
585000
585041
585082
585123
585164
585204
585244
585284
585325
585365
585404
585444
585483
585523
585563
585604
585645
585686
585727
585768
585808
585847
585886
585927
585968
586009
586049
586089
586130
586171
586209
586249
586290
586329
586370
586411
586452
586493
586534
586574
586614
586654
586695
586736
586775
586816
586857
586897
586938
586979
587019
587060
587101
587142
587183
587224
587265
587306
587347
587388
587429
587470
587511
587552
587592
587633
587674
587715
587756
587794
587832
587873
587913
587952
587992
588033
588073
588092
588273
588291
588312
588331
588352
588527
588546
588563
588612
588658
588677
590068
590177
590196
590214
590232
590405
590423
590443
590651
590668
590690
590937
590957
590976
590995
591597
591805
591824
591967
591985
592004
592021
592040
592067
592086
592254
592276
592295
592314
592485
592503
592686
592705
592724
592759
592777
592803
592822
594505
594626
594643
594661
594867
594888
594905
594924
594943
595091
595110
595243
595283
595323
595364
595405
595446
595486
595527
595567
595586
595604
595802
595842
595882
595922
595961
596001
596041
596079
596119
596159
596199
596239
596278
596318
596358
596398
596438
596478
596518
596556
596596
596636
596676
596716
596756
596794
596834
596874
596913
596953
596993
597033
597073
597113
597153
597193
597232
597271
597311
597351
597391
597431
597471
597511
597549
597587
597627
597666
597706
597746
597813
597853
597893
597933
597973
598013
598053
598093
598133
598173
598213
598253
598293
598333
598373
598413
598453
598493
598533
598573
598614
598655
598696
598737
598778
598819
598860
598901
598941
598981
599021
599061
599101
599141
599181
599221
599261
599301
599341
599381
599420
599460
599500
599540
599580
599620
599659
599698
599738
599778
599817
599856
599896
599937
599978
600019
600060
600099
600140
600181
600222
600263
600302
600343
600384
600425
600466
600507
600548
600589
600630
600668
600706
600747
600788
600829
600870
600911
600952
600993
601034
601075
601116
601156
601197
601238
601279
601320
601360
601400
601440
601480
601498
601517
601535
601576
601813
601834
601855
602089
602107
602147
602187
602228
602266
602307
602441
602463
602483
602501
602522
602669
602867
602886
602905
604426
604553
604572
604591
604610
604628
604811
604828
604850
605023
605157
605176
605194
605368
605387
605408
605695
605714
605732
605751
605770
605916
606088
606235
606254
606440
606476
606507
607882
607990
608009
608030
608199
608217
608236
608253
608414
608436
608457
608486
608506
608678
608718
608759
608967
608986
609005
609178
609197
609215
609412
609433
609455
609474
609493
609652
609671
609691
609709
609728
609747
609766
609923
609939
609958
609977
610174
610191
610210
610229
610285
610304
611563
611659
611676
611695
611843
611860
611878
612793
612811
612944
612965
612983
613143
613159
613300
613511
613531
613550
613659
613678
613700
613857
613896
613937
613978
614017
614057
614098
614137
614177
614217
614258
614297
614337
614377
614417
614457
614497
614538
614576
614616
614656
614697
614738
614778
614818
614857
614898
614939
614979
615020
615061
615102
615142
615181
615222
615263
615304
615344
615385
615426
615466
615506
615547
615587
615628
615668
615708
615749
615790
615830
615870
615911
615952
615993
616034
616073
616113
616154
616191
616231
616271
616312
616353
616393
616434
616474
616514
616555
616596
616636
616677
616716
616756
616797
616836
616877
616918
616958
616999
617040
617081
617122
617163
617204
617245
617286
617326
617367
617407
617447
617487
617528
617569
617609
617650
617691
617732
617773
617813
617853
617872
618178
618197
618218
618236
618264
618358
618379
618400
618419
619797
619916
619937
619959
620106
620125
620144
620305
620343
620361
620378
620398
620416
620436
620596
620717
620859
620880
620899
620918
620937
621070
621091
621109
621125
621144
621289
621496
621515
621687
621706
621725
621743
621762
621778
621797
623313
623406
623425
623444
623463
623485
623668
623689
623847
623866
623998
624017
624036
624207
624225
624244
624263
624280
624300
624321
624440
624462
624482
624500
624519
624706
624727
624768
624809
624848
624888
624928
624947
624968
624987
625161
625359
625379
625398
625419
625438
625459
625657
625678
625697
625716
625735
625754
625773
625791
625807
625826
625842
625857
625873
625890
625907
625983
625998
629043
629113
629129
650004
651544
651640
651658
651681
651700
651731
651750
651769
651788
652022
652043
652062
652081
652100
652119
652137
652156
652175
652346
652365
652405
652445
652464
652483
652501
652520
652539
652558
652577
652596
652615
652839
652858
652879
652898
652916
652948
652967
652986
653005
653037
653056
653075
653093
653240
653259
653278
653297
653316
653335
653492
653511
653530
653549
653571
653589
653608
653627
653649
653668
653687
653706
653724
653883
653915
653934
653953
653971
653990
654009
654028
654047
654066
654086
654105
654124
654143
654340
654359
654377
654396
654415
654434
654455
654473
654492
654511
654531
654550
654745
654764
654783
654802
654820
654977
654999
655024
655049
655068
655087
656584
656677
656694
656735
656776
656817
656858
656899
656940
656981
657020
657061
657102
657143
657183
657223
657263
657303
657344
657384
657425
657466
657487
657506
657522
657540
657711
657729
657750
657897
657915
657934
657951
657969
657986
658004
658045
658080
658277
658296
658313
658331
658349
658532
658550
658568
658589
658618
658635
658652
658823
658841
658860
658879
659046
659063
659081
659212
659231
659249
659267
659476
659495
659512
659671
659690
659709
659731
659752
659778
659809
661196
661315
661333
661351
661370
661554
661573
661593
661698
661739
661779
661820
661859
661900
661940
661980
662021
662061
662102
662142
662183
662224
662265
662306
662346
662387
662425
662466
662506
662546
662586
662626
662666
662707
662748
662789
662829
662869
662909
662949
662989
663029
663069
663110
663151
663191
663232
663273
663314
663355
663396
663436
663477
663516
663539
663736
663755
663774
663792
663814
663994
664023
664049
664080
664097
664117
664313
664332
664351
664370
664564
664583
664852
665110
665136
665155
665174
665193
665211
665229
665248
665268
665288
665308
665334
665360
665491
665510
665536
665556
665575
665611
665630
667086
667242
667260
667279
667297
667315
667336
667366
667389
667632
667650
667831
667852
667870
667889
667908
668042
668061
668079
668293
668314
668333
668468
668485
668506
668524
668543
668569
668595
668614
668786
668805
668825
668844
669041
669058
669254
669276
669294
669313
669496
669513
669532
669551
669567
669586
672330
672426
672443
672464
672485
672504
672523
672696
672714
672733
672752
672771
672789
672814
672855
672895
672936
672976
673016
673057
673097
673138
673157
673340
673361
673430
673568
673751
673772
673992
674010
674027
674046
674216
674333
674351
674370
674387
674545
674564
674583
674831
674850
674872
675057
675075
675107
675153
675172
677572
677679
677720
677760
677801
677841
677882
677923
677964
678005
678046
678120
678266
678287
678328
678369
678410
678451
678490
678688
678707
678733
678758
678777
678795
678816
678838
678857
679001
679173
679192
679337
679354
679394
679435
679476
679516
679557
679598
679638
679678
679718
679759
679798
679839
679880
679921
679960
680001
680042
680083
680123
680163
680204
680244
680285
680326
680367
680407
680448
680489
680530
680570
680610
680651
680692
680732
680773
680814
680855
680896
680937
680978
681017
681057
681076
681258
681279
681300
681326
681447
681657
681674
681693
681905
681935
681954
681973
682022
682041
684188
684306
684327
684547
684568
684587
684733
684755
684774
684795
684941
684968
684986
685005
685164
685180
685207
685225
685251
685269
685452
685478
685496
685517
685536
685577
685618
685659
685699
685724
685881
685910
685932
686080
686537
686556
686583
686602
686623
686650
686797
686816
686835
686853
686878
687023
687041
687141
687157
687183
687201
687220
689130
689237
689258
689276
689295
689315
689474
689493
689533
689574
689614
689655
689695
689735
689775
689815
689855
689895
689936
689977
690017
690058
690099
690139
690178
690218
690259
690300
690340
690380
690421
690461
690502
690543
690584
690625
690665
690706
690745
690786
690827
690868
690909
690950
690991
691032
691071
691110
691151
691192
691211
691230
691251
691412
691430
691614
691633
691793
691811
691830
691857
692003
692021
692038
692209
692230
692251
692270
692286
692308
692327
692345
692477
692496
692654
692675
692696
692714
692749
692768
692916
692936
692962
693003
693044
693085
693126
693167
693208
693249
693289
693330
693370
693410
693450
693491
693530
693571
693612
693653
693693
693734
693774
693814
693855
693896
693936
693977
694017
694055
694096
694137
694178
694217
694257
694298
694338
694379
694417
694458
694499
694538
694578
694618
694658
694699
694739
694779
694819
694860
694901
694941
694981
695021
695062
695103
695170
695210
695251
695291
695332
695372
695413
695454
695494
695535
695576
695617
695657
695698
695739
695779
695820
695860
695900
695941
695982
696022
696062
696103
696144
696185
696225
696265
696306
696346
696385
696423
696464
696504
696543
696583
696623
696664
696705
696746
696787
696827
696868
696908
696948
696987
697028
697067
697108
697149
697190
697230
697269
697310
697350
697391
697431
697471
697511
697551
697591
697632
697672
697712
697753
697794
697834
697874
697914
697954
697994
698035
698076
698117
698158
698199
698239
698279
698319
698360
698401
698442
698483
698523
698563
698604
698645
698686
698726
698766
698807
698848
698889
698930
698971
699012
699052
699093
699134
699175
699215
699255
699294
699334
699373
699413
699454
699495
699536
699577
699617
699658
699697
699737
699778
699818
699858
699899
699940
699981
700021
700062
700102
700140
700181
700222
700261
700302
700343
700380
700419
700459
700499
700538
700578
700619
700660
700701
700741
700782
700822
700862
700903
700944
700984
701024
701065
701105
701145
701183
701224
701265
701305
701346
701384
701425
701466
701507
701546
701587
701625
701665
701706
701746
701786
701827
701868
701909
701948
701988
702029
702069
702109
702150
702190
702231
702272
702313
702354
702395
702435
702475
702516
702556
702597
702638
702679
702720
702760
702800
702840
702879
702920
702960
703001
703041
703081
703121
703162
703203
703244
703284
703324
703365
703406
703447
703487
703527
703568
703609
703649
703689
703730
703770
703811
703852
703893
703934
703975
704016
704057
704097
704137
704177
704217
704258
704299
704339
704380
704420
704461
704502
704541
704582
704621
704662
704702
704743
704784
704825
704865
704904
704943
704984
705024
705064
705105
705145
705186
705227
705266
705306
705347
705388
705429
705469
705509
705549
705590
705630
705669
705709
705749
705790
705831
705872
705912
705952
705992
706033
706073
706112
706152
706193
706232
706273
706314
706352
706393
706432
706470
706511
706550
706590
706630
706669
706710
706750
706791
706832
706872
706912
706952
706968
706999
709150
709259
709277
709299
709459
709478
709496
709515
709698
709715
709734
709753
709792
709811
709838
710012
710030
710047
710066
710240
710258
710277
710310
710327
710497
710516
710533
710560
710746
710765
710934
710953
710972
711013
711052
711079
711098
711269
711300
711318
711336
711558
711576
711595
711614
711632
711648
711667
714247
714343
714362
714384
714570
714590
714609
714751
714770
714789
714935
714953
714972
714991
715017
715036
715222
715240
715261
715369
715391
715411
715619
715640
715659
715699
715739
715779
715819
715859
715899
715939
715979
716019
716059
716099
716139
716179
716218
716258
716297
716338
716379
716418
716458
716498
716539
716579
716619
716659
716698
716738
716777
716817
716856
716896
716936
716977
717017
717057
717097
717137
717177
717299
717444
717463
717482
717629
717648
717687
717728
717767
717806
717847
717887
717928
717968
718007
718047
718088
718129
718170
718211
718252
718293
718334
718374
718415
718455
718495
718535
718575
718616
718657
718697
718738
718778
718819
718860
718901
718942
718981
719022
719063
719103
719143
719183
719224
719265
719306
719347
719386
719427
719468
719508
719549
719590
719630
719669
719710
719750
719791
719830
719870
719910
719949
719990
720031
720072
720111
720151
720192
720232
720273
720314
720355
720396
720436
720476
720516
720556
720597
720638
720678
720718
720759
720799
720840
720879
720920
720961
721002
721043
721084
721124
721164
721203
721244
721284
721325
721365
721406
721447
721487
721527
721566
721607
721648
721689
721730
721770
721811
721851
721891
721931
721972
722013
722054
722095
722136
722177
722218
722259
722299
722340
722379
722420
722461
722501
722542
722581
722622
722661
722702
722743
722783
722823
722863
722902
722943
722984
723024
723065
723106
723147
723188
723228
723269
723310
723350
723391
723432
723473
723514
723555
723595
723635
723676
723717
723757
723797
723838
723879
723920
723960
724001
724041
724081
724122
724163
724204
724244
724285
724325
724366
724407
724448
724466
724485
724512
724526
724551
724569
724618
724706
724755
724804
742385
743762
743990
744009
744030
744047
744425
744608
744629
744648
744882
744901
744941
744981
745021
745062
745102
745142
745181
745222
745263
745304
745345
745385
745425
745466
745506
745547
745587
745628
745669
745709
745750
745790
745830
745869
745910
745951
745991
746031
746072
746112
746153
746192
746231
746270
746311
746351
746391
746430
746471
746512
746553
746593
746634
746675
746716
746756
746796
746836
746876
746916
746956
746997
747038
747079
747119
747160
747201
747242
747273
747290
747434
747453
747486
747503
747660
747679
747698
747718
747739
747873
747890
747912
747929
747946
747964
747994
748138
748179
748219
748260
748300
748318
748337
748356
748516
748535
748576
748595
748803
748831
748852
748871
748890
748909
748928
749111
749133
749174
749215
749256
749297
749338
749379
749420
749460
749500
749541
749581
749621
749661
749701
749742
749782
749823
749863
749904
749944
749984
750025
750065
750105
750145
750186
750226
750267
750307
750346
750386
750425
750466
750506
750546
750587
750628
750668
750709
750750
750790
750830
750870
750911
750952
750992
751033
751074
751114
751155
751195
751236
751277
751317
751356
751397
751438
751478
751519
751560
751601
751641
751682
751723
751763
751804
751845
751886
751927
751968
752008
752048
752088
752128
752167
752208
752249
752289
752328
752368
752408
752448
752487
752527
752567
752606
752646
752686
752726
752766
752805
752845
752884
752923
752963
753003
753043
753083
753122
753161
753201
753241
753282
753322
753363
753403
753444
753485
753525
753565
753606
753647
753688
753728
753769
753809
753849
753890
753930
753971
754012
754052
754093
754134
754173
754213
754254
754294
754334
754374
754415
754454
754495
754536
754577
754616
754656
754697
754738
754779
754820
754859
754900
754941
754981
755020
755059
755099
755139
755179
755220
755259
755299
755340
755381
755422
755463
755503
755543
755583
755624
755665
755706
755747
755786
755826
755866
755907
755948
755988
756029
756069
756110
756151
756191
756232
756273
756312
756352
756393
756434
756475
756516
756557
756598
756638
756679
756719
756760
756801
756842
756883
756924
756964
757004
757045
757085
757125
757165
757206
757247
757288
757329
757370
757411
757452
757492
757533
757574
757614
757655
757696
757737
757778
757818
757858
757899
757939
757979
758019
758057
758097
758138
758178
758219
758260
758300
758340
758381
758420
758461
758502
758543
758582
758621
758662
758702
758740
758781
758822
758862
758902
758943
758983
759024
759064
759104
759145
759185
759225
759266
759307
759347
759387
759428
759468
759508
759548
759589
759628
759668
759708
759747
759788
759828
759868
759908
759949
759989
760029
760069
760109
760148
760188
760227
760266
760305
760346
760387
760427
760468
760509
760550
760590
760629
760669
760708
760749
760790
760831
760872
760912
760952
760993
761034
761073
761113
761154
761195
761236
761276
761317
761358
761398
761437
761478
761518
761557
761596
761637
761677
761718
761759
761799
761837
761878
761919
761960
762000
762040
762080
762121
762161
762201
762242
762283
762323
762364
762403
762444
762485
762526
762567
762606
762647
762687
762727
762768
762806
762846
762885
762924
762964
763005
763046
763087
763128
763169
763210
763250
763291
763331
763372
763412
763452
763491
763532
763573
763613
763653
763693
763734
763774
763815
763856
763896
763937
763977
764018
764059
764098
764138
764178
764219
764259
764300
764340
764381
764422
764462
764503
764544
764584
764624
764664
764705
764746
764786
764827
764867
764908
764949
764990
765031
765072
765113
765153
765194
765234
765275
765316
765356
765396
765436
765475
765516
765556
765597
765637
765678
765719
765759
765800
765841
765880
765919
765959
766000
766041
766081
766122
766162
766203
766244
766285
766326
766366
766407
766448
766489
766530
766570
766611
766650
766691
766730
766771
766812
766852
766892
766932
766973
767012
767053
767093
767134
767174
767215
767256
767296
767335
767375
767415
767456
767497
767537
767578
767619
767657
767698
767739
767779
767820
767860
767900
767940
767980
768020
768061
768102
768142
768182
768223
768264
768305
768345
768385
768426
768467
768485
768504
768523
768542
768571
770041
770184
770203
770346
770364
770382
770554
770572
770590
770607
770637
770846
770863
770903
770920
771115
771141
771285
771458
771477
771495
771668
771686
771703
771833
771859
771878
771898
771918
771944
772282
772304
772340
772359
773683
773791
773810
773828
773847
773868
774001
774025
774044
774070
774088
774106
774132
774317
774338
774356
774375
774394
774415
774649
774671
774690
774825
774846
774865
774884
775044
775063
775082
775107
775124
775143
775289
775308
775326
775345
775376
775395
775413
775597
775615
775634
775653
775835
775854
775875
775893
775914
776141
776159
776178
776196
776222
776241
778097
778206
778238
778258
778277
778307
778338
778356
778379
778400
778418
778439
778623
778642
778660
778701
778742
778783
778823
778864
778904
778923
779069
779087
779107
779124
779141
779160
779181
779363
779385
779404
779423
779464
779505
779546
779587
779628
779669
779708
779749
779790
779831
779871
779912
779952
779993
780034
780075
780116
780156
780196
780235
780275
780316
780357
780398
780439
780480
780500
780520
780538
780555
780573
780719
780737
780756
780774
780795
780814
780833
780873
780913
780932
781115
781134
781153
781385
781403
781598
781620
781641
781658
781677
781837
781856
781875
782035
782076
782117
782158
782199
782239
782279
782320
782360
782401
782442
782483
782523
782562
782601
782641
782681
782721
782761
782801
782840
782881
782922
782962
783002
783043
783083
783124
783165
783205
783246
783287
783328
783368
783408
783449
783465
783484
784997
785093
785112
785131
785327
785347
785388
785429
785468
785508
785549
785590
785630
785671
785709
785749
785790
785809
786033
786052
786223
786264
786305
786346
786386
786427
786468
786509
786550
786591
786632
786672
786712
786753
786794
786835
786876
786916
786956
786995
787036
787077
787118
787159
787198
787239
787280
787320
787361
787401
787442
787483
787523
787563
787603
787643
787684
787725
787764
787805
787846
787887
787927
787968
788009
788050
788090
788129
788170
788211
788252
788293
788333
788374
788412
788453
788494
788533
788574
788614
788655
788695
788735
788776
788815
788856
788896
788937
788978
789018
789059
789099
789140
789180
789221
789260
789299
789339
789378
789418
789458
789498
789538
789578
789619
789660
789701
789741
789782
789822
789863
789904
789945
789986
790027
790068
790241
790451
790610
790630
790803
790825
790982
791000
791020
791045
791071
791245
791264
791283
791302
791328
791347
792802
792911
792928
792947
792966
792984
793148
793170
793189
793210
793402
793421
793440
793635
793654
793686
793703
793862
793880
793898
793916
793937
794096
794115
794133
794152
794312
794337
794496
794641
794659
794678
794897
794937
794958
794979
795000
795019
795037
795063
795094
796369
796464
796483
796502
796520
796678
796700
796719
796750
796897
796916
796933
796951
796991
797031
797072
797113
797153
797194
797235
797275
797316
797385
797454
797495
797536
797577
797618
797659
797700
797740
797781
797822
797863
797930
797971
798011
798052
798093
798162
798203
798244
798285
798325
798366
798407
798448
798488
798529
798569
798610
798651
798692
798733
798774
798813
798852
798893
798934
798974
799015
799056
799097
799138
799179
799220
799261
799301
799342
799382
799423
799463
799504
799545
799585
799626
799667
799708
799749
799790
799831
799871
799912
799952
799993
800034
800075
800115
800156
800197
800238
800279
800320
800357
800398
800438
800479
800520
800561
800602
800643
800683
800721
800762
800803
800844
800885
800926
800967
801008
801049
801090
801131
801171
801212
801253
801293
801334
801375
801416
801457
801497
801538
801578
801619
801659
801700
801741
801782
801823
801864
801904
801945
801986
802027
802067
802107
802148
802188
802229
802270
802310
802351
802392
802433
802473
802514
802555
802596
802637
802677
802718
802758
802797
802838
802879
802920
802960
803001
803042
803082
803123
803163
803204
803244
803285
803326
803367
803407
803447
803487
803527
803568
803609
803649
803689
803730
803771
803811
803852
803892
803933
803973
804014
804054
804095
804136
804177
804218
804259
804299
804339
804380
804421
804461
804500
804539
804579
804619
804658
804697
804737
804778
804819
804860
804901
804942
804982
805022
805062
805103
805142
805183
805224
805264
805305
805344
805384
805425
805466
805506
805547
805586
805626
805666
805707
805747
805788
805829
805870
805910
805951
805992
806032
806192
806218
806237
806255
806375
806393
806413
806597
806619
806637
806655
806674
806693
806892
806912
806931
807152
807171
807189
807207
807226
807420
807439
807661
807677
807696
808950
809031
809052
809070
809215
809245
809415
809523
809544
809584
809624
809665
809705
809744
809784
809825
809866
809907
809947
809987
810147
810166
810336
810357
810375
810394
810413
810560
810578
810597
810618
810828
810868
810909
811092
811133
811368
811390
811409
811427
811467
811507
811548
811589
811630
811669
811710
811751
811792
811833
811874
811915
811954
811995
812036
812077
812116
812157
812198
812238
812279
812320
812361
812402
812443
812469
812488
813783
813901
813919
813960
814000
814040
814210
814229
814247
814266
814410
814569
814587
814606
814752
814771
814930
814949
814968
815152
815171
815191
815210
815357
815397
815416
815435
815709
815731
815753
815948
815968
815987
816006
817981
818075
818096
818114
818133
818264
818282
818301
818319
818465
818487
818669
818700
818883
818902
818943
818962
819135
819154
819314
819333
819352
819371
819543
819563
819735
819753
819938
819957
819976
819994
820013
820049
820068
820095
820135
820156
820194
820225
820277
820304
820579
836685
838005
838197
838238
838277
838318
838359
838376
838393
838433
838474
838515
838554
838594
838635
838808
838828
838869
838910
838950
838991
839010
839029
839214
839234
839257
839279
839297
839492
839516
839535
839551
839810
839828
839846
839886
839926
839966
840006
840047
840088
840128
840166
840207
840247
840288
840327
840368
840407
840447
840486
840527
840567
840607
840647
840687
840727
840768
840809
840850
840891
840930
840971
841012
841052
841091
841131
841171
841212
841252
841293
841334
841375
841558
841577
841596
841803
841821
841843
841862
841892
842012
842030
842049
842067
842101
842242
842261
842396
842415
842432
842451
842470
842489
842507
842523
842554
843992
844088
844106
844124
844143
844314
844332
844349
844367
844386
844520
844538
844556
844575
844746
844764
844784
844801
844820
844980
844997
845037
845078
845119
845160
845201
845241
845281
845322
845363
845404
845443
845484
845679
845700
845717
845736
845754
845914
845933
845952
845974
845992
846014
846031
846163
846193
846326
846345
846539
846574
846594
846612
846632
846650
846669
846705
846724
848124
848241
848263
848282
848298
848315
848487
848506
848527
848544
848739
848760
848786
848814
848962
848982
849003
849022
849054
849225
849242
849438
849459
849477
849508
849665
849684
849702
849859
849878
849897
849916
850089
850108
850136
850157
850377
850396
850415
850434
851848
851943
851961
851979
852001
852021
852041
852060
852218
852236
852255
852274
852452
852469
852489
852788
852804
852824
853037
853088
853106
853263
853281
853302
853319
853338
853361
853379
853626
853667
853707
853748
853789
853828
853869
853909
853949
853989
854030
854071
854111
854151
854192
854232
854272
854312
854351
854392
854432
854472
854512
854552
854593
854634
854675
854715
854755
854796
854836
854876
854917
854957
854997
855038
855078
855118
855159
855200
855241
855279
855318
855357
855396
855437
855476
855661
855679
855696
855715
855858
855879
855898
855915
855934
856069
856110
856150
856190
856230
856269
856338
856379
856398
856417
856435
856621
856641
856681
856720
856759
856798
856837
856904
856971
857011
857051
857118
857185
857252
857319
857359
857400
857439
857479
857519
857559
857599
857638
857677
857743
857783
857823
857863
857902
857941
857980
858019
858058
858097
858136
858175
858214
858253
858292
858331
858371
858412
858451
858490
858530
858570
858609
858648
858687
858728
858768
858809
858849
858888
858929
858970
859010
859051
859092
859133
859174
859215
859256
859296
859336
859377
859418
859459
859499
859539
859579
859620
859661
859702
859742
859782
859822
859862
859902
859943
859984
860024
860064
860105
860146
860187
860228
860269
860310
860351
860392
860433
860473
860514
860553
860594
860633
860674
860714
860755
860795
860835
860876
860917
860957
860997
861038
861079
861119
861159
861200
861241
861282
861322
861363
861404
861444
861485
861526
861567
861608
861649
861690
861730
861769
861809
861850
861891
861932
861973
862014
862055
862096
862137
862177
862218
862259
862299
862340
862380
862421
862461
862502
862543
862583
862623
862663
862704
862744
862784
862825
862866
862906
862945
862985
863025
863065
863106
863147
863188
863229
863270
863311
863351
863391
863431
863471
863512
863553
863593
863633
863673
863713
863754
863794
863834
863874
863914
863954
863994
864035
864075
864116
864157
864197
864238
864279
864320
864361
864402
864442
864482
864523
864544
864563
864582
866089
866170
866189
866230
866402
866423
866441
866709
866728
866747
866787
866959
866981
867178
867197
867214
867444
867463
867482
867668
867684
867703
867720
867749
867870
867889
867911
868121
868138
868156
868304
868323
868342
868363
868389
868408
868427
870079
870175
870193
870212
870230
870292
870475
870496
870747
870765
870784
871027
871048
871066
871085
871232
871273
871313
871508
871526
871555
871604
871834
872017
872039
872056
872075
872262
872283
872301
872319
872477
872517
872558
872599
872639
872680
872720
872759
872798
872839
872880
872920
872961
873000
873038
873078
873118
873158
873199
873240
873281
873300
873314
873340
873359
873388
874622
874729
874750
874985
875007
875028
875134
875153
875172
875191
875376
875396
875425
875443
875462
875481
875641
875659
875680
875801
875820
875839
876010
876029
876046
876067
876186
876205
876224
876356
876375
876416
876456
876496
876536
876575
876614
876654
876694
876734
876774
876815
876856
876897
876938
876978
877018
877057
877097
877138
877178
877217
877258
877299
877340
877380
877421
877460
877630
877648
877688
877729
877768
877807
877848
877888
877928
877968
878008
878048
878085
878126
878167
878206
878246
878287
878326
878366
878405
878446
878487
878528
878567
878607
878648
878688
878727
878767
878808
878848
878889
878929
878969
879008
879048
879088
879128
879169
879210
879250
879289
879329
879369
879409
879450
879489
879528
879568
879607
879648
879689
879728
879766
879806
879846
879887
879928
879968
880008
880047
880087
880127
880166
880206
880247
880288
880327
880367
880407
880448
880489
880530
880571
880611
880652
880693
880733
880772
880813
880854
880893
880934
880973
881012
881052
881093
881132
881172
881213
881254
881294
881333
881373
881412
881453
881492
881532
881573
881614
881652
881693
881732
881773
881812
881852
881891
881930
881969
882009
882048
882088
882129
882170
882211
882250
882290
882330
882370
882410
882450
882489
882528
882569
882608
882648
882688
882728
882768
882808
882849
882889
882930
882969
883010
883050
883091
883130
883171
883212
883253
883293
883334
883375
883415
883456
883497
883536
883576
883615
883655
883696
883736
883777
883818
883858
883898
883937
883976
884016
884055
884094
884135
884175
884215
884255
884296
884337
884378
884419
884460
884501
884542
884581
884622
884662
884703
884744
884785
884826
884866
884906
884946
884987
885028
885068
885107
885148
885189
885229
885270
885310
885350
885391
885432
885473
885514
885555
885596
885637
885678
885717
885758
885799
885840
885881
885920
885959
885997
886036
886075
886113
886153
886194
886233
886274
886315
886356
886397
886438
886479
886507
886526
886545
887770
887864
887883
887901
887920
888077
888099
888139
888179
888220
888260
888301
888342
888363
888404
888445
888486
888527
888568
888608
888649
888690
888731
888772
888813
888853
888893
888934
888975
889016
889056
889259
889278
889296
889555
889594
889809
889828
889846
889868
889989
890007
890028
890174
890193
890212
890441
890460
890479
890614
890773
890794
890818
890837
890855
890901
892034
892153
892174
892193
892213
892231
892452
892471
892490
892597
892638
892657
892676
892695
892842
892861
892902
892942
892982
893023
893063
893104
893145
893186
893227
893268
893308
893349
893389
893430
893471
893511
893551
893591
893632
893673
893714
893755
893796
893837
893877
893917
893958
893999
894040
894080
894121
894161
894202
894243
894283
894324
894364
894404
894444
894485
894525
894566
894606
894645
894686
894727
894767
894807
894848
894889
894929
894969
895010
895050
895091
895131
895172
895213
895254
895294
895334
895375
895415
895454
895494
895535
895576
895617
895658
895699
895738
895779
895820
895860
895901
895941
895982
896023
896063
896103
896144
896185
896226
896266
896307
896347
896387
896428
896467
896508
896549
896588
896629
896669
896709
896749
896790
896830
896869
896910
896951
896990
897030
897071
897111
897152
897193
897233
897273
897313
897354
897395
897436
897477
897518
897558
897598
897639
897680
897720
897760
897800
897841
897881
897922
897961
898001
898042
898083
898123
898163
898204
898244
898284
898325
898365
898405
898445
898486
898527
898568
898608
898648
898689
898729
898769
898809
898850
898890
899048
899067
899085
899104
899123
899144
899162
899181
899200
899358
899377
899396
899542
899561
899580
899599
899618
899778
899797
899816
899836
899855
900002
900024
900041
900201
900220
900239
900255
900274
900294
901671
901766
901785
901928
901947
902107
902132
902173
902194
902354
902371
902565
902589
902608
902754
902775
902794
902813
903006
903185
903206
903378
903400
903441
903481
903499
903517
903663
903680
903699
903720
903756
903787
903803
903818
903841
903859
903887
904442
904666
904683
904711
904759
904787
921483
922699
922856
922874
922911
922930
922948
922966
922984
923002
923136
923156
923181
923221
923261
923301
923342
923383
923424
923464
923504
923544
923584
923623
923664
923705
923742
923783
923823
923861
923902
923943
923984
924022
924062
924100
924122
924283
924302
924320
924529
924548
924567
924587
924758
924776
924794
924815
924835
925142
925161
925202
925243
925264
925283
925513
925531
925550
925723
925744
925763
925920
925939
925956
925975
926131
926152
926171
926190
926209
926225
926244
927867
927973
928014
928054
928094
928134
928174
928212
928250
928288
928326
928364
928402
928440
928478
928516
928554
928592
928630
928668
928708
928749
928790
928831
928872
928913
928954
928995
929036
929077
929118
929159
929200
929239
929280
929320
929361
929402
929443
929484
929525
929566
929607
929647
929688
929729
929770
929809
929850
929891
929931
929970
930010
930051
930092
930133
930174
930215
930255
930296
930336
930376
930414
930452
930492
930533
930574
930613
930654
930695
930736
930776
930815
930854
930872
930890
931071
931089
931108
931124
931146
931178
931212
931231
931248
931406
931424
931441
931462
931674
931693
931711
931730
931914
931933
931952
932121
932140
932162
932384
932402
932421
932440
932459
932491
932649
932670
932689
932708
932856
933041
933065
933106
933146
933186
933227
933267
933307
933347
933387
933427
933467
933507
933548
933589
933630
933671
933712
933753
933793
933833
933874
933915
933956
933996
934037
934077
934117
934157
934198
934237
934278
934318
934358
934399
934439
934480
934519
934558
934597
934636
934676
934717
934758
934799
934839
934879
934918
934958
934998
935038
935077
935117
935158
935199
935239
935280
935321
935361
935401
935442
935483
935523
935540
935571
935597
935616
937693
937801
937818
937837
938036
938077
938118
938159
938199
938239
938260
938278
938411
938432
938455
938474
938646
938664
938682
938701
938720
938854
938871
938889
938910
938929
938951
939109
939150
939333
939353
939392
939432
939472
939512
939552
939592
939633
939674
939715
939755
939794
939834
939874
939914
939954
939995
940036
940077
940118
940159
940200
940241
940280
940320
940360
940401
940440
940480
940519
940559
940599
940639
940680
940721
940762
940801
940820
940840
940859
941192
941212
941233
941252
941271
941466
941485
941504
941522
941543
941562
941581
941601
941771
941790
941808
941874
941905
943502
943609
943628
943647
943665
943689
943716
943735
943753
943774
943795
944010
944031
944050
944069
944090
944283
944302
944320
944361
944401
944441
944481
944522
944562
944603
944643
944684
944724
944765
944805
944845
944885
944922
944962
944981
945022
945061
945102
945142
945183
945222
945263
945302
945342
945383
945423
945463
945503
945544
945583
945623
945664
945704
945743
945783
945823
945863
945903
945944
945983
946023
946062
946103
946144
946184
946224
946265
946304
946345
946364
946576
946617
946658
946699
946870
946889
946930
946970
947009
947050
947091
947132
947172
947213
947254
947295
947336
947376
947416
947455
947495
947534
947575
947616
947657
947698
947739
947780
947820
947860
947900
947940
947978
948019
948060
948100
948140
948181
948222
948263
948304
948345
948385
948425
948465
948506
948546
948585
948624
948665
948706
948747
948787
948828
948867
948908
948949
948989
949028
949069
949109
949149
949189
949229
949269
949310
949350
949391
949432
949471
949512
949552
949593
949634
949675
949716
949757
949798
949837
949878
949919
949959
950000
950041
950079
950120
950161
950202
950242
950282
950322
950362
950402
950421
950439
950621
950789
950809
950830
950849
950881
950900
951022
951040
951058
951077
951097
951269
951291
951477
951503
952798
952893
952912
952929
952950
952968
952987
953198
953391
953413
953618
953639
953658
953678
953833
953850
953890
953931
953971
954012
954052
954092
954132
954171
954212
954231
954263
954280
954389
954408
954429
954601
954619
954638
954785
954804
954822
954863
954904
954945
955183
955202
955221
955240
955258
955299
955340
955380
955398
955582
955603
955628
955647
955666
955712
955731
956887
956993
957011
957255
957274
957291
957313
957528
957687
957727
957767
957807
957848
957889
957930
957971
958012
958031
958050
958184
958201
958222
958342
958567
958586
958608
958627
958646
958831
958872
958912
958953
958994
959035
959075
959116
959156
959197
959406
959426
959446
959466
959486
959520
959540
959558
959717
959735
959883
959902
959920
959938
959984
960003
961305
961413
961430
961449
961595
961636
961676
961716
961757
961798
961818
961839
961857
962015
962034
962055
962074
962095
962254
962273
962291
962450
962467
962485
962503
962521
962540
962562
962583
962703
962721
962742
962759
962778
962796
962913
962932
962951
963122
963141
963160
963179
963199
963358
963380
963538
963556
963574
963592
963623
963659
963677
963708
963726
965691
965774
965795
965813
965854
965873
965893
965912
966058
966077
966300
966319
966338
966357
966515
966539
966558
966577
966736
966755
966822
966888
966954
967021
967062
967103
967143
967212
967281
967349
967389
967429
967469
967510
967579
967648
967717
967757
967826
967945
967963
967981
968000
968122
968143
968162
968183
968202
968220
968403
968422
968438
968558
968577
968599
968618
968637
968656
968675
968694
968713
968910
968929
968948
968967
968983
969001
969020
970588
970696
970714
970731
970750
970896
970921
970943
971088
971107
971126
971147
971306
971323
971341
971552
971573
971592
971802
971843
971883
971922
971963
971988
972007
972154
972173
972191
972312
972352
972371
972390
972410
972632
972651
972670
972688
972820
972841
972866
972895
972911
972929
972948
974527
974621
974639
974657
974676
974832
974851
974873
974892
974911
974930
974949
975116
975135
975319
976955
976972
976991
977010
977029
977188
977210
977316
977335
977495
977514
977532
977551
977738
977756
977775
977947
977966
977984
978003
978021
978041
978060
978079
978105
978123
978154
978203
978255
978271
978299
978362
978389
978442
978687
978703
1009350
1011074
1011613
1011641
1012258
1012911
1013069
1013091
1013359
1013400
1013441
1013459
1013478
1013517
1013536
1013745
1013764
1013785
1013809
1013981
1014003
1014024
1014043
1014062
1014282
1014301
1014319
1014359
1014400
1014556
1014577
1014598
1014619
1014763
1014782
1014823
1014863
1014903
1014944
1014983
1015022
1015063
1015103
1015143
1015183
1015223
1015263
1015302
1015342
1015383
1015423
1015463
1015503
1015542
1015583
1015623
1015663
1015703
1015743
1015783
1015824
1015865
1015906
1015947
1015988
1016029
1016070
1016109
1016147
1016188
1016228
1016269
1016308
1016349
1016389
1016429
1016470
1016510
1016551
1016592
1016633
1016673
1016713
1016753
1016793
1016834
1016875
1016915
1016956
1016995
1017035
1017076
1017116
1017157
1017197
1017238
1017279
1017320
1017360
1017399
1017438
1017477
1017517
1017558
1017598
1017639
1017680
1017720
1017759
1017799
1017839
1017879
1017920
1017960
1017999
1018040
1018080
1018119
1018160
1018199
1018239
1018280
1018320
1018361
1018402
1018442
1018483
1018523
1018563
1018604
1018644
1018684
1018724
1018765
1018805
1018846
1018886
1018926
1018967
1019007
1019048
1019088
1019128
1019167
1019206
1019246
1019286
1019327
1019368
1019409
1019449
1019489
1019529
1019570
1019611
1019650
1019691
1019730
1019771
1019810
1019849
1019888
1019928
1019968
1020008
1020049
1020090
1020131
1020172
1020212
1020253
1020294
1020335
1020376
1020416
1020456
1020497
1020538
1020579
1020620
1020661
1020701
1020719
1020913
1020930
1020949
1020971
1020989
1021007
1021153
1021170
1021216
1021234
1021252
1021401
1021419
1021438
1022014
1023361
1023491
1023509
1023528
1023558
1023599
1023743
1023762
1023781
1023953
1023970
1023989
1024006
1024024
1024196
1024213
1024232
1024253
1024271
1024292
1024313
1024332
1024556
1024575
1024593
1024612
1024824
1024849
1024868
1024887
1025061
1025080
1025098
1025280
1025302
1025320
1025339
1025357
1025541
1025560
1025579
1025603
1025643
1025684
1025702
1025873
1025893
1025919
1025938
1027510
1027772
1027797
1027826
1027845
1027865
1027883
1027902
1027920
1027939
1028121
1028140
1028162
1028181
1028428
1028445
1028463
1028622
1028640
1028659
1028878
1028895
1028915
1028941
1028959
1028978
1029148
1029167
1029186
1029205
1029224
1029241
1029259
1029503
1029522
1029542
1029561
1029580
1029822
1029841
1029860
1029879
1029898
1030108
1030129
1030149
1030169
1030187
1030206
1030225
1030244
1030263
1030493
1030514
1030534
1030554
1030574
1030593
1030612
1030633
1030662
1030681
1030699
1030715
1030734
1032325
1032447
1032465
1032484
1032514
1032533
1032552
1032575
1032592
1032631
1032652
1032875
1032900
1032919
1032959
1033000
1033040
1033080
1033121
1033161
1033201
1033241
1033281
1033321
1033360
1033399
1033438
1033478
1033517
1033557
1033597
1033636
1033676
1033716
1033757
1033797
1033837
1033877
1033916
1033955
1033996
1034036
1034076
1034116
1034157
1034198
1034239
1034280
1034320
1034502
1034522
1034543
1034562
1034728
1034749
1034769
1034790
1034808
1034915
1034937
1034956
1034975
1035106
1035124
1035148
1035166
1035185
1035203
1035388
1035406
1035425
1035443
1035576
1035594
1035613
1035631
1035765
1035784
1035942
1035959
1035978
1035999
1036035
1036054
1038574
1038696
1038714
1038733
1038752
1038773
1038792
1038812
1039011
1039030
1039189
1039208
1039365
1039385
1039414
1039436
1039455
1039651
1039669
1039703
1039888
1040009
1040027
1040046
1040083
1040241
1040281
1040321
1040362
1040402
1040442
1040483
1040524
1040563
1040604
1040645
1040685
1040726
1040767
1040806
1040847
1040888
1040928
1040967
1041007
1041048
1041087
1041128
1041169
1041210
1041229
1041251
1041268
1041389
1041414
1041435
1041620
1041639
1041686
1041722
1041741
1042995
1043103
1043134
1043293
1043314
1043333
1043351
1043390
1043431
1043470
1043511
1043551
1043592
1043633
1043674
1043715
1043756
1043797
1043837
1043878
1043919
1043959
1044000
1044040
1044081
1044121
1044162
1044202
1044243
1044282
1044323
1044364
1044398
1044417
1044624
1044642
1044786
1044825
1044864
1044904
1044944
1044985
1045026
1045067
1045107
1045138
1045350
1045368
1045387
1045403
1045562
1045872
1045897
1045919
1046066
1046087
1046309
1046328
1046346
1046570
1046587
1046605
1046624
1046643
1046669
1046700
1048012
1048108
1048137
1048159
1048367
1048388
1048406
1048424
1048606
1048625
1048644
1048663
1048681
1048788
1048805
1048824
1048843
1049004
1049023
1049040
1049061
1049221
1049262
1049303
1049498
1049517
1049687
1049706
1049731
1049750
1049897
1049915
1049946
1049965
1049983
1050207
1050229
1050248
1050274
1050293
1051645
1051739
1051756
1051775
1051933
1051952
1052085
1052242
1052264
1052432
1052472
1052513
1052554
1052594
1052660
1052700
1052741
1052782
1052823
1052864
1052905
1052946
1052987
1053028
1053068
1053107
1053148
1053188
1053255
1053296
1053337
1053378
1053417
1053485
1053504
1053651
1053668
1053709
1053750
1053791
1053831
1053849
1053958
1053977
1054017
1054152
1054171
1054190
1054209
1054393
1054413
1054625
1054644
1054730
1054748
1054767
1056031
1056136
1056154
1056173
1056192
1056350
1056390
1056430
1056471
1056511
1056551
1056569
1056739
1056758
1056780
1056799
1056820
1056841
1056858
1057015
1057032
1057051
1057260
1057281
1057322
1057363
1057404
1057445
1057485
1057525
1057566
1057607
1057647
1057688
1057728
1057769
1057810
1057851
1057891
1057930
1057971
1058011
1058052
1058093
1058133
1058174
1058214
1058254
1058295
1058334
1058375
1058416
1058456
1058496
1058537
1058578
1058619
1058660
1058701
1058741
1058782
1058823
1058864
1058905
1058945
1058986
1059026
1059066
1059107
1059148
1059189
1059230
1059271
1059311
1059352
1059393
1059434
1059474
1059515
1059555
1059595
1059636
1059677
1059718
1059759
1059798
1059839
1059879
1059898
1059919
1059938
1059957
1060088
1060106
1060125
1060144
1060166
1060185
1060342
1060361
1060380
1060567
1060586
1060611
1060652
1060720
1060788
1060855
1061001
1061021
1061040
1061249
1061268
1061288
1061304
1061325
1061343
1061358
1061374
1061393
1062721
1062800
1062820
1062837
1062858
1062877
1063036
1063055
1063074
1063231
1063250
1063269
1063310
1063351
1063391
1063432
1063473
1063514
1063552
1063592
1063633
1063674
1063714
1063754
1063795
1063834
1063874
1063915
1063956
1063996
1064037
1064077
1064118
1064159
1064200
1064240
1064281
1064322
1064361
1064402
1064443
1064460
1064479
1064623
1064642
1064661
1064679
1064800
1064819
1064838
1064969
1064986
1065008
1065048
1065066
1065085
1065256
1065427
1065466
1065507
1065548
1065588
1065629
1065669
1065710
1065751
1065791
1065832
1065873
1065913
1065954
1065993
1066034
1066073
1066113
1066153
1066193
1066234
1066275
1066448
1066467
1066489
1066686
1066705
1066724
1066760
1066791
1066805
1066820
1066857
1066872
1066889
1066989
1067027
1067076
1067200
1067215
1067251
1067277
1068252
1068281
1068312
1068371
1068696
1068711
1083096
1084280
1084409
1084429
1084448
1084592
1084787
1084806
1084826
1084845
1085029
1085048
1085209
1085228
1085387
1085406
1085427
1085610
1085631
1085650
1085811
1085830
1085847
1085868
1085890
1086047
1086066
1086083
1086101
1086286
1086305
1086324
1086340
1086359
1086408
1087948
1088068
1088087
1088247
1088269
1088288
1088498
1088514
1088531
1088548
1088567
1088608
1088648
1088689
1088729
1088770
1088811
1088997
1089017
1089035
1089169
1089188
1089207
1089226
1089409
1089430
1089479
1089625
1089644
1089813
1089834
1089854
1089874
1089895
1090107
1090128
1090159
1090307
1090326
1090345
1090391
1090410
1091688
1091806
1091825
1091842
1091860
1091882
1091901
1091941
1091981
1092022
1092221
1092242
1092261
1092313
1092334
1092543
1092562
1092579
1092701
1092720
1092930
1092951
1092971
1092993
1093011
1093030
1093227
1093248
1093268
1093286
1093311
1093330
1093349
1093532
1093550
1093575
1093594
1093613
1093745
1093765
1093786
1093807
1093826
1094011
1094030
1094049
1094194
1094214
1094234
1094290
1094309
1095463
1095558
1095577
1095596
1095615
1095633
1095651
1095669
1095690
1095708
1095867
1095896
1096067
1096086
1096105
1096126
1096146
1096164
1096183
1096304
1096326
1096346
1096544
1096561
1096580
1096727
1096746
1096765
1096910
1096929
1096948
1096970
1097115
1097246
1097286
1097327
1097367
1097406
1097447
1097487
1097528
1097569
1097610
1097651
1097692
1097733
1097773
1097814
1097855
1097896
1097936
1097977
1098017
1098058
1098099
1098138
1098178
1098217
1098258
1098299
1098340
1098381
1098420
1098461
1098501
1098542
1098582
1098623
1098663
1098703
1098743
1098784
1098824
1098865
1098906
1098947
1098987
1099028
1099069
1099110
1099151
1099192
1099232
1099272
1099313
1099354
1099373
1099390
1099409
1099542
1099560
1099579
1099597
1099653
1099671
1099690
1101133
1101201
1101220
1101239
1101386
1101404
1101539
1101560
1101758
1101798
1101838
1101877
1101917
1101957
1101997
1102035
1102073
1102114
1102153
1102192
1102232
1102271
1102312
1102353
1102394
1102433
1102472
1102512
1102551
1102590
1102630
1102669
1102709
1102749
1102789
1102829
1102869
1102909
1102949
1102989
1103029
1103069
1103108
1103147
1103186
1103225
1103264
1103303
1103342
1103381
1103420
1103459
1103498
1103537
1103576
1103594
1103613
1103773
1103792
1103811
1104010
1104027
1104049
1104089
1104223
1104248
1104268
1104286
1104481
1104502
1104521
1104539
1104659
1104680
1104801
1104820
1104842
1104860
1104878
1104914
1104933
1106049
1106144
1106161
1106191
1107133
1107152
1107309
1107328
1107347
1107494
1107513
1107534
1107754
1107781
1107800
1107838
1107857
1107876
1108032
1108051
1108072
1108091
1108247
1108266
1108284
1108302
1108472
1108491
1108510
1108644
1108665
1108686
1108707
1108729
1108748
1108920
1108938
1108957
1108976
1108994
1109040
1109071
1110817
1110900
1110918
1110937
1110956
1110975
1110994
1111142
1111171
1111190
1111338
1111360
1111379
1111398
1111417
1111614
1111632
1111651
1111670
1111691
1111912
1111933
1111950
1111991
1112031
1112072
1112113
1112151
1112192
1112233
1112273
1112313
1112354
1112394
1112434
1112475
1112515
1112554
1112593
1112634
1112675
1112716
1112757
1112798
1112839
1112880
1112919
1112960
1113000
1113039
1113080
1113121
1113162
1113203
1113242
1113281
1113321
1113361
1113401
1113441
1113479
1113520
1113559
1113720
1113879
1113898
1114005
1114154
1114173
1114481
1114640
1114658
1114699
1114869
1114890
1114931
1114950
1114969
1114987
1115010
1115046
1115065
1116721
1116816
1116834
1116853
1116872
1116891
1116910
1116932
1117065
1117083
1117102
1117121
1117140
1117348
1117367
1117387
1117407
1117428
1117447
1117465
1117648
1117667
1117801
1117820
1117838
1117860
1118007
1118026
1118043
1118062
1118082
1118101
1118120
1118304
1118323
1118358
1118376
1118417
1118457
1118497
1118537
1118577
1118618
1118659
1118700
1118741
1118782
1118823
1118864
1118904
1118945
1118985
1119026
1119067
1119107
1119148
1119188
1119229
1119270
1119308
1119348
1119388
1119428
1119468
1119509
1119548
1119589
1119628
1119668
1119709
1119749
1119788
1119829
1119869
1119910
1119951
1119992
1120033
1120074
1120115
1120269
1120290
1120331
1120372
1120412
1120453
1120493
1120534
1120575
1120616
1120656
1120697
1120738
1120778
1120819
1120860
1120901
1120942
1120983
1121023
1121063
1121082
1121288
1121306
1121324
1121431
1121449
1121464
1121483
1123395
1123526
1123545
1123566
1123587
1123606
1123625
1123657
1123674
1123858
1123877
1123896
1123915
1124060
1124079
1124098
1124218
1124237
1124259
1124276
1124395
1124413
1124432
1124451
1124611
1124654
1124673
1124692
1124876
1124895
1124914
1125047
1125068
1125088
1125260
1125279
1125349
1125368
1125585
1125605
1125652
1125671
1127011
1127106
1127130
1127171
1127212
1127253
1127294
1127335
1127376
1127416
1127483
1127523
1127563
1127603
1127643
1127684
1127724
1127764
1127782
1127965
1127984
1128001
1128020
1128040
1128059
1128078
1128099
1128231
1128250
1128274
1128292
1128310
1128328
1128498
1128681
1128698
1128716
1128911
1128930
1128971
1129012
1129052
1129092
1129113
1129272
1129291
1129537
1129556
1129577
1129597
1129742
1129761
1129780
1129799
1129818
1129860
1130020
1130042
1130063
1130089
1130120
1130136
1130163
1130200
1130220
1130254
1130272
1130290
1130327
1130369
1130408
1130472
1130527
1130544
1150450
1151188
1151304
1151323
1151343
1151384
1151424
1151464
1151505
1151544
1151584
1151625
1151665
1151706
1151746
1151787
1151816
1151975
1152236
1152254
1152462
1152480
1152499
1152518
1153210
1153231
1153248
1153268
1153287
1153472
1153490
1153509
1153527
1153724
1153753
1153911
1153930
1153949
1154136
1154158
1154329
1154346
1154364
1154384
1154405
1154426
1154444
1154470
1154489
1154529
1156271
1156380
1156397
1156415
1156434
1156458
1156479
1156677
1156696
1156714
1156734
1156756
1156927
1156946
1156964
1157109
1157128
1157147
1157165
1157360
1157377
1157397
1157416
1157435
1157453
1157471
1157490
1157675
1157694
1157712
1157730
1157749
1157769
1157788
1157807
1157979
1157998
1158017
1158188
1158205
1158223
1158241
1158261
1158280
1158452
1158471
1158496
1158515
1158650
1158676
1158695
1160041
1160137
1160155
1160196
1160218
1160452
1160471
1160489
1160508
1160527
1160684
1160711
1160730
1160749
1160766
1160937
1160955
1161192
1161214
1161233
1161256
1161275
1161294
1161313
1161484
1161502
1161521
1161694
1161713
1161731
1161749
1161768
1161787
1162005
1162033
1162053
1162072
1162093
1162112
1162259
1162278
1162297
1162316
1162335
1162353
1162372
1162390
1162409
1162581
1162600
1162676
1162695
1164081
1164213
1164233
1164380
1164399
1164416
1164435
1164453
1164476
1164648
1164666
1164688
1164872
1164889
1165037
1165055
1165076
1165094
1165253
1165270
1165289
1165398
1165419
1165441
1165460
1165479
1165600
1165619
1165780
1165797
1165816
1165835
1165852
1166024
1166060
1166078
1166095
1166114
1166160
1166179
1167564
1167670
1167689
1167872
1167891
1167908
1167929
1168116
1168157
1168177
1168197
1168443
1168466
1168627
1168644
1168665
1168735
1168753
1168900
1168922
1168941
1169099
1169140
1169180
1169221
1169445
1169463
1169597
1169615
1169632
1169653
1169675
1169831
1169849
1169868
1169898
1169917
1169937
1169955
1170001
1170020
1171151
1171247
1171276
1171295
1171465
1171484
1171503
1171623
1171642
1171661
1171819
1171954
1171973
1172182
1172201
1172219
1172405
1172553
1172571
1172593
1172618
1172637
1172808
1172827
1172842
1172861
1172880
1172899
1172916
1172936
1173146
1173163
1173195
1173212
1173230
1173261
1174380
1174476
1174494
1174511
1174530
1174549
1174571
1174719
1174740
1174759
1174780
1174799
1174819
1174950
1174969
1174988
1175097
1175122
1175140
1175161
1175356
1175376
1175559
1175576
1175748
1175767
1175966
1175985
1176005
1176026
1176160
1176179
1176198
1176404
1176423
1176442
1176463
1176499
1176518
1177993
1178089
1178109
1178130
1178149
1178332
1178351
1178499
1178518
1178537
1178554
1178572
1178594
1178764
1178783
1178802
1178821
1178838
1178945
1178964
1178984
1179003
1179252
1179386
1179404
1179423
1179442
1179612
1179821
1179840
1180039
1180060
1180079
1180095
1180114
1181318
1181425
1181444
1181602
1181624
1181643
1181885
1181904
1181923
1181942
1182089
1182106
1182276
1182422
1182444
1182463
1182482
1182712
1182732
1182751
1182770
1182795
1182917
1182936
1182955
1183164
1183183
1183201
1183220
1183261
1183302
1183343
1183384
1183424
1183464
1183505
1183545
1183586
1183627
1183668
1183709
1183750
1183791
1183831
1183863
1183880
1184014
1184050
1184069
1184085
1185410
1185537
1185554
1185573
1185591
1185758
1185777
1185897
1185915
1186061
1186080
1186102
1186121
1186280
1186299
1186317
1186413
1186433
1186452
1186621
1186640
1186814
1186836
1186855
1186874
1187059
1187078
1187118
1187158
1187198
1187238
1187279
1187319
1187360
1187399
1187439
1187479
1187519
1187560
1187601
1187642
1187683
1187723
1187763
1187803
1187844
1187884
1187925
1187966
1188007
1188048
1188089
1188129
1188169
1188209
1188250
1188290
1188330
1188370
1188411
1188451
1188491
1188532
1188573
1188613
1188654
1188694
1188735
1188776
1188817
1188856
1188897
1188937
1188977
1189018
1189059
1189100
1189140
1189180
1189220
1189261
1189302
1189342
1189382
1189422
1189463
1189504
1189544
1189585
1189624
1189665
1189706
1189747
1189788
1189828
1189867
1189907
1189948
1189989
1190030
1190070
1190110
1190151
1190191
1190231
1190271
1190311
1190352
1190392
1190432
1190473
1190514
1190555
1190596
1190636
1190677
1190717
1190756
1190795
1190836
1190876
1190917
1190958
1190998
1191037
1191076
1191116
1191157
1191197
1191237
1191277
1191317
1191358
1191399
1191439
1191479
1191519
1191559
1191719
1191740
1191761
1191780
1191816
1191847
1191876
1191911
1191928
1191946
1191970
1192106
1192120
1192150
1216674
1217773
1217950
1217967
1217988
1218007
1218026
1218045
1218064
1218083
1218102
1218121
1218162
1218202
1218242
1218283
1218324
1218364
1218405
1218444
1218485
1218526
1218567
1218608
1218648
1218688
1218728
1218769
1218810
1218850
1218891
1218931
1218970
1218989
1219811
1219945
1219964
1220019
1220114
1220134
1220174
1220214
1220255
1220296
1220337
1220378
1220417
1220458
1220498
1220539
1220579
1220618
1220658
1220696
1220736
1220776
1220795
1220965
1220986
1221005
1221176
1221398
1221420
1221445
1221577
1221600
1221619
1221803
1221821
1221840
1222000
1222018
1222039
1222061
1222080
1222175
1222197
1222215
1222236
1222255
1222276
1222312
1222331
1222360
1223811
1223931
1223951
1223970
1223988
1224007
1224176
1224193
1224211
1224437
1224584
1224602
1224623
1224644
1224665
1224685
1224706
1224879
1224894
1224912
1224931
1224948
1224967
1224984
1225001
1225146
1225165
1225182
1225201
1225218
1225339
1225357
1225376
1225395
1225582
1225601
1225630
1225648
1225689
1225923
1225945
1225966
1225985
1226184
1226202
1226223
1226242
1226263
1226304
1226448
1226467
1226486
1226502
1226521
1227772
1227903
1227944
1227985
1228025
1228066
1228105
1228145
1228185
1228225
1228265
1228305
1228345
1228385
1228425
1228466
1228507
1228548
1228588
1228629
1228670
1228711
1228752
1228793
1228834
1228875
1228915
1228956
1228997
1229038
1229079
1229120
1229161
1229201
1229242
1229283
1229323
1229363
1229403
1229444
1229485
1229524
1229565
1229605
1229646
1229687
1229706
1229877
1229898
1229938
1230202
1230225
1230246
1230368
1230387
1230406
1230424
1230443
1230507
1230573
1230614
1230747
1230768
1230788
1230809
1230830
1230851
1231008
1231029
1231203
1231230
1231373
1231392
1231409
1231619
1231646
1231675
1231693
1231713
1231734
1231880
1231897
1231918
1231934
1231953
1233518
1233635
1233652
1233670
1233688
1233706
1233727
1233911
1233930
1233948
1233967
1233986
1234133
1234152
1234170
1234192
1234585
1234604
1234696
1234846
1234864
1234883
1234900
1235132
1235151
1235170
1235191
1235232
1235272
1235312
1235351
1235391
1235431
1235471
1235512
1235553
1235594
1235635
1235676
1235717
1235756
1235797
1235838
1235878
1235918
1235957
1235998
1236017
1236036
1236061
1236245
1236262
1236281
1236299
1236319
1236337
1236358
1236519
1236537
1236731
1236756
1236806
1236847
1236888
1236927
1236968
1237008
1237048
1237089
1237130
1237169
1237208
1237249
1237289
1237330
1237370
1237411
1237450
1237491
1237532
1237572
1237613
1237654
1237695
1237736
1237777
1237818
1237858
1237899
1237939
1237979
1238020
1238059
1238100
1238141
1238182
1238223
1238263
1238303
1238343
1238383
1238424
1238465
1238506
1238547
1238588
1238628
1238669
1238709
1238749
1238790
1238831
1238872
1238912
1238931
1239140
1239161
1239180
1239201
1239221
1239392
1239411
1239437
1239456
1240631
1240740
1240758
1240776
1240796
1241020
1241042
1241082
1241123
1241307
1241326
1241344
1241365
1241383
1241402
1241421
1241671
1241692
1241711
1241880
1241899
1241919
1241939
1241961
1242133
1242152
1242172
1242359
1242376
1242394
1242413
1242585
1242604
1242621
1242639
1242774
1242792
1242811
1242997
1243016
1243035
1243053
1243074
1243093
1243159
1243178
1244443
1244552
1244573
1244592
1244611
1244810
1244829
1244847
1244868
1245054
1245073
1245258
1245280
1245298
1245496
1245514
1245535
1245693
1245711
1245730
1245749
1245959
1245998
1246039
1246079
1246120
1246161
1246202
1246242
1246282
1246322
1246362
1246403
1246442
1246482
1246522
1246563
1246604
1246645
1246685
1246726
1246766
1246806
1246846
1246886
1246926
1246966
1247006
1247045
1247086
1247127
1247167
1247207
1247247
1247287
1247328
1247367
1247407
1247447
1247486
1247527
1247568
1247609
1247649
1247690
1247730
1247799
1247838
1247877
1247918
1247958
1247997
1248038
1248078
1248118
1248159
1248199
1248239
1248280
1248321
1248361
1248401
1248442
1248482
1248521
1248562
1248602
1248643
1248663
1248685
1248704
1248723
1248742
1248783
1248824
1248865
1248906
1248946
1248987
1249027
1249068
1249136
1249177
1249218
1249259
1249394
1249415
1249434
1249575
1249667
1249879
1250074
1250093
1250112
1250138
1250169
1251305
1251414
1251433
1251463
1251672
1251712
1251732
1251753
1251773
1251932
1251950
1251971
1251988
1252121
1252140
1252158
1252379
1252419
1252459
1252500
1252519
1252814
1252833
1252855
1252876
1252895
1252914
1252938
1252971
1253184
1253296
1253315
1253334
1253555
1253576
1253594
1253611
1253629
1253837
1253856
1253875
1253897
1253916
1254136
1254177
1254217
1254256
1254297
1254338
1254378
1254418
1254459
1254500
1254541
1254580
1254620
1254659
1254698
1254738
1254779
1254819
1254858
1254898
1254939
1254980
1255021
1255062
1255103
1255144
1255184
1255224
1255263
1255304
1255344
1255384
1255423
1255463
1255503
1255544
1255584
1255624
1255664
1255704
1255745
1255785
1255826
1255867
1255907
1255944
1255985
1256025
1256066
1256105
1256146
1256185
1256226
1256267
1256307
1256347
1256388
1256428
1256468
1256509
1256548
1256589
1256629
1256669
1256709
1256748
1256788
1256829
1256869
1256909
1256950
1256990
1257031
1257072
1257113
1257152
1257191
1257232
1257272
1257312
1257352
1257393
1257434
1257475
1257516
1257557
1257598
1257639
1257680
1257721
1257761
1257802
1257843
1257884
1257923
1257964
1258005
1258042
1258080
1258120
1258159
1258199
1258239
1258279
1258320
1258360
1258401
1258441
1258481
1258522
1258561
1258602
1258642
1258682
1258719
1258760
1258800
1258839
1258880
1258921
1258962
1259002
1259042
1259083
1259122
1259163
1259203
1259244
1259284
1259324
1259364
1259405
1259442
1259481
1259519
1259560
1259601
1259641
1259680
1259720
1259761
1259802
1259843
1259881
1259922
1259962
1260002
1260042
1260083
1260124
1260165
1260206
1260245
1260286
1260327
1260367
1260408
1260447
1260488
1260528
1260567
1260606
1260647
1260688
1260729
1260770
1260811
1260848
1260889
1260929
1260969
1261009
1261050
1261091
1261131
1261172
1261213
1261253
1261294
1261335
1261375
1261413
1261452
1261492
1261532
1261573
1261614
1261653
1261694
1261733
1261774
1261815
1261854
1261895
1261936
1261976
1262017
1262058
1262098
1262139
1262179
1262218
1262258
1262299
1262340
1262381
1262422
1262462
1262503
1262543
1262583
1262624
1262664
1262703
1262743
1262783
1262823
1262863
1262904
1262944
1262985
1263023
1263063
1263104
1263144
1263184
1263224
1263265
1263305
1263345
1263385
1263425
1263465
1263505
1263544
1263583
1263623
1263663
1263703
1263743
1263781
1263821
1263862
1263902
1263943
1263984
1264024
1264064
1264105
1264146
1264187
1264228
1264269
1264309
1264350
1264390
1264431
1264472
1264513
1264554
1264594
1264633
1264674
1264713
1264753
1264794
1264835
1264874
1264913
1264953
1264994
1265034
1265075
1265115
1265156
1265196
1265234
1265274
1265314
1265355
1265395
1265436
1265477
1265518
1265559
1265600
1265641
1265681
1265722
1265763
1265803
1265842
1265881
1265921
1265961
1266001
1266040
1266080
1266120
1266160
1266200
1266241
1266282
1266322
1266362
1266402
1266443
1266483
1266524
1266565
1266606
1266647
1266688
1266728
1266768
1266809
1266849
1266889
1266929
1266970
1267009
1267050
1267090
1267131
1267171
1267210
1267250
1267291
1267329
1267370
1267411
1267452
1267492
1267532
1267572
1267612
1267653
1267694
1267734
1267774
1267814
1267855
1267895
1267936
1267977
1268017
1268055
1268096
1268137
1268178
1268219
1268260
1268301
1268341
1268382
1268421
1268462
1268502
1268543
1268584
1268625
1268666
1268706
1268747
1268788
1268828
1268868
1268909
1268949
1268989
1269030
1269070
1269111
1269151
1269192
1269233
1269273
1269313
1269353
1269394
1269435
1269474
1269514
1269553
1269593
1269633
1269674
1269715
1269755
1269796
1269832
1269872
1269913
1269952
1269992
1270033
1270074
1270115
1270155
1270195
1270236
1270277
1270317
1270358
1270399
1270439
1270480
1270519
1270560
1270600
1270641
1270682
1270723
1270764
1270803
1270844
1270885
1270926
1270967
1271007
1271047
1271087
1271128
1271169
1271209
1271250
1271291
1271332
1271372
1271413
1271454
1271493
1271532
1271573
1271614
1271654
1271695
1271735
1271776
1271817
1271858
1271899
1271940
1271980
1272021
1272062
1272103
1272143
1272184
1272224
1272265
1272305
1272345
1272386
1272427
1272468
1272508
1272548
1272588
1272627
1272668
1272709
1272750
1272791
1272832
1272873
1272914
1272954
1272995
1273035
1273074
1273115
1273156
1273197
1273238
1273279
1273318
1273359
1273400
1273441
1273482
1273522
1273563
1273604
1273645
1273686
1273727
1273764
1273804
1273844
1273885
1273926
1273967
1274008
1274048
1274088
1274129
1274170
1274211
1274252
1274292
1274310
1274329
1274348
1275466
1275573
1275592
1275763
1275780
1275798
1275817
1275938
1275955
1275974
1276172
1276192
1276232
1276273
1276312
1276353
1276392
1276432
1276473
1276514
1276555
1276594
1276635
1276673
1276713
1276754
1276794
1276835
1276876
1276917
1276958
1276999
1277039
1277079
1277119
1277159
1277199
1277239
1277279
1277320
1277359
1277399
1277437
1277478
1277518
1277559
1277597
1277635
1277675
1277714
1277753
1277792
1277832
1277872
1277911
1277952
1277992
1278032
1278072
1278112
1278153
1278194
1278235
1278276
1278314
1278355
1278395
1278435
1278476
1278516
1278556
1278597
1278638
1278679
1278719
1278757
1278798
1278839
1278880
1278921
1278962
1279002
1279042
1279083
1279123
1279164
1279205
1279245
1279286
1279327
1279366
1279407
1279447
1279488
1279529
1279569
1279609
1279650
1279691
1279732
1279773
1279814
1279855
1279895
1279936
1279976
1280015
1280056
1280097
1280138
1280179
1280220
1280261
1280301
1280342
1280383
1280422
1280462
1280503
1280543
1280584
1280623
1280664
1280705
1280745
1280786
1280827
1280867
1280907
1280946
1280986
1281027
1281066
1281106
1281147
1281188
1281227
1281267
1281308
1281349
1281389
1281429
1281470
1281511
1281551
1281592
1281633
1281674
1281715
1281755
1281794
1281834
1281875
1281914
1281955
1281996
1282037
1282078
1282118
1282157
1282197
1282238
1282279
1282319
1282360
1282400
1282440
1282480
1282520
1282561
1282602
1282643
1282684
1282724
1282764
1282805
1282845
1282886
1282927
1282968
1283008
1283049
1283090
1283130
1283169
1283208
1283247
1283288
1283329
1283370
1283411
1283452
1283492
1283533
1283574
1283615
1283655
1283694
1283734
1283774
1283814
1283853
1283893
1283934
1283973
1284014
1284055
1284096
1284136
1284177
1284216
1284257
1284296
1284336
1284377
1284418
1284458
1284498
1284539
1284578
1284619
1284659
1284700
1284741
1284781
1284821
1284862
1284902
1284943
1284984
1285024
1285065
1285106
1285147
1285187
1285227
1285268
1285306
1285346
1285386
1285426
1285467
1285507
1285545
1285585
1285625
1285666
1285706
1285747
1285788
1285826
1285866
1285906
1285945
1285986
1286026
1286066
1286106
1286146
1286187
1286348
1286373
1286393
1286616
1286635
1286653
1286672
1286919
1286938
1286957
1286976
1287017
1287058
1287080
1287288
1287313
1287333
1287503
1287658
1287677
1287693
1287712
1287731
1287757
1287776
1287795
1288701
1288808
1288830
1288849
1288868
1289026
1289042
1289061
1289082
1289101
1289122
1289141
1289323
1289344
1289593
1289612
1289631
1289797
1289815
1289835
1289854
1290000
1290019
1290040
1290059
1290078
1290097
1290115
1290287
1290306
1290346
1290507
1290525
1290710
1290732
1290750
1290769
1290788
1290807
1290965
1290983
1291002
1291021
1291057
1291076
1291093
1291112
1293587
1293693
1293711
1293730
1293901
1293920
1293942
1294076
1294096
1294117
1294135
1294154
1294289
1294308
1294348
1294388
1294407
1294568
1294586
1294604
1294622
1294643
1294662
1294940
1294959
1294978
1295164
1295183
1295392
1295411
1295431
1295450
1295645
1295664
1295683
1295702
1295900
1295919
1295938
1295970
1296006
1296037
1296066
1296092
1296118
1296137
1296157
1296178
1296211
1296251
1296300
1296357
1296410
1297415
1297441
1317968
1319616
1319743
1319762
1319784
1319803
1319821
1319839
1319858
1319899
1319918
1319937
1319990
1320211
1320312
1320331
1320349
1320389
1320429
1320470
1320498
1320671
1320690
1320870
1320889
1320908
1320930
1320970
1321011
1321052
1321093
1321134
1321175
1321215
1321256
1321297
1321336
1321377
1321418
1321459
1321500
1321539
1321580
1321620
1321659
1321699
1321740
1321781
1321821
1321862
1321902
1321943
1321984
1322025
1322066
1322107
1322146
1322187
1322228
1322268
1322309
1322349
1322389
1322429
1322469
1322509
1322550
1322590
1322629
1322668
1322709
1322749
1322790
1322830
1322870
1322910
1322950
1322989
1323030
1323071
1323111
1323151
1323192
1323232
1323273
1323314
1323355
1323396
1323437
1323478
1323517
1323558
1323598
1323638
1323678
1323719
1323760
1323800
1323840
1323881
1323922
1323962
1324002
1324042
1324063
1324182
1324222
1324262
1324303
1324323
1324465
1324504
1324545
1324586
1324627
1324668
1324709
1324749
1324790
1324831
1324871
1324912
1324953
1324994
1325034
1325072
1325113
1325154
1325195
1325236
1325304
1325345
1325385
1325426
1325466
1325507
1325547
1325587
1325628
1325669
1325709
1325750
1325790
1325830
1325870
1325911
1325951
1325992
1326138
1326159
1326180
1326199
1326240
1326280
1326320
1326361
1326401
1326442
1326482
1326523
1326564
1326605
1326645
1326685
1326725
1326766
1326807
1326847
1326884
1326923
1326964
1327005
1327046
1327085
1327125
1327165
1327206
1327246
1327285
1327326
1327367
1327406
1327447
1327488
1327529
1327570
1327611
1327652
1327693
1327732
1327772
1327813
1327853
1327893
1327932
1327973
1328013
1328053
1328094
1328134
1328174
1328215
1328256
1328296
1328336
1328375
1328414
1328454
1328691
1328797
1328816
1328834
1328853
1329024
1329043
1329064
1329110
1329129
1330418
1330513
1330553
1330572
1330591
1330609
1330818
1330849
1330868
1330886
1330905
1330927
1330948
1330967
1331087
1331106
1331123
1331144
1331161
1331317
1331336
1331355
1331529
1331546
1331565
1331591
1331610
1331797
1331819
1331838
1331855
1332013
1332032
1332049
1332069
1332087
1332104
1332250
1332268
1332287
1332307
1332328
1332348
1332518
1332666
1332682
1332701
1334561
1334680
1334699
1334906
1334927
1334946
1335156
1335175
1335195
1335216
1335237
1335256
1335453
1335472
1335494
1335548
1335566
1335768
1335787
1335804
1335975
1335994
1336015
1336034
1336059
1336261
1336279
1336298
1336317
1336336
1336355
1336381
1336409
1336430
1336448
1336467
1336485
1336503
1336525
1336545
1336729
1336750
1336769
1336789
1336809
1336840
1337075
1337094
1337112
1337130
1337149
1337167
1337184
1337422
1337441
1337461
1337480
1337505
1337524
1342762
1342881
1342900
1342941
1342958
1342982
1343000
1343025
1343043
1343214
1343233
1343253
1343273
1343468
1343488
1343508
1343656
1343674
1343692
1343710
1343729
1343932
1343951
1343973
1344146
1344262
1344279
1344298
1344318
1344337
1344354
1344375
1344393
1344602
1344621
1344639
1344798
1344819
1344836
1344854
1344963
1344982
1345002
1345028
1345047
1346089
1346198
1346218
1346259
1346300
1346341
1346381
1346398
1346439
1346479
1346519
1346560
1346601
1346641
1346681
1346722
1346762
1346800
1346841
1346881
1346921
1346961
1347001
1347042
1347083
1347124
1347163
1347203
1347244
1347284
1347325
1347366
1347406
1347446
1347487
1347526
1347566
1347607
1347647
1347688
1347729
1347768
1347807
1347846
1347887
1347928
1347969
1348010
1348050
1348090
1348131
1348170
1348210
1348250
1348289
1348327
1348368
1348409
1348450
1348491
1348532
1348572
1348613
1348653
1348694
1348735
1348775
1348815
1348855
1348895
1348936
1348976
1349016
1349057
1349097
1349137
1349177
1349217
1349257
1349297
1349337
1349377
1349417
1349457
1349496
1349535
1349575
1349615
1349655
1349694
1349734
1349774
1349814
1349855
1349896
1349937
1349978
1350017
1350058
1350099
1350138
1350179
1350220
1350259
1350300
1350341
1350380
1350420
1350461
1350500
1350541
1350581
1350622
1350663
1350704
1350744
1350785
1350826
1350867
1350905
1350944
1350985
1351025
1351065
1351106
1351147
1351188
1351229
1351270
1351311
1351351
1351391
1351431
1351471
1351512
1351553
1351590
1351631
1351671
1351711
1351751
1351791
1351830
1351871
1351911
1351950
1351991
1352032
1352072
1352113
1352154
1352193
1352234
1352275
1352315
1352356
1352395
1352435
1352475
1352516
1352557
1352598
1352638
1352679
1352720
1352761
1352802
1352842
1352882
1352922
1352962
1353001
1353042
1353081
1353122
1353161
1353201
1353242
1353281
1353320
1353361
1353401
1353442
1353483
1353524
1353565
1353606
1353646
1353686
1353726
1353766
1353804
1353845
1353884
1353924
1353964
1354004
1354044
1354084
1354124
1354165
1354206
1354246
1354286
1354325
1354364
1354403
1354442
1354482
1354523
1354563
1354603
1354643
1354683
1354723
1354763
1354803
1354844
1354885
1354925
1354965
1355005
1355046
1355086
1355127
1355168
1355208
1355249
1355289
1355329
1355368
1355408
1355448
1355489
1355530
1355570
1355611
1355651
1355691
1355732
1355773
1355814
1355854
1355894
1355934
1355974
1356014
1356054
1356094
1356132
1356172
1356212
1356252
1356292
1356332
1356372
1356413
1356453
1356492
1356533
1356573
1356612
1356652
1356693
1356734
1356774
1356815
1356856
1356896
1356936
1356976
1357017
1357058
1357098
1357139
1357180
1357221
1357261
1357301
1357342
1357382
1357422
1357462
1357502
1357542
1357583
1357624
1357664
1357704
1357744
1357783
1357822
1357863
1357904
1357943
1357984
1358023
1358064
1358103
1358142
1358183
1358223
1358264
1358305
1358346
1358387
1358428
1358468
1358509
1358548
1358589
1358630
1358671
1358712
1358752
1358791
1358832
1358872
1358913
1358954
1358995
1359032
1359072
1359113
1359154
1359195
1359235
1359276
1359316
1359357
1359397
1359437
1359504
1359544
1359584
1359625
1359666
1359707
1359747
1359788
1359829
1359870
1359910
1359951
1359991
1360032
1360072
1360112
1360152
1360192
1360233
1360273
1360313
1360354
1360395
1360436
1360477
1360517
1360558
1360597
1360637
1360677
1360717
1360758
1360799
1360839
1360879
1360919
1360959
1360999
1361039
1361079
1361119
1361184
1361363
1361380
1361399
1361559
1361578
1361596
1361618
1361639
1361797
1361816
1361833
1362107
1362126
1362144
1362163
1362361
1362521
1362543
1362562
1362684
1362703
1362722
1362908
1362927
1362949
1362970
1363220
1363242
1363260
1363279
1363298
1363317
1363336
1365157
1365263
1365303
1365342
1365382
1365422
1365441
1365461
1365641
1365660
1365681
1365840
1365881
1365922
1365963
1366004
1366045
1366086
1366126
1366167
1366207
1366247
1366288
1366329
1366370
1366411
1366451
1366492
1366531
1366572
1366613
1366654
1366695
1366736
1366755
1366774
1366927
1366968
1366987
1367254
1367273
1367304
1367322
1367341
1367376
1367410
1367443
1367575
1367594
1367619
1367636
1367654
1367673
1367692
1367724
1367741
1367887
1367906
1367924
1367942
1367969
1368151
1368168
1368187
1368209
1368226
1368399
1368418
1368435
1368454
1368475
1368647
1368685
1368725
1368763
1368804
1368843
1368884
1368924
1368964
1369004
1369045
1369086
1369127
1369168
1369194
1369225
1370452
1370595
1370635
1370675
1370715
1370755
1370794
1370833
1370873
1370914
1370954
1370994
1371035
1371076
1371117
1371157
1371197
1371238
1371278
1371317
1371357
1371398
1371438
1371478
1371519
1371537
1371556
1371578
1371726
1371745
1371854
1371873
1372096
1372115
1372134
1372152
1372171
1372355
1372373
1372391
1372409
1372427
1372626
1372645
1372664
1372704
1372744
1372785
1372825
1372866
1373072
1373089
1373108
1373343
1373360
1373401
1373571
1373590
1373612
1373760
1373779
1373798
1373834
1373853
1373872
1375030
1375138
1375398
1375417
1375436
1375455
1375676
1375697
1375718
1375901
1375942
1375982
1376022
1376043
1376267
1376285
1376304
1376514
1376533
1376551
1376571
1376598
1376638
1376679
1376898
1376917
1376942
1376967
1377015
1377199
1377333
1377353
1377370
1377544
1377563
1377584
1377610
1377629
1379409
1379492
1379514
1379725
1379746
1379767
1379786
1379805
1380025
1380044
1380062
1380083
1380101
1380367
1380405
1380423
1380445
1380464
1380482
1380686
1380707
1380724
1380743
1380890
1380909
1380928
1380947
1380967
1380986
1381145
1381186
1381226
1381265
1381306
1381347
1381388
1381427
1381467
1381507
1381546
1381586
1381626
1381666
1381706
1381746
1381787
1381806
1381825
1381998
1382205
1382236
1382256
1382274
1382293
1382312
1382597
1382618
1382654
1382673
1383823
1383930
1383954
1383973
1383992
1384013
1384157
1384193
1384212
1384230
1384252
1384498
1384547
1384566
1384749
1384768
1384787
1384960
1384981
1384999
1385021
1385181
1385200
1385241
1385383
1385402
1385423
1385664
1385681
1385721
1385761
1385801
1385841
1385881
1385921
1385961
1385979
1387862
1387879
1387897
1387916
1387936
1387977
1390542
1390561
1390597
1390628
1390655
1390670
1390746
1390766
1390821
1390837
1390854
1390870
1390886
1390906
1391394
1391412
1391429
1391455
1391812
1391836
1391869
1391884
1391903
1391922
1391950
1391966
1391986
1392003
1392026
1392078
1392113
1392151
1392165
1392185
1392217
1392245
1392294
1392320
1392353
1392372
1392421
1392437
1392453
1392487
1392561
1392602
1392641
1392703
1392737
1392770
1392800
1392866
1392898
1392926
1392960
1392978
1392999
1393029
1393068
1393100
1393130
1393147
1393168
1393192
1393218
1393235
1393275
1393312
1393343
1393358
1393399
1393425
1393441
1393471
1393499
1393520
1393554
1393590
1393660
1393675
1393698
1393725
1393771
1393914
1393963
1394012
1394041
1394069
1394172
1394187
1394204
1394225
1394335
1394356
1394405
1394486
1394550
1394569
1394642
1394743
1394760
1394783
1394800
1394822
1394844
1394862
1394885
1395144
1395171
1395203
1395257
1395306
1395454
1395492
1395518
1395537
1395594
1417355
1417381
1417401
1417416
1417429
1417448
1417498
1417523
1417538
1417556
1417602
1417638
1417663
1417678
1417693
1417745
1417776
1417805
1418072
1418112
1425649
1425663
1425716
1425769
1425789
1425951
1425979
1426021
1426043
1459769
1459785
1459800
1459880
1459965
1460455
1460507
1460562
1460629
1460663
1460678
1460692
1460708
1460725
1460755
1460778
1460802
1460828
1461420
1461488
1465795
1465825
1465844
1465866
1465881
1465907
1465946
1465996
1466012
1466068
1466089
1466107
1502500
1502537
1502633
1502675
1502692
1502706
1502741
1502775
1502792
1502823
1502841
1502952
1502976
1503024
1503038
1503053
1503071
1503086
1503109
