증가 25899,21508|27798,28770|36663,529|36663,10201|38917,7713|42032,5135|43111,23821|45326,4972
증가된다 25899,22097
증가등의 45997,25864
증가량이 45326,5248|45326,5354|45326,5442
증가를 45326,7217|45326,7291
증가시키는 28259,4869
증가판정 45326,8273|45326,8344|45326,8421|45326,8491
증가판정이100 45326,8675
증가하고 27798,29417
증가한다 25899,21733|25899,22144|28259,4659|36663,8195|42032,3317|42032,3382|42032,4984|42032,5148|42032,5178|42032,5216|45326,5773|45326,6807|45326,6858|45326,7588|45326,7644|45326,7721|45326,7890|45326,7947|45326,8296|45326,8372|45326,9700|45326,9739|45326,9778
증가합니다 42032,547
증강제 21033,329|21033,358|21033,386|21033,472|21033,560|29127,1823|29127,4136|38917,1778|39826,1682|39826,2712|39826,6192|45794,6738
증거 51013,12810|51013,12888|51013,12967|51013,13875|51013,14194|51013,14683|51013,14763|51013,14841|51013,14915|51013,14988|51013,15058|51013,15368|51013,15430|51013,15515|51013,15597|51013,15690|51013,15760|51013,15854|51013,15907|51013,15984|51013,16081|51013,16178|51013,16262|51013,16386|51013,16537
증거다 51013,14072|51013,14152|51013,14307|51013,14377
증거이기도 51013,13482
증명으로 51013,13300
증축 33013,1307|33013,1343|33013,1414|33013,1453
증탄의피어스 23733,13495
증탄의피어스를 31242,3509
증표 51013,13036|51013,13120|51013,13198|51013,13268|51013,13345|51013,13447|51013,13525|51013,13606|51013,13679|51013,13762|51013,13841|51013,14496|51013,15149|51013,15224|51013,15296|51013,15951|51013,16706
증표이다 51013,13956
