플러스 33645,32172|45326,2833
플레어 43111,6430
플레이 24789,40340|31242,491|36663,10861|37097,32368|43111,20870|51013,12092
플레이라면 25899,23116
플레이를 36663,14448|36663,15325
플레이시 49792,27088
플레이시는 25899,23403
플레이어 36663,13246|45997,25844
플레이어가 36663,6627|36663,9229
플레이어나 45326,9090|45326,9160
플레이어를 36663,2305
플레이어에게 36663,4325|36663,10707
플레이어와 36663,6486|36663,6568|36663,6680|36663,6763|36663,10595
플레이어의 36663,9756|43111,25227
플레이에서 45997,25522
플레이의 36663,1252
플레이인데도 25899,23345
플미넌트 21815,5032
플미넌트블레이드 21815,4839
플미넌트소드 21815,4616
