리더 25030,8483|51013,5371
리더로부터 42032,7686
리더의 42032,517
리로드 23733,1357|23733,7054|23733,8329|23733,12119|23733,12483|23733,14652|23733,19948|23733,22783|23733,22942|23733,25822|23733,32528|23733,33211|23733,33748|23733,33925|23733,35363|23733,36685|24789,194|24789,4524|24789,7185|24789,10443|24789,14871|24789,16719|24789,21731|24789,27319|24789,32451|24789,39593|24789,39619|24789,39695|25899,21022|25899,21045|26754,1277|26754,6344|26754,10253|26754,10625|26754,12400|26754,14566|26754,17351|26754,19810|26754,19968|26754,22718|26754,28798|26754,29414|26754,29897|26754,30089|26754,32772|26774,1311|26774,6694|26774,10336|26774,10711|26774,12522|26774,14522|26774,17429|26774,19939|26774,20098|26774,22744|26774,28791|26774,29409|26774,29901|26774,30080|26774,31453|26774,32681|28259,5296|28259,5393|28259,5411|28259,5463|28259,5479|28259,5634|28259,5800|28259,5825|28259,5892|28259,6241|33119,1289|33119,6722|33119,10275|33119,10811|33119,12675|33119,14574|33119,17461|33119,20009|33119,20170|33119,22842|33119,28953|33119,29624|33119,30112|33119,30286|33119,31731|33119,32911|37097,201|37097,2614|37097,5066|37097,7809|37097,11135|37097,12719|37097,16057|37097,20297|37097,25449|37097,31563|37097,31599|37097,31679|37097,32430|43111,19903|43111,20255|43111,20751|45326,3395|45794,2691|45794,2742|45794,2990|45794,3073|45794,3136|45794,3191|45794,3254|45794,3308|45794,3371|45794,3422|45794,4136|45794,4219|47038,1379|47038,6336|47038,9641|47038,10187|47038,12117|47038,14090|47038,17011|47038,19495|47038,19650|47038,22262|47038,28325|47038,28970|47038,29511|47038,29698|47038,31028|47038,32190
리로드가 45326,3805
리로드값 28259,5451|28259,5905
리로드속도 45326,3402|45326,3452|45326,3501|45326,3551|45326,3602|45326,3656|45766,634|45766,655|45766,3177|45766,4253|45766,5228|45766,6111|45766,7550|45766,8713|45766,8800|45766,9839|45766,12733|45766,13064|45766,13267|45766,13354|45766,14152|45766,14699
리로드속도값 28259,5499|28259,5516
리로드속도의 45326,3410|45326,3460|45326,3509|45326,3560|45326,3611|45326,3665
리로드시에 25899,19931
리로드치 28259,77|28259,782|28259,1249|28259,1881|28259,2589|28259,3096|28259,3776|28259,4131|28259,4928
리로드표시 28259,5646|28259,5656|28259,5666
리로드표시가 28259,6291|28259,6350
리로드한 45326,3725
리로드할수 28259,6331
리로드해 25899,23199
리바티켓 26774,9451
리벨루비 36760,2918|36760,3258|36760,6069|36993,4670
리벳클럽 27798,13802|33645,10001
리스크가 27798,29971
리스크도 43111,26056
리스트가 21033,6934
리스트를 51013,11931
리스트의 51013,16396
리오레우스 31242,2122|31242,2155|36663,7351|36663,8076|36993,1084|38161,2225|38161,2296|38161,2443|38917,19809|38917,20310|38917,20561|43111,24359|45326,1895|51013,1512|51013,2544|51013,3765|51013,4659|51013,5750|51013,6802|51013,16963|51013,16969|51013,16978
리오레우스1마리 31242,2219
리오레이아 31242,4166|31242,4199|31242,4234|36663,7339|36993,1095|38161,1766|38161,1888|38161,2067|38917,19162|38917,19492|38917,19662|45326,1888|51013,1300|51013,2348|51013,3418|51013,4487|51013,5577|51013,6624|51013,16938|51013,16944|51013,16953
리오레이아등 38917,12334
리오소올 39470,4729|45766,4728
리오소올u 39470,10465|45766,10505
리오소올u가드 26774,24555
리오소올u그리브 33119,24598
리오소올u레깅스 33119,24687
리오소올u레지스트 26754,24603
리오소올u메일 26754,24515
리오소올u암 26774,24447
리오소올u캡 23733,27812
리오소올u코일 47038,24061
리오소올u코트 47038,24149
리오소올u헬름 23733,27701
리오소올z 39470,14947|45766,14976
리오소올z가드 26774,33223
리오소올z그리브 33119,33367
리오소올z레깅스 33119,33472
리오소올z레지스트 26754,33308
리오소올z메일 26754,33237
리오소올z암 26774,33128
리오소올z캡 23733,37372
리오소올z코일 47038,32698
리오소올z코트 47038,32809
리오소올z헬름 23733,37255
리오소올가드 26774,11423
리오소올그리브 33119,11441
리오소올레깅스 33119,11557
리오소올레지스트 26754,11311
리오소올메일 26754,11242
리오소올암 26774,11322
리오소올캡 23733,13329
리오소올코일 47038,10843
리오소올코트 47038,10956
리오소올헬름 23733,13209
리오코인 23733,23483|24789,17791|26754,7172|26754,23894|27445,33965|31242,2188|31242,4263|31242,4272|33119,23799|33645,20969|38917,28703|39826,2741|39826,4092|39826,6561|39826,8256
리오하트 39470,4648|45766,4649
리오하트u 39470,10387|45766,10436
리오하트u가드 26774,24381
리오하트u그리브 33119,24458
리오하트u레깅스 33119,24530
리오하트u레지스트 26754,24442
리오하트u메일 26754,24371
리오하트u암 26774,24311
리오하트u캡 23733,27633
리오하트u코일 47038,23924
리오하트u코트 47038,23995
리오하트u헬름 23733,27517
리오하트z 39470,14874|45766,14903
리오하트z가드 26774,33086
리오하트z그리브 33119,33227
리오하트z레깅스 33119,33324
리오하트z레지스트 26754,33175
리오하트z메일 26754,33094
리오하트z암 26774,32994
리오하트z캡 23733,37194
리오하트z코일 47038,32547
리오하트z코트 47038,32639
리오하트z헬름 23733,37086
리오하트가드 26774,11258
리오하트그리브 33119,11303
리오하트레깅스 33119,11373
리오하트레지스트 26754,11177
리오하트메일 26754,11108
리오하트암 26774,11190
리오하트캡 23733,13143
리오하트코일 47038,10668
리오하트코트 47038,10779
리오하트헬름 23733,13026
리치가 33645,32675|43111,22416|45997,26081
리치는 27445,36924|43111,22338
리치에서는 45997,26540
리치의 43111,20966
리타이어 21033,6297|31242,719|31242,809|31242,912|31242,1008|31242,1130|31242,1234|31242,1333|31242,1437|31242,1543|31242,1638
리타이어의 51013,9693|51013,9729
리포트 51013,14009
