토네이도 27798,11434
토리 27445,21500
토마호크 27798,11439
토벌 19406,28120|21815,28124|24789,32410|25030,8383|25899,18012|27445,29210|27798,24370|31242,668|31242,752|31242,859|31242,947|31242,1070|31242,1174|31242,1277|31242,1377|31242,1483|31242,1586|31242,1770|31242,1890|31242,2011|31242,2133|31242,2254|31242,2455|31242,2550|31242,2651|31242,2756|31242,2865|31242,2973|31242,3079|31242,3184|31242,3373|31242,3930|31242,4038|31242,4177|31242,4321|31242,4376|31242,4417|31242,4508|31242,4528|31242,5435|31242,5476|31242,5493|31242,5534|31242,5551|31242,5592|31242,5609|31242,5650|31242,5667|31242,5708|31242,5726|31242,5767|31242,5784|31242,5825|31242,5843|31242,5884|31242,5905|31242,5946|31242,5966|31242,6007|31242,6023|31242,6064|33645,25689|36663,618|36663,6260|36760,9729|37097,25408|38161,6291|38161,7106|38917,29555|39470,92|39470,115|43111,17727|45766,94|45766,117|45997,21990|49792,22724|51013,1540|51013,1846|51013,1872|51013,1898|51013,1924|51013,1947|51013,1968|51013,1992|51013,2016|51013,2039|51013,2063|51013,2082|51013,2105|51013,2129|51013,2155|51013,2572|51013,2885|51013,2908|51013,2936|51013,2962|51013,2984|51013,3006|51013,3028|51013,3054|51013,3079|51013,3103|51013,3123|51013,3146|51013,3167|51013,3190|51013,3597|51013,3947|51013,3972|51013,3999|51013,4027|51013,4050|51013,4073|51013,4096|51013,4121|51013,4147|51013,4172|51013,4193|51013,4216|51013,4237|51013,4262|51013,4687|51013,5003|51013,5027|51013,5050|51013,5073|51013,5099|51013,5125|51013,5147|51013,5169|51013,5191|51013,5216|51013,5240|51013,5265|51013,5285|51013,5308|51013,5329|51013,5352|51013,6103|51013,6129|51013,6155|51013,6180|51013,6201|51013,6225|51013,6250|51013,6275|51013,6300|51013,6322|51013,6345|51013,6366|51013,6389|51013,7161|51013,7187|51013,7213|51013,7235|51013,7256|51013,7278|51013,7302|51013,7326|51013,7351|51013,7371|51013,7394|51013,7415|51013,7438|51013,7463|51013,7486|51013,15451|51013,15534|51013,15614|51013,16570
토벌대정식총창 43111,4719
토벌연습 31242,3925|31242,4033|31242,4172|31242,4316|31242,4412|31242,4523
토벌작전 25030,8900|25030,9194
토벌하는 51013,15838
토벌하라 25030,8562
토벌한 51013,13194|51013,15426|51013,15511|51013,15593|51013,15756
토벌한다 51013,13127|51013,13207
토벌훈련 25030,8306|31242,663|31242,747|31242,854|31242,942|31242,1065|31242,1169|31242,1272|31242,1372|31242,1478|31242,1581|31242,1765|31242,1834|31242,1885|31242,1929|31242,1955|31242,2006|31242,2053|31242,2077|31242,2128|31242,2175|31242,2199|31242,2249|31242,2294|31242,2316|31242,2450|31242,2545|31242,2646|31242,2751|31242,2860|31242,2968|31242,3074|31242,3179|38161,7191
토와모의벳지 31242,3637|51013,15880
토요타마 23733,11337|26754,9568|26774,9665|33119,9554|45766,3921|47038,8970
토요타마진 23733,35094|26754,31403|26774,31175|33119,31541|45766,14040|47038,30839
토요타마패 23733,25206|26754,22124|26774,22170|33119,22275|45766,9586|47038,21720
토지lv3 33013,1652|33013,1742
토지lv과 33013,1681|33013,1771
토지lv１ 33013,1630|33013,1720
토지lv２ 33013,1641|33013,1731
