미강화시 37097,32765
미끼 38917,5258
미끼로서 38917,2322
미나가르데 51013,12383
미나가르데나이트 36993,1998|36993,5183
미니어처크라운 51013,13322
미라 51013,2001
미라데모릿샤 27445,25762
미라드레파논 49792,20608
미라루츠 39470,10850|45766,10924
미라루츠z 39470,15355|45766,15420
미라루츠z레그스 33119,34266
미라루츠z스케일 47038,33619
미라루츠z스킨 26754,34197
미라루츠z스파인 47038,33523
미라루츠z크로우 26774,33977
미라루츠z페이스 23733,38299
미라루츠z풋 33119,34173
미라루츠z피스트 26774,34085
미라루츠z하이드 26754,34086
미라루츠z헤드 23733,38192
미라루츠레그스 33119,25550
미라루츠스케일 47038,25014
미라루츠스킨 26754,25502
미라루츠스파인 47038,24902
미라루츠크로우 26774,25349
미라루츠페이스 23733,28721
미라루츠풋 33119,25439
미라루츠피스트 26774,25460
미라루츠하이드 26754,25391
미라루츠헤드 23733,28612
미라메노스 35316,8917|35316,10139|45997,16489
미라메노스아기카 35316,8973|35316,10150|45997,16728
미라발칸 39470,10771|45766,10843
미라발칸z 39470,15276|45766,15338
미라발칸z레그스 33119,34101
미라발칸z스케일 47038,33451
미라발칸z스킨 26754,34015
미라발칸z스파인 47038,33345
미라발칸z크로우 26774,33785
미라발칸z페이스 23733,38117
미라발칸z풋 33119,33998
미라발칸z피스트 26774,33905
미라발칸z하이드 26754,33895
미라발칸z헤드 23733,37998
미라발칸레그스 33119,25370
미라발칸스케일 47038,24833
미라발칸스킨 26754,25323
미라발칸스파인 47038,24720
미라발칸크로우 26774,25166
미라발칸페이스 23733,28540
미라발칸풋 33119,25258
미라발칸피스트 26774,25280
미라발칸하이드 26754,25210
미라발칸헤드 23733,28427
미라버스터 27445,25599
미라보레아스 29127,5690|38161,8270|38161,8305|38161,8344|38917,26251|38917,26519|43111,24455|51013,2009|51013,2042|51013,2085|51013,3047|51013,3082|51013,3126|51013,4114|51013,4150|51013,4196|51013,5209|51013,5243|51013,5288|51013,6243|51013,6278|51013,6325|51013,7295|51013,7329|51013,7374|51013,7662
미라보레아스를 51013,15418
미라보레아스아종 38917,26778|51013,13962
미라블레이드 21815,22318
미라언세스라이드 35316,6945|35316,10393|45997,16930
미라언세스루인 27445,26111
미라언세스버스터 27445,25930
미라언세스블레이드 21815,22642
미라언세스시아 21815,22817
미라언세스아브로스 35316,6996|35316,10408|45997,17194
미라자게스파논 49792,20782
미라쥬 51013,6088
미라쥬쇼텔 49792,3339
미라쥬쇼텔改 49792,3576
미백버섯 36993,5207|36993,5535
미스테리어스죠 27445,15523
미스트랄 33645,19404
미약한 36663,13012
미자세시에는 45997,25070
미즈하 23733,11240|26754,9487|26774,9585|33119,9454|39470,3912|47038,8890
미즈하진 23733,34988|26754,31329|26774,31058|33119,31431|39470,14008|47038,30716
미즈하패 23733,25098|26754,22041|26774,22088|33119,22173|39470,9580|47038,21611
미친다 43111,22873
미카라이트광석의 51013,14100
