세개뿐입니다 36663,4763
세계를 51013,16727
세계적으로 51013,15321
세레브 51013,12147
세로 25899,21512
세로로 25899,21563
세로베기 21815,34365|33645,31881|49792,26206
세로베기로 21815,35677
세로의 42032,3071
세로찍기 27445,36278|27445,36335|27445,38379
세로찍기는 27445,37065
세바스챤 25030,1397
세부지도 21239,264|21239,557|21239,839|21239,1157|21239,1537|21239,2056|21239,2893|21239,3191|21239,3567|21239,3987|21239,4304|21239,4813|25030,397|25030,1487|25030,2490|25030,3360|25030,4393|25030,5342|25030,6088|25030,6847|25030,7720|36760,339|36760,721|36760,1698|36760,2349|36760,3665|36760,4375|36760,5091|36760,5814|36760,6603|36760,7514|36760,8447|43998,257|43998,486|43998,951|43998,1367|43998,1874|43998,2152|43998,2465|43998,2735|43998,3325|43998,3983|43998,4366|43998,4628|43998,5233
세세한 19406,37244
세심한 43111,24706
세이버 51013,9313
세이브파일을 51013,17293
세컨드 43111,8162
세크메아펄 36993,1917|36993,4059
세트에 38917,31204
