야도 49792,15507
야도진주 38917,32500
야마츠가미 36663,133|38917,26111|51013,2112|51013,2123|51013,3161|51013,4231|51013,5323|51013,6360|51013,7409
야마츠카미 38161,8246
야말로 43111,25968
야분조 27798,13268
야생 51013,11629
야수 38161,4556|38161,4607
야수들의 36760,9919|38161,6431|38161,6621
야수의 38161,6691|38161,6707
야오자미 36993,3660
야적 35316,6291|35316,9820|45997,15060
야쯔자키 27798,4762
야쯔자키g 27798,26861
야차 23733,11760|23733,36156|26754,9903|26754,32246|26774,9989|26774,32145|33119,9927|33119,32428|39470,4134|39470,14476|47038,9291|47038,31703
야채 42032,781|42032,1460|42032,1834|42032,1838|42032,1886|42032,1947|42032,2033|42032,2086|42032,2160
야천련인 27798,16704
야총창 43111,12351
야포 37097,20660
야행노 24789,27682
야행퇴 27445,25160
