ëname 22487,240
ënorth 31283,378
ësearchí 22487,286
ësexyí 41657,167
ëstring 22487,317
ëuí 31312,161
ë³ú 34279,29909|34279,49263|43048,10452|43048,17455|43048,24060
ëµî 34279,31397|34279,31574|43048,16223|43048,18699
ëµþ 19615,1763|19615,1838|19615,3712|19615,3735|19615,4312|19615,4335|19615,4394|19615,4417|19615,4735|19615,4927|19615,4936|19615,5181|19615,5234|19615,5334
ë¹ß 34279,9942|43048,6674|43048,16086
ë¹ßåé 34279,1467|34279,1738|34279,2027|34279,2624|34279,3046|34279,5458|34279,7020|34279,7186|34279,8120|34279,8733|34279,15068|34279,16751|34279,16907|34279,17263|34279,17642|34279,17831|34279,18360|34279,18497|34279,19222|34279,21346|34279,22626|34279,22810|34279,23026|34279,23397|34279,23733|34279,31729|34279,31983|34279,32111|34279,32372|34279,32551|34279,35708|34279,36023|34279,37623|34279,37912|34279,38197|34279,38486|34279,41783|34279,42050|43048,2875|43048,3010|43048,4290|43048,4576|43048,5109|43048,8980|43048,9410|43048,9540|43048,11903|43048,11993|43048,13220|43048,14915|43048,15076|43048,15244|43048,15808|43048,17141|43048,17324|43048,20752|43048,21573|43048,21773
ë¹ö¼ 26219,689|26219,5476|26219,6648|26219,8854
ë¹ø½ä 26219,11571
ë¹ú 34279,1275|43048,5717
ëº 34279,47969|34279,48213|34279,48476|34279,48697|34279,48806|34279,49096
ë¼ 19615,1063|19615,4246|26219,912|26219,3752|26219,3766|26219,4126|26219,6010|26219,7376|26219,7390|26219,8361|26219,8400|26219,8414|26219,9115|26219,9129|26219,9143|50971,2662|50971,3758|50971,4144
ë¼ýµ¹ 19615,1729|19615,4440|26219,2791|50971,1017|50971,4524
ë½ä 19615,4515|26219,2322|26219,9347|26219,9418|26219,10514|26219,10599|34279,1612|34279,5627|34279,7419|34279,10210|34279,14675|34279,15194|34279,31209|43048,3765|43048,4709|43048,8744|50971,805
ë¾î 26219,1508|26219,1522|26219,1536|26219,4462|26219,4553|26219,4637
ë¾ï 19615,277|26219,7436|26219,7614|26219,8428|34279,35514|34279,35602|34279,35620|34279,35638|34279,35655|34279,35678|34279,35855|34279,35892|34279,35913|34279,35932|34279,35962|34279,35993|34279,46775|34279,46803
ëà 34279,14929
ëàº 34279,10821|34279,21573|34279,22329|34279,25788|34279,36616|34279,42549|43048,9703|43048,9971
ëàºá 34279,25777
ëàºåð 34279,45073|34279,45306|34279,45344|34279,45377|34279,47059|43048,26899
ëàå 34279,9225|34279,36358|34279,45244|43048,7812|43048,12906|43048,17922|43048,21129
ëàç 34279,11034|34279,11232|43048,10646
ëàì 34279,2459|34279,2615|34279,3037|34279,3245|34279,8724|34279,11387|34279,11544|34279,11719|34279,11909|34279,16742|34279,16898|34279,17254|34279,17461|34279,17633|34279,17822|34279,18351|34279,22614|34279,22798|34279,23014|34279,23406|34279,23742|34279,31757|34279,31955|34279,32199|34279,32350|34279,32525|34279,33353|34279,35734|34279,36050|34279,37465|34279,37750|34279,38032|34279,38323|34279,41812|34279,42080|43048,3670|43048,4281|43048,4567|43048,4840|43048,5100|43048,6256|43048,9419|43048,11894|43048,12653|43048,15067|43048,15235|43048,15584|43048,15799|43048,17132|43048,17315|43048,21564|43048,21764|43048,21968|43048,23189|43048,23480
ëàîá 34279,2999|34279,3196
ëàú 34279,734|34279,3966|34279,6309|34279,14413|43048,1452
ëàúàì 34279,3955|43048,13869
ëàüºñ 34279,16614
ëá 34279,41367
ëáö 33898,389|33898,398|34279,1362|34279,2578|34279,2693|34279,5360|34279,6155|34279,6262|34279,6373|34279,6609|34279,6641|34279,7002|34279,8380|34279,8522|34279,8668|34279,11030|34279,11065|34279,11228|34279,12784|34279,13247|34279,13397|34279,15316|34279,15489|34279,15914|34279,15945|34279,16811|34279,16853|34279,17922|34279,18093|34279,18266|34279,20531|34279,22360|34279,25336|34279,29850|34279,29887|34279,30929|34279,32072|34279,32621|34279,33235|34279,33265|34279,33749|34279,34887|34279,36651|34279,36911|34279,37976|34279,43200|34279,45791|34279,46343|34279,48523|34279,48744|43048,2775|43048,3364|43048,3396|43048,5056|43048,5172|43048,5311|43048,5441|43048,6177|43048,6219|43048,7254|43048,7394|43048,10002|43048,10998|43048,11124|43048,11302|43048,13752|43048,14974|43048,15004|43048,15166|43048,15340|43048,15905|43048,19291|43048,23620|43048,26032
ëáöàç 19615,903|19615,1477|19615,2050|19615,2181|19615,2412|19615,2543|19615,3023|19615,3354|19615,4038|19615,6464|19615,7133|19615,7282|26219,7828|26219,7947|34279,2660|34279,9745|34279,18060|34279,22322|34279,32035|34279,34848|43048,7221|43048,8299|43048,9964|50971,1690|50971,1807|50971,2444|50971,2946|50971,5349|50971,5446|50971,6082
ëáø 34279,32592
ëáýè 34279,7758
ëãæ 26219,2350|26219,2364|26219,4149|26219,4163|26219,4962|26219,5218|26219,6321
ëãê 26219,415|26219,1219|26219,2635|26219,7175
ëä 34279,26531|43048,27380
ëäù½ºæ 19615,8004|26219,11293|50971,6760
ëå 19615,2314|26219,10124|50971,5597
ëåâ 34279,49286|34279,49322
ëåõ 34279,27459|34279,36117|34279,40971|34279,44674|34279,45272|34279,47482|43048,12934|43048,16761|43048,26673
ëç 26219,11523|34279,30146
ëçï 34279,35796
ëçñºî 34279,4574|34279,20128|43048,7492|43048,16500|43048,18331|43048,24991
ëçò 50971,264
ëçø 43048,27439
ëçøàï 34279,32407|50971,7153
ëçü 34279,1592|34279,2212|34279,2752|34279,3935|34279,5609|34279,6300|34279,6905|34279,8558|34279,9298|34279,9618|34279,13463|34279,14404|34279,15526|34279,16368|34279,16539|34279,19405|43048,1463|43048,2221|43048,4087|43048,4679|43048,5366|43048,6128|43048,7304|43048,7876|43048,9248|43048,9921|43048,16000
ëè 34279,10100
ëèö¼ 26219,1949|26219,8089|26219,10147
