나가 19406,6808|36663,6242
나가면 36663,629
나가면서 43111,22620
나가므로 28259,4049
나가서 36663,11166
나나 27445,21497|27445,21708|29127,1195|36663,7842|37097,6596|37097,13968|37097,30865|38161,7868|38917,12785|38917,25250|38917,25509|38917,29542|43111,5987|43111,6227|43111,6427|43111,6642|51013,1907|51013,1915|51013,2953|51013,4018|51013,5116|51013,6146|51013,7204
나나의 45326,7470|45326,7519|45326,7572|45326,7625
나나호시대포 37097,5143
나나호시천포 37097,12796
나누어진다 28259,5436|28259,6492
나눌 27445,38290
나눠져 19406,36526
나뉘어져 36663,5405
나루가 39470,6736|45766,6756
나루가s가드 26774,15862
나루가s그리브 33119,15840
나루가s레깅스 33119,15942
나루가s레지스트 26754,15843
나루가s메일 26754,15758
나루가s암 26774,15757
나루가s캡 23733,18335
나루가s코트 47038,15462
나루가s폴드 47038,15355
나루가s헬름 23733,18235
나루가x 39470,12250|45766,12241
나루가x가드 26774,27821
나루가x그리브 33119,27808
나루가x레깅스 33119,27904
나루가x레지스트 26754,27841
나루가x메일 26754,27753
나루가x암 26774,27718
나루가x캡 23733,31403
나루가x코트 47038,27356
나루가x폴드 47038,27261
나루가x헬름 23733,31281
나루가크루가 29127,984|29127,5609|31242,2744|31242,2778|31242,2798|36663,8449|38161,4478|38917,21603|51013,1775|51013,1788|51013,2807|51013,3865|51013,4925|51013,6025|51013,7081|51013,17070
나루가크루가등 36663,2197
나르카미 19406,11034
나름대로 43111,26153
나머지는 45326,10471
나쁘지 27798,29191|27798,29860
나서 19406,36595|39470,121|45766,123
나오기 28259,1485|36663,8644
나오는 21239,2005|42032,4145|42032,4189|43111,20386|49792,26484|51013,17327
나오면 33013,12114
나오므로 28259,5238
나오지 42032,207|51013,17456
나온다 33013,3470|33013,4654|36663,15204|38161,3634|38161,3810|43111,20426
나올 42032,4804|45326,8672
나와 38161,4836|38161,4914|38161,4990|38161,5087|42032,7602
나왔을 38161,3134|38161,3585|38161,3744
나은 19406,36960
나이트 51013,720
나이트랜스 19406,2071|43111,15506
나이트스퀴드 19406,2336
나이트스퀴드g 19406,31592
나지 28259,2988
나찰 49792,18402
나타나는 42032,5609
나타낸다 25899,20645|25899,20685
나타냅니다 36663,2353|36663,4243
