über 23012,221|23012,31672|23012,42584|23012,45198|23012,84770|39296,167484|39535,2882|42281,582|43024,2474|46143,2474
überlassen 23012,13644
überlassung 23012,28014|23012,32163|23012,88993
überlassungen 23012,108788
übermitteln 23012,13751
übermittlung 23012,18738|23012,22891|23012,26513|23012,27984|23012,32134|23012,40262|23012,44030|23012,55076|23012,63791|23012,88956|23012,100341|23012,115870
übermittlungen 23012,37505|23012,47289|23012,56257|23012,57882|23012,108756|23012,112866
übersolut 48411,5689
üngör 24705,16118|29842,8300|30320,20496|30320,137295|36129,92|36129,183|36610,189|43491,6202|44450,7287|44904,2069|45415,22566|47292,88097|49911,53064
üàç 34279,19318|34279,23106|34279,23234|34279,23575|34279,24848|43048,23120|43048,23396
üåëåº 26219,8607|26219,8622|26219,8637
üçï 34279,9859|34279,24047|34279,24299|34279,24562|34279,25127|34279,25410
üçñ 34279,153|34279,14426|34279,15540|34279,16379|34279,16550|34279,19416|34279,21058|34279,22036|34279,32688|34279,32732|34279,32850|34279,32906|34279,33032|34279,33983|34279,39184|34279,39567|34279,42830|34279,43096|34279,47656|43048,13791|43048,16011|43048,18873
üçñèö¾îáø 34279,42523|34279,47305
