0
76
94
193
209
303
319
348
363
381
482
498
548
564
580
596
613
627
643
670
685
714
732
747
764
793
831
847
863
880
919
935
951
965
980
1007
1024
1065
1084
1100
1140
1156
1172
1198
1213
1227
1254
1281
1340
1355
1428
1442
1459
1474
1492
1967
2136
2161
2177
2207
2342
2358
2373
2390
2410
2994
3015
3030
3045
3089
3122
3141
3161
3178
3421
3903
4003
4030
4046
4083
4098
5314
5340
5356
5372
5397
5413
5434
5589
5603
5619
5636
5651
5667
5692
5709
5725
5750
5957
5984
6045
6174
6236
6252
6278
6416
6444
6463
6483
6872
6899
6927
6943
6959
6975
7014
7030
7046
7062
7078
7094
