무12 43111,23180
무15 43111,23187
무18 43111,23194|43111,23230
무21 43111,23201
무22 43111,23237
무24 43111,23208|43111,23284
무28 43111,23245
무32 43111,23253|43111,23291
무36 43111,23261
무40 43111,23298
무44 43111,23306
무48 43111,23314
무가상점으로부터 38917,8673|38917,8743|38917,8814
무겁기 21815,35416
무게 21815,34721
무기 19406,35286|19406,35629|21815,34771|21815,35194|24789,39549|24789,39876|25899,19577|25899,22414|27445,36955|27798,28716|28259,7727|29127,4591|31242,3350|31242,3783|36663,4931|36663,5083|36663,5116|36663,5147|36663,5180|36663,5210|36663,5243|36663,5275|36663,5281|36663,5314|36663,5320|36663,5453|37097,31515|37097,32155|38917,4196|38917,6600|42032,5448|43111,21052|45326,2469|51013,9847|51013,9891|51013,9933|51013,9975|51013,10019|51013,10186|51013,10227|51013,10271|51013,10314|51013,10333|51013,12296|51013,14675
무기4개 51013,10083|51013,10144
무기가 19406,35259|19406,35454|25899,23281|28259,2961|36663,5429|36663,11497|45997,26069|51013,16559
무기계통에 36663,15282
무기공격시 36663,8628
무기공격으로 36663,7408|36663,7531|36663,7657
무기공격은 36663,13922
무기공격을 36663,8701
무기공격의 36663,2976
무기나 36663,10847
무기내밀기 27445,36211
무기는 27445,37748|27445,37805|27445,37841
무기다 43111,21340
무기도 36663,12387
무기들은 19406,357|21815,347|27445,347|27798,347|33645,349|36663,1821|43111,360|45997,354|49792,840
무기라고 21815,35484
무기라고는 19406,35402
무기로 51013,8361|51013,8396|51013,8431|51013,13697|51013,13779|51013,15924
무기를 21815,34588|21815,34659|24789,39607|24789,39894|25899,20875|25899,20889|25899,21160|36663,12560|37097,31587|37097,31861|43111,19538|43111,19682|45326,2711|49792,26055|49792,26800
무기를50종류 51013,12309
무기만 36663,4959|36663,4963|36663,5018|36663,5022|36663,11827|36663,11930
무기만을 36663,12933|51013,17674
무기명은 19406,66|21815,56|24789,74|25899,67|27445,56|27798,56|33645,58|37097,79|43111,63|45997,63|49792,549
무기배율 27445,37141|28259,3155|28259,3214|28259,3275|28259,3335|28259,5128|45326,112|45326,146|45326,183
무기보다 33645,32207|49792,26825
무기뿐이거나 25899,23182
무기사랑 36663,5073|36663,12301
무기생산을 51013,16529
무기속성값 35316,3131
무기에 36663,6856|36663,6945|36663,7034|36663,7123|36663,7212|36663,15291|43111,21013|51013,8474
무기와 19406,35200|33645,32292
무기와는 37097,32137
무기의 19406,242|21815,232|27445,232|27798,232|28259,2284|28259,2897|28259,3553|31242,3416|31242,5345|33645,234|38917,5758|43111,241|45997,239|49792,725
무기이고 27798,28918
무기이다 37097,32285|49792,26576
무기이므로 19406,37127
무기점의 51013,16595
무기중 43111,20977
무기편애 36663,4954|36663,11800
무난 45997,25668
무난하다 28259,1047
무너지거나 42032,5348
무는 38917,5084|38917,5121|38917,5159|38917,5195
무늬 36663,15707
무늬의 36663,15375|36663,15404
무뎌져도 45326,2422
무뎌져서도 21815,35705
무뎌졌을 21815,35629
무뎌짐 39470,10919|39470,12847|45326,2385
무도술 42032,5427|42032,7479
무릎의 38161,1444|38161,3079
무리 25030,8712|25030,9054|38161,6239
무리는 19406,35887
무리해서 43111,24943
무명 51013,122
무모 36663,5172|36663,12430
무모하다고 36663,4800
무반동 28259,6588|28259,7045|28259,7373
무반동으로 19406,35136|28259,7399|28259,7456|28259,7543|45326,3862
무반주 45794,3061
무방 43111,19618
무방비 45997,25920
무방하다 43111,21770
무사의 36663,15664
무선 36663,10787
무속성 43111,22708|43111,25061
무속성이라면 33645,32610
무시의 43111,20890|43111,25057
무시하고 28259,4684|28259,6873|43111,22467|43111,25146
무시한 43111,22704
무식주 45794,4807
무쌍 51013,2605
무적 19406,36304|19406,36793|45326,5094|45326,5141
무적효과 42032,5060|42032,5096
무조건으로 33645,32161
무지개광석 23733,19426|23733,19904|23733,20010|23733,22704|23733,26676|24789,4976|26754,16825|26754,17287|26754,17875|26774,16916|26774,17999|26774,23530|27445,3797|27445,7068|27445,9440|27445,12906|27445,34852|33013,3977|33013,3983|33119,16937|33119,19931|33119,23593|38917,8435|39826,9639|45794,7869|47038,16470|47038,16949|47038,17605|47038,19418
무지개는 33013,11870
무지개벌레 21815,5649|23733,13832|23733,20269|23733,20612|23733,20775|23733,20942|23733,21474|23733,21959|26754,11627|26754,17640|26754,18037|26754,18128|26754,18266|26754,18694|26754,19130|26754,23568|26774,11771|26774,17672|26774,17755|26774,18106|26774,18282|26774,18417|26774,18840|26774,19269|27798,20178|33013,2672|33013,2678|33013,2895|33013,8305|33013,9636|33013,9820|33013,10443|33119,11871|33119,17746|33119,18133|33119,18230|33119,18365|33119,19272|36760,1325|36760,1382|38917,10237|47038,11269|47038,17330|47038,17769|47038,17847|47038,18012|47038,18966|47038,23123
무한 25899,21336|27798,30146|28259,134|28259,451|35316,9924|35316,10105|35316,10313|35316,10527
무효 19406,36122|27445,37380|36663,7910|36663,14581|38917,1436|38917,1494|38917,7045|38917,7458|45326,1684|45997,26458
무효가 19406,36079
무효화 36663,7970|45326,2003|45326,3783|45997,25577
무효화한다 36663,7892|36663,7946|45326,1799|45326,1870|45326,1940|45326,1975|45326,7486
