보게 36663,11671
보고 19406,35853|33645,32872|43111,24828
보낸다 36663,8909
보너스 42032,5584
보너스를 42032,5506
보는 19406,36885|36663,11787|36663,12406|51013,17725
보다 25899,22493|36663,907|36663,6807|36663,10238|45326,6237
보다는 19406,36867|36663,10153
보디 51013,10432|51013,10666
보라색 36760,9207|36760,9403|36760,10094|38161,6314|38161,6404|43111,24547
보라색식분 25030,716|25030,1789|36993,2711
보라색의 38161,1375|38161,1396
보라색이므로 35316,9912|35316,10093|35316,10301|35316,10515
보머 38917,4146|39470,1413|39470,7403|39470,8234|39470,9295|39470,11563|42032,3609|45326,9254|45326,10060|45766,8209|45766,9280|51013,11192
보면 25899,20163
보면서 25899,23056
보물찾기 36993,357|36993,535|36993,696|36993,878|36993,1053|36993,1232|36993,1392
보수 38917,620|38917,704|38917,748|38917,836|38917,890|38917,1026|38917,1227|38917,4798|38917,4874|38917,5444|38917,8519|38917,8559|38917,8599|38917,8639|38917,8712|38917,8781|38917,9453|38917,13022|38917,19050|38917,27730|38917,27781|38917,27829|38917,27874|38917,27920|38917,27964|38917,28012|38917,28058|38917,28105|38917,28153|38917,28257|38917,28292|38917,28328|38917,28364|38917,28401|38917,28438|38917,28473|38917,28510|38917,28547|38917,28583|38917,28620|38917,28656|38917,28691|38917,28726|38917,28763|38917,28801|38917,28838|38917,28876|38917,28913|38917,29003|38917,29030|38917,29165|38917,29253|38917,29285|38917,29705|38917,29980|38917,30005|38917,30031|38917,30058|38917,30084|38917,30113|38917,30143|38917,30164|38917,30190|38917,30217|38917,30241|38917,30262|38917,30288|38917,30319|38917,30342|38917,30373|38917,30395|38917,30423|38917,30445|38917,30477|38917,30498|38917,30530|38917,30553|38917,30585|38917,30608|38917,30630|38917,31516|38917,31558|38917,31601|38917,31644|38917,33430|42032,4138|42032,4182
보수금 31242,604|31242,1702|31242,2390|31242,3863|31242,4755|31242,5371|36993,283
보수금이 42032,5694
보수로 36663,13542|38917,33444
보수를 45326,8638
보수범위는 33013,12119
보수의 33013,12129|45326,8634
보스 28259,1515|31242,533|35316,486|38917,3817|42032,4798|45326,1880|45326,6054|51013,3734
보스계 38917,3152
보스급 36663,11871
보아서 25899,22995
보우 51013,10199
보우건 36663,1537|38917,27740|38917,27974|45326,3718|45326,5609
보우건과 42032,5123
보우건과는 25899,22405
보우건등 45326,3933|45326,3976
보우건에 25899,21311|28259,556|37097,32408
보우건으로 28259,4563|42032,4547
보우건을 28259,3689
보우건의 28259,276|28259,508|28259,5406|28259,5458|28259,5629|28259,5840|28259,6462|28259,6693|45326,3891
보우건이 24789,39958
보우건탄 38917,10340
보우한 45326,3733
보이면 25899,23015
보이지 38161,636|38161,2935|38161,2960
보이지만 43111,25199
보인다 36663,13872
보정 33645,32176|36663,3140|36663,3150|36663,3381|36663,3456|36663,3507
보정200 36663,3251
보정40 36663,3239
보정도 28259,5487|43111,22270
보정된 19406,362|21815,352|27445,352|27798,352|33645,354|43111,365|45997,359|49792,845
보정에 45326,4517
보정은 28259,397|28259,1067|28259,1762|28259,3505
보정이 25899,20203|27798,29450|28259,2232|45326,4460
보조 35316,137
보조적인 43111,23941
보존되므로 42032,322
보증됩니다 36663,2659
보증수표다 51013,13565
보충 31242,648|31242,1746|31242,2434|31242,3907|31242,4799|31242,5415|36663,2040|36993,340|36993,2108|36993,2497|36993,2848|36993,2926|36993,3233|36993,3556|36993,3641|36993,3941|36993,4253|36993,4340|36993,4533|36993,4854|36993,4929|36993,5093|36993,5377|36993,5457|36993,5804|36993,6089|36993,6169|43111,20336|43111,20609
보충에 31242,566
보충하고도 37097,32267
보충하기 19406,35982
보충하는 19406,36163|24789,39991
보충해 37097,33004
보통 24789,281|24789,529|24789,2544|24789,3110|24789,3393|24789,5487|24789,6054|24789,7880|24789,9017|24789,9906|24789,10826|24789,12560|24789,13135|24789,13725|24789,14008|24789,15547|24789,18850|24789,19739|24789,20024|24789,21198|24789,21825|24789,22123|24789,22410|24789,22700|24789,25307|24789,25586|24789,26161|24789,26445|24789,26733|24789,28865|24789,29151|24789,29723|24789,31189|24789,32546|24789,34869|24789,35156|24789,35446|24789,38947|28259,5570|28259,5718|28259,5956|28259,6357|35316,2382|35316,2438|36663,4924|36663,4943|36663,4973|36663,5003|36663,5032|36663,5095|36663,5128|36663,5293|36663,5332|36663,5359|36663,8566|36663,11745|36663,11767|36663,11831|36663,11934|36663,12051|36663,12328|36663,12366|36663,12418|36663,12753|36663,12798|36663,12846|37097,3302|37097,3886|37097,6616|37097,6913|37097,9065|37097,10265|37097,13988|37097,14289|37097,17324|37097,19105|37097,19396|37097,19979|37097,21846|37097,23025|37097,26436|37097,28510|37097,30887|42032,7583|43111,23174|43111,23177|43111,23227|43111,23279|45326,3590
보통때 24789,39545|37097,31511
