óg 36874,56190|36874,59868|36874,102991
ó³ko 36874,154155
ó³towski 36874,17150
óµå 34279,46870|43048,24176
óº 34279,25624|34279,25905|34279,25996|34279,26574|34279,26741|34279,49804|34279,50203|34279,50606
óºñ 19615,8247|34279,11076|34279,11198|34279,22116|34279,22164|34279,22371|34279,28646|34279,43166|34279,43207|34279,43520|34279,43844|34279,46386|34279,47514|43048,10013|43048,10063|43048,10264|43048,10312|43048,22651|43048,22691|43048,22894|43048,24526|43048,24565
ó½º 34279,18968|34279,18993|34279,23172|34279,23513|34279,34398|34279,43225|43048,10442|43048,10707|43048,16790
ó½ºåí 33898,60|33898,74|33898,90|34279,404|34279,1378|34279,1900|34279,3365|34279,5376|34279,6549|34279,10334|34279,13802|34279,15854|34279,20790|34279,25736|34279,29332|34279,33414|34279,34109|34279,41585|34279,49910|34279,49946|34279,51061|43048,166|43048,862|43048,2791|43048,3304|43048,5893|43048,8868|43048,11475|43048,13522|43048,13650|43048,16666|43048,20900|43048,26628|43048,27130
ó½ºåí¹è¼³¹ 26219,2514|26219,2575|50971,3952|50971,3965
ó½ºåíàç 34279,30460
ó½ºåíàç³óáó 34279,15676|34279,30426|43048,14407
ó½ºåíàçã¼¾ 34279,4819|34279,7930|43048,2465|43048,6785
óà 19615,534|19615,833|19615,1409|19615,1994|19615,2967|19615,3980|19615,4651|19615,5076|19615,5587|19615,7089|19615,8087|26219,283|26219,1393|26219,3060|26219,4366|26219,5898|26219,6800|26219,7784|26219,9036|26219,10478|26219,11139|26219,11376|34279,2987|34279,3184|34279,13593|34279,13695|34279,23289|34279,23630|34279,25726|34279,27027|34279,27276|43048,13305|43048,13335|43048,13482|43048,23175|43048,23457|50971,433|50971,963|50971,1644|50971,2410|50971,3327|50971,3918|50971,4412|50971,4924|50971,5303|50971,6038|50971,6840
óàç 34279,5028|34279,5813|34279,20983|34279,23445|34279,27929|43048,2931
óàì 43048,27596|43048,27620
óàìæ 19615,925|19615,947|19615,988|19615,1010|19615,1030|19615,1499|19615,1521|19615,1584|19615,1606|19615,1626|19615,2070|19615,2104|19615,2201|19615,2432|19615,2466|19615,2563|19615,3043|19615,3077|19615,3099|19615,3168|19615,3190|19615,3210|19615,3388|19615,3410|19615,3463|19615,3485|19615,3505|19615,4072|19615,4094|19615,4147|19615,4169|19615,4189|19615,5649|19615,5671|19615,5693|19615,5786|19615,5806|19615,6037|19615,6059|19615,6168|19615,6190|19615,6484|19615,6506|19615,6625|19615,6645|19615,7153|19615,7302|19615,7504|19615,7526|19615,7629|19615,7651|19615,7671|26219,1690|26219,1712|26219,1807|26219,1829|26219,1849|26219,3285|26219,3307|26219,3402|26219,3438|26219,7848|26219,7870|26219,7969|26219,7989|26219,9918|26219,10001|26219,10023|26219,10045|26219,10065|33898,225|34279,8698|34279,9448|34279,9762|34279,18821|34279,39715|43048,7776|43048,8316|43048,10884|43048,11028|43048,15395|43048,15414|43048,18482|50971,1722|50971,1744|50971,1766|50971,1839|50971,1861|50971,1883|50971,1903|50971,2464|50971,2486|50971,2508|50971,2523|50971,2545|50971,2567|50971,2587|50971,2742|50971,2764|50971,2779|50971,2801|50971,2823|50971,2843|50971,2980|50971,3019|50971,3041|50971,3061|50971,5371|50971,5393|50971,5468|50971,5490|50971,5510|50971,6114|50971,6136|50971,6205|50971,6227|50971,6249|50971,6269
óàò 34279,21025|34279,22003|34279,44998|34279,46938|43048,12943|43048,23930|43048,26730
óàò2 34279,45281
óàòåä¹úèæ 19615,8160
óàüåõàå 34279,47135
óáø 34279,20852|34279,41943
óáúàçèö¾îáø 34279,10768|34279,10984|34279,21520|34279,21697|34279,27844|34279,40100|34279,46188|34279,47271|34279,47620|43048,22372|43048,22587
óå 26219,2176|26219,2251|26219,3988|26219,4047|26219,5079|26219,5148|26219,10982|26219,11027|50971,673|50971,730
óåâ 34279,45144
óåâàï 43048,27511
óçåæä½ºå 26219,11536
óçç 34279,14257|34279,14565|34279,14874|34279,17104|34279,19081|34279,19585|34279,23898|34279,25228|34279,25502|34279,28027|34279,28250|34279,28478|34279,33161|34279,40004|34279,45604|34279,45641|34279,45677|34279,45851|34279,45888|34279,45924|34279,48903|34279,48931|34279,49032|34279,49193|43048,14185|43048,14257|43048,14287|43048,14313|43048,15044|43048,16853|43048,19592|43048,24127|43048,25694|43048,25934
óèæáøáö 34279,31157|34279,31323|34279,31500|34279,36166|34279,36200|34279,36484|34279,36708|34279,36976|34279,47207
óõòw 24241,4|26239,4
óõòwi 36682,4
