용頭殻 25899,18944|27445,18546|27445,18583|27445,18752
용감 36663,5139|36663,12518
용건이 36993,92
용격포 43111,19946|43111,20757|43111,23366|43111,24981|43111,25964
용격포는 43111,20092|43111,20135|43111,20190|43111,21103|43111,24670|43111,24991|43111,25765
용격포로 43111,25436
용격포에 43111,21296|43111,26178
용격포의 45326,5513|45326,5580
용골 19406,7730|19406,7867|19406,11383|19406,11612|19406,11765|19406,11827|19406,28527|21033,1865|21033,1893|21033,2129|21033,2158|21033,2281|21033,5653|21033,5758|21815,7140|21815,7516|21815,7751|21815,8653|21815,8764|21815,8888|21815,9063|21815,9108|21815,9262|21815,11467|21815,11712|21815,12093|21815,12134|21815,12143|21815,14817|21815,18574|21815,19259|21815,28535|21815,30586|23733,415|23733,2398|23733,3669|23733,5703|23733,6787|23733,7157|24789,872|24789,1211|24789,1470|24789,1762|24789,2334|25899,693|25899,1057|25899,3902|25899,7186|26754,2775|26754,3992|26754,4446|26774,324|26774,420|26774,816|26774,928|26774,4212|26774,6444|26774,6839|27445,7361|27445,7369|27445,7519|27445,12397|27445,12423|27445,12539|27445,13100|27445,14682|27445,17883|27445,18021|27445,18180|27445,18597|27445,30255|27798,3371|27798,4154|27798,4270|27798,6537|27798,8330|29127,2026|29127,4084|33013,6175|33013,6419|33013,8206|33013,9669|33013,9826|33013,10389|33119,338|33119,9188|33119,11522|33119,12236|33645,961|33645,3810|33645,4425|33645,4914|33645,6909|33645,7237|33645,7599|33645,9301|33645,9408|33645,9545|33645,9567|33645,9575|33645,9726|33645,9756|33645,10829|33645,15102|33645,15135|33645,26081|33645,27096|37097,360|37097,2108|37097,3977|37097,25646|38917,12509|38917,12551|38917,12594|39826,1706|39826,3603|39826,3997|39826,4034|39826,4261|39826,4284|39826,5099|39826,5120|39826,7276|39826,7414|39826,7468|39826,7508|39826,7850|39826,7868|39826,8179|43111,952|43998,4584|45997,2606|45997,7868|47038,387|47038,2765|47038,2952|47038,3142|47038,3719|47038,4087|47038,4908|47038,4997|47038,5847|49792,4078|49792,7798|49792,7847
용골총창 43111,893
용골총창g 43111,18076
용광석 25030,4648|25030,5634|25030,7428|36760,3240|36760,6039|36760,8353
용괴곤 27445,26670
용궁 25899,14569|25899,14710|25899,14829|25899,15764|25899,15906|25899,16034|25899,16160|25899,19288
용기 51013,6715|51013,13792
용기사 51013,3063
용기와희망의처궁 25899,12620
용기와희망의처궁i 25899,12768
용기와희망의처궁ⅱ 25899,12901
용기와희망의처궁ⅲ 25899,13034
용기의증표 19406,13595|19406,22445|19406,23161|19406,30764|19406,30948|19406,31483|19406,32010|19406,33272|19406,33459|19406,33814|19406,33999|19406,34182|19406,34361|19406,34540|21815,12844|21815,30930|21815,31109|21815,31288|21815,31819|21815,32692|21815,32868|21815,33049|21815,33227|21815,33570|21815,33746|21815,33926|21815,34110|21815,34290|23733,9178|23733,9297|23733,12020|23733,23551|23733,23763|23733,23889|23733,24019|23733,24149|23733,25696|23733,26663|23733,28302|23733,34755|23733,35188|23733,36241|23733,37873|24789,30406|24789,31292|24789,34931|24789,35220|24789,35508|24789,35795|24789,36089|24789,36380|24789,36672|24789,36965|24789,37260|24789,37541|24789,37825|24789,39009|24789,39295|25899,13081|25899,15052|25899,15739|25899,18554|25899,18925|25899,19050|25899,19181|25899,19307|25899,19433|26754,7718|26754,7837|26754,10157|26754,20616|26754,20826|26754,20952|26754,21082|26754,21213|26754,22595|26754,23555|26754,25075|26754,25200|26754,30555|26754,31550|26754,32331|26754,33773|26774,7753|26774,7870|26774,10242|26774,20578|26774,20789|26774,20914|26774,21045|26774,21174|26774,22624|26774,23517|26774,25047|27445,21801|27445,24227|27445,31470|27445,32363|27445,32711|27445,34123|27445,34292|27445,35192|27445,35373|27445,35558|27445,35746|27445,35923|27445,36100|27798,19955|27798,26821|27798,27172|27798,27346|27798,27521|27798,27700|27798,27872|27798,28047|27798,28216|33119,7412|33119,7895|33119,8013|33119,10182|33119,10403|33119,20572|33119,20748|33119,20947|33119,21068|33119,21191|33119,21316|33119,22724|33119,23580|33119,25141|33119,30744|33645,11438|33645,12622|33645,17710|33645,23069|33645,25609|33645,27425|33645,27598|33645,27769|33645,27937|33645,28115|33645,28291|33645,28454|33645,28794|33645,29846|33645,30022|33645,30197|33645,30367|33645,30539|33645,30709|33645,30737|33645,30892|33645,31398|33645,31570|33645,31738|37097,22228|37097,23120|37097,26788|37097,27082|37097,27382|37097,27678|37097,27983|37097,28274|37097,28565|37097,28869|37097,29167|37097,29471|37097,29766|37097,30062|37097,30355|37097,30648|37097,30954|37097,31254|38917,28988|38917,29149|39826,4123|39826,4698|39826,8287|39826,8833|43111,13327|43111,18887|43111,19073|43111,19262|45794,5450|45794,5498|45997,16119|45997,23044|45997,23331|45997,24621|47038,7178|47038,7298|47038,9545|47038,9772|47038,20124|47038,20332|47038,20457|47038,20588|47038,20715|47038,22139|47038,23110|47038,24598|49792,2660|49792,8956|49792,9573|49792,18123|49792,20308|49792,24325|49792,25031|49792,25204|49792,25383|49792,25557|49792,25737|49792,25914
용기의증표g 19406,22220|19406,25847|19406,28343|19406,28518|19406,28658|19406,28816|19406,28994|19406,29174|19406,29340|19406,29521|19406,29704|19406,29869|19406,30047|19406,30225|19406,30409|19406,30587|19406,31133|19406,31307|19406,31657|19406,31826|19406,32187|19406,32362|19406,32536|19406,32722|19406,32906|19406,33088|19406,33636|21815,24498|21815,26739|21815,28346|21815,28526|21815,28667|21815,28828|21815,29007|21815,29186|21815,29357|21815,29537|21815,29717|21815,29881|21815,30069|21815,30241|21815,30417|21815,30577|21815,30754|21815,31467|21815,31641|21815,31994|21815,32170|21815,32349|21815,32514|21815,33392|23733,8526|23733,34668|24789,21937|24789,28091|24789,32604|24789,32891|24789,33190|24789,33486|24789,33777|24789,34072|24789,34360|24789,34645|24789,38123|24789,38429|24789,38719|25899,14517|25899,18186|25899,18308|25899,18431|25899,18677|25899,18804|26754,31049|27445,22454|27445,27502|27445,29411|27445,29584|27445,29729|27445,29886|27445,30067|27445,30246|27445,30408|27445,30574|27445,30752|27445,30929|27445,31113|27445,31287|27445,31650|27445,31833|27445,32009|27445,32183|27445,32530|27445,32887|27445,33054|27445,33218|27445,33401|27445,33578|27445,33763|27445,33945|27445,34465|27445,34644|27445,34828|27445,35013|27798,13497|27798,19370|27798,20918|27798,22570|27798,24585|27798,24724|27798,24879|27798,25058|27798,25225|27798,25407|27798,25585|27798,25762|27798,25943|27798,26115|27798,26292|27798,26463|27798,26641|27798,26997|27798,28225|33645,18132|33645,21162|33645,25896|33645,26072|33645,26211|33645,26365|33645,26545|33645,26723|33645,26895|33645,27078|33645,27250|33645,28616|33645,28966|33645,29142|33645,29311|33645,29489|33645,29671|33645,31057|33645,31227|33645,31407|33645,31579|37097,16250|37097,25603|37097,25898|37097,26194|37097,26491|38917,29014|43111,14515|43111,17957|43111,18141|43111,18330|43111,18521|43111,18710|43111,19452|45794,9182|45794,9275|45794,9331|45997,1619|45997,22262|45997,22517|45997,22747|45997,23617|45997,23855|45997,24143|45997,24377|45997,24863|49792,3246|49792,13119|49792,22930|49792,23097|49792,23270|49792,23447|49792,23627|49792,23804|49792,23970|49792,24148|49792,24499|49792,24676|49792,24854
용기증펴 33119,32496
용기증표 26774,30818|26774,31139|26774,32090|26774,32231|26774,33667|33119,31118|33119,31240|33119,31527|33119,31650|33119,32320|33119,33882|47038,31287|47038,31773|47038,33224
용기증표g 47038,30431
용기창게이볼가 19406,5059
용기창게이볼그 19406,4869
용기창게이볼그g 19406,33206
용내성 23733,2242|23733,2305|23733,8340|23733,15332|23733,15396|23733,17052|23733,17146|23733,36427|23733,36504|26754,2100|26754,13199|26754,13263|26754,14852|26754,30875|26754,30947|26754,32531|26754,32604|26774,2251|26774,2319|26774,13274|26774,13336|26774,14806|26774,30548|26774,30671|26774,32431|26774,32505|33119,2307|33119,2376|33119,13324|33119,13387|33119,14843|33119,14907|33119,30847|33119,30970|33119,32679|33119,32753|35316,3729|35316,3804|39470,950|39470,5522|39470,6272|39470,13775|39470,14626|42032,1920|42032,2832|45326,1161|45326,1168|45326,1175|45326,1191|45326,1197|45326,1213|45326,1220|45326,1236|45326,1244|45766,994|45766,5514|45766,6267|45766,13746|45766,14662|45794,7429|45794,7477|45794,7524|47038,2296|47038,12825|47038,12887|47038,14412|47038,30209|47038,30330|47038,31957|47038,32031
용내성강화 35316,3694|35316,3747|35316,4296|35316,4869|35316,5246|35316,5685|35316,6542|35316,7226|35316,7620|35316,8239|35316,10680|35316,11378|35316,11527|35316,11841|45997,2622|45997,3116|45997,6745|45997,7878|45997,9600|45997,10173|45997,10876|45997,11356|45997,12070|45997,18499|45997,20352|45997,20918|45997,22552|45997,23081|45997,23180|45997,23659|45997,24182
용도 49792,8829|49792,9056|49792,9250|49792,9476|49792,25776
용도가 33645,32624
용도로 28259,487
용도로도 28259,2426
용두 42032,756
용두각 21815,19622|23733,16702|23733,19012|23733,21972|23733,23054|23733,29726|23733,33125|24789,6402|24789,14392|26754,12117|26754,17086|27445,32195|37097,28907|38917,18274|39826,7725|45794,6303
용두개곤 27445,18489
용두개곤g 27445,32120
용두금 25899,14084|38917,27376
용두금i 25899,14232
용두금ⅱ 25899,14367
용두금ⅲ 25899,14501
용두금궁 25899,20220
용두의 33013,11846
용머리하프 25899,14248|38917,27347
용목 19406,27788|23733,11812|25899,14726|25899,19326|26754,9955|26774,10031|27798,20765|33013,7274|33013,7430|33013,7622|33013,8124|33013,9675|33013,9873|33013,9957|33013,10452|33013,10574|33013,11352|33119,9969|38917,26005|39826,2298|39826,4028|39826,6336|39826,7862|43111,12691|45997,15410|47038,9343|49792,19692
용목고궁 25899,14961
용목고적 35316,6363|35316,6410|35316,9725|35316,9740|45997,15747|45997,16018
용목고창 43111,12982|43111,13233
용목고태도 49792,19973|49792,20216
용목고포 37097,24472
용목적 35316,6304|35316,6349|35316,6511|35316,9700|35316,9704|45997,15323|45997,15546|45997,24670
용목적계 45997,15179
용목창 43111,12510|43111,12642|43111,12806|43111,19384
용목태도 49792,19640|49792,19799|49792,25243
용목태도계 49792,19511
용발톱 19406,19943|19406,21480|21033,2051|21033,2912|25030,3079|28259,2734|29127,2134|29127,4209|33013,8832|33013,8905|33013,9748|33013,9800|36993,763|38917,13265
용버섯 25030,2964|25030,5795|25030,6232|36760,2130|36760,3809|36760,4247|36760,4729|36760,5437|36760,8056
용비보 38917,32564|39826,693
용사 51013,175
용살열매 21033,3093|21033,6001|28259,3407|33013,1976|33013,2076|38917,7254|45794,7457
용살인자 51013,3037
용석 25030,2213|25030,2224|25030,6579|25030,6991|36993,2202|36993,2220|36993,2238|36993,2997|36993,3027|36993,3057|36993,3650|36993,3680|36993,3705|36993,5466|36993,5491|36993,5513
용속성 28259,3393|28259,3531
용속성을 36663,7216
용송곳니 23733,9679
용신 51013,5272
용아 49792,8095|49792,23140
용암 25030,727|25030,1155|25030,1800|25030,4121|36760,1019|36760,1958|36760,2151|36760,3268|36760,4886|36993,2149|36993,3080|36993,3727|45326,7462|45326,7511|45326,7564|45326,7617|51013,4965
용암룡 38161,5250|38161,5272
용암룡중각 21815,3428|21815,3647|23733,31513|25899,11771|26754,27964|26774,27929|27445,3789|33119,9351|33119,28022|38917,18191|43111,9940|43111,10006|45794,6508|45997,20893|47038,8785|47038,27504|49792,19284|49792,19458
용암룡중아 21815,3639|25899,14545|26754,9380|38917,18218|43111,9951|43111,10231|43111,11304|45794,2012|49792,19232|49792,19466
용암룡특상갈기 21815,3368|21815,3415|21815,15872|23733,11124|23733,31526|24789,26524|26754,27976|26774,9476|26774,27937|27798,11966|27798,12026|27798,12239|33119,28035|38917,18245|39826,4570|43111,10239|45997,20847|45997,21112|47038,27512|49792,19222
용암룡후린 21815,3360|23733,11111|23733,31541|24789,26511|25899,11717|26754,9367|26774,9463|26774,27947|27798,11985|33119,9338|33119,28050|37097,18579|37097,21938|38917,18159|39826,4676|39826,8811|43111,9932|43111,9998|45997,20839|45997,20885|47038,8772|49792,19276
용암을 36663,15218
용약석 38917,32630
용어 25030,1365|25030,1376|36760,578|36760,589|36760,3466|36760,3477|36760,3488|36993,2374|36993,2392|36993,2410|36993,6223
용염에 45326,7474|45326,7523|45326,7576|45326,7629
용옥 19406,4775|23733,26407|23733,28691|23733,33330|24789,14682|24789,18093|24789,18953|25899,12125|25899,13539|25899,13582|26774,24858|26774,24956|27445,6075|27445,10823|27445,19163|27445,32390|27445,35772|27445,35949|27798,14974|27798,19196|33013,6651|33013,6911|33013,10714|33645,1383|37097,10930|37097,15852|37097,30103|38917,13294|39826,3940|43111,7302|43111,9212|43111,9959|45794,3095|45794,6902|45997,8734|47038,24588|47038,27958|47038,28731
용왕 51013,5225
용왕의 38161,1910|38161,1982|38161,2184|38161,2204|38161,2358|38161,2547
용으로 36663,11967
용을 38161,494|38161,522|38161,4855|38161,4877|51013,3076|51013,4144|51013,5237|51013,6272|51013,7323
용의굵은눈물 38917,32398
용의꼬리 42032,763
용의눈물 38917,32367
용이 36993,2271
용이빨 21033,1950|21033,2610|21033,2647|21815,9430|23733,8853|23733,16884|25030,3070|27445,10388|28259,1365|28259,1414|29127,2081|29127,4147|33645,10064|33645,13571|33645,15096|38917,13238|45794,3393|49792,8158|49792,23290
용이하다 43111,21020
용인족의 39826,113
용제 51013,3110
용직공이 51013,14600
용직인이 51013,16649
용진 51013,4478
용초 25030,872|25030,4888|25030,6744|25030,6983|25030,7128|36760,1940|36760,5746|36760,6274|36760,6417|36760,7421|36993,2256
용총창볼케이노 43111,9848
용충 25030,683|25030,694|25030,1756|25030,1767|36760,1424|36760,1435|36760,7001|36760,7012|36760,7262|36993,2286|36993,2304
용태 23733,11802|25899,14731|26754,9945|26774,10041|33013,6334|33013,6663|33013,8212|33013,8322|33013,8795|33013,8941|33013,9114|33013,10456|33119,9979|38917,25922|39826,2252|39826,3991|39826,6290|39826,7844|45794,7032|45997,15415|47038,9333|49792,19697
용풍압 27445,37368|45326,1961|45997,26454
용풍압무효 35316,1485|39470,3939|39470,9608|45326,1927|45326,2168|45766,3953|45766,9614
용풍압은 36663,7905
용해총창볼가노스 43111,10157
용해추 27445,11377|27445,11577|27445,35857
용휘석 25030,4639|25030,5643|25030,7437|36760,2909|36760,3249|36760,6048
