대각선 43111,21924|43111,22497|43111,22941|43111,22977|43111,24173|43111,24736
대각선포격 43111,23836
대강룡 23733,35077|23733,35182|26754,31458|26774,31167|26774,31286|33119,31498|45326,2151|47038,30783
대개의 19406,35128
대검 21815,23|21815,34341|27798,12168|38917,27790|38917,28022|45326,5662|45326,5727|49792,26774
대검과 19406,35557
대검과는 27445,37334|49792,26550
대검를 51013,9873
대검으로도 21815,35518
대검으로부터 49792,961|49792,12908|49792,13420|49792,15762|49792,17099|49792,17919|49792,18601|49792,19070
대검은 21815,35574
대검의 21815,35305|31242,5544|38161,1417|43111,25320
대검이 21815,35607
대검이나 45326,2795
대검파생 49792,5739
대겸위태도 49792,4641
대골 49792,7645
대골괴 27445,11989
대골총창 19406,19300|43111,764
대공격 21239,5723
대귀신봉 21815,12963|21815,13194
대귀창라쟌 19406,13704
대귀철 27445,2718
대귀철g 27445,34403
대귀치도 49792,18213|49792,18397
대뇌광충 29127,891|29127,5015|38917,12031
대단한 51013,13394
대단히 27798,29086
대담함을 36663,13867
대도 21815,18394|49792,18692|49792,18867
대도계 49792,18512
대독호 19406,26901
대량 28259,1105
대량으로 28259,539
대로 51013,13391|51013,14579
대미지가 45326,10480
대백스텝 19406,34713|19406,34974|43111,20113
대백스텝으로 43111,21603
대부분 45997,25916
대부분의 27798,29555|37097,32571|45326,3853
대부호 51013,12118
대비룡계 35316,1204
대사 21815,8005|21815,29585
대사가 29127,3250
대상 51013,7687
대상에 19406,37236|28259,4721
대상의 28259,4676|51013,17404
대상이 31242,526|45326,10346|51013,7511|51013,7551|51013,7589
대설미 42032,1044
대수 26774,9589|26774,9670|26774,22093|26774,22176|26774,31063|26774,31181
대쉬 51013,5471
대쉬시는 27798,28498
대쉬의 36663,8422
대쉬중에는 21815,34680
대식가 23733,3142|23733,3211|23733,7595|23733,8709|23733,16199|23733,16268|23733,29221|25030,9153|25030,9498|26754,3012|26754,3081|26754,6771|26754,7227|26754,7442|26754,23443|26754,25978|26754,26042|26774,810|26774,922|26774,3201|26774,3268|26774,7103|26774,14013|26774,14080|26774,25969|33119,819|33119,930|33119,3273|33119,3341|33119,7107|33119,7620|33119,14056|33119,14124|45326,9317|45794,4862|47038,3267|47038,3334|47038,6729|47038,6797|47038,6904|47038,13561|47038,13628
대식다랑어 27445,6368|33013,7418|33013,7600|33013,8053|33119,8810|36760,460|36760,509|38917,9302|38917,9562|39826,1234|39826,1765|39826,3386|39826,4818|39826,6391|45794,4885
대신 27798,28756|28259,496
대신에 21815,35061
대연속수렵을 51013,7735|51013,15843
대염룡 23733,35308|23733,35378|26754,31571|26754,31630|26774,31401|26774,31468|33119,31679|33119,31746|45326,2102|47038,30944|47038,31043
대왕범 21815,23415
대용 27798,29148
대용괴곤 27445,26855
대용기창게이볼그 19406,5268
대용옥 19406,16676|19406,30977|19406,31511|21815,27625|21815,31847|23733,33861|23733,34035|24789,24533|24789,25979|24789,26263|24789,26551|24789,31905|24789,37300|24789,39050|25899,12451|25899,12567|25899,16204|25899,16532|25899,19210|25899,19442|26774,33514|27445,34150|27798,12269|27798,14523|27798,17166|27798,19379|33013,6918|33013,7875|33013,8539|33013,9368|33013,10118|33013,10746|33013,11568|33119,28709|33645,28822|33645,31765|37097,18608|37097,19486|37097,24878|38917,13346|43111,7776|43111,9719|43111,14268|45794,4591|45794,8214|45997,21587|47038,32115|49792,16570|49792,21633
대우캄루바스에게 35316,11795
대응은 28259,7722
대장군 38161,5889
대장로의감사장 38917,29577|49792,21076|49792,21253
대장로의감사장g 38917,29604|49792,21242
대장로의단검 49792,21022
대장로의단검계 49792,20889
대재앙의 51013,15556
대저가죽 19406,19648|23733,7774|26754,6777|26754,12028|26754,13361|26754,17097|27445,20460|27445,20600|33119,3219|33119,3725|33119,7113|37097,924|37097,966|38917,13592|45794,1368|47038,1497|47038,3228|47038,3903|47038,6735|47038,16762|47038,16860
대저경피 19406,19794|19406,29888|23733,13842|23733,14525|23733,19356|23733,19870|23733,19975|25899,1391|26754,12092|26754,12132|26754,12269|26754,16745|26754,17247|26754,18454|26774,12085|26774,12167|26774,12229|26774,12402|26774,12454|26774,16837|26774,17330|26774,18603|33119,11881|33119,12361|33119,12549|33119,14001|33119,14486|33119,16858|33119,17383|33119,17488|33119,19285|37097,7991|38917,13617|39826,7908|47038,11989|47038,13523|47038,16387|47038,16573|47038,16913|47038,18242
대저이빨 19406,19631|19406,19787|27445,20467|27445,20607|27445,30771|38917,13562|47038,12001|49792,4086
대전비룡 25030,9243|38161,2639
대전호 24789,31794
대지는 38161,1964|38161,2025|38161,2393
대지를 31242,4081
대지의결정 19406,914|19406,935|19406,1104|19406,2399|19406,3079|19406,24307|19406,24446|19406,25510|19406,25658|21033,1917|21033,4368|21033,4381|21033,5820|21239,2154|21239,2218|21239,2354|21239,2523|21815,773|21815,921|21815,945|21815,1130|21815,6590|21815,25134|21815,25280|21815,26388|21815,26545|21815,28837|23733,1271|23733,2021|23733,3297|23733,3470|23733,4422|23733,4588|24789,1775|24789,4712|25899,648|25899,701|25899,7064|26754,1031|26754,1221|26754,5350|26774,1225|26774,1464|26774,1584|26774,1880|26774,1947|26774,4017|26774,5596|27445,911|27445,934|27445,1108|27445,18238|27445,20916|27445,21056|27445,22110|27445,22264|27798,612|27798,775|27798,1255|27798,11154|27798,19021|27798,19178|27798,21235|27798,26124|33013,3719|33013,3811|33013,3906|33013,3943|33013,7260|33119,524|33119,1204|33119,2274|33119,2593|33119,2742|33119,4730|33645,812|33645,18622|33645,18768|36760,3049|36760,5900|36760,5946|36760,6003|36760,8169|36760,8208|37097,1227|38917,7959|39826,5045|39826,5064|39826,5129|39826,5181|39826,7405|43111,4461|43111,8231|43998,2826|43998,3422|43998,3647|43998,4719|43998,4771|45794,2229|45997,17648|47038,1200|47038,1325|47038,2655|47038,3890|47038,12258|49792,1280|49792,1434|49792,1586|49792,16094
대진격 36760,9742|38161,6479
대책은 27798,29050
대책을 43111,21135
대체로 28259,1553|35316,233
대치도 43111,21006
대쿠샬다오라에게 35316,11305
대투기장 31242,684|31242,768|31242,875|31242,963|31242,1086|31242,1190|31242,1293|31242,1393|31242,1499|31242,1602|31242,3945|31242,4336|31242,4433|31242,4544
대포 45326,5559
대포로 38917,31240
대포수수 43111,14607
대포주 45794,9079
대포탄 38917,31215
대폭 45326,8293|45326,8510
대폭적인 45997,26346
대표적 25899,22618
대하 38161,5305|38161,5322
대하룡 23733,35690|23733,35765|23733,36065|23733,36138|26754,31907|26754,32163|26774,31709|26774,32048|33119,32003|33119,32075|33119,32341|33119,32410|45326,2183|47038,31315|47038,31384|47038,31634|47038,31695
대하여 21033,6183|36663,12097
대한 36663,466|43111,20963|43111,26183|45997,25630|51013,13913
대해 19406,251|21815,241|27445,241|27798,241|27798,28976|28259,7570|31242,3342|33645,243|38917,32915|43111,250|45997,248|49792,734
대해서 19406,37240|28259,1155|28259,4725|43111,20054|43111,20332
대해서는 36663,3065
대해일 38161,5153|38161,5220
대형 36663,4733|36663,4937|36663,4967|36663,4997|36663,5089|36663,5122|36663,8867|36663,12200|36663,12756|38917,1605|42032,4584|43111,20998
대형목적 36663,5265|36663,12725
대형몬스터나 25899,22325
대형몬스터에게 25899,22240
대형뼈 19406,11603|19406,12385|19406,31853|21815,9439|21815,17967|21815,19468|23733,7783|24789,2641|24789,2929|24789,5575|25899,515|25899,2876|27445,12030|27445,12142|27445,12533|27445,13090|27445,18552|27445,20477|27445,30264|27798,4443|33013,6411|33013,6567|33119,3231|33119,12386|37097,5254|38917,13114|39826,3743|39826,7420|43111,943|43111,1129|45794,6942|45997,797|47038,3240|47038,5222
대형우선 36663,5153|36663,5186
대형최우선 36663,5056|36663,5287
대호두 37097,23893
대호안 33645,20077
대호염 25899,13672
대호종 35316,8868|35316,10129|45997,14513
대호철 49792,15113
대호포 43111,11942
대호혈 27798,16312
대호환 27445,24764
대화로 38917,29744
대황개다래 51013,16289
