0
17
44
61
82
103
123
144
165
186
206
227
245
263
280
298
312
340
360
381
398
414
431
448
464
488
505
520
544
626
714
730
1107
1221
1336
1450
1564
1678
1792
1906
2020
2911
3016
3033
3051
3070
3089
3148
3167
3187
3207
3228
3247
3265
3283
3302
3321
3340
3369
3388
3408
3428
3449
3468
3486
3504
3523
3542
3561
3578
3596
3614
3633
3650
3666
3682
3699
3716
3733
3749
3764
3835
3854
3874
3894
3915
3934
3952
3970
3989
4008
4027
4056
4075
4095
4115
4136
4155
4173
4191
4210
4229
4248
4265
4283
4301
4320
4337
4353
4369
4386
4403
4420
4440
4457
4475
