타겟 36663,4900|38917,3457
타겟이 36663,1267|36663,1588|45326,8725
타격 36663,5399|36663,5521|43111,21010
타격과 19406,35333
타격무기 36663,15399
타로스 39470,913|39470,5487|45766,958|45766,5483
타로스s가드 26774,13282
타로스s그리브 33119,13211
타로스s레깅스 33119,13332
타로스s레지스트 26754,13207
타로스s메일 26754,13093
타로스s암 26774,13162
타로스s캡 23733,15340
타로스s코트 47038,12833
타로스s폴드 47038,12721
타로스s헬름 23733,15225
타로스u 39470,7819|45766,7816
타로스u가드 26774,18149
타로스u그리브 33119,18003
타로스u레깅스 33119,18094
타로스u레지스트 26754,17997
타로스u메일 26754,17907
타로스u암 26774,18035
타로스u캡 23733,20653
타로스u코트 47038,17731
타로스u폴드 47038,17641
타로스u헬름 23733,20539
타로스가드 26774,2266
타로스그리브 33119,2202
타로스레깅스 33119,2322
타로스레지스트 26754,2130
타로스메일 26754,2040
타로스암 26774,2148
타로스캡 23733,2250
타로스코트 47038,2259
타로스폴드 47038,2185
타로스헬름 23733,2136
타무기에 43111,24315
타오르는 21239,5523|38161,436|38161,452|38161,4772|38161,4788|38161,5300|38161,5317
타이밍 36663,4756|36663,4912|36663,13401
타이밍에 36663,2159
타이밍이 38917,3244
타이탄그레네이드 24789,6312
타이탄그레네이드改 24789,14278
타이탄팬저 24789,27005
타이탄해머 27445,10156
타이탄해머g 27445,32471
타인이 51013,13376
타임업 36993,465|36993,634|36993,821|36993,991|36993,1169|36993,1328|36993,1505
타입 25899,22381|43111,23115
타입과 43111,23094
타입으로 43111,460
타입은 25899,21481|43111,24732
타입의 19406,35282
타케미카즈치 19406,10809
타켓 36663,11737
