랜덤 36663,11770|36663,11834|36663,12054|36663,12331|36663,12369
랜덤에 38917,6834
랜덤으로 33013,5892|36663,172|38917,9336|38917,9386|51013,17467
랜덤이기 42032,197
랜덤이므로 42032,131
랜덤인 45326,9931
랜스 19406,23|19406,34597|38917,27929|38917,28163|51013,9904
랜스는 19406,35474|19406,35553
랜스를 51013,9915
랜스에 19406,35969|19406,36849
랜스에서는 43111,24044
랜스와 19406,36423|43111,20366|43111,20879|43111,21035
랜스와의 43111,21547
랜스으로부터 43111,689|43111,4129|43111,7895|43111,10319|43111,14813|43111,15536|43111,16294|43111,16814
랜스의 19406,36060|19406,36151|19406,36472|19406,36827|31242,5777|43111,21733
랜스파생 43111,11417
