곤란한 51013,9824|51013,9869|51013,9911|51013,9953|51013,9997|51013,10043|51013,10105|51013,10164|51013,10206|51013,10248|51013,10291|51013,10383|51013,10439|51013,10494|51013,10549|51013,10605|51013,10727|51013,10782|51013,10838|51013,10892|51013,10948
곤충 38161,6495
곤충들만 33013,3444
곤충등의 45326,6503
곤충망 21033,1858|21239,1787|21239,4609|25030,472|25030,1562|25030,3282|25030,7905|25030,7983|25030,8093|29127,509|29127,2941|29127,5556|36760,1236|36760,2107|36760,6393|36760,6814|36760,7101|38917,3891|38917,4923|38917,4977|38917,5025|38917,5515|38917,10260|38917,33237|38917,33287|39826,735|39826,756|43998,675|43998,822|43998,1152|43998,1516|43998,1698|43998,3946|43998,5029|43998,5663|45326,6251|45326,6324|45326,6399|45326,6567|45326,6682|45326,6731|45326,6779|45326,6827
곤충망g 21033,1885|29127,590|29127,5628|38917,5560|39826,730|39826,751|39826,3327|39826,5800|39826,7047|45794,8068
곤충망의 42032,3844
곤충망이나 36663,13485
곤충망포인트 38917,33251
곤충망활어 36760,567|36993,2339|36993,6200
