교관 51013,8448
교섭술 42032,4384|42032,6188|42032,6339|42032,7102
교수 51013,7620
교아 49792,7942
교환 38917,796|38917,959|38917,1097|38917,1169|38917,1293|38917,1360|38917,1692|38917,2947|38917,3368|38917,4628|38917,4669|38917,5681|38917,8525|38917,8565|38917,8605|38917,8645|38917,8718|38917,8787|38917,29306|38917,29311|38917,31519|38917,31524|38917,31561|38917,31566|38917,31604|38917,31609|38917,31647|38917,31652|38917,32029|38917,33389|39826,23|39826,1187|39826,3280|39826,4786|39826,5758|39826,7005
교환아이템 39826,500|39826,520|39826,927|39826,947|39826,1340|39826,1360|39826,2978|39826,2998|39826,3428|39826,3448|39826,4343|39826,4363|39826,4868|39826,4888|39826,5578|39826,5598|39826,5883|39826,5903|39826,6783|39826,6803|39826,7130|39826,7150|39826,8494|39826,8514|39826,8914|39826,8934|39826,9344|39826,9364
교환으로 38917,33410
교환을 42032,4521
교환할배가 25030,356|36760,278|43998,191
교환할배와 38917,33398|42032,4507
