집g 38917,8654|38917,8727|38917,8796|38917,29079|38917,29117|38917,29170|38917,29203
집g전 38917,8833
집게가 38161,5803
집니다 36663,10812
집단연습 31242,3715
집단연습을 51013,13849
집단연습의 51013,8451
집단의 25030,9280
집단전에서는 28259,1713
집중 25899,22595|27798,28853|39470,4024|39470,9227|39470,9694|39470,12361|39470,13771|45326,5659|45766,4034|45766,9188|45766,9704|45766,10953|45766,12358|45766,13742
집중되는 36663,712
집중해서 28259,1627
집행인의도끼 21815,11836
집행인의도끼g 21815,33266
집회소 21239,280|21239,289|21239,293|21239,573|21239,582|21239,586|21239,855|21239,864|21239,868|21239,1173|21239,1182|21239,1186|21239,1553|21239,1562|21239,1566|21239,2072|21239,2081|21239,2085|21239,2909|21239,2918|21239,2922|21239,3207|21239,3216|21239,3220|21239,3583|21239,3592|21239,3596|21239,4003|21239,4012|21239,4016|21239,4320|21239,4329|21239,4333|21239,4829|21239,4838|21239,4842|21239,5469|21239,5481|21239,5485|25030,413|25030,422|25030,426|25030,1503|25030,1512|25030,1516|25030,2506|25030,2515|25030,2519|25030,3376|25030,3385|25030,3389|25030,4409|25030,4418|25030,4422|25030,5358|25030,5367|25030,5371|25030,6104|25030,6113|25030,6117|25030,6863|25030,6872|25030,6876|25030,7736|25030,7745|25030,7749|25030,8214|25030,8223|25030,8227|29127,4822|33013,343|33013,420|33013,548|33013,623|33013,704|33013,832|33013,974|33013,1058|33013,1173|33013,1256|33013,10620|36663,11415|36760,355|36760,364|36760,368|36760,737|36760,746|36760,750|36760,1714|36760,1723|36760,1727|36760,2365|36760,2374|36760,2378|36760,3681|36760,3690|36760,3694|36760,4391|36760,4400|36760,4404|36760,5107|36760,5116|36760,5120|36760,5830|36760,5839|36760,5843|36760,6619|36760,6628|36760,6632|36760,7530|36760,7539|36760,7543|36760,8463|36760,8472|36760,8476|36760,9142|36760,9151|36760,9155|39826,98|42032,1325|43998,273|43998,282|43998,286|43998,502|43998,511|43998,515|43998,967|43998,976|43998,980|43998,1383|43998,1392|43998,1396|43998,1890|43998,1899|43998,1903|43998,2168|43998,2177|43998,2181|43998,2481|43998,2490|43998,2494|43998,2751|43998,2760|43998,2764|43998,3341|43998,3350|43998,3354|43998,3999|43998,4008|43998,4012|43998,4382|43998,4391|43998,4395|43998,4644|43998,4653|43998,4657|43998,5249|43998,5258|43998,5262|43998,6017|43998,6026|43998,6030|51013,692|51013,724|51013,755|51013,786|51013,818|51013,849|51013,882|51013,913
집회소g 29127,1573|33013,750|33013,1102
집회소のg 51013,944|51013,978|51013,1011
집회소긴급 29127,6065|51013,15763
집회소에서 51013,13423|51013,13501|51013,13582|51013,15124|51013,15198|51013,15271
집회소의 36993,64|51013,1049|51013,15352
집회소퀘스트 51013,13450|51013,13528|51013,13609
집회소퀘스트g 51013,15152|51013,15227|51013,15299
집회장 29127,1542
