태고룡골 19406,13249|21815,32526|23733,35068|23733,35266|25899,15600|26754,30746|26754,31449|26754,31913|26774,31245|27445,32212|27445,32730|27445,34662|33119,32296|38917,12832|43111,17206|45997,1605|45997,7460|45997,9250|47038,30814
태고의 38161,4549|38161,4600
태고의괴 21239,2687|24789,21540|24789,37852|25030,7393|36760,9005|38917,27945|43998,5469
태고의봉형괴 19406,25387|19406,31492|21239,2708|36760,9027|38917,28132|43998,5479
태고의용목 19406,32739|23733,36215|24789,37839|25899,14999|26754,32305|26774,32191|27798,13690|27798,20946|33119,32474|33645,25621|37097,24549|38917,26060|39826,9068|43111,13052|43111,13104|43111,14681|45997,15825|45997,15870|45997,16093|47038,31757|49792,20042|49792,20086
태고의용태 19406,29368|23733,36202|25899,15007|26754,32292|38917,25977|39826,3103|43111,13112|45794,7080|45997,15833|45997,15878|47038,31749|49792,20094|49792,20282
태고의작은괴 21239,2720|21239,5040|27798,18907|27798,24733|33645,28803|36760,9015|38917,28084
태고의큰괴 21239,2697|21239,5052|27445,21988|27445,34132|36760,9039|38917,28038
태고의판형괴 21239,2732|21815,26264|21815,31828|25030,7403|36760,9050|38917,27991
태극 27798,17879
태도 49792,24|49792,21287|49792,21413|49792,26031
태도는 49792,26777
태도를 51013,10168
태도선 49792,21672|49792,21805|49792,21980
태도와 21815,35046
태도은 49792,26924
태도의 31242,5602|33645,32179|45326,5694|45326,5757
태도파생 21815,3732|21815,3794|21815,4537|21815,7395|21815,8491|21815,13373|21815,18437|21815,19685|21815,19931|21815,21294|21815,25671
태양 38161,8083
태풍 27798,11698
