봉룡검 21815,21582|21815,21747|21815,21934|21815,34149|27798,19113|27798,19286|33645,18710|33645,28656
봉룡보검c 33645,21782
봉룡보검g 33645,31436
봉룡복린 33119,32822
봉룡사 51013,5156
봉룡중각 26774,32575|33119,32829
봉룡창 19406,22690|19406,22874|19406,23070|19406,34474
봉룡천조 26774,32587
봉마 35316,6294|35316,9823|45997,15063
봉천옥 26774,32612|33119,32844
봉천의곡옥 51013,15743
봉형의뼈 19406,11490|19406,11639|19406,21489|19406,28536|21033,1752|21033,1779|21033,1811|21239,3378|21239,3417|21239,3817|21239,3843|21239,4468|21239,4507|25030,2886|25030,2911|25030,3038|25030,3055|25030,5146|25030,5163|25899,2243|27445,27685|27798,3973|33013,6205|36760,2658|38917,12993|39826,1730|39826,3497|39826,3727|39826,7358|39826,7380|39826,7442|39826,7492|49792,7584
