0
586698
635531
638274
643074
643202
643220
643249
643269
643544
643562
643583
643601
643621
643640
643659
643676
643696
643729
643788
644184
644440
644473
644493
644522
644540
644559
644579
644598
644719
644760
644814
644834
644852
644872
644891
645113
645132
645153
645172
645193
645213
645232
645253
645272
645404
645424
645464
645505
645545
645566
645675
645692
645709
645728
645927
645948
646156
646189
646207
646238
646257
646429
646450
646469
646489
646507
646526
646545
646715
646732
646751
646771
646811
646852
646893
646932
646972
647011
647051
647089
647130
647171
647212
647253
647292
647332
647371
647412
647451
647492
647532
647573
647614
647654
647694
647735
647776
647817
647858
647899
647940
647981
648021
648062
648102
648123
648140
648156
648173
648202
648220
648434
648449
650206
650339
650358
650376
650398
650419
650456
656522
656545
656563
656583
656601
656641
656658
656677
656697
656718
656752
656908
656926
656965
656984
657005
657023
657222
657242
657262
657280
657298
657491
657519
657538
657558
657577
657596
657616
657800
657840
657860
657880
657899
657920
657940
658136
658176
658217
658258
658299
658339
658380
658421
658462
658501
658540
658581
658621
658662
658703
658743
658784
658825
658866
658906
658947
658987
659028
659069
659108
659149
659190
659230
659271
659312
659352
659393
659431
659472
659513
659554
659595
659635
659675
659716
659756
659795
659835
659874
659913
659953
659993
660034
660074
660115
660156
660197
660238
660279
660320
660361
660401
660442
660482
660523
660563
660603
660644
660684
660725
660766
660807
660846
660886
660926
660967
661006
661047
661087
661128
661169
661210
661248
661289
661330
661370
661411
661452
661493
661534
661574
661615
661656
661697
661738
661779
661819
661859
661897
661935
661974
662013
662053
662093
662132
662172
662212
662252
662291
662330
662370
662409
662449
662488
662528
662568
662608
662648
662689
662730
662771
662812
662853
662893
662934
662975
663016
663056
663096
663137
663178
663219
663260
663301
663342
663383
663424
663464
663504
663544
663585
663626
663667
663707
663747
663787
663828
663869
663910
663951
663991
664031
664072
664113
664153
664193
664234
664275
664315
664356
664396
664437
664478
664519
664560
664601
664641
664681
664722
664762
664803
664843
664884
664924
664964
665004
665045
665085
665125
665166
665206
665247
665287
665327
665367
665408
665449
665490
665530
665571
665612
665653
665692
665731
665771
665812
665852
665892
665933
665973
666013
666054
666095
666133
666173
666214
666254
666294
666333
666373
666413
666453
666494
666535
666576
666616
666655
666695
666735
666775
666816
666856
666896
666935
666976
667017
667058
667098
667138
667178
667217
667258
667299
667339
667380
667421
667461
667502
667542
667583
667624
667665
667706
667745
667786
667827
667867
667907
667947
667988
668027
668068
668107
668148
668188
668228
668267
668306
668347
668387
668427
668467
668508
668548
668589
668630
668668
668709
668748
668788
668829
668869
668910
668951
668991
669031
669070
669110
669149
669190
669231
669272
669312
669353
669394
669435
669475
669515
669556
669595
669634
669675
669716
669757
669798
669838
669877
669917
669958
669999
670039
670080
670121
670161
670201
670242
670281
670320
670360
670401
670442
670483
670522
670563
670603
670644
670685
670725
670766
670806
670845
670886
670927
670966
671007
671047
671086
671126
671166
671207
671248
671289
671330
671369
671409
671450
671490
671530
671571
671612
671652
671693
671733
671774
671813
671854
671894
671935
671976
672017
672058
672097
672136
672177
672218
672258
672299
672339
672379
672420
672461
672502
672542
672582
672622
672660
672700
672740
672781
672820
672860
672901
672942
672983
673022
673063
673104
673145
673186
673227
673267
673307
673347
673387
673428
673469
673510
673548
673589
673629
673669
673709
673748
673789
673829
673870
673911
673952
673992
674032
674073
674114
674155
674196
674236
674276
674314
674354
674395
674435
674476
674516
674556
674596
674636
674677
674718
674758
674799
674838
674879
674918
674958
674998
675039
675080
675120
675161
675202
675243
675284
675325
675366
675406
675447
675488
675528
675568
675607
675646
675685
675725
675766
675807
675846
675886
675926
675966
676006
676046
676086
676127
676168
676208
676249
676290
676330
676370
676411
676452
676492
676533
676573
676614
676654
676694
676734
676775
676815
676856
676897
676938
676979
677019
677060
677099
677139
677179
677219
677260
677301
677342
677382
677423
677462
677502
677543
677582
677622
677663
677702
677743
677783
677822
677863
677902
677942
677982
678023
678064
678103
678143
678403
678444
678485
678524
678563
678604
678645
678685
678726
678766
678806
678845
678886
678927
678968
679008
679047
679088
679129
679149
679166
679186
679205
679388
679408
679427
679446
679466
679613
679641
679661
679680
679701
679737
681156
681275
681293
681310
681329
681360
681521
681541
681562
681586
681606
681625
681784
681805
681823
681843
681861
681881
681903
681920
681939
682133
682154
682175
682194
682235
682254
682475
682494
682515
682536
682554
682573
682593
682776
682793
682811
682830
682862
683032
683049
683069
683090
683110
683130
683150
683324
683343
683362
683402
683443
683484
683525
683543
683562
683584
683603
683640
683835
683854
683881
683901
683920
683941
684088
684109
684129
684145
685658
685788
685808
685828
685846
685865
685895
686068
686101
686120
686137
686157
686176
686395
686415
686432
686471
686512
686553
686594
686635
686675
686714
686753
686773
686793
686979
686997
687016
687198
687218
687236
687256
687275
687315
687355
687395
687435
687475
687516
687557
687597
687637
687678
687718
687759
687799
687839
687879
687920
687961
688002
688043
688084
688123
688164
688204
688245
688286
688327
688368
688409
688448
688488
688528
688568
688608
688647
688688
688729
688770
688811
688852
688893
688934
688974
689014
689054
689094
689135
689175
689216
689257
689297
689338
689377
689416
689456
689496
689536
689575
689615
689655
689695
689736
689777
689817
689858
689898
689936
689977
690016
690056
690097
690138
690178
690219
690260
690300
690339
690380
690421
690462
690502
690542
690583
690624
690665
690705
690746
690785
690824
690863
690904
690945
690984
691023
691062
691101
691142
691181
691222
691263
691303
691344
691385
691424
691463
691503
691544
691582
691621
691662
691702
691743
691784
691825
691866
691907
691948
691989
692030
692070
692111
692151
692191
692232
692273
692314
692355
692396
692436
692477
692518
692558
692598
692639
692680
692721
692876
692895
692914
692933
693102
693262
693282
693301
693534
693553
693699
693718
693738
693756
693778
693797
693836
693937
693953
693969
695907
696016
696037
696057
696228
696249
696269
696289
696330
696512
696533
696553
696572
696720
696737
696756
696776
696795
696814
696832
696850
697035
697057
697074
697093
697440
697459
697489
697731
697751
697947
697967
698008
698026
698234
698912
699073
699091
699109
699128
699168
699183
699209
699226
701267
701466
701485
701504
701521
701656
701675
701694
701851
701870
701889
701909
701928
702076
702095
702226
702245
702444
702473
702671
702690
702717
702737
702759
702778
702797
702827
702848
702865
702882
702901
703058
703077
703095
703319
703339
703512
703528
703555
705264
705373
705393
705412
705573
705595
705614
705653
705836
705983
706002
706019
706215
706232
706252
706272
706291
706473
706492
706663
706682
706702
706721
706957
706977
706995
707014
707033
707068
707262
707281
707301
707320
707338
707357
707490
707530
707571
707612
707653
707692
707733
707774
707815
707855
707874
707891
709420
709529
709547
709566
709712
709781
709896
709915
709933
710142
710160
710178
710195
710228
710452
710474
710492
710686
710706
710725
710746
710765
710784
710968
710987
711005
711152
711173
711213
711253
711293
711334
711354
711489
711508
711529
711551
711572
711768
711806
711845
711884
711923
711962
712003
712044
712085
712126
712167
712208
712249
712289
712330
712371
712412
712453
712494
712535
712576
712617
712658
712699
712718
712889
712908
712934
712952
714676
714785
714805
714822
714839
714858
715030
715049
715212
715232
715324
715510
715527
715546
715565
715584
715779
715899
715917
715935
715953
715972
716143
716162
716345
716364
716598
716617
716636
716847
716868
716885
716907
716926
716942
716960
718605
718725
718743
718762
719119
719138
719157
719327
719560
719579
719899
719920
719941
719960
720131
720185
720207
720382
720401
720422
720441
720532
720691
720710
720729
720963
720982
721001
721088
721275
721292
721311
721332
721351
721575
721592
721679
721715
721744
721794
721845
721865
721885
721901
721920
721940
721985
722003
722052
722101
722261
722279
722308
722330
722346
722791
722806
723343
723568
723584
743159
744619
744811
744828
744847
744888
744929
744970
745011
745052
745093
745119
745138
745156
745175
745194
745212
745233
745251
745270
745289
745516
745539
745558
745579
745597
745782
745807
745825
745842
746036
746077
746118
746159
746200
746241
746282
746301
746319
746338
746485
746504
746663
746689
746712
746873
746892
746914
746935
746954
746973
747158
747176
747195
747229
747248
747498
747539
747580
747754
747779
747797
747814
747829
747845
747861
747879
749540
749660
749681
749700
749717
749739
749757
749778
749796
749980
749996
750018
750036
750058
750076
750102
750121
750294
750319
750336
750353
750369
750390
750602
750620
750637
750658
750675
750847
750866
750885
750903
750922
750941
750981
751021
751192
751212
751237
751433
751451
751476
751632
751657
751852
751871
751912
751953
751994
752035
752053
752222
752264
752284
752302
752318
752336
754252
754384
754403
754421
754605
754625
754643
754662
754687
754845
754870
754891
754910
754937
754956
755114
755136
755155
755174
755192
755212
755230
755270
755310
755350
755391
755431
755471
755511
755551
755591
755632
755672
755713
755753
755793
755833
755874
755915
755955
755995
756036
756077
756118
756158
756199
756240
756281
756322
756363
756404
756445
756486
756524
756565
756605
756646
756687
756728
756768
756808
756849
756889
756929
756969
757010
757050
757091
757132
757173
757213
757254
757294
757333
757373
757413
757453
757494
757535
757575
757615
757656
757696
757737
757777
757796
758020
758038
758056
758076
758094
758113
758334
758356
758376
758395
758414
758431
758450
758595
758614
758825
758845
758863
758882
758904
758923
759108
759134
759152
759178
759204
759230
759256
759282
759308
759334
759360
759386
759412
759431
759627
759653
759679
759698
759717
759743
759769
759787
759813
759831
761334
761454
761474
761503
761521
761540
761559
761578
761596
761616
761635
761855
761872
761890
761909
761928
761948
761969
762112
762133
762151
762171
762302
762321
762352
762369
762388
762522
762540
762661
762679
762698
762715
762754
762773
763187
763206
763232
763250
763434
763453
763472
763680
763700
763719
763738
763899
763921
763940
763961
763977
763995
766232
766364
766385
766405
766602
766621
766642
766662
766681
766699
767001
767027
767065
767106
767146
767184
767202
767220
767240
767279
767462
767481
767500
767709
767749
767771
767792
767818
767837
767854
768059
768078
768097
768135
768176
768216
768257
768278
768537
768557
768756
768904
768923
768942
769148
769167
769207
769228
769244
770594
770946
770963
770982
771001
771018
771241
771266
771286
771484
771503
771521
771540
771700
771718
771737
771769
771788
771805
772027
772046
772190
772208
772229
772248
772458
772477
772499
772538
772578
772617
772657
772696
772737
772777
772816
772857
772897
772937
772977
773017
773057
773098
773139
773179
773217
773257
773297
773338
773378
773419
773459
773499
773540
773580
773620
773817
773838
773856
773877
773898
773917
774091
774110
774129
774264
774284
774302
774321
774347
775803
775937
775954
775975
775994
776013
776043
776065
776086
776311
776331
776350
776548
776567
776586
776605
776789
776922
776942
777128
777155
777175
777202
777375
777394
777411
777505
777642
777661
777942
777963
777982
778001
778020
778202
778220
778368
778388
778407
778434
778461
778497
778514
780369
780491
780508
780549
780567
780851
780878
780896
780915
780934
781095
781116
781137
781157
781184
781211
781232
781254
781273
781408
781427
781446
781616
781775
781794
781821
781848
781875
782021
782039
782057
782230
782252
782462
782480
782508
782525
782566
782605
782646
782686
782726
782766
782807
782848
782888
782957
782998
783038
783078
783118
783316
783357
783373
785388
785509
785526
785542
785561
785583
785744
785956
785994
786242
786269
786290
786329
786349
786376
786393
786420
786568
786589
786788
786806
786825
786846
787031
787050
787069
787107
787134
787281
787300
787654
787839
787858
787880
787899
789951
790116
790135
790152
790169
790188
790205
790224
790243
790448
790467
790651
790670
790711
790857
790877
790895
790914
790936
790968
790985
791119
791137
791158
791292
791311
791329
791369
791410
791451
791491
791532
791573
791614
791655
791695
791736
791777
791817
791855
791895
791935
791975
792016
792055
792095
792136
792423
792442
792461
792657
792674
792693
792712
792730
792925
792944
792963
793149
793168
793187
793206
793246
793287
793326
793367
793407
793448
793487
793526
793567
793607
793647
793687
793725
793766
793804
793844
793883
793924
793964
794005
794045
794084
794125
794166
794206
794246
794286
794327
794367
794408
794449
794489
794530
794570
794610
794650
794669
794695
794714
794767
794803
794830
794875
794918
795114
795163
795181
795296
818649
819966
820919
820936
820957
821180
821199
821218
821237
821256
821438
821456
821477
821496
821670
821690
821709
821728
821748
821920
821938
821959
822194
822212
822372
822390
822417
822457
822479
822498
822685
822706
822727
822745
822763
822782
822801
822987
823006
823024
823043
823062
823338
823356
823374
823393
823413
823432
823453
823485
823504
823688
823709
823727
823746
823764
823865
825758
841942
841958
841976
841998
842047
842066
842085
842103
842338
842356
842375
842618
842636
842656
842675
842705
842721
842740
842832
842989
843006
843025
843044
843231
843248
843267
843288
843525
843544
843561
843771
843790
843809
843828
843845
844031
844176
844193
844214
844232
844251
844269
844298
844483
844502
844528
846220
846340
846362
846381
846673
846718
846740
846758
846778
847002
847024
847047
847087
847105
847376
847395
847441
847460
847485
847710
847729
847755
847772
847932
847951
847970
848117
848136
848153
848171
848193
848352
848370
848389
848408
848427
848598
848617
848636
848657
848674
848881
848900
848919
848936
848954
850518
850638
850667
850694
850715
850733
850751
850782
850800
850818
851002
851021
851038
851184
851203
851229
851248
851405
851422
851440
851459
851479
851664
851682
851701
851718
851737
851960
851977
851995
852015
852033
852052
852071
852232
852251
852412
852431
852450
852470
852602
852624
852782
852801
852818
852837
852853
854881
854990
855011
855029
855055
855237
855255
855399
855419
855440
855458
855606
855632
855651
855673
855694
855713
855871
855897
855916
855934
856095
856114
856132
856151
856170
856189
856218
856237
856395
856414
856431
856615
856655
856695
856736
856776
856816
856856
856896
856936
856975
857016
857057
857077
857096
857371
857390
857409
857583
857599
857616
857634
857861
859476
859647
859663
859684
859702
859720
859881
859900
859921
859940
859960
859980
860213
860232
860251
860270
860482
860500
860531
860550
860569
860588
860607
860626
860811
860830
860847
860866
860887
860906
860936
860955
861088
861110
861128
861149
861168
861187
861347
861366
861387
861405
861423
861610
861628
861648
861831
861849
861868
861886
861905
862103
862123
862142
862164
862205
862224
863801
863923
863941
863959
863988
864006
864154
864172
864190
864209
864228
864389
864407
864425
864649
864668
864892
864909
865104
865123
865142
865160
865345
865366
865384
865592
865611
865927
865946
865963
865982
866116
866134
866155
866180
866198
866214
867689
867822
867843
867861
867878
867897
867916
868113
868135
868154
868179
868198
868217
868536
868555
868574
868593
868612
868809
868828
868847
868866
869051
869070
869095
869120
869315
869340
869359
869377
869396
869596
869615
869637
869823
869842
869861
869880
870060
870081
870099
870298
870317
870333
872122
872287
872305
872323
872342
872361
872507
872526
872542
872747
872766
872784
872805
872823
872983
873002
873021
873039
873058
873275
873294
873441
873461
873480
873501
873521
873704
873723
873908
873930
874148
874167
874188
874207
874228
874401
874420
874436
875817
875939
875958
875978
875997
876016
876236
876255
876274
876293
876428
876448
876470
876488
876507
876681
876700
876835
876854
876872
876892
877113
877132
877151
877176
877196
877357
877376
877395
877414
877434
877454
877654
877675
877887
877907
877926
877947
877966
877986
878183
878204
878222
878240
878259
878295
878342
878380
878406
878428
878501
878520
878547
878589
878629
878837
878886
878904
879339
879377
900454
901488
901752
901769
901790
901811
901829
901850
901940
902126
902145
902163
902180
902339
902359
902377
902395
902413
902433
902452
902648
902667
902684
902703
902721
902740
902914
902936
902955
903166
903184
903344
903365
903552
903751
903770
903789
903811
903852
903873
903892
903911
904144
904163
904182
904200
904216
905791
905913
905934
905973
906014
906055
906095
906136
906176
906217
906258
906299
906340
906381
906422
906463
906481
906502
906519
906538
906595
906613
906631
906790
906808
906829
906850
907009
907027
907046
907180
907197
907215
907232
907253
907375
907401
907418
907435
907633
907652
907673
907713
907753
907794
907834
907875
907916
907957
907998
908039
908079
908120
908160
908199
908240
908280
908320
908360
908400
908440
908481
908522
908562
908603
908643
908683
908723
908764
908805
908846
908887
908927
908968
909007
909047
909088
909128
909167
909208
909248
909288
909328
909367
909408
909448
909488
909529
909569
909609
909650
909691
909732
909773
909814
909853
909894
909933
909972
910012
910051
910091
910132
910173
910214
910253
910293
910332
910372
910413
910453
910492
910533
910573
910614
910655
910695
910735
910775
910816
910857
910898
910938
910978
911019
911058
911099
911139
911180
911221
911262
911300
911341
911381
911422
911463
911503
911544
911583
911624
911665
911705
911746
911786
911825
911866
911906
911947
911988
912028
912068
912108
912148
912189
912227
912268
912309
912350
912391
912431
912472
912512
912552
912593
912634
912675
912715
912755
912794
912835
912875
912916
912955
912995
913036
913077
913118
913159
913200
913241
913281
913322
913363
913404
913445
913486
913527
913568
913609
913650
913691
913730
913771
913812
913853
913894
913935
913976
914017
914058
914099
914140
914181
914222
914263
914304
914344
914385
914426
914467
914508
914549
914590
914631
914671
914712
914753
914794
914835
914876
914917
914958
914999
915040
915081
915122
915163
915204
915245
915285
915326
915365
915406
915447
915488
915529
915570
915611
915652
915693
915733
915772
915812
915852
915892
915932
915972
916013
916054
916095
916134
916174
916215
916256
916297
916338
916379
916420
916461
916657
916676
916695
916841
916858
916877
916896
916915
917075
917094
917135
917175
917214
917255
917296
917337
917377
917418
917459
917500
917540
917580
917619
917660
917698
917739
917780
917820
917861
917902
917943
917984
918025
918066
918107
918148
918189
918229
918270
918311
918350
918389
918428
918469
918510
918551
918592
918632
918672
918712
918752
918793
918834
918875
918915
918956
918997
919038
919079
919119
919160
919201
919242
919283
919324
919365
919406
919446
919487
919527
919568
919609
919650
919691
919732
919773
919814
919855
919896
919936
919977
920017
920036
920055
920278
920297
920315
920334
920352
922304
922425
922442
922464
922482
922849
922870
923063
923082
923103
923248
923267
923288
923307
923328
923511
923532
923551
923569
923588
923609
923628
923646
923804
923826
923844
923863
924519
924536
924556
924576
924594
924621
924638
924659
924853
924874
924893
924914
924938
924957
924975
925015
925055
925095
925135
925175
925215
925255
925295
925467
925486
925504
925523
925541
925560
925579
925749
925768
925784
925906
925924
927734
927830
927851
927892
927933
927973
928014
928034
928051
928069
928090
928289
928308
928506
928527
928548
928567
928905
929032
929149
929168
929207
929245
929392
929410
929428
929447
929606
929625
929644
929829
929846
929865
929887
929906
929925
930086
930106
930125
930298
930314
930333
930354
930476
930495
930512
931711
931820
931838
931857
931876
932049
932068
932090
932263
932282
932301
932461
932482
932501
932699
932718
932737
932934
932953
932972
932991
933445
933464
933611
933630
933791
933809
933828
933863
934088
934107
934148
934189
934229
934270
934310
934350
934390
934430
934471
934512
934551
934591
934631
934671
934712
934752
934792
934832
934871
934912
934953
934994
935035
935076
935117
935158
935197
935237
935277
935316
935356
935395
935433
935473
935514
935555
935596
935636
935676
935716
935756
935797
935837
935877
935918
935959
936000
936040
936079
936118
936157
936195
936234
936274
936315
936356
936396
936437
936477
936517
936558
936598
936638
936678
936719
936758
936798
936839
936879
936920
936959
936999
937040
937081
937121
937161
937202
937243
937284
937325
937365
937406
937447
937488
937526
937566
937607
937648
937687
937727
937767
937807
937848
937889
937929
937968
938009
938050
938091
938130
938170
938209
938249
938290
938330
938370
938410
938451
938492
938533
938574
938614
938655
938696
938737
938778
938819
938860
938900
938940
938980
939020
939060
939101
939141
939182
939222
939262
939302
939343
939384
939424
939465
939506
939546
939586
939627
939667
939707
939747
939788
939829
939869
939909
939950
939991
940032
940072
940112
940152
940193
940233
940273
940314
940355
940394
940434
940474
940514
940555
940596
940636
940676
940717
940757
940796
940837
940877
940918
940958
940998
941039
941079
941096
941112
942929
943040
943059
943078
943096
943228
943433
943452
943471
943490
943649
943668
943690
943847
943884
943902
943921
943939
943958
943977
944187
944205
944399
944418
944565
944586
944605
944624
944644
944664
944798
944815
944837
944856
944875
945110
945129
945363
945382
945399
945415
947061
947169
947187
947228
947247
947281
947306
947466
947485
947504
947701
947720
947877
947895
947916
948110
948130
948151
948172
948191
948210
948357
948398
948439
948479
948520
948561
948580
948789
948808
948836
948971
948989
949010
949177
949196
949215
949234
949250
949269
949452
949474
949492
949508
951137
951233
951251
951270
951588
951605
951646
951687
951728
951768
951809
951850
951891
951932
951973
952014
952055
952096
952122
952140
952159
952178
952416
952433
952452
952471
952490
952508
952557
952757
952774
952796
952978
952999
953146
953165
953184
953225
953266
953306
953347
953387
953428
953468
953509
953550
953591
953631
953672
953711
953751
953792
953832
953873
953913
953953
953994
954035
954075
954115
954156
954197
954237
954277
954317
954358
954399
954439
954480
954521
954562
954601
954642
954683
954724
954765
954805
954845
954886
954927
954968
955009
955050
955090
955131
955172
955212
955252
955291
955332
955371
955411
955451
955491
955530
955570
955611
955652
955691
955731
955772
955813
955854
955894
955933
955972
956012
956053
956094
956134
956175
956216
956256
956297
956338
956379
956419
956458
956631
956790
956809
956828
956847
957044
957063
957208
957227
957245
959018
959114
959132
959151
959310
959328
959475
959496
959515
959696
959713
959730
959748
960059
960080
960240
960260
960282
960299
960421
960440
960457
960476
960516
960556
960595
960636
960677
960717
960758
960799
960840
960880
961027
961045
961063
961181
961222
961263
961304
961322
961340
961360
961520
961542
961568
961586
964056
964149
964167
964340
964357
964377
964395
964416
964626
964644
964679
964853
964874
964893
964914
965044
965063
965080
965248
965272
965311
965351
965391
965432
965472
965511
965552
965593
965632
965673
965713
965753
965794
965835
965875
965916
965957
965998
966039
966080
966121
966161
966201
966241
966280
966321
966361
966402
966442
966483
966524
966564
966603
966643
966683
966724
966765
966806
966847
966887
966928
966968
967008
967048
967088
967129
967169
967210
967250
967291
967332
967372
967390
967408
967438
967622
967654
967839
968021
968060
968100
968141
968181
968221
968262
968302
968343
968383
968422
968463
968503
968542
969003
969021
969040
969056
969085
969100
969114
969150
969171
969206
969226
969251
969268
969416
969445
969463
969480
969496
969511
995181
1000849
1001123
1001235
1001267
1001286
1001304
1001323
1001461
1001655
1001674
1001696
1001866
1001885
1001904
1002128
1002147
1002368
1002389
1002407
1002566
1002584
1002624
1002665
1002706
1002725
1002937
1002959
1002978
1002996
1003015
1003034
1003053
1003072
1003251
1003270
1003467
1003487
1003506
1003524
1003736
1003755
1003772
1003802
1003871
1003889
1003906
1005382
1005503
1005524
1005541
1005559
1005576
1005724
1005740
1005759
1005779
1005926
1005944
1005963
1005982
1006001
1006029
1006048
1006067
1006263
1006281
1006298
1006316
1006334
1006353
1006500
1006528
1006546
1006574
1006733
1006754
1006771
1006791
1006808
1006826
1007037
1007056
1007075
1007259
1007280
1007302
1007475
1007507
1007526
1007547
1007704
1007723
1007759
1007777
1009575
1009683
1009700
1009719
1009738
1009756
1009774
1009794
1010003
1010024
1010043
1010062
1010080
1010112
1010129
1010299
1010321
1010342
1010360
1010379
1010398
1010415
1010434
1010451
1010485
1010732
1010753
1010939
1010958
1010976
1010994
1011015
1011250
1011269
1011288
1011307
1011529
1011547
1011565
1011584
1011611
1011630
1011649
1011846
1011864
1011884
1011904
1011923
1011941
1011959
1011976
1011995
1012218
1012236
1012254
1012274
1012389
1012457
1012478
1013009
1013101
1013121
1013140
1013158
1013176
1013197
1013218
1013236
1014877
1014997
1015017
1015037
1015056
1015076
1015096
1015115
1015134
1015153
1015183
1015202
1015221
1015240
1015260
1015279
1015299
1015319
1015341
1015361
1015389
1015561
1015578
1015597
1015616
1015751
1015770
1015789
1015937
1015959
1015978
1015995
1016016
1016036
1016260
1016279
1016297
1016316
1016566
1016700
1016721
1016741
1016761
1016781
1016800
1016819
1016837
1017035
1017054
1017073
1017092
1017264
1017286
1017305
1017448
1017467
1017486
1017505
1017524
1017540
1017558
1019111
1019220
1019241
1019258
1019277
1019296
1019442
1019461
1019482
1019501
1019623
1019664
1019859
1019878
1019896
1019915
1020059
1020099
1020139
1020158
1020178
1020199
1020218
1020390
1020574
1020593
1020779
1020940
1020961
1020980
1021001
1021019
1021038
1021057
1021076
1021097
1021332
1021351
1021368
1021390
1021416
1021445
1022871
1022949
1022970
1022988
1023159
1023178
1023197
1023377
1023398
1023416
1023435
1023621
1023661
1023701
1023741
1023781
1023821
1023861
1023901
1023941
1023981
1024021
1024061
1024079
1024098
1024257
1024279
1024298
1024317
1024336
1024532
1024552
1024572
1024612
1024652
1024692
1024733
1024773
1024813
1024853
1024894
1024935
1024975
1025015
1025055
1025096
1025137
1025177
1025217
1025258
1025299
1025339
1025380
1025421
1025461
1025502
1025542
1025583
1025624
1025664
1025704
1025745
1025786
1025827
1025868
1025908
1025949
1025990
1026031
1026071
1026111
1026152
1026193
1026234
1026273
1026314
1026355
1026395
1026436
1026477
1026518
1026559
1026600
1026640
1026681
1026722
1026763
1026804
1026843
1027014
1027175
1027333
1027362
1027380
1027559
1027578
1027597
1027638
1027678
1027718
1027759
1027800
1027840
1027879
1027918
1027958
1027999
1028038
1028079
1028118
1028158
1028176
1028193
1028212
1028233
1028251
1029552
1029670
1029689
1029729
1029745
1029764
1029783
1029930
1029949
1029968
1030101
1030120
1030215
1030233
1030367
1030386
1030405
1030576
1030594
1030616
1030724
1030843
1030862
1030879
1030899
1030918
1031053
1031071
1031285
1031304
1031326
1031342
1031360
1032888
1032984
1033006
1033027
1033068
1033109
1033127
1033335
1033356
1033374
1033393
1033434
1033605
1033640
1033661
1033679
1033698
1033875
1033894
1034065
1034085
1034232
1034253
1034272
1034469
1034488
1034507
1034615
1034656
1034697
1034738
1034779
1034820
1034861
1034902
1034943
1034983
1035024
1035065
1035106
1035147
1035188
1035229
1035270
1035311
1035351
1035391
1035431
1035470
1035511
1035552
1035593
1035634
1035675
1035716
1035757
1035798
1035839
1035880
1035921
1035962
1036001
1036042
1036081
1036121
1036161
1036201
1036241
1036281
1036322
1036361
1036401
1036440
1036480
1036519
1036559
1036599
1036638
1036679
1036720
1036761
1036802
1036841
1036881
1036922
1036963
1037004
1037045
1037085
1037126
1037167
1037207
1037248
1037286
1037324
1037364
1037405
1037445
1037483
1037524
1037565
1037606
1037646
1037685
1037726
1037764
1037805
1037824
1037994
1038013
1038032
1038128
1038149
1038175
1038193
1039753
1040042
1040072
1040268
1040286
1040308
1040326
1040345
1040504
1040525
1040672
1040690
1040709
1040852
1041009
1041028
1041195
1041217
1041238
1041408
1041554
1041573
1041592
1041735
1041754
1041800
1041818
1043284
1043379
1043397
1043438
1043479
1043508
1043655
1043674
1043693
1043826
1043844
1043863
1044018
1044037
1044184
1044203
1044224
1044243
1044261
1044409
1044428
1044446
1044667
1044688
1044706
1044724
1044763
1044803
1044843
1044875
1044894
1045084
1045106
1045265
1045284
1045305
1045324
1045343
1045362
1045383
1045516
1045535
1045576
1045617
1045643
1045661
1045676
1045711
1045734
1045751
1045775
1045833
1045848
1045876
1045894
1045911
1045932
1046068
1046086
1046126
1046153
1046181
1048056
1048071
1048086
1082132
1084154
1085721
1085738
1085906
1085924
1085943
1086009
1086182
1086224
1086243
1087054
1087074
1087096
1087150
1087169
1087366
1087385
1087404
1087599
1087616
1087635
1087654
1087826
1087845
1088340
1088359
1088380
1088399
1088533
1088551
1088570
1088587
1088894
1089050
1089090
1089126
1089144
1089163
1089181
1089200
1089229
1089485
1091228
1091337
1091357
1091376
1091395
1091414
1091442
1091461
1091645
1091686
1091726
1091767
1091808
1091848
1091888
1091929
1091970
1092010
1092051
1092090
1092131
1092171
1092211
1092252
1092290
1092331
1092372
1092412
1092451
1092492
1092533
1092574
1092614
1092654
1092695
1092736
1092777
1092818
1092859
1092900
1092941
1092982
1093023
1093064
1093103
1093144
1093185
1093225
1093266
1093306
1093347
1093387
1093428
1093469
1093510
1093551
1093592
1093633
1093674
1093715
1093756
1093797
1093838
1093878
1093919
1093960
1094000
1094041
1094082
1094122
1094163
1094204
1094245
1094285
1094304
1094323
1094342
1094361
1094380
1094539
1094556
1094575
1094594
1094764
1094783
1094825
1094846
1094868
1095129
1095158
1095177
1095196
1095217
1095389
1095410
1095429
1095448
1095581
1095600
1095628
1095647
1095817
1095836
1095854
1095873
1095890
1096124
1096145
1096164
1096183
1096202
1096411
1096430
1096449
1096465
1096483
1096502
1097870
1097966
1097998
1098247
1098443
1098462
1098635
1098654
1098674
1098716
1098735
1098753
1098926
1098945
1098964
1098983
1099168
1099185
1099204
1099223
1099393
1099412
1099439
1099458
1099617
1099634
1099655
1099683
1099923
1099942
1099961
1099979
1100137
1100159
1100177
1100203
1100221
1101717
1101812
1101833
1101852
1101870
1101889
1101919
1101937
1101978
1102019
1102060
1102101
1102142
1102327
1102345
1102365
1102525
1102544
1102562
1102695
1102713
1102735
1102882
1102900
1102919
1103040
1103059
1103078
1103119
1103138
1103157
1103344
1103363
1103382
1103568
1103588
1103607
1103628
1103799
1103817
1103833
1104006
1104025
1104041
1104059
1105557
1105653
1105671
1105689
1105849
1106007
1106028
1106046
1106064
1106083
1106102
1106285
1106301
1106320
1106453
1106471
1106490
1106509
1106631
1106652
1106674
1106693
1106712
1106731
1106852
1107025
1107044
1107063
1107081
1107100
1107270
1107291
1107312
1107332
1107556
1107596
1107636
1107677
1107717
1107757
1107797
1107836
1107875
1107916
1107957
1107996
1108036
1108077
1108117
1108157
1108198
1108239
1108280
1108321
1108361
1108401
1108441
1108481
1108520
1108560
1108600
1108641
1108682
1108722
1108762
1108803
1108844
1108885
1108926
1108967
1109008
1109048
1109087
1109128
1109169
1109210
1109251
1109292
1109333
1109374
1109415
1109456
1109497
1109538
1109579
1109620
1109661
1109702
1109743
1109784
1109825
1109865
1109905
1109945
1109986
1110027
1110066
1110107
1110148
1110189
1110230
1110270
1110310
1110351
1110392
1110432
1110472
1110512
1110553
1110594
1110635
1110676
1110716
1110756
1110794
1110832
1110872
1110913
1110954
1110976
1111017
1111058
1111099
1111140
1111181
1111222
1111241
1111257
1111275
1112827
1112922
1112941
1113140
1113170
1113394
1113413
1113598
1113639
1113701
1113825
1113843
1113875
1113916
1114116
1114135
1114154
1114173
1114321
1114340
1114359
1114380
1114420
1114461
1114502
1114543
1114583
1114623
1114663
1114703
1114744
1114784
1114825
1114865
1114905
1114946
1114987
1115028
1115067
1115107
1115560
1115578
1115619
1115658
1115699
1115738
1115778
1115819
1115838
1115973
1115992
1116148
1116167
1116324
1116361
1116379
1116395
1116413
1117891
1117998
1118155
1118177
1118198
1118215
1118234
1118251
1118450
1118467
1118487
1118706
1118725
1118744
1118784
1118803
1118986
1119002
1119021
1119042
1119224
1119246
1119264
1119285
1119457
1119476
1119495
1119630
1119649
1119771
1119789
1119958
1119977
1119995
1120014
1120033
1120049
1120067
1121459
1121567
1121586
1121605
1121766
1121784
1121813
1121842
1121860
1121879
1121907
1122039
1122058
1122077
1122096
1122230
1122251
1122276
1122295
1122314
1122462
1122480
1122505
1122678
1122699
1122717
1122736
1122928
1122947
1122966
1122985
1123007
1123028
1123163
1123181
1123199
1123218
1123374
1123395
1123414
1123432
1123464
1123647
1123672
1123698
1123727
1125065
1125161
1125180
1125198
1125393
1125412
1125434
1125475
1125516
1125557
1125597
1125637
1125678
1125718
1125758
1125799
1125840
1125880
1125921
1125961
1126001
1126042
1126083
1126123
1126164
1126205
1126245
1126285
1126326
1126366
1126407
1126447
1126488
1126529
1126569
1126610
1126650
1126691
1126732
1126771
1126812
1126852
1126892
1126933
1126974
1127014
1127055
1127096
1127137
1127178
1127218
1127258
1127298
1127339
1127380
1127420
1127460
1127499
1127538
1127579
1127620
1127661
1127702
1127743
1127782
1127822
1127863
1127904
1127943
1127984
1128024
1128065
1128105
1128146
1128187
1128228
1128268
1128309
1128348
1128389
1128429
1128469
1128510
1128550
1128591
1128631
1128672
1128711
1128752
1128793
1128834
1128875
1128915
1128956
1128995
1129036
1129076
1129117
1129156
1129195
1129234
1129274
1129315
1129356
1129397
1129436
1129475
1129515
1129556
1129595
1129636
1129677
1129717
1129757
1129797
1129838
1129879
1129920
1129961
1130002
1130042
1130083
1130124
1130165
1130206
1130247
1130288
1130328
1130368
1130409
1130449
1130490
1130531
1130571
1130612
1130653
1130694
1130735
1130775
1130815
1130856
1130897
1130938
1130979
1131020
1131060
1131100
1131140
1131181
1131221
1131262
1131302
1131342
1131381
1131421
1131462
1131503
1131544
1131585
1131603
1131747
1131765
1131784
1131801
1131960
1131979
1131998
1132018
1132037
1132056
1132075
1132296
1132316
1132487
1132507
1132526
1132546
1132679
1132863
1132881
1132900
1132941
1132981
1133022
1133062
1133102
1133142
1133183
1133223
1133264
1133304
1133344
1133384
1133425
1133465
1133505
1133545
1133586
1133626
1133666
1133706
1133746
1133787
1133827
1133868
1133909
1133950
1133990
1134030
1134071
1134111
1134152
1134193
1134232
1134273
1134314
1134355
1134395
1134436
1134477
1134518
1134559
1134600
1134641
1134681
1134721
1134762
1134802
1134843
1134883
1134923
1134964
1135005
1135046
1135086
1135127
1135168
1135208
1135248
1135288
1135328
1135368
1135407
1135447
1135488
1135529
1135568
1135609
1135649
1135690
1135730
1135771
1135810
1135851
1135891
1135932
1135972
1136012
1136053
1136094
1136134
1136175
1136214
1136254
1136295
1136335
1136375
1136415
1136456
1136495
1136535
1136575
1136616
1136657
1136697
1136738
1136779
1136819
1136860
1136900
1136940
1136981
1137021
1137061
1137101
1137141
1137181
1137222
1137262
1137303
1137343
1137383
1137424
1137465
1137506
1137547
1137588
1137628
1137668
1137708
1137749
1137790
1137831
1137872
1137913
1137954
1137995
1138035
1138076
1138116
1138157
1138198
1138239
1138280
1138321
1138362
1138403
1138444
1138485
1138526
1138567
1138608
1138646
1138686
1138726
1138767
1138806
1138847
1138888
1138928
1138968
1139008
1139049
1139089
1139130
1139170
1139210
1139250
1139291
1139331
1139371
1139411
1139452
1139493
1139534
1139575
1139616
1139656
1139697
1139737
1139777
1139818
1139859
1139900
1139941
1139982
1140023
1140064
1140105
1140146
1140187
1140228
1140269
1140309
1140349
1140389
1140428
1140469
1140510
1140550
1140589
1140735
1140754
1140773
1140790
1141002
1141043
1141064
1141085
1141121
1141139
1141157
1142797
1142904
1142922
1143134
1143153
1143172
1143395
1143414
1143435
1143457
1143628
1143647
1143665
1143787
1143807
1143828
1143976
1143994
1144013
1144032
1144166
1144184
1144205
1144352
1144374
1144402
1144420
1144439
1144458
1144483
1144615
1144749
1144766
1144787
1144803
1144821
1144836
1144863
1144889
1144909
1144927
1144967
1145055
1145073
1145114
1145629
1145644
1145665
1145684
1145701
1179813
1180668
1180875
1180892
1180911
1180930
1180948
1180969
1180987
1181014
1181163
1181311
1181330
1181359
1181507
1181548
1181589
1181629
1181666
1181707
1181747
1181787
1181828
1181868
1181908
1181948
1181989
1182030
1182071
1182112
1182152
1182192
1182232
1182272
1182312
1182351
1182388
1182428
1182468
1182507
1182548
1182588
1182629
1182668
1182709
1182750
1182791
1182832
1182872
1182913
1182953
1182993
1183034
1183075
1183116
1183157
1183198
1183239
1183278
1183319
1183360
1183401
1183442
1183482
1183522
1183561
1183601
1183641
1183682
1183723
1183763
1183804
1183845
1183886
1183926
1183967
1184006
1184045
1184085
1184125
1184166
1184206
1184246
1184267
1184285
1184458
1184477
1184495
1184514
1184688
1184708
1184727
1184767
1184888
1184907
1184926
1185107
1185126
1185145
1185166
1185300
1185319
1185337
1185456
1185473
1185495
1185642
1185661
1185679
1185705
1185734
1185762
1187023
1187143
1187160
1187178
1187198
1187419
1187437
1187477
1187496
1187515
1187533
1187692
1187726
1187745
1187763
1187784
1187806
1187963
1187981
1187998
1188038
1188243
1188260
1188277
1188411
1188433
1188456
1188474
1188493
1188703
1188890
1188909
1188933
1188953
1189074
1189092
1189110
1189129
1189170
1189189
1189348
1189367
1189387
1189404
1189422
1189440
1191291
1191398
1191417
1191438
1191457
1191579
1191620
1191639
1191657
1191778
1191795
1191813
1191839
1191859
1191876
1191895
1192016
1192035
1192056
1192077
1192098
1192119
1192140
1192162
1192440
1192459
1192478
1192497
1192664
1192683
1192703
1192722
1192740
1192780
1192799
1192817
1192976
1193008
1193179
1193201
1193220
1193237
1193256
1193277
1193450
1193469
1193491
1193673
1193708
1193726
1193744
1193767
1193786
1193807
1193826
1193843
1193859
1193877
1193924
1196199
1196402
1196420
1196438
1196457
1196640
1196787
1196805
1196824
1196843
1196861
1196902
1196943
1196983
1197024
1197064
1197104
1197144
1197185
1197225
1197265
1197305
1197346
1197387
1197428
1197466
1197507
1197548
1197589
1197629
1197668
1197706
1197747
1197787
1197828
1197895
1197936
1197976
1198016
1198057
1198098
1198139
1198180
1198220
1198260
1198301
1198409
1198450
1198491
1198531
1198571
1198611
1198652
1198670
1198688
1198796
1198815
1198835
1198855
1198875
1198895
1198915
1199125
1199142
1199161
1199328
1199347
1199545
1199564
1199583
1199712
1199730
1199891
1199912
1199930
1199946
1199964
1201290
1201385
1201403
1201563
1201581
1201600
1201617
1201636
1201796
1201837
1201878
1201918
1201959
1201984
1202150
1202171
1202352
1202374
1202482
1202501
1202521
1202540
1202559
1202577
1202594
1202766
1202785
1202932
1202951
1203072
1203093
1203264
1203282
1203303
1203321
1203339
1203367
1204733
1204828
1204849
1204870
1204888
1204984
1205003
1205022
1205182
1205201
1205362
1205385
1205405
1205424
1205443
1205563
1205704
1205725
1205744
1205878
1205900
1205919
1205940
1205959
1205978
1206087
1206108
1206133
1206150
1206191
1206212
1206334
1206352
1206386
1206533
1206552
1206696
1206736
1206758
1206774
1206792
1206810
1206827
1208382
1208478
1208497
1208515
1208541
1208700
1208741
1208760
1208779
1208952
1208993
1209012
1209032
1209053
1209072
1209206
1209224
1209242
1209261
1209280
1209414
1209437
1209623
1209642
1209660
1209911
1209930
1209949
1209972
1210228
1210355
1210415
1210712
1210731
1210750
1210769
1210788
1210961
1210978
1211135
1211158
1211176
1211204
1211222
1211240
1212764
1212860
1212879
1212920
1212959
1213000
1213040
1213080
1213120
1213161
1213202
1213243
1213284
1213324
1213365
1213403
1213444
1213485
1213526
1213566
1213607
1213648
1213688
1213728
1213769
1213810
1213851
1213891
1213931
1213972
1214013
1214053
1214094
1214135
1214176
1214215
1214255
1214296
1214337
1214377
1214417
1214457
1214497
1214536
1214577
1214616
1214657
1214698
1214739
1214780
1214821
1214862
1214903
1214925
1214944
1215152
1215175
1215512
1215539
1215684
1215703
1215728
1215837
1215856
1215896
1215937
1215956
1216142
1216163
1216203
1216244
1216285
1216325
1216365
1216406
1216446
1216487
1216527
1216566
1216605
1216776
1216798
1216818
1216837
1216856
1217014
1217033
1217052
1217077
1217097
1217240
1217260
1217278
1217296
1217431
1217450
1217469
1217488
1217506
1217652
1217671
1217716
1217734
1217763
1219107
1219175
1219194
1219215
1219362
1219383
1219400
1219419
1219438
1219597
1219616
1219641
1219660
1219807
1219825
1219845
1220031
1220213
1220230
1220261
1220280
1220400
1220419
1220441
1220614
1220784
1220800
1220998
1221019
1221044
1221064
1221083
1221101
1221119
1222890
1222985
1223003
1223022
1223044
1223063
1223261
1223279
1223298
1223338
1223379
1223420
1223461
1223502
1223543
1223583
1223623
1223663
1223704
1223745
1223786
1223826
1223867
1223908
1223949
1223990
1224031
1224072
1224111
1224152
1224193
1224234
1224274
1224314
1224354
1224394
1224435
1224476
1224517
1224557
1224597
1224637
1224677
1224718
1224758
1224798
1224838
1224879
1224918
1224958
1224998
1225038
1225078
1225117
1225157
1225197
1225237
1225278
1225319
1225360
1225401
1225441
1225481
1225521
1225561
1225601
1225641
1225681
1225721
1225760
1225800
1225841
1225882
1225922
1225963
1226003
1226042
1226082
1226122
1226162
1226202
1226242
1226282
1226322
1226362
1226403
1226442
1226483
1226523
1226563
1226603
1226643
1226683
1226723
1226763
1226803
1226843
1226883
1226924
1226965
1227006
1227047
1227088
1227129
1227168
1227209
1227250
1227291
1227331
1227372
1227413
1227453
1227494
1227535
1227576
1227617
1227657
1227697
1227737
1227777
1227818
1227859
1227900
1227941
1227982
1228022
1228063
1228104
1228144
1228184
1228225
1228266
1228307
1228347
1228387
1228427
1228467
1228507
1228548
1228589
1228630
1228671
1228712
1228753
1228794
1228834
1228875
1228916
1228957
1228997
1229037
1229077
1229117
1229157
1229197
1229237
1229277
1229317
1229358
1229399
1229439
1229479
1229519
1229559
1229600
1229641
1229680
1229719
1229758
1229796
1229837
1229878
1229918
1229958
1229998
1230157
1230195
1230214
1230234
1230253
1230412
1230435
1230454
1230474
1230660
1230681
1230721
1230906
1230926
1230951
1230991
1231029
1231048
1231244
1231262
1231281
1231300
1231339
1231380
1231420
1231460
1231501
1231542
1231583
1231623
1231664
1231703
1231744
1231784
1231824
1231863
1231904
1231944
1231982
1232022
1232063
1232103
1232144
1232185
1232224
1232263
1232303
1232343
1232382
1232423
1232464
1232505
1232545
1232584
1232603
1232773
1232791
1233015
1233034
1233194
1233215
1233232
1233269
1233285
1233303
1233322
1233337
1233364
1233380
1233422
1233455
1233519
1233684
1233713
1233848
1233883
1233898
1254327
1255400
1255507
1255524
1255547
1255728
1255745
1255766
1255787
1255808
1255829
1255851
1256009
1256028
1256047
1256066
1256085
1256104
1256125
1256157
1256174
1256335
1256354
1256372
1256571
1256592
1256714
1256733
1256772
1256791
1256812
1256983
1257004
1257026
1257047
1257066
1257201
1257222
1257243
1257261
1257446
1257465
1257490
1257509
1257679
1257700
1257721
1257742
1257783
1257824
1257864
1257905
1257926
1257946
1257982
1258013
1258102
1259664
1259760
1259779
1259799
1259820
1259841
1259859
1259880
1259898
1259917
1260063
1260094
1260115
1260136
1260156
1260302
1260320
1260339
1260357
1260375
1260398
1260419
1260438
1260545
1260563
1260581
1260621
1260646
1260792
1260978
1260997
1261180
1261199
1261217
1261235
1261254
1261273
1261291
1261310
1261482
1261504
1261523
1261730
1261751
1261769
1261904
1261924
1261942
1261963
1261997
1262023
1262042
1262070
1264116
1264211
1264230
1264247
1264420
1264441
1264463
1264633
1264650
1264669
1264799
1264818
1264836
1264853
1265034
1265052
1265072
1265243
1265262
1265419
1265437
1265456
1265476
1265495
1265629
1265648
1265667
1265850
1265877
1265895
1265922
1265942
1265961
1265980
1265999
1266146
1266172
1266200
1266219
1266236
1266254
1267964
1268071
1268091
1268129
1268167
1268205
1268243
1268282
1268320
1268361
1268402
1268441
1268479
1268519
1268559
1268599
1268625
1268769
1268788
1268807
1268942
1268961
1268983
1269002
1269121
1269140
1269158
1269176
1269285
1269304
1269325
1269510
1269529
1269689
1269708
1269843
1269864
1269886
1269906
1269925
1270110
1270133
1270152
1270184
1270390
1270409
1270425
1271930
1272037
1272058
1272077
1272096
1272268
1272286
1272303
1272321
1272472
1272489
1272510
1272529
1272548
1272566
1272585
1272731
1272749
1272767
1272786
1272804
1273014
1273033
1273056
1273074
1273219
1273391
1273412
1273452
1273493
1273519
1273678
1273699
1273718
1273758
1273799
1273839
1273880
1273919
1273960
1274001
1274042
1274082
1274121
1274160
1274199
1274237
1274278
1274319
1274360
1274401
1274442
1274483
1274524
1274562
1274603
1274643
1274683
1274722
1274763
1274804
1274843
1274882
1274923
1274964
1275005
1275044
1275084
1275125
1275165
1275206
1275246
1275286
1275325
1275366
1275405
1275445
1275603
1275625
1275644
1275791
1275809
1275850
1275891
1275931
1275972
1276013
1276054
1276094
1276134
1276174
1276214
1276253
1276294
1276335
1276376
1276417
1276458
1276498
1276539
1276580
1276621
1276662
1276680
1276696
1276715
1278312
1278480
1278524
1278554
1278713
1278732
1278748
1278906
1278925
1278980
1279002
1279021
1279886
1280120
1280138
1280156
1280329
1280348
1280367
1280525
1280543
1280564
1280596
1280613
1280824
1280864
1280904
1280945
1280985
1281026
1281067
1281106
1281291
1281310
1281327
1281345
1281478
1281504
1281523
1281550
1283345
1283439
1283458
1283477
1283496
1283617
1283636
1283675
1283903
1283920
1283938
1283957
1284114
1284132
1284150
1284171
1284193
1284210
1284355
1284374
1284393
1284641
1284659
1284677
1284698
1284737
1284897
1284938
1284978
1285018
1285059
1285100
1285141
1285181
1285222
1285263
1285301
1285342
1285383
1285424
1285465
1285505
1285546
1285585
1285625
1285666
1285706
1285747
1285787
1285827
1285867
1285907
1285945
1285984
1286025
1286066
1286107
1286145
1286185
1286226
1286265
1286306
1286346
1286387
1286427
1286467
1286507
1286548
1286588
1286629
1286670
1286711
1286752
1286792
1286833
1286873
1286911
1286952
1286993
1287034
1287075
1287115
1287156
1287197
1287238
1287279
1287320
1287361
1287401
1287441
1287481
1287521
1287561
1287600
1287641
1287682
1287723
1287761
1287802
1287843
1287882
1287923
1287964
1288005
1288046
1288087
1288156
1288196
1288237
1288277
1288317
1288354
1288395
1288436
1288621
1288647
1288665
1288701
1288719
1288737
1288759
1288906
1288929
1288948
1288967
1289149
1289185
1289203
1289222
1289238
1289269
1289286
1290822
1290918
1290937
1290956
1290997
1291038
1291079
1291120
1291161
1291202
1291243
1291283
1291323
1291364
1291405
1291444
1291465
1291872
1291893
1291911
1291932
1291953
1292088
1292109
1292230
1292271
1292312
1292352
1292391
1292431
1292471
1292512
1292553
1292593
1292632
1292671
1292710
1292750
1292789
1292829
1292870
1292911
1292930
1293076
1293095
1293324
1293363
1293384
1293403
1293571
1293590
1293607
1293628
1293748
1293768
1293789
1293808
1293827
1293987
1294009
1294049
1294088
1294129
1294169
1294209
1294249
1294289
1294329
1294370
1294410
1294451
1294492
1294533
1294574
1294615
1294655
1294695
1294736
1294777
1294973
1295004
1295039
1295061
1295080
1295096
1295115
1297306
1297420
1297437
1297457
1297591
1297611
1297652
1297693
1297734
1297775
1297816
1297856
1297897
1298049
1298068
1298176
1298198
1298216
1298233
1298464
1298481
1298665
1298684
1298755
1298801
1298972
1298991
1299010
1299033
1299218
1299237
1299429
1299447
1299628
1299654
1299672
1299691
1299708
1301605
1301700
1301719
1301840
1301881
1301921
1301962
1302003
1302043
1302083
1302124
1302165
1302206
1302226
1302437
1302457
1302648
1302667
1302686
1302704
1302726
1302767
1302807
1302847
1302887
1302927
1302968
1303008
1303047
1303088
1303128
1303168
1303209
1303354
1303374
1303393
1303513
1303531
1303552
1303760
1303779
1303849
1303875
1303896
1303915
1304072
1304113
1304153
1304172
1304193
1304401
1304420
1304442
1304461
1304482
1304678
1304699
1304718
1304737
1304753
1304771
1304790
1304807
1304916
1305002
1305021
1305046
1305093
1305133
1305150
1305174
1305286
1305301
1305318
1305393
1305410
1305436
1324388
1325414
1325612
1325629
1325649
1325667
1325822
1325841
1325860
1326031
1326121
1326163
1326205
1326465
1326521
1326605
1326624
1326643
1326694
1326713
1326758
1326850
1327034
1327094
1327136
1327194
1327239
1327258
1327468
1327487
1327505
1327526
1327610
1327630
1327655
1327674
1327819
1327900
1327921
1328056
1328101
1328182
1328227
1328245
1328264
1328451
1328470
1328629
1328646
1328668
1328710
1328729
1328771
1328813
1328831
1328861
1328880
1328911
1328939
1328965
1330706
1330826
1330868
1330887
1330928
1330969
1331010
1331051
1331092
1331133
1331174
1331193
1331212
1331333
1331374
1331415
1331456
1331497
1331538
1331578
1331597
1331639
1331681
1331726
1331747
1331958
1332003
1332045
1332064
1332109
1332151
1332170
1332210
1332379
1332397
1332415
1332434
1332456
1332476
1332493
1332688
1332705
1332899
1332920
1332962
1333004
1333173
1333206
1333245
1333264
1333285
1333303
1333322
1333400
1333418
1333614
1333632
1333650
1333692
1333878
1333917
1333936
1333957
1334002
1334021
1334040
1334085
1334206
1334227
1334248
1334290
1334332
1334351
1334370
1335564
1335709
1335728
1335749
1335768
1335807
1335848
1335888
1335928
1335946
1336077
1336098
1336143
1336163
1336182
1336224
1336429
1336450
1336468
1336487
1336504
1336525
1336546
1336565
1336584
1336706
1336725
1337070
1337088
1337107
1337125
1337147
1337165
1337205
1337388
1337429
1337470
1337488
1337507
1337528
1337689
1337708
1337735
1337754
1337773
1337791
1337933
1337953
1337972
1337997
1338014
1338056
1338199
1338218
1338236
1338254
1338272
1338290
1338309
1338329
1338351
1338369
1338502
1338544
1338563
1338589
1338608
1338624
1340070
1340177
1340195
1340212
1340231
1340276
1340316
1340356
1340396
1340436
1340477
1340518
1340558
1340598
1340638
1340679
1340719
1340737
1340859
1340877
1340897
1340917
1341088
1341107
1341125
1341145
1341400
1341471
1341683
1341700
1341719
1341905
1341924
1342095
1342113
1342130
1342278
1342297
1342316
1342335
1342534
1342693
1342713
1342732
1342751
1342934
1342953
1342975
1342997
1343016
1343043
1344558
1344677
1344711
1344730
1344759
1344904
1344923
1345157
1345176
1345197
1345219
1345238
1345422
1345441
1345495
1345520
1345539
1345555
1345577
1346004
1346045
1346086
1346105
1346291
1346308
1346327
1346474
1346491
1346636
1346655
1346675
1346865
1346883
1347055
1347074
1347090
1347109
1347125
1348784
1348904
1348925
1348944
1348962
1349145
1349162
1349181
1349200
1349419
1349440
1349626
1349645
1349793
1349834
1349853
1349875
1349894
1350028
1350047
1350066
1350257
1350276
1350293
1350529
1350549
1350590
1350631
1350671
1350711
1350751
1350792
1350829
1350869
1350909
1350946
1350986
1351023
1351064
1351104
1351122
1351283
1351300
1351316
1351335
1351357
1351379
1351537
1351556
1351574
1351593
1351610
1353033
1353141
1353162
1353398
1353420
1353445
1353467
1353486
1353505
1353677
1353695
1353717
1353953
1353994
1354012
1354031
1354050
1354246
1354365
1354383
1354402
1354596
1354615
1354760
1354779
1354798
1354819
1354838
1354857
1355003
1355022
1355168
1355187
1355209
1355228
1355264
1355295
1355311
1356783
1356903
1357036
1357077
1357117
1357158
1357198
1357238
1357277
1357317
1357357
1357406
1357430
1357601
1357619
1357637
1357656
1357674
1357820
1357839
1357858
1358056
1358078
1358095
1358114
1358180
1358323
1358342
1358364
1358383
1358400
1358654
1358673
1358692
1358710
1358869
1358899
1358917
1358938
1358979
1359020
1359060
1359101
1359141
1359182
1359223
1359264
1359305
1359346
1359387
1359427
1359467
1359508
1359549
1359589
1359629
1359670
1359711
1359752
1359793
1359832
1359872
1359913
1359952
1359992
1360032
1360073
1360114
1360154
1360194
1360234
1360274
1360315
1360356
1360397
1360436
1360477
1360517
1360557
1360598
1360638
1360678
1360718
1360758
1360799
1360840
1360879
1360919
1360958
1360998
1361038
1361221
1361241
1361438
1361487
1361513
1361532
1361560
1363372
1363468
1363487
1363670
1363691
1363709
1363753
1363944
1363961
1363980
1364165
1364184
1364205
1364245
1364285
1364325
1364365
1364405
1364445
1364485
1364525
1364565
1364605
1364645
1364685
1364725
1364765
1364805
1364845
1364886
1364926
1364966
1365007
1365048
1365087
1365128
1365169
1365210
1365251
1365290
1365330
1365371
1365412
1365453
1365494
1365534
1365575
1365615
1365655
1365695
1365736
1365777
1365817
1365858
1365876
1365895
1366030
1366051
1366072
1366094
1366111
1366130
1366317
1366451
1366470
1366488
1366522
1366541
1366741
1366762
1366781
1366963
1366984
1367042
1367252
1367274
1367293
1367333
1367349
1367368
1367397
1370046
1370142
1370161
1370307
1370325
1370344
1370503
1370522
1370541
1370646
1370664
1370682
1370714
1370731
1370750
1370768
1370787
1370955
1370974
1370993
1371128
1371147
1371166
1371401
1371420
1371461
1371480
1371497
1371644
1371665
1371812
1371833
1371851
1371900
1372046
1372063
1372082
1372101
1372139
1372177
1372218
1372259
1372299
1372337
1372377
1372418
1372459
1372500
1372541
1372581
1372620
1372660
1372701
1372741
1372782
1372822
1372862
1372902
1372942
1372983
1373024
1373065
1373106
1373147
1373188
1373228
1373250
1373268
1373284
1373303
1373320
1373336
1373352
1373368
1373439
1373561
1373603
1373625
1373643
1373743
1373786
1373837
1373854
1374189
1374219
1374246
1374272
1395042
1396424
1396567
1396586
1396605
1396622
1396641
1396851
1397021
1397040
1397057
1397076
1397096
1397117
1397263
1397282
1397301
1397434
1397451
1397470
1397655
1397674
1397696
1397716
1397736
1397944
1397962
1397981
1398153
1398172
1398356
1398543
1398584
1398624
1398665
1398683
1398702
1398837
1398858
1398889
1398945
1398976
1398993
1400316
1400425
1400441
1400459
1400478
1400497
1400645
1400664
1400683
1400877
1400912
1400930
1400949
1400967
1400992
1401191
1401209
1401226
1401423
1401444
1401461
1401480
1401499
1401521
1401538
1401730
1401748
1401789
1401829
1401870
1401911
1401952
1401992
1402032
1402204
1402222
1402242
1402440
1402459
1402480
1402641
1402660
1402679
1402697
1402719
1402738
1402910
1402930
1402947
1402965
1402983
1403002
1403028
1403047
1404570
1404803
1404824
1404842
1404964
1404983
1405023
1405061
1405101
1405141
1405182
1405222
1405262
1405302
1405342
1405383
1405424
1405462
1405503
1405544
1405585
1405626
1405667
1405708
1405749
1405790
1405831
1405872
1405913
1405954
1405993
1406032
1406073
1406114
1406155
1406195
1406235
1406276
1406317
1406358
1406379
1406419
1406460
1406501
1406542
1406583
1406624
1406665
1406706
1406747
1406788
1406829
1406870
1406909
1406950
1406991
1407032
1407205
1407226
1407245
1407264
1407285
1407304
1407525
1407544
1407561
1407580
1407602
1407634
1407651
1407849
1407868
1407887
1408109
1408135
1408153
1408349
1408368
1408386
1408404
1408425
1408444
1408462
1408481
1408613
1408632
1408652
1408670
1408864
1408886
1408920
1408938
1408979
1409019
1409060
1409100
1409140
1409180
1409221
1409262
1409301
1409342
1409382
1409421
1409462
1409503
1409544
1409585
1409625
1409644
1409665
1409705
1409745
1409785
1409825
1409865
1409905
1409946
1409986
1410027
1410046
1410192
1410209
1410227
1410246
1410268
1410284
1410302
1410321
1411838
1411946
1411976
1411995
1412014
1412033
1412052
1412077
1412350
1412377
1412420
1412452
1412471
1412490
1412515
1412534
1412566
1412726
1412744
1412763
1412996
1413015
1413034
1413052
1413069
1413089
1413111
1413130
1413300
1413318
1413336
1413355
1413527
1413545
1413562
1413741
1413762
1413781
1413800
1413935
1413964
1414005
1414030
1414071
1414112
1414152
1414193
1414233
1414273
1414292
1414312
1414332
1414526
1414545
1414666
1414683
1414701
1414717
1414735
1414754
1416104
1416200
1416219
1416241
1416411
1416429
1416602
1416621
1416819
1416839
1416860
1416879
1417001
1417023
1417040
1417431
1417592
1417611
1417758
1417777
1417796
1417816
1417856
1417896
1417937
1417978
1418019
1418059
1418100
1418141
1418182
1418223
1418260
1418300
1418341
1418382
1418422
1418462
1418502
1418541
1418581
1418621
1418662
1418703
1418740
1418781
1418821
1418861
1418902
1418941
1418980
1419020
1419061
1419102
1419143
1419181
1419220
1419260
1419300
1419341
1419382
1419422
1419461
1419501
1419542
1419582
1419622
1419661
1419701
1419741
1419782
1419822
1419862
1419903
1419942
1419982
1420023
1420064
1420104
1420144
1420181
1420220
1420260
1420300
1420340
1420381
1420420
1420460
1420498
1420538
1420578
1420619
1420659
1420699
1420739
1420780
1420820
1420861
1420901
1420941
1420981
1421022
1421062
1421100
1421141
1421181
1421222
1421263
1421304
1421345
1421385
1421426
1421467
1421507
1421547
1421706
1421747
1421769
1421961
1421982
1422001
1422040
1422059
1422077
1422113
1422132
1422149
1423388
1423560
1423601
1423642
1423681
1423722
1423763
1423803
1423843
1423884
1423925
1423966
1424007
1424048
1424089
1424129
1424168
1424208
1424249
1424290
1424331
1424372
1424413
1424453
1424493
1424534
1424574
1424614
1424655
1424696
1424737
1424778
1424796
1425044
1425063
1425080
1425102
1425276
1425449
1425468
1425489
1425507
1425526
1425696
1425715
1425875
1425894
1425915
1425932
1426103
1426122
1426143
1426161
1426180
1426199
1426233
1426456
1426627
1426645
1426663
1426681
1426699
1426870
1426892
1426911
1426951
1426970
1426988
1427024
1427055
1427084
1428664
1428772
1428791
1428812
1428831
1428978
1428999
1429018
1429037
1429056
1429075
1429271
1429311
1429348
1429367
1429539
1429560
1429600
1429641
1429681
1429722
1429762
1429803
1429843
1429884
1429925
1429966
1430007
1430048
1430089
1430129
1430170
1430211
1430251
1430290
1430329
1430370
1430411
1430452
1430493
1430534
1430575
1430615
1430656
1430697
1430738
1430778
1430819
1430860
1430901
1430941
1430982
1431023
1431063
1431104
1431144
1431184
1431222
1431262
1431303
1431344
1431384
1431425
1431465
1431505
1431546
1431586
1431627
1431668
1431707
1431747
1431787
1431827
1431868
1431908
1431948
1431989
1432030
1432071
1432111
1432152
1432193
1432212
1432253
1432274
1432293
1432464
1432489
1432508
1432527
1432696
1432715
1432734
1432950
1432969
1432990
1433122
1433140
1433157
1433176
1433349
1433368
1433387
1433406
1433425
1433618
1433638
1433678
1433718
1433758
1433799
1433838
1433879
1433917
1433956
1433995
1434035
1434074
1434115
1434141
1434160
1435512
1435621
1435639
1435659
1435693
1435865
1435884
1435901
1436061
1436220
1436241
1436262
1436396
1436418
1436437
1436454
1436602
1436621
1436662
1436681
1436721
1436760
1436800
1436841
1437024
1437042
1437061
1437080
1437228
1437247
1437266
1437284
1437333
1437531
1437553
1437571
1437590
1437784
1437803
1439336
1439445
1439464
1439482
1439501
1439520
1439539
1439558
1439718
1439735
1439776
1439795
1439976
1440122
1440141
1440160
1440200
1440240
1440259
1440406
1440425
1440466
1440507
1440548
1440721
1440927
1440948
1440966
1441125
1441144
1441327
1441348
1441367
1441389
1441548
1441567
1441587
1441606
1441627
1441683
1441702
1443641
1443749
1443767
1443784
1443815
1443961
1444108
1444129
1444147
1444365
1444387
1444412
1444453
1444494
1444535
1444575
1444594
1444766
1444787
1444973
1445170
1445188
1445207
1445225
1445266
1445306
1445325
1445344
1445539
1445560
1445579
1445740
1445887
1445930
1445975
1446011
1446030
1446047
1446073
1446087
1446122
1446151
1446167
1446201
1446229
1446253
1446269
1446286
1446314
1446335
1447344
1447393
1447442
1447491
1447507
1447531
1447546
1447562
1447577
1447609
1447635
1448787
1448835
1448884
1448900
1448942
1448974
1449009
1449031
1449060
1449089
1449118
1449139
1449160
1449182
1449209
1449248
1449282
1449326
1449353
1449371
1449402
1449428
1449501
1449531
1449572
1449621
1449638
1449671
1449692
1449713
1449734
1449846
1449865
1449913
1449947
1449993
1450024
1450069
1450095
1450119
1450149
1450167
1450209
1450234
1450257
1450280
1450298
1450344
1450375
1450396
1450430
1450472
1450494
1450521
1450562
1450591
1450613
1450648
1450664
1450694
1450714
1450793
1450833
1450914
1450934
1451237
1451286
1451335
1451350
1451399
1451439
1451488
1451510
1451544
1451565
1451584
1451604
1453617
1453666
1453715
1453764
1453793
1453822
1453836
1453851
1453878
1453980
1454049
1454098
1454115
1454170
1454227
1454270
1454300
1454337
1454379
1454428
1454455
1454482
1454502
1454548
1454590
1454621
1454636
1454652
1454691
1476451
1476466
1476495
1476512
1476579
1476599
1476672
1476697
1476723
1476767
1476796
1476809
1476883
1476898
1476929
1476966
1477045
1484725
1484770
1484787
1485254
1552674
1552690
1552703
1552728
1552785
1552815
1552884
1552900
1552970
1552987
1553208
1554278
1554313
1554515
1554537
1554563
1555358
1555374
1555390
1555410
1555429
1555481
1559803
1559818
1559834
1559849
1559864
1559899
1559924
1559943
1559967
1632420
1632468
1632516
1632554
1632570
1632610
1632731
1632748
1632782
1632798
1632928
1632945
1632973
1633112
1633128
1633222
1633236
1633259
1633276
