란고 39470,751|39470,5340|45766,785|45766,5337|51013,1750
란고s가드 26774,12821
란고s그리브 33119,12875
란고s레깅스 33119,12979
란고s레지스트 26754,12706
란고s메일 26754,12602
란고s암 26774,12718
란고s캡 23733,14947
란고s코트 47038,12380
란고s폴드 47038,12278
란고s헬름 23733,14842
란고u 39470,7666|45766,7668
란고u가드 26774,17694
란고u그리브 33119,17675
란고u레깅스 33119,17790
란고u레지스트 26754,17601
란고u메일 26754,17517
란고u암 26774,17589
란고u캡 23733,20311
란고u코트 47038,17293
란고u폴드 47038,17209
란고u헬름 23733,20198
란고가드 26774,1890
란고그리브 33119,1847
란고레깅스 33119,1947
란고레지스트 26754,1781
란고메일 26754,1676
란고스타 38917,11936|38917,22930
란고스타갑각 23733,1885|23733,15029|25899,9012|26754,1819|26754,12790|26774,1926|27798,2558|33013,3010|33013,3113|33013,3120|33013,3127|33013,8094|33119,1984|33119,13041|38917,22907|39826,2385|45794,6627|45997,9580|47038,1974|47038,12441|49792,11627
란고스타견각 23733,14914|23733,15018|23733,20255|25899,9283|25899,9324|26754,12673|26754,12779|26754,17590|26774,12788|26774,12871|26774,17661|26774,17744|27798,25425|33013,3055|33013,3160|33013,3167|33013,8365|33013,10674|33119,12947|33119,13030|33119,17732|37097,9120|38917,22939|39826,1991|47038,12349|47038,12430|47038,17282
란고스타나 36663,1017
란고스타날개 21033,1486|23733,1782|23733,14925|26754,1746|26754,12684|26774,1859|26774,12799|27798,2376|33013,2983|33013,2990|33013,2997|33013,3095|33013,8086|33013,8264|33119,1915|33119,12958|37097,610|37097,666|38917,22966|39826,2378|39826,6414|45794,3981|45997,9630|45997,9842|47038,1909|47038,12360
란고스타박우 23733,14901|23733,15005|23733,20241|26754,12660|26754,12766|26754,17577|26774,12775|26774,12858|26774,17648|26774,17731|27798,2760|33013,3028|33013,3035|33013,3042|33013,3140|33013,8376|33013,10146|33013,10695|33119,12934|33119,13017|33119,17718|38917,22992|39826,2150|45794,6677|45997,10151|47038,12336|47038,12417|47038,17269|49792,12601
란고스타참우 19406,19243|25899,9471|27798,2985|27798,3202|27798,25416|33013,3075|33013,3082|33013,3180|33013,7790|33013,9396|38917,23019|39826,9101|45794,6729|45997,10413|45997,10464|45997,10696|45997,23637|49792,12122
란고암 26774,1793
란고캡 23733,1844
란고코트 47038,1938
란고폴드 47038,1839
란고헬름 23733,1740
란에 43111,390
란포스 36993,3668|36993,3693|36993,3715|36993,5479|36993,5501|36993,5523|38917,14262|39470,674|39470,5271|45766,707|45766,5260|51013,1085
란포스s가드 26774,12660
란포스s그리브 33119,12708
란포스s레깅스 33119,12816
란포스s레지스트 26754,12542
란포스s메일 26754,12433
란포스s암 26774,12555
란포스s캡 23733,14782
란포스s코트 47038,12223
란포스s폴드 47038,12165
란포스s헬름 23733,14685
란포스가드 26774,1519
란포스가죽 19406,2198|21033,5881|21033,6038|23733,1454|23733,7970|24789,896|26754,1383|26754,1923|26774,1451|26774,1571|33119,1446|33119,2086|38917,14332|39826,3832|45997,6649|45997,6719|45997,24171|47038,1546|49792,7815
란포스계 38161,674
란포스계등 28259,1520
란포스그리브 33119,1548
란포스등 38917,13057
란포스레깅스 33119,1633
란포스레지스트 26754,1455
란포스메일 26754,1343
란포스벌룬 35316,7438|35316,11517|45997,6573
란포스벌룬g 45997,23910
란포스벌룬改 35316,7450|45997,6863
란포스비늘 19406,2146|21815,8075|23733,1441|24789,859|24789,916|26754,1205|26754,1300|26754,1396|26754,6990|26774,1438|26774,1558|26774,7309|33013,7074|33013,11123|33119,1433|33119,7331|38917,14281|39826,8437|47038,1559
란포스상린 23733,14727|24789,10614|24789,33500|26754,12474|26774,12595|26774,14680|27798,9225|33013,7692|33013,9951|33013,10157|33013,11696|33119,12750|33645,3517|33645,29320|38917,14306|39826,3793|45997,6641|45997,6711|45997,6942|45997,24152|47038,12201
란포스상피 19406,2411|19406,31688|23733,14740|26754,11871|26754,12487|26754,12887|26754,15424|26774,12608|33119,12076|33119,12763|33119,13201|33645,1374|33645,3318|38917,14357|45997,6951|47038,11476|47038,12213|49792,23300
란포스송곳니 21033,2456|23733,841|25030,5043|28259,851|29127,2188|29127,3358|29127,4269|33013,7185|33013,7358|33013,9518|33013,9650|33013,10996|33645,3327|33645,29329|38917,14237|45794,350|45997,6661|49792,7806
란포스슈트바디 26754,6909
란포스슈트풋 33119,7248
란포스슈트핸드 26774,7227
란포스암 26774,1399
란포스첨조 21815,29729|24789,10601|24789,33514|26774,12634|27798,9214|27798,24891|33645,1363|33645,3509|33645,12880|33645,26907|38917,14444|39826,8550|45997,7196
란포스캡 23733,1511
란포스코트 47038,1620
란포스크로우즈 27798,8761|33645,4252
란포스크로우즈g 27798,24746
란포스크로우즈改 27798,8928
란포스페이크 23733,7899
란포스폴드 47038,1506
란포스헬름 23733,1400
