è² 19615,614|26219,1753|26219,1767|26219,1890|26219,1904|26219,3348|26219,3362|26219,3479|26219,3493|26219,4483|26219,4574|26219,7911|26219,7925|26219,8042|26219,8056|26219,9971|26219,9985|26219,10106|34279,5032|34279,21105|34279,22083|34279,45023|34279,45166|34279,45214|43048,13090|43048,23990|50971,1781|50971,1795|50971,1918|50971,2630|50971,2644|50971,2874|50971,2995|50971,3092|50971,4673|50971,5420|50971,5434|50971,5565|50971,5579|50971,6175|50971,6189|50971,6336|50971,6350
è²ºñ 43048,10525|43048,20115
è²á 26219,2294|26219,4076|26219,4897|26219,6272|26219,11070|50971,759|50971,1455|50971,3708
èº 34279,44646|43048,22033
è¼ó 43048,27562
è½ 19615,3837|26219,4409|26219,4500|34279,9604|50971,5899
è¾à 34279,375|34279,1871|34279,3336|34279,6520|34279,10305|34279,13773|34279,15825|34279,20761|34279,29293|34279,34070|34279,41546|34279,51022|43048,137|43048,833|43048,3275|43048,5864|43048,8839|43048,11446|43048,13621|43048,16637|43048,20871|43048,27101
è¾ç 34279,51322
èàý 19615,8128|19615,8274|34279,39626|43048,18397
èãê 19615,2664|26219,620|50971,5707
èä 34279,4541|34279,7213|34279,8145|34279,8430|34279,9905|34279,10942|34279,11248|34279,11567|34279,11878|34279,19914|34279,27051|34279,27300|34279,31029|34279,31043|34279,37256|34279,38592|34279,38625|34279,38974|34279,40667|34279,40755|34279,42161|34279,47855|34279,48196|34279,48360|34279,48583|43048,4117|43048,4270|43048,4549|43048,7135|43048,10085|43048,12970|43048,13194|43048,26792|43048,27292
èå¹ 34279,2084|34279,2088|34279,7075|34279,7079|34279,13320|34279,13324|43048,3737|43048,3741|43048,11211|43048,11215
èæ 19615,503|19615,802|19615,1378|19615,1963|19615,2936|19615,3949|19615,4620|19615,5045|19615,5556|19615,7058|19615,8066|19615,8310|26219,252|26219,1362|26219,3029|26219,4335|26219,5867|26219,6769|26219,7753|26219,9005|26219,10447|26219,11352|33898,20|34279,11000|34279,11013|34279,11160|34279,11289|34279,11302|34279,21724|34279,21737|34279,21750|34279,21927|34279,21940|34279,22495|34279,22508|34279,22521|34279,25582|34279,25698|34279,25796|34279,25805|34279,25816|34279,25827|34279,25836|34279,25923|34279,25986|34279,26038|34279,26047|34279,26058|34279,26069|34279,26080|34279,26091|34279,26102|34279,26758|34279,26834|34279,26843|34279,26854|34279,34560|34279,34596|34279,34929|34279,34965|34279,35372|34279,37036|34279,38586|34279,38619|34279,38650|34279,38680|34279,38710|34279,38741|34279,38774|34279,38837|34279,38874|34279,38906|34279,38937|34279,38968|34279,38999|34279,39029|34279,40440|34279,40621|34279,40647|34279,40675|34279,40749|34279,40779|34279,40896|34279,42635|34279,42672|34279,42735|34279,42766|34279,42796|34279,42861|34279,42935|34279,42972|34279,43032|34279,43063|34279,43480|34279,43553|34279,43586|34279,43621|34279,43656|34279,43715|34279,43793|34279,43871|34279,43903|34279,43935|34279,43995|34279,44025|34279,47563|34279,47591|34279,47685|34279,49762|34279,49822|34279,49838|34279,49879|34279,49894|34279,49992|34279,50010|34279,50045|34279,50139|34279,50221|34279,50235|34279,50253|34279,50307|34279,50417|34279,50454|34279,50550|43048,6327|43048,6435|43048,6448|43048,6461|43048,6474|43048,6487|43048,9799|43048,9812|43048,9825|43048,10117|43048,12152|43048,12165|43048,17505|43048,17518|43048,17546|43048,17559|43048,17572|43048,22614|43048,22627|43048,22966|43048,22979|43048,25014|43048,25027|43048,25040|43048,25070|43048,25083|43048,25096|43048,27003|50971,402|50971,932|50971,1613|50971,2379|50971,3296|50971,3887|50971,4381|50971,4893|50971,5272|50971,6007|50971,6819
èæ¹ 19615,8292|43048,22848
èæàå 33898,498|34279,45160|34279,49986|34279,50393|34279,50781|34279,51383
èæáøáö 34279,5599|34279,9588|43048,4409|43048,8719|43048,9908|43048,16440|43048,24555|43048,25230
èç 34279,15388|34279,20138|34279,40809|43048,16510|43048,18341|43048,25001
èê 43048,19078
èð¾îá 43048,18093
èñ 26219,2280|26219,4883|26219,5161|26219,11056|50971,1441
èñ¼òá¾ 34279,23155|34279,23496|34279,44133|34279,44408|34279,44693|34279,44716|43048,23059|43048,23339|43048,23635|43048,23658
èñà 34279,30772|34279,40424
èò 34279,19490
èûà 43048,19237
èþ 19615,1157|19615,1726|19615,3555|19615,4437|19615,4512|26219,1915|26219,2319|26219,2788|26219,6895|26219,9344|26219,9415|26219,10511|26219,10596|34279,15011|42070,105|43048,14853|50971,802|50971,1014|50971,2145|50971,4521|50971,6361
èþè 19615,32|19615,8137|33898,411|34279,34333|34279,34370|34279,37411|34279,39653|34279,43834|34279,44990|43048,18423|43048,21667|43048,22681|43048,22884
