인각주 33013,10104|45794,1316
인내의씨앗 21033,564|21033,624|21033,3540|21033,6060|25030,5900|25030,5925|28259,5165|29127,2630|29127,4171|33013,1818|33013,2237|33013,2243|38917,7202|39826,2201|39826,2529|39826,2796|39826,3504
인내의씨앗의 45326,9075|45326,9145
인내의씨의 38917,6868
인내의환약 21033,614|23733,27059|38917,1340|39826,2195|39826,2637|39826,2822|45794,5876
인벤토리가 36663,13738
인상을 37097,32249
인섹트슬래이서 27798,2683
인섹트아라트 27798,2894
인섹트오더 27798,2317
인섹트오더g 27798,25271
인섹트오더改 27798,2489
인원수는 31242,3970
인의대 47038,6951|47038,7068|47038,20066|47038,20177|47038,23052|47038,23164
인의롱수 26774,7523|26774,7641|26774,20519|26774,20631|26774,23458|26774,23571
인의면 23733,8957|23733,9058|23733,23493|23733,23603|23733,26604|23733,26717
인의의복 26754,7490|26754,7607|26754,20557|26754,20668|26754,23495|26754,23609
인의족대 33119,7666|33119,7784|33119,20694|33119,20801|33119,23526|33119,23634
인재 51013,15331
인젝션g 37097,26119
인젝션이건 37097,537
인해 24789,40198|35316,98
인해서 43111,21072
