크게 19406,36273|19406,36510|24789,40452|27445,37624|27445,37649|27445,38287|28259,6661|36663,6781|36663,9618|37097,32581|43111,21623|43111,22402|43111,22613|43111,23496|43111,24539|43111,24688|45326,105|45326,276|45326,2582|45326,4741
크기 21815,35076|21815,35326
크다 38161,1461|43111,26061
크라대거 27798,20970|27798,21128|33645,6568
크랩캐스터네츠 35316,7012|45997,19625
크랩커터 21815,19651|49792,4848
크레센트바이스 49792,7340
크로노스그레네이드 24789,16393
크로노스팬저 24789,30588
크로스보우건 24789,13117
크로스보우건g 24789,32527
크로우반지 51013,13655
크로우티켓 19406,21859|21815,24136|21815,31650|23733,8929|23733,9018|23733,9462|23733,9574|24789,8523|26754,7448|26754,7546|26754,7997|26754,8108|26774,7492|26774,7579|26774,8030|26774,8140|27445,27137|31242,782|31242,838|31242,979|31242,1038|31242,1142|31242,1246|31242,1345|31242,1801|31242,1920|31242,2041|31242,4071|31242,4209|33119,7444|33119,7626|33119,7722|33119,8176|33119,8287|33645,20795|38917,29965|39826,2897|39826,6710|39826,8411|47038,6910|47038,7006|47038,7463|47038,7575
크롬데스레이저 21815,1735
크롬레이저 21815,1563
크롬레이저g 21815,30792
크롬메탈부츠 33119,2622
크롬메탈코일 47038,2514
크리스탈노바 27445,9363
크리스탈노바g 27445,30864
크리스탈락 27445,9127
크리어한 51013,15219
크리티컬 25899,20770|25899,21536|25899,21761|25899,21873|25899,22150|27445,37930|28259,601|28259,4875|36663,8635
크리티컬로 25899,21926
크림슨 51013,3287
크림슨갓 21815,6902
크림슨브로스 19406,14985
크림슨브로스g 19406,30699
크림슨브로스改 19406,15157
크림슨사이스 49792,6306
크림슨사이스g 49792,24011
크림슨클럽 33645,9655
크림슨호른 19406,14781
크림저지 33119,16772
크지만 19406,37357|27445,37077
크커서 45997,25765
