쿠기베트 33645,10165
쿠기베트g 33645,27638
쿠샤나 39470,3987|39470,9656|45766,3996|45766,9665
쿠샤나s거래 26754,22183
쿠샤나s마칸 26774,22310
쿠샤나s바달 26754,22299
쿠샤나s슬러 23733,25376
쿠샤나s아드미 47038,21867
쿠샤나s앙크 23733,25271
쿠샤나s엔더 47038,21783
쿠샤나s페일 33119,22363
쿠샤나s하디 33119,22448
쿠샤나s하트 26774,22226
쿠샤나x 39470,14090|45766,14122
쿠샤나x디르 26754,31473
쿠샤나x마칸 26774,31409
쿠샤나x바달 26754,31579
쿠샤나x슬러 23733,35316
쿠샤나x아드미 47038,30952
쿠샤나x앙크 23733,35199
쿠샤나x엔더 47038,30883
쿠샤나x페일 33119,31585
쿠샤나x하디 33119,31687
쿠샤나x하트 26774,31294
쿠샤나디르 26754,9629
쿠샤나마칸 26774,9801
쿠샤나바달 26754,9695
쿠샤나슬러 23733,11505
쿠샤나아드미 47038,9094
쿠샤나앙크 23733,11402
쿠샤나엔더 47038,9028
쿠샤나페일 33119,9652
쿠샤나하디 33119,9734
쿠샤나하트 26774,9719
쿠샬 38161,7434|38161,7613|38161,7624|45326,1905
쿠샬다오라 29127,1332|29127,6031|36663,8341|38161,7529|38917,12778|38917,12854|38917,13397|38917,24532|51013,1829|51013,1840|51013,2879|51013,3941|51013,4997|51013,5021|51013,5044|51013,7457|51013,7480
쿠시자시 19406,17990
쿠쿠리블레이드 33645,11997
쿠쿠리블레이드改 33645,12283
