트라이던트 19406,8569
트라이던트g 19406,30161
트레냐가 33013,11787|33013,12093
트레냐는 33013,11747
트레냐를 51013,16265
트레냐에 33013,11821
트레냐의깃발 51013,16223
트레냐의배 33013,1490|33013,6027|51013,11361
트레냥에게 51013,11377|51013,11416|51013,11454|51013,16230
트레져 21033,5248|21033,5290|21033,5334|21033,5372|21033,5409|21033,5448|21033,5491|21239,301|21239,594|21239,876|21239,1194|21239,1574|21239,2093|21239,2930|21239,3228|21239,3604|21239,4024|21239,4341|21239,4850|25030,434|25030,1524|25030,2527|25030,3397|25030,4430|25030,5379|25030,6125|25030,6884|25030,7757|36663,104|36760,376|36760,758|36760,1735|36760,2386|36760,3702|36760,4412|36760,5128|36760,5851|36760,6640|36760,7551|36760,8484|36993,24|36993,215|36993,363|36993,541|36993,702|36993,884|36993,1059|36993,1238|36993,1398|36993,1772|36993,2445|36993,3196|36993,3904|36993,4496|36993,5056|36993,5767|38917,3932|38917,3989|38917,5878|38917,25937|38917,25965|38917,26020|38917,26048|38917,27364|38917,27443|38917,27599|38917,27643|38917,27684|38917,33019|38917,33035|43111,21324|43998,294|43998,523|43998,988|43998,1404|43998,1911|43998,2189|43998,2502|43998,2772|43998,3362|43998,4020|43998,4403|43998,4665|43998,5270|45794,64|51013,11866|51013,11886|51013,11942|51013,11953|51013,16206
트레져금관 51013,16181
트레져로부터 36993,69
트레져에서 51013,16165
트레져을 51013,14507
트레져의 36993,121|39826,9700
트레져헌터 38917,5435
트리플크라운 43111,3133
트릭스타 38161,6729|38161,6744
트윈네일 27798,22281|27798,22447|33645,19533
트윈네일改 27798,22660
트윈대거 27798,376|27798,523|33645,6617
트윈대거改 27798,708
트윈브로스해머 27445,13401
트윈프레임 27798,9923|27798,10087|33645,16264
트윈하이프레임 27798,10239
