포격 43111,387|43111,465|43111,516|43111,4058|43111,7824|43111,11465|43111,12532|43111,13376|43111,13964|43111,14331|43111,14741|43111,15465|43111,16226|43111,16741|43111,17267|43111,17771|43111,20089|43111,20132|43111,20187|43111,20568|43111,20894|43111,20951|43111,21292|43111,21496|43111,21508|43111,22592|43111,22663|43111,23091|43111,23362|43111,23664|43111,23686|43111,24665|43111,24740|45326,5577|51013,6766
포격lv 43111,25480
포격lv1 43111,25593
포격lv2 43111,25623
포격lv3 43111,25650
포격lv4 43111,25677
포격lv5 43111,25704
포격과 43111,25047
포격도 43111,21862
포격레벨 43111,410
포격를 43111,23871
포격에 43111,25987
포격에서 43111,23804
포격으로 43111,24075
포격은 43111,21928|43111,22695|43111,22863|43111,22985|43111,23420|43111,23931|43111,24477
포격을 43111,21437|43111,22945|43111,22964|43111,23492|43111,23588|43111,23884|43111,24025|43111,24254|43111,24558
포격의 43111,22038|43111,23781|43111,24587|43111,24843
포격이 43111,25731
포격이나 43111,21098|43111,21919
포격이라도 43111,24797
포격타입 43111,404
포격하고 43111,22510
포박주 45794,8281
포복으로 36663,1692|36663,15067
포수 51013,457
포수수 43111,14439
포술 23733,2062|23733,2129|23733,9472|23733,15158|23733,15218|23733,24703|23733,26895|23733,30108|26754,1964|26754,2033|26754,8007|26754,12923|26754,12983|26754,21686|26754,23731|26754,26774|26774,2066|26774,2139|26774,8040|26774,12957|26774,21734|26774,23691|26774,26771|33119,1584|33119,2127|33119,2195|33119,8186|33119,13118|33119,21820|33119,23750|45326,5486|45794,9023|45794,9083|47038,2111|47038,2178|47038,7473|47038,12516|47038,21225|47038,23284|47038,26237
포술사 39470,875|39470,11720|43111,23374|43111,23648|45326,5549|45766,911
포술사로 28259,2532
포술사보다 45326,5496
포술에서 28259,2512
포술왕 39470,5444|43111,19998|43111,23390|43111,23652|43111,25502|45326,5492|45766,915|45766,5437|45766,9320
포술왕으로 28259,2543
포승주 45794,8227
포식자들 36760,9283
포위진 31242,4462|38161,5755|38161,5772|38161,5871
포이즌타바르진 33645,4854
포이즌타바르진g 33645,26941
포인트 25030,7680|33013,106|33013,11830|36663,4484|36663,6311|36663,9984|36663,10197|36663,10204|36663,10252|36993,2104|36993,2493|36993,2844|36993,2916|36993,3229|36993,3552|36993,3631|36993,3937|36993,4249|36993,4330|36993,4529|36993,4850|36993,4925|36993,5089|36993,5373|36993,5447|36993,5800|36993,6085|36993,6159
포인트가 36663,13462
포인트는 36663,5778|36663,11156
포인트로서 36663,4452
포인트를 36663,5710|51013,8509|51013,8547|51013,8583|51013,8619|51013,8656|51013,8694|51013,8732|51013,8770|51013,8808|51013,8848|51013,8886|51013,8925|51013,8964|51013,9003|51013,9043|51013,9083|51013,9123|51013,9162|51013,9201|51013,9240|51013,9281|51013,9320|51013,9360|51013,9400|51013,9439|51013,9480|51013,9520|51013,9560|51013,9600|51013,9639
포인트에 36993,126
포인트에서 36663,13500|38917,4943|38917,5038|42032,4029
포인트에서는 36663,13579
포인트의 36663,2558|36663,4439|36663,5796|36663,6165|51013,11388|51013,11427|51013,11465
포포 31242,4845|31242,4911|31242,4986|31242,5068|31242,5133|33013,1469|36993,3012|36993,3042|38917,13091
포포의 33013,5848|33013,5865
포포의혀 38917,32206
포학의 38917,30416
포함 36663,9019|37097,32207|43111,21866|45326,9309|45326,10804
포함되지 51013,17646
포함하지 51013,16040|51013,16783
포함한다 28259,5491|45326,10432|51013,7719
포함해 51013,13044
포함해서 43111,24029
포환도토리 36993,3385
포획 23733,10316|23733,10441|23733,11074|23733,11202|23733,30278|23733,30341|23733,37537|23733,37604|24789,333|24789,591|24789,853|24789,1160|24789,1450|24789,1732|24789,2028|24789,2313|24789,2600|24789,2883|24789,3168|24789,3449|24789,3720|24789,4009|24789,4289|24789,4678|24789,4970|24789,5261|24789,5544|24789,5825|24789,6106|24789,6384|24789,6672|24789,6953|24789,7348|24789,7651|24789,7949|24789,8224|24789,8505|24789,8790|24789,9069|24789,9357|24789,9673|24789,9964|24789,10247|24789,10595|24789,10882|24789,11165|24789,11461|24789,11751|24789,12040|24789,12331|24789,12616|24789,12900|24789,13187|24789,13489|24789,13777|24789,14065|24789,14362|24789,14640|24789,15023|24789,15312|24789,15605|24789,15891|24789,16185|24789,16482|24789,16883|24789,17186|24789,17471|24789,17761|24789,18048|24789,18339|24789,18621|24789,18908|24789,19222|24789,19512|24789,19791|24789,20084|24789,20389|24789,20674|24789,20973|24789,21257|24789,21534|24789,21887|24789,22179|24789,22468|24789,22756|24789,23046|24789,23339|24789,23629|24789,23922|24789,24200|24789,24502|24789,24787|24789,25077|24789,25359|24789,25643|24789,25933|24789,26219|24789,26505|24789,26793|24789,27085|24789,27469|24789,27759|24789,28042|24789,28333|24789,28635|24789,28924|24789,29203|24789,29493|24789,29783|24789,30091|24789,30375|24789,30663|24789,30960|24789,31248|24789,31581|24789,31863|24789,32154|24789,32598|24789,32885|24789,33184|24789,33480|24789,33771|24789,34066|24789,34354|24789,34639|24789,34925|24789,35214|24789,35502|24789,35789|24789,36083|24789,36374|24789,36666|24789,36959|24789,37254|24789,37535|24789,37819|24789,38117|24789,38423|24789,38713|24789,39003|24789,39289|26754,8678|26754,8777|26754,26851|26754,33434|26774,8730|26774,8849|26774,26864|26774,26935|26774,33348|33119,26966|33119,33574|37097,344|37097,605|37097,908|37097,1209|37097,1490|37097,1769|37097,2064|37097,2365|37097,2770|37097,3060|37097,3352|37097,3644|37097,3936|37097,4231|37097,4522|37097,4815|37097,5223|37097,5508|37097,5799|37097,6087|37097,6376|37097,6677|37097,6964|37097,7261|37097,7554|37097,7958|37097,8265|37097,8535|37097,8823|37097,9115|37097,9420|37097,9728|37097,10029|37097,10314|37097,10599|37097,10889|37097,11281|37097,11568|37097,11877|37097,12173|37097,12465|37097,12876|37097,13163|37097,13457|37097,13751|37097,14050|37097,14340|37097,14629|37097,14907|37097,15209|37097,15505|37097,15807|37097,16207|37097,16498|37097,16791|37097,17086|37097,17374|37097,17677|37097,17973|37097,18274|37097,18560|37097,18864|37097,19156|37097,19446|37097,19746|37097,20030|37097,20440|37097,20729|37097,21025|37097,21315|37097,21608|37097,21897|37097,22185|37097,22480|37097,22787|37097,23076|37097,23368|37097,23671|37097,23962|37097,24255|37097,24544|37097,24833|37097,25137|37097,25598|37097,25893|37097,26189|37097,26486|37097,26783|37097,27077|37097,27377|37097,27673|37097,27978|37097,28269|37097,28560|37097,28864|37097,29162|37097,29466|37097,29761|37097,30057|37097,30350|37097,30643|37097,30949|37097,31249|38917,2283|38917,3863|38917,4044|45326,8597|45326,8729|45794,8231|45794,8285|47038,8032|47038,8154|47038,26381|47038,32909|51013,7684|51013,7699|51013,14024|51013,14042|51013,17413|51013,17534
포획대상몬스터 51013,16834
포획명인 39470,11802|39470,15067|45326,8603|45766,11800
포획보수 38917,33528
포획보수의 45326,8662
포획숙달 39470,15062|45326,8653|45766,15085
포획숙달의 45326,8608
포획시 45326,8658
포획에 38917,3824|38917,11332|38917,31420
포획용마취구슬 21033,3832|38917,3786
포획용마취구슬의 28259,5013
포획용마취나이프 21033,3795|38917,31391
포획용마취약 21033,3764|21033,3804|21033,3840|21033,3874|28259,4997|29127,519|29127,5040|33013,6155|33013,7142|36993,507|38917,2236|39826,1812
포획용마취탄 21033,3867|28259,4964|28259,6130|28259,7154|37097,33327|38917,11310
포획용마취탄이 28259,7535
포획은 51013,17524
포획조건의 51013,17518
포획타이밍 39470,11808|39470,12446|45326,8700|45766,11806|45766,12426
포획하는 28259,4616|38917,2278
포획한 51013,13987|51013,14068
포획해도 51013,17366
포효 21815,34877|21815,34932|21815,34943|25030,8653|25030,9212|33645,32509|36663,14738|36663,14955|38161,6827|38161,6847|45326,1863
포효는 36663,7966
포효때는 36663,14862
포효때에 36663,14805
포효를 37097,32502|45326,1795
