멜랑쥬광석 19406,1962|19406,3280|19406,5344|19406,29025|19406,31845|21033,4253|21033,4598|21033,4611|21815,3150|21815,23947|21815,28857|21815,32015|23733,30405|23733,37700|24789,24838|24789,28364|24789,30707|24789,36419|25899,5349|25899,11104|26754,26987|26754,27890|26754,28034|26774,26669|26774,26988|26774,27475|26774,27630|26774,27955|27445,1927|27445,3770|27445,4846|27445,30097|27445,31141|27445,35587|27798,2146|27798,11768|27798,12955|27798,20519|27798,21551|27798,25609|27798,26145|33013,3884|33013,4193|33013,10898|33119,27103|33119,28572|33119,30049|33119,30205|33119,31519|33119,31642|33645,2657|37097,18565|37097,21346|37097,23398|37097,24587|37097,28300|38917,8174|39826,3034|43111,16666|43111,18540|47038,26549|49792,2424|49792,16542
멜트브레이버 27798,15084
멜트워리어 27798,14545|27798,14721|33645,11138
멜트워리어改 27798,14890
멜호아 39470,3549|45766,3533
멜호아u 39470,10175|45766,10233
멜호아u그리브 33119,23922
멜호아u라마 26774,23862
멜호아u레깅스 33119,24023
멜호아u브랏트 47038,23528
멜호아u브르메 23733,27094
멜호아u슈탐 26754,23972
멜호아u아스트 26774,23930
멜호아u옷하 47038,23460
멜호아u트론코 26754,23903
멜호아u프롤 23733,26975
멜호아z 39470,14710|45766,14747
멜호아z그리브 33119,32934
멜호아z라마 26774,32704
멜호아z레깅스 33119,33050
멜호아z브랏트 47038,32321
멜호아z브르메 23733,36826
멜호아z슈탐 26754,32879
멜호아z아스트 26774,32817
멜호아z옷하 47038,32213
멜호아z트론코 26754,32795
멜호아z프롤 23733,36710
멜호아그리브 33119,8544
멜호아라마 26774,8402
멜호아레깅스 33119,8649
멜호아브랏트 47038,7822
멜호아브르메 23733,9953
멜호아슈탐 26754,8433
멜호아아스트 26774,8506
멜호아옷하 47038,7688
멜호아트론코 26754,8366
멜호아프롤 23733,9830
