탄고기 21033,5620|38917,2631|39826,1396|39826,3662|39826,4924|39826,5939|42032,3425|45794,5100
탄네캄트룸 49792,21419
탄네캄트룸계 49792,21290
탄도 24789,40444|28259,4025
탄생선 21033,6100|38917,2982|39826,1411|39826,3678|39826,4940|39826,5955
탄수가 25899,21332
탄수무한 38917,10423
탄약비를 37097,32202
탄을 28259,3926|45326,3730
탄의 37097,31568
탄제조 23733,322|23733,1578|23733,13889|23733,30915|26754,1514|26754,27403|26774,1631|26774,3625|33119,1540|33119,3649|45326,9908|45794,8915|47038,1677|47038,26936
탄제주 45794,8911
탄종 37097,32846
탄종에 28259,7498
탄창주 45794,4206
탄포포포 36993,2525
탄혈주 45794,4123
탄환 24789,40149|24789,40167|28259,288|28259,472|28259,524|28259,1022|28259,1471|28259,2179|28259,2860|28259,3452|28259,3949|28259,4537|28259,4909
탄환강화 25899,22021|25899,22607
탄환과 28259,2973|28259,3682
탄환명 28259,5915|28259,7049
탄환수는 28259,446
탄환에 37097,32008
탄환에는 24789,40095|37097,31948
탄환을 28259,7606|36663,1544|45326,3858|45326,3896|45326,9935
탄환의 24789,39699|24789,40460|28259,3461|28259,5447|28259,6503|28259,7633|37097,31683|37097,32039|37097,32063|37097,32707|37097,33151|37097,33176
탄환의반동값 37097,33207
탄환이고 28259,2239
탄환장전수 45326,5622
