낫게 36760,9353|36760,9364|36760,9985
낫게갑각 19406,17406|21815,21026|23733,5871|23733,17955|23733,22692|24789,9113|25899,8071|26754,5326|26774,5584|27798,4425|27798,4473|33119,5661|37097,3953|38917,18601|39826,7687|47038,5284|47038,15098|47038,19394
낫게강조 19406,33648|21815,20184|21815,20405|21815,31476|23733,30979|25899,8385|25899,8519|27445,8189|27798,2158|27798,5323|27798,27006|33645,2187|33645,24229|37097,19463|38917,18813|45794,1867|45997,19499|49792,5953|49792,6185
낫게견각 19406,17595|21815,19867|23733,17931|23733,22668|23733,24029|23733,30991|25899,8206|26754,15477|26754,19697|26774,15480|26774,19828|27445,7895|27445,7950|27798,4845|27798,27023|33119,15542|33119,19896|33645,23821|37097,10319|38917,18626|45997,19010|45997,19055|47038,15086|47038,19382|47038,27010
낫게다리 19406,17602|19406,17862|19406,33662|21815,21019|27445,7967|27798,4852|33119,5649|33119,15554|33119,19908|37097,3941|38917,18678|39826,3887
낫게발톱 19406,17399|21815,21198|23733,5859|25899,7168|27798,4466|27798,4649|37097,3965|37097,6130|38917,18755|39826,7650|45794,3269
낫게소각 19406,17242|21815,31493|23733,5883|26754,5338|26754,15489|26754,19709|27798,4483|33013,8779|38917,18571|45794,2715|47038,5272
낫게주각 19406,17803|19406,17852|21815,20133|21815,20881|23733,33649|25899,8663|26754,29814|26774,29818|27445,8415|27445,8469|27445,8699|27798,5047|27798,5095|33119,30029|33645,24447|37097,21902|38917,18842|39826,4682|39826,8817|45997,19742|45997,19960|47038,29414
낫게주조 19406,17796|19406,17845|19406,18066|21815,20126|21815,20177|21815,20398|23733,33661|24789,26539|25899,8805|27445,8422|27445,8476|27798,5040|27798,5088|27798,5306|33645,24430|33645,24631|37097,21914|38917,18877|45794,3323|47038,29426|49792,5637
낫게중각 19406,3288|21815,31486|23733,30967|25899,8338|25899,8378|26754,27454|26774,27454|27445,8182|33119,27547|33645,24236|37097,19451|38917,18652|45997,19489|47038,27003|49792,5960
낫게중족 19406,18073|19406,18562|21815,20143|21815,20194|21815,20888|25899,8345|25899,8670|26774,27461|26774,29825|27445,8199|27445,8432|27798,5057|27798,27016|33119,27554|33119,30036|38917,18703|49792,6192
낫게집게 19406,17235|21815,19850|21815,21191|25899,8081|26774,5572|26774,15492|26774,19840|26774,27468|26774,29832|27445,7902|27445,8486|27798,4642|37097,10331|38917,18729|39826,9545|45794,1689|49792,5970
낫게첨조 19406,17585|19406,33655|21815,19860|23733,17943|23733,22680|23733,24159|25899,8216|26754,27466|27445,7960|27798,4835|33645,1980|33645,23804|33645,23848|33645,24041|38917,18784|45794,1446|45997,19272|49792,5198
