라고 31242,3321|43111,19612|43111,22720|43111,24104
라는 43111,24085|49792,26601
라면 28259,5852|28259,5872
라바x 39470,12332|45766,12322
라바x가드 26774,27974
라바x그리브 33119,27977
라바x레깅스 33119,28098
라바x레지스트 26754,27988
라바x메일 26754,27900
라바x암 26774,27886
라바x캡 23733,31589
라바x코트 47038,27540
라바x폴드 47038,27428
라바x헬름 23733,31468
라바가드 26774,9509
라바그리브 33119,9269
라바레깅스 33119,9385
라바레지스트 26754,9409
라바메일 26754,9287
라바슈트롬 24789,26428
라바알파 27445,1970|35316,6630|45997,20803
라바알파계 45997,20585
라바암 26774,9384
라바캡 23733,11157
라바코트 47038,8814
라바티켓 23733,11099|26754,9355|33119,9326|47038,8760
라바폴드 47038,8692
라바헬름 23733,11028
라스트 51013,974
라스트니들 37097,3285
라스트엑디시스 49792,17714
라스트타바르진 27798,22172
라이벌 51013,6015
라이트 24789,39954|38917,27736|38917,27970
라이트s벨트 47038,11402
라이트u벨트 47038,16398
라이트닝 51013,5766
라이트닝베인 33645,4517
라이트보우건 24789,31|24789,39517|38917,27498|51013,10032
라이트보우건은 28259,7589
라이트보우건을 28259,7733|51013,10047
라이트보우건의 28259,6829|28259,6910|31242,5894|45326,3792
라이트크리스탈 19406,1084|19406,7610|19406,29003|21033,4695|21033,4710|21815,8263|21815,13623|23733,1991|23733,8050|23733,8145|23733,8245|23733,8346|23733,9416|23733,9527|23733,9783|23733,10818|24789,7370|24789,9705|25030,3962|25030,4038|25030,4230|25030,4277|25030,7809|25030,7845|26754,7952|26754,8063|26754,9617|26754,9891|26754,12872|26754,13057|26754,17885|26774,7986|26774,8096|26774,12977|26774,13123|26774,17682|26774,18009|27445,9187|27445,9237|27445,9430|27445,24191|27445,24235|27445,30938|27798,1245|27798,1293|27798,1484|33013,3921|33013,3969|33013,4224|33013,8727|33013,8909|33013,9070|33013,9618|33119,8130|33119,8241|33119,13138|33645,21696|36760,2756|36760,2802|36760,7717|36760,7777|37097,27109|38917,8262|39826,5280|39826,6094|39826,6654|43111,2446|43111,4798|43998,3686|43998,4743|43998,4809|45997,9620|47038,7416|47038,7529|47038,9016|47038,12683|47038,17615|49792,8148|49792,15897
라잔을 51013,15672
라쟌 25030,8303|29127,1350|29127,5378|31242,2246|31242,2276|31242,2336|31242,3176|31242,3204|36663,8227|38161,7001|38161,7103|38161,7120|38161,7188|38917,17304|45326,1913|51013,1679|51013,1688|51013,2714|51013,3743|51013,4830|51013,5928|51013,6981|51013,15710|51013,17207|51013,17210
라쟌데그 24789,21182
라쟌의 19406,36717
라티오베릴 36993,5984
