분노 23733,38110|23733,38185|26754,34008|26754,34079|26774,33898|26774,33970|33119,34094|33119,34166|36663,2171|36663,12148|45326,5892|47038,33444|47038,33516|51013,2705
분노시 21815,34939
분노의염제 38161,8061|38161,8122
분노한 51013,2033|51013,3072|51013,4140|51013,5233|51013,6268|51013,7319|51013,15503|51013,15668
분류 42032,3041
분류하고 42032,3125
분별법 27445,37560
분별하는 38161,153|38161,1745|38161,4740|38161,5432|38161,6188|38161,7251
분산시키는 36663,731
분산시킵니다 36663,679
분산이 36663,1237
분실물우산 21239,4401|21239,4424|24789,3741|24789,5280|24789,8819|24789,16204|24789,20692|24789,35809|24789,36103|33013,8934|33013,11506|36760,850|36760,895|36760,963|36760,8661|36760,8684|38917,27467|39826,6382|43998,4169|43998,4209|43998,5557|43998,5580
분위기 36663,12614
분이 45326,8033|45326,8079|45326,8125
분진 38917,1973
분진의 36663,14467|36663,15344
분진이나 36663,13378
