만났을때 42032,4664
만드는 36663,13005
만드는병 38917,11619|38917,11666|38917,11713
만드라고라 21033,283|21033,362|21239,1689|21239,1703|21239,5316|21239,5333|25030,2944|25030,5784|29127,2702|29127,4060|33013,5797|33013,8027|33013,8156|33013,10314|33013,11109|33013,11230|38917,6967|39826,1884|39826,1927|39826,1946|39826,5036|39826,7267|43998,4964|43998,4981|43998,5612|43998,5629|45997,945|45997,1141|45997,1357|45997,1596
만든 36663,11033|51013,14941|51013,16812
만든다 28259,2369
만들 21033,6324
만들고 51013,14431
만들기도 25899,21825
만들수 21815,35453|36663,923|36663,7426|36663,7550|36663,7676
만들어 25899,23139|36663,1351
만들어내는 25899,23095
만들어지는 45326,9922
만들어진 43111,25009
만들어진다 45326,9952
만뢰 24789,31175
만물유전의 51013,15636
만으로 45326,3829
만으로는 21033,6440
만족시킨후 42032,73
만큼 36663,4219|43111,23743|51013,16068
만회할 36663,14397
