단계 33013,5483
단계에서 21815,34413
단골소님 51013,12284
단골손님 51013,17599
단골카드 51013,16516|51013,17587
단단하게휘어진뿔 26754,28404|26774,28371
단단한 27445,37427|43111,24330
단단한검게휜뿔 19406,16647|21815,14678|23733,33834|25899,12397|25899,12441|25899,12584|26754,29980|26774,29980|27445,13873|27798,14492|33645,10594|37097,23411|37097,29794|38917,22601|39826,8654
단단한빵 42032,1034
단단한뼈 19406,12332|19406,12378|19406,12430|19406,12787|19406,19804|19406,32371|23733,14372|23733,20968|23733,30822|24789,12075|24789,12361|24789,13193|24789,13246|24789,14097|25899,18335|26754,11745|26754,12080|26754,13531|26754,14493|26754,18463|26754,25937|26754,26503|26774,11891|26774,15342|26774,18612|26774,19777|26774,25754|26774,28708|27445,13043|27445,13083|27445,13142|27445,13287|27445,27849|27445,29431|27798,6735|27798,21398|33013,6728|33013,9171|33013,9348|33119,11994|33119,12266|33119,12412|33119,14013|33119,18808|33119,22059|33645,11094|33645,26090|37097,7963|37097,8020|37097,9770|38917,13166|45997,3043|47038,11391|47038,11782|47038,11892|47038,13307|47038,16925|47038,19023|47038,26865|47038,29267|49792,4983
단단한사랑니 25899,1769|25899,3211|25899,18326|27798,7799|27798,8026|27798,26481|33645,12380|33645,13113|37097,17105|37097,19201|38917,17157|39826,4602|45794,4455|45997,3548|45997,3799|47038,28391
단단한조룡골 19406,13046|21815,2892|21815,16774|21815,17729|21815,29568|21815,29748|24789,21909|25899,1778|25899,18204|26754,26143|26754,27228|26774,29045|26774,29328|27445,1733|27445,1935|27798,9872|27798,11533|33013,6900|33013,7864|33013,8509|33013,9357|33013,10126|33013,10780|33013,11637|33645,2407|33645,12086|33645,12157|33645,26098|33645,26394|33645,26927|33645,29339|37097,25631|38917,13034|39826,8587|43111,17023|45794,6463|45997,1371|45997,7204|45997,7443|45997,24161|45997,24400|47038,25328
단단한휘어진뿔 19406,30957|21815,14668|23733,32069|25899,12594|25899,19190|33645,27778|37097,21359|39826,4525
단단함뼈 33119,25991
단단히 43111,21153
단번에 19406,37218
단분완성계 27445,28924
단순하게 37097,32514
단순히 36663,516|36663,9560|36663,9776
단숨에 19406,35723
단시간이지만 43111,20442
단장 51013,6434
단점이 25899,22857
단지 19406,35838|19406,36007
단차를 36760,3618|36760,4330
단체연습을 51013,13828
단축 43111,20018
단축된다 43111,25534|45326,5537
단축시켜준다 45326,5683
단축주 45794,1890
단품으론 38917,1829
