여담이지만 27798,30084
여러 29127,2751|29127,3200
여러가지 24789,40126|36663,11779|37097,31979
여러명에게 28259,4054
여러명의 28259,5243
여러종의 51013,14058
여룡의간 21033,6006|38917,32338
여산주 45794,5784
여서 25899,22051
여성 39470,3785|39470,4276|39470,9504|39470,9880|39470,10766|39470,14003|39470,15271|45766,3777|45766,4293|45766,9497|45766,9920|45766,10832|45766,14029|45766,15327
여성으로부터 39826,118
여왕 21239,5660|31242,4219|38161,1785|38161,1805|38161,1861|38161,1877|43998,6228|51013,7045
여왕벌 36993,2039|36993,5833
여왕새우 42032,987
여왕적란고스타 35316,7707|35316,11497|35316,11648|45997,10621
여왕충관각 19406,29731|25899,9446|25899,19059|27798,3222|37097,20445|37097,30369|38917,22880|39826,8635|45794,585|45997,10484|49792,12350|49792,12783
여왕충꼬리 19406,18692|26774,12882|26774,17765|27445,2969|37097,3372|37097,9135|37097,20458|37097,26518|38917,22847|39826,3910|45794,4044|45997,9572|45997,23629
여유를 27798,29807
