그건 43111,26173
그것때문에 37097,32093
그것으로 35316,93
그것을 19406,35743|19406,35978|19406,36320|43111,25428
그것이 45326,10303|51013,16497
그다지 19406,35388
그대로 19406,319|21815,309|25899,20730|27445,309|27798,309|33645,311|33645,32927|36663,15078|43111,320|45997,316|49792,802
그대로고 36663,10529
그때문에 37097,32197|43111,20469|43111,23563
그라비드 39470,3089|39470,7053|45766,3081|45766,7059
그라비드d 39470,3229|45766,3219
그라비드d가드 26774,6803
그라비드d그리브 33119,6752
그라비드d레깅스 33119,6823
그라비드d레지스트 26754,6484
그라비드d메일 26754,6374
그라비드d암 26774,6724
그라비드d캡 23733,7196
그라비드d코트 47038,6450
그라비드d폴드 47038,6366
그라비드d헬름 23733,7086
그라비드s가드 26774,16528
그라비드s그리브 33119,16447
그라비드s레깅스 33119,16556
그라비드s레지스트 26754,16433
그라비드s메일 26754,16326
그라비드s암 26774,16422
그라비드s캡 23733,19049
그라비드s코트 47038,16077
그라비드s폴드 47038,15969
그라비드s헬름 23733,18941
그라비드u 39470,8866|45766,8840
그라비드u가드 26774,20226
그라비드u그리브 33119,20192
그라비드u레깅스 33119,20276
그라비드u레지스트 26754,20073
그라비드u메일 26754,19990
그라비드u암 26774,20120
그라비드u캡 23733,23082
그라비드u코트 47038,19755
그라비드u폴드 47038,19672
그라비드u헬름 23733,22966
그라비드x 39470,12636|45766,12632
그라비드x가드 26774,28574
그라비드x그리브 33119,28629
그라비드x레깅스 33119,28744
그라비드x레지스트 26754,28577
그라비드x메일 26754,28478
그라비드x암 26774,28474
그라비드x캡 23733,32302
그라비드x코트 47038,28118
그라비드x폴드 47038,28019
그라비드x헬름 23733,32185
그라비드z 39470,13427|45766,13401
그라비드z가드 26774,30197
그라비드z그리브 33119,30310
그라비드z레깅스 33119,30414
그라비드z레지스트 26754,30216
그라비드z메일 26754,30113
그라비드z암 26774,30104
그라비드z캡 23733,34061
그라비드z코트 47038,29841
그라비드z폴드 47038,29722
그라비드z헬름 23733,33951
그라비드가드 26774,6497
그라비드그리브 33119,6384
그라비드기가로아 37097,22702
그라비드기가하올 37097,19661
그라비드레깅스 33119,6500
그라비드레지스트 26754,6125
그라비드메일 26754,6006
그라비드암 26774,6380
그라비드캡 23733,6837
그라비드코인 26774,23851|27445,27145|31242,1514|33119,8191|38917,28522|39826,2627|39826,8169|47038,20038
그라비드코트 47038,6137
그라비드폴드 47038,6018
그라비드헬름 23733,6720
그라비모스 25899,22637|31242,1472|31242,1504|31242,1524|31242,2288|36663,7737|36663,8149|36993,1263|36993,6326|36993,6352|36993,6380|36993,6408|36993,6439|36993,6466|36993,6495|36993,6527|36993,6556|38161,3029|38161,3045|38161,3065|38161,3212|38161,3229|38161,3243|38917,12239|38917,12276|38917,12624|38917,13325|38917,21977|43998,6246|45326,1837|51013,1474|51013,1486|51013,2469|51013,3569|51013,4634|51013,5726|51013,6776|51013,17052
그라비모스로아 37097,11794
그라비모스의 38161,750|38161,3166|38161,3187
그라비모스하올 37097,9946
그라비스커스 36993,5872
그라비스커스뿌리 36993,5893|36993,6425
그라비톤해머 27445,10546
그라인드클레이모어 49792,17336
그라키파보우ⅰ 25899,4183
그라키파보우ⅱ 25899,4346
그란 37097,13388
그래도 28259,5796|36663,3613|45326,10813
그랜드 51013,9194
그랜드브로스 27798,14433
그랜드슬램 43111,2542
그랜드슬램g 43111,18826
그랜드시져 21815,20797
그러나 25899,21612|25899,22880|27445,37464|36663,2605|43111,21030|43111,21209|43111,23625|43111,23926|43111,25414|43111,26069
그러므로 49792,26838
그럭저럭 28259,2306
그렇게 27445,37720
그렇기 37097,32987
그레네이드보우건 24789,4600
그레네이드보우건改 24789,11382
그레네이드비볼버 24789,24709
그레이메두사 27798,9802
그레이브디가 19406,1891
그레이트노바 27445,9560
그레이트본액스 27445,7617
그레이트시저 21815,19553
그레이트시저g 21815,30278
그레이트콘 27445,19576
그레이트콘g 27445,34949
그레이트쿠쿠리 33645,12516
그레이트폴암 27445,12100
그레이트폴암g 27445,32999
그레이프백파이프 35316,4554|45997,4587
그레이프백파이프g 35316,4617|45997,22566
그로 24789,40195
그룹 35316,618|35316,1193|35316,1760|35316,2581|35316,3015
그리고 21815,35920|36663,2821|36663,4427|38917,33258|38917,33317|43111,21271|43111,22100|45997,25569
그린 51013,3261
그린s저지 33119,11890
그린몬스터 27445,27782
그린저지 33119,287
그린핀 36993,3130
그림 36760,3584|36760,4296
그림자 25030,8284|25030,8590|25030,8874|25030,8979|25030,9385|28259,975|28259,1431|29127,1521|33013,1512|33013,6368|33013,6511|33013,7308|33013,7466|33013,8147|33013,8239|33013,8975|33013,9853|33013,10490|36760,10060|38161,192|38161,1822|38161,1837|38161,2235|38161,2760|38917,29491|51013,3533
그림자한쌍 42032,1300
그만큼 27445,37213|43111,26052
그물 21033,1566|21033,1597|21033,1836|21033,1862|21033,1890|21239,4530|25030,6191|33013,6303|33013,6462|36760,4044|36760,5238|36760,6763|38917,3915|39826,625|43998,2108|45794,8267
그물을 33013,5260
그물의 38917,3901
그외 45326,10734
그자리에서 43111,22136
