모노데빌 39470,4567|45766,4575
모노데빌u 39470,10304|45766,10361
모노데빌u가드 26774,24246
모노데빌u그리브 33119,24282
모노데빌u레깅스 33119,24396
모노데빌u레지스트 26754,24304
모노데빌u메일 26754,24181
모노데빌u암 26774,24131
모노데빌u캡 23733,27450
모노데빌u코일 47038,23740
모노데빌u코트 47038,23859
모노데빌u헬름 23733,27330
모노데빌가드 26774,11126
모노데빌그리브 33119,11118
모노데빌레깅스 33119,11238
모노데빌레지스트 26754,11042
모노데빌메일 26754,10923
모노데빌암 26774,11012
모노데빌캐스트 37097,3575
모노데빌캐스트g 37097,29690
모노데빌캐스트改 37097,12395
모노데빌캡 23733,12960
모노데빌코일 47038,10489
모노데빌코트 47038,10604
모노데빌헬름 23733,12844
모노브로스 36663,8056|38161,3409|38161,3429|38161,3453|38161,3505|38917,23238|38917,23410|39470,2500|39470,6367|45326,1813|45766,2465|45766,6385|51013,1390|51013,1402|51013,2395|51013,3491|51013,4559|51013,5649|51013,6699|51013,17001
모노브로스s가드 26774,15040
모노브로스s그리브 33119,15057
모노브로스s레깅스 33119,15143
모노브로스s레지스트 26754,15096
모노브로스s메일 26754,15011
모노브로스s암 26774,14959
모노브로스s캡 23733,17460
모노브로스s코일 47038,14566
모노브로스s코트 47038,14674
모노브로스s헬름 23733,17348
모노브로스x 39470,11849|45766,11847
모노브로스x가드 26774,27031
모노브로스x그리브 33119,27055
모노브로스x레깅스 33119,27147
모노브로스x레지스트 26754,27016
모노브로스x메일 26754,26940
모노브로스x암 26774,26942
모노브로스x캡 23733,30478
모노브로스x코일 47038,26476
모노브로스x코트 47038,26587
모노브로스x헬름 23733,30356
모노브로스가드 26774,5140
모노브로스그리브 33119,5101
모노브로스레깅스 33119,5173
모노브로스레지스트 26754,4893
모노브로스메일 26754,4822
모노브로스사이스 49792,6493
모노브로스사이스改 49792,6702
모노브로스심장 19406,15043|19406,15941|21815,10875|26754,11007|26754,15145|26754,22580|26754,24269|26754,27077|27798,14130|33645,21463|33645,31416|37097,12509|37097,29809|38917,23386|39826,5489|45794,1418|47038,20347|47038,20472|49792,6584|49792,7213
모노브로스암 26774,5024
모노브로스캡 23733,5386
모노브로스코일 47038,4781
모노브로스코트 47038,4852
모노브로스클럽 33645,9842
모노브로스클럽g 33645,27464
모노브로스헬름 23733,5267
모노브장미 36993,1911|36993,3996
모델 51013,12241
모두 21815,35313|27445,37989|27798,29078|28259,2195|28259,3474|28259,6870|28259,7769|36663,14937|43111,23370|45326,2830|45997,26285|51013,365|51013,403|51013,441|51013,479|51013,517|51013,593|51013,633|51013,673|51013,704|51013,736|51013,767|51013,798|51013,830|51013,861|51013,894|51013,925|51013,958|51013,992|51013,1025|51013,1059|51013,8464|51013,11961|51013,11997|51013,12074|51013,12186|51013,12827|51013,12905|51013,12981|51013,13441|51013,13463|51013,13519|51013,13544|51013,13600|51013,13625|51013,13672|51013,13755|51013,13834|51013,14425|51013,14512|51013,14628|51013,14849|51013,14923|51013,14996|51013,15141|51013,15163|51013,15216|51013,15238|51013,15288|51013,15310|51013,15900|51013,16195|51013,16342|51013,17228
모두가 25899,20193
모두를 28259,3940|31242,3353|51013,13055
모두에게 51013,7523|51013,7563|51013,7601
모두의 19406,35344
모두채웠다 51013,11936
모드에 36663,10761
모든 19406,35323|21033,6925|25899,23255|28259,553|31242,3288|31242,3308|31242,3365|35316,3895|36663,497|42032,3291|42032,3356|43111,24349|45326,1792|45326,1933|45326,1968|51013,7644|51013,7732|51013,8358|51013,8393|51013,8428|51013,10330|51013,11002|51013,11870|51013,11894|51013,13025|51013,13271|51013,13348|51013,13694|51013,13776|51013,13945|51013,14021|51013,14484|51013,14561|51013,15857|51013,15921
모든것이 51013,15642
모래속에서 38161,4800
모래속의 38161,489|38161,517|38161,4850|38161,4872
모른다 25899,23240
모범이 51013,15178
모션 19406,36970|25899,21638|28259,5523|28259,6543|28259,7101|28259,7161|28259,7232|28259,7271|28259,7316|28259,7359|45997,25683
모션값 45997,25287|45997,25308
모션값이 45997,25471
모션과 33013,3573
모션에는 45997,25188
모션은 28259,5415|28259,6470|36663,13768
모션을 21815,35647
모션이 27445,37414|27445,37473
모션치 25899,20299
모션치가 25899,22169|27798,29412|33645,32243
모스 36993,3665|36993,3690|36993,5476|38917,13477
모스브레스트 26754,6705
모스의가죽 23733,7550|26754,6744|26774,7058|33119,7080|38917,13456|39826,3818|45794,4932|47038,6702
모스펀치 26774,7021
모스페이크 23733,7512
모스풋 33119,7044
모스히프 47038,6665
모습을 38917,3559|38917,3573
모습이 33013,3577
모아서 36663,5715|36993,461|36993,630|36993,817|36993,987|36993,1165|36993,1324|36993,1501
모았을 27445,37575
모양이다 35316,1744|36663,14012
모으기나 43111,25324
모으는 27445,37251
모으는게 27445,36379
모으면서 49792,26910
모은 27445,37916|51013,16078
모을수 25899,20944
모이게 39826,90
모이고 49792,26612
모이는 33013,5369
모이면 21815,34428|49792,26625
모일 39826,289
모집중 51013,315
모험용헬멧 51013,16144
모험을 51013,16254
모험자 51013,11915
