때가 36663,14659
때까지 27445,37601|36663,11088|42032,5568
때나 27445,37438|27445,38448|43111,23008
때는 25899,19880|36663,9795|36663,14140|43111,24555|43111,24703|43111,26122|45997,26801
때도 36663,277|36663,10959
때려 43111,25947
때를 33013,3547|33013,5373
때리는 45997,26139
때리지 36663,1365
때마다 33013,5256|33013,5987|36663,9980|42032,7682|43111,22107
때만 19406,35874
때문 21815,35807
때문에 19406,36805|21033,6282|21033,7462|21815,34724|21815,34809|21815,35079|21815,35329|21815,35420|24789,40074|25899,19912|25899,21572|25899,21654|25899,21798|25899,22189|25899,22311|25899,23395|27445,37504|27445,37695|27445,37743|27445,38048|27798,28845|27798,28944|27798,28995|27798,29425|27798,29460|27798,29491|28259,1489|28259,1570|28259,2201|28259,2913|28259,3985|28259,4705|28259,4788|28259,5347|33645,32251|33645,32358|36663,956|36663,1099|36663,1526|36663,2103|36663,11489|36663,12070|36663,12160|36663,12471|36663,14106|36760,3614|36760,4326|37097,31913|37097,32053|37097,32593|37097,32670|37097,32991|42032,202|42032,7787|43111,20540|43111,21121|43111,21223|43111,21319|43111,22076|43111,22306|43111,22412|43111,22567|43111,24502|43111,25344|45997,25931|45997,25999|49792,26786|49792,26942|49792,27005
때에 19406,36033|28259,662|45326,10300|51013,16107
때에는 27798,29742
때에도 19406,37058|33013,5311
때의 33013,11928|45326,3943|45326,3986|45326,9213
