하강할 19406,37054
하게도 36663,1373
하고 27445,38085|27798,29476|27798,29758|31242,3361|36663,6343|36663,13681|37097,32086|38917,3842|39470,118|43111,422|43111,22999|43111,23444|45766,120
하권 29127,1260|29127,5963
하극상 38161,5549|38161,5568|38161,5633|38161,5692
하기 36663,4343
하나 21815,35850
하나다 21815,35199
하나를 36663,13036
하나밖에 36663,6380
하나의 25899,22369|25899,23164|36663,12929
하는 19406,35780|21815,35095|27798,30143|28259,1638|31242,3376|35316,2372|36663,2415|36663,4859|36663,10378|36663,11593|36663,12129|36663,13058|37097,32162|39470,15551|43111,21173|43111,21680|43111,22723|43111,23546|43111,23683|43111,24198|43111,24523|43111,24811|43111,25215|45326,10269|45766,15617
하는것도 43111,21534
하는것은 31242,3324
하는것이 35316,2563|45997,25946
하늘로 51013,15795
하늘색 36663,15498
하늘은 38161,1957|38161,2018|38161,2386
하늘을 36760,9569
하다 28259,2873|51013,13488
하단은 19406,201|21815,191|27445,191|27798,191|33645,193|39470,104|43111,198|45766,106|45997,198|49792,684
하드본랜스 19406,12277
하드본랜스g 19406,31767
하드본랜스改 19406,12520|43111,14782
하드본캐논 43111,17141
하드티켓 19406,11632|19406,12009|21815,1155|21815,8926|23733,923|23733,999|23733,13912|23733,14037|24789,904|26754,865|26754,11701|26754,11806|26774,852|26774,11847|26774,11980|27445,12416|27798,635|33119,859|33119,11951|33119,12084|33645,9538|37097,954|38917,29389|43111,4286|47038,1002|47038,2561|47038,11347|47038,11484|49792,1141
하드히터 43111,2723
하라페코 51013,5893
하룡 38161,7721|38161,7742
하룡가죽 23733,11287|24789,8230|24789,18651|26754,9548|26774,9656|27798,15445|33119,9514|33119,9597|38917,24905|39826,7805|45794,1334|45997,1810|45997,1861|47038,8961|49792,3402|49792,3452
하룡강각 23733,35845|24789,30394|26774,31116|26774,31233|27798,15789|38917,25046|45997,2376|49792,3852
하룡강익 33119,31512|38917,25126|43111,3989|45997,2369
하룡꼬리 19406,9483|27798,15435|38917,25152|39826,6257|45997,1803|45997,1854|47038,8950|47038,21670|49792,3409|49792,3462
하룡발톱 25899,2810|26774,9645|27445,10637|27798,15428|38917,25076|45794,4405
하룡보옥 19406,23848|21815,1820|23733,25169|23733,25901|24789,18627|26754,30758|26754,31464|26774,25428|27798,15616|27798,23660|33645,22213|38917,25204|39826,6699|43111,4008|45794,3454|45997,2140|45997,16611|47038,30826|49792,3877
하룡뿔 21815,1623|33645,24922|38917,24990|39826,7823|45997,1817|49792,3446
하룡상피 21815,17529|23733,25145|23733,35054|23733,35160|24789,18639|25899,16062|26754,22104|26754,30734|26754,31394|26774,22161|27798,15606|33119,22235|33119,22317|38917,24937|43111,3434|43111,3499|43111,3743|45794,5761|45997,2118|47038,21658|47038,24576|49792,3667
하룡의가호 39470,14043|45326,2158|45766,14075
하룡익막 23733,11299|23733,25157|24789,8242|26754,9559|26754,22115|33119,9525|33119,9613|33119,22246|33119,22330|33645,24878|38917,25101|45997,1868|45997,2125|49792,3419
하룡인미 27798,15782|38917,25178|45794,5671|47038,30802|49792,3870
하룡첨각 26774,22150|27798,15599|33119,25129|33645,8486|38917,25017|43111,3450|45997,2133|49792,3648
하룡특상피 21815,17747|23733,35035|23733,35141|24789,30381|25899,5734|26754,30721|26754,31375|26774,31103|26774,31220|27445,11257|27798,15799|33119,31504|38917,24963|39826,4492|43111,3981|43111,17476|45794,5810|45997,2361|47038,30789|49792,3859
하메를 36760,3626|36760,4338
하며 36663,6142
하면 21033,6302|21815,34817|25899,19944|25899,21914|36663,3695|36663,5566|36663,10752|43111,20500|43111,21600|43111,24747|43111,25822|49792,26749
하면서 21815,34621|25899,21207|25899,22765|25899,22889|27445,38251|33013,5361|42032,7848
하므로 25899,21374|25899,22236|27798,29358|28259,2406|36663,1866
하미트 51013,5690
하쌍검오오나즈치 27798,15716
하얀고양이스탬프 27445,23027|27445,23147
하얀고양이해머 27445,23293|33013,2149
하얀고양이해머g 27445,33517
하얀반점토마토 42032,871
하올 19406,25936|43111,5990
하위 19406,490|19406,585|19406,717|19406,838|19406,1018|19406,1179|19406,6203|19406,6422|19406,6790|19406,7406|19406,7549|19406,7680|19406,7800|19406,7963|19406,8193|19406,8368|19406,8547|19406,8726|19406,8951|19406,9139|19406,9578|19406,10525|19406,11341|19406,11438|19406,11544|19406,11699|19406,11900|19406,14175|19406,14767|19406,14970|19406,15305|19406,15463|19406,16006|19406,16167|19406,16734|19406,16928|19406,17161|19406,17320|19406,18629|19406,18769|19406,19366|19406,19571|19406,19870|19406,20073|19406,20242|19406,20803|19406,20997|19406,21420|19406,21804|19406,22365|19406,23300|19406,24156|19406,24255|19406,24378|19406,24520|19406,24680|19406,26544|19406,27565|21239,315|21239,608|21239,890|21239,1208|21239,1588|21239,2107|21239,2944|21239,3242|21239,3618|21239,4038|21239,4355|21239,4864|21239,5499|21815,474|21815,566|21815,698|21815,837|21815,1033|21815,1232|21815,1550|21815,4601|21815,5410|21815,5571|21815,6401|21815,6527|21815,6669|21815,6887|21815,7048|21815,7268|21815,7451|21815,7664|21815,7989|21815,8164|21815,8607|21815,8706|21815,8826|21815,8997|21815,9196|21815,9348|21815,9567|21815,9742|21815,10577|21815,11389|21815,11621|21815,11997|21815,13454|21815,14142|21815,14755|21815,14944|21815,15107|21815,15942|21815,16085|21815,17818|21815,18502|21815,18700|21815,18863|21815,19204|21815,19387|21815,19539|21815,20950|21815,21106|21815,21424|21815,21573|21815,22163|21815,23051|21815,24078|21815,24625|21815,24964|21815,25076|21815,25209|21815,25354|21815,25513|24789,358|24789,622|24789,924|24789,1221|24789,1507|24789,1799|24789,2083|24789,2371|24789,2649|24789,2937|24789,3222|24789,3491|24789,3775|24789,4063|24789,4342|24789,4739|24789,5025|24789,5312|24789,5595|24789,5876|24789,6155|24789,6437|24789,6726|24789,7003|24789,7406|24789,7704|24789,7993|24789,8273|24789,8561|24789,8845|24789,9122|24789,9415|24789,9729|24789,10021|24789,10261|25030,448|25030,1538|25030,2541|25030,3411|25030,4444|25030,5393|25030,6139|25030,6898|25030,7771|25030,8243|25899,378|25899,487|25899,607|25899,788|25899,934|25899,1154|25899,2201|25899,2309|25899,2430|25899,2607|25899,3615|25899,3724|25899,3848|25899,4019|25899,4546|25899,4662|25899,4779|25899,6545|25899,7015|25899,7135|25899,7260|25899,8042|25899,8983|25899,9104|25899,9980|25899,10105|25899,11266|25899,11394|25899,13241|25899,13361|25899,14703|25899,15899|25899,16710|27445,478|27445,577|27445,706|27445,826|27445,1016|27445,1182|27445,5024|27445,5237|27445,6139|27445,6292|27445,6628|27445,7308|27445,7442|27445,8813|27445,8947|27445,9106|27445,9341|27445,9945|27445,10130|27445,10304|27445,10528|27445,11884|27445,11980|27445,12087|27445,12342|27445,12478|27445,12601|27445,12792|27445,14544|27445,15166|27445,15689|27445,16450|27445,16605|27445,17831|27445,17959|27445,18104|27445,18314|27445,18475|27445,18676|27445,18885|27445,19253|27445,19392|27445,20212|27445,20401|27445,20538|27445,20766|27445,20864|27445,20987|27445,21130|27445,21293|27445,23140|27445,23448|27445,24140|27445,24400|27445,25440|27445,26349|27445,26494|27445,27082|27445,27633|27445,27990|27445,28494|27798,514|27798,696|27798,848|27798,1007|27798,1171|27798,1399|27798,2302|27798,2473|27798,3282|27798,3694|27798,3917|27798,4085|27798,4211|27798,4354|27798,4561|27798,5486|27798,5641|27798,5799|27798,6014|27798,6374|27798,7020|27798,7195|27798,8222|27798,8424|27798,8746|27798,8912|27798,9304|27798,10078|27798,10227|27798,13160|27798,13896|27798,15363|27798,15953|27798,17353|27798,18105|27798,18859|27798,18963|27798,19886|27798,20092|27798,21119|27798,22438|27798,23091|33013,3681|33013,3684|33013,6140|33013,6350|33013,6500|33013,7127|33013,7290|33013,7455|33013,8012|33013,8132|33013,8228|33013,8648|33013,8802|33013,8964|33013,9529|33013,9691|33013,9842|33013,10274|33013,10364|33013,10479|33645,483|33645,590|33645,726|33645,873|33645,1079|33645,1441|33645,3709|33645,4351|33645,4503|33645,4680|33645,4838|33645,4990|33645,5372|33645,5538|33645,5711|33645,5879|33645,6077|33645,6746|33645,6973|33645,7142|33645,7318|33645,7498|33645,7724|33645,7921|33645,9258|33645,9354|33645,9475|33645,9642|33645,9828|33645,9984|33645,10147|33645,13480|33645,13701|33645,14338|33645,14486|33645,14653|33645,15014|33645,15211|33645,15373|33645,15545|33645,16370|33645,17062|33645,17173|33645,17310|33645,17617|33645,18465|33645,18565|33645,18698|33645,18842|33645,18997|33645,19716|33645,20740|33645,20894|33645,21288|33645,21401|33645,21635|33645,21770|33645,21989|33645,24822|33645,24989|36663,8740|36663,8753|36663,11419|36760,390|36760,772|36760,1749|36760,2400|36760,3716|36760,4426|36760,5142|36760,5865|36760,6654|36760,7565|36760,8498|36760,9171|37097,370|37097,675|37097,973|37097,1253|37097,1533|37097,1822|37097,2119|37097,2416|37097,2823|37097,3118|37097,3408|37097,3702|37097,3987|37097,4288|37097,4580|37097,4868|37097,5275|37097,5563|37097,5851|37097,6139|37097,6429|37097,6727|37097,7014|37097,7310|37097,7611|38917,140|38917,197|38917,258|38917,321|38917,385|38917,484|38917,535|38917,578|38917,626|38917,666|38917,710|38917,754|38917,802|38917,842|38917,896|38917,965|38917,1032|38917,1103|38917,1175|38917,1233|38917,1299|38917,1366|38917,1427|38917,1485|38917,1549|38917,1596|38917,1649|38917,1698|38917,1750|38917,1798|38917,1866|38917,1913|38917,1966|38917,2002|38917,2066|38917,2104|38917,2165|38917,2199|38917,2263|38917,2314|38917,2360|38917,2421|38917,2478|38917,2535|38917,2575|38917,2616|38917,2653|38917,2700|38917,2767|38917,2834|38917,2894|38917,2950|38917,2998|38917,3060|38917,3108|38917,3157|38917,3200|38917,3300|38917,3371|38917,3415|38917,3450|38917,3527|38917,3611|38917,3662|38917,3751|38917,3821|38917,3898|38917,3936|38917,3993|38917,4031|38917,4091|38917,4132|38917,4193|38917,4228|38917,4270|38917,4314|38917,4361|38917,4407|38917,4461|38917,4520|38917,4577|38917,4631|38917,4714|38917,4806|38917,4877|38917,4937|38917,4984|38917,5032|38917,5074|38917,5112|38917,5149|38917,5187|38917,5232|38917,5288|38917,5338|38917,5389|38917,5447|38917,5491|38917,5536|38917,5584|38917,5631|38917,5684|38917,5755|38917,5803|38917,5842|38917,5882|38917,5916|38917,5973|38917,6032|38917,6107|38917,6178|38917,6213|38917,6249|38917,6288|38917,6344|38917,6382|38917,6414|38917,6448|38917,6491|38917,6537|38917,6566|38917,6597|38917,6632|38917,6666|38917,6701|38917,6736|38917,6769|38917,6820|38917,6990|38917,7026|38917,7088|38917,7129|38917,7168|38917,7226|38917,7273|38917,7312|38917,7354|38917,7399|38917,7439|38917,7522|38917,7568|38917,7611|38917,7650|38917,7883|38917,7920|38917,7950|38917,7982|38917,8017|38917,8059|38917,8225|38917,8288|38917,8383|38917,8413|38917,8459|38917,8493|38917,8531|38917,8571|38917,8960|38917,9010|38917,9044|38917,9091|38917,9139|38917,9188|38917,9235|38917,9284|38917,9325|38917,9423|38917,9456|38917,9515|38917,9783|38917,9813|38917,9843|38917,9875|38917,9909|38917,9938|38917,9967|38917,9997|38917,10030|38917,10129|38917,10164|38917,10296|38917,10325|38917,10420|38917,10457|38917,10491|38917,10526|38917,10561|38917,10596|38917,10630|38917,10664|38917,10698|38917,10733|38917,10763|38917,10793|38917,10827|38917,10856|38917,10886|38917,10917|38917,10948|38917,10979|38917,11010|38917,11042|38917,11076|38917,11111|38917,11145|38917,11173|38917,11208|38917,11237|38917,11272|38917,11301|38917,11329|38917,11366|38917,11410|38917,11435|38917,11523|38917,11562|38917,11611|38917,11657|38917,11704|38917,11751|38917,11820|38917,11933|38917,12028|38917,12082|38917,12108|38917,12205|38917,12236|38917,12303|38917,12391|38917,12468|38917,12499|38917,12531|38917,12571|38917,12614|38917,12660|38917,12775|38917,12924|38917,12954|38917,13025|38917,13088|38917,13131|38917,13256|38917,13285|38917,13474|38917,13501|38917,13555|38917,13580|38917,13610|38917,13662|38917,13689|38917,13714|38917,13745|38917,13796|38917,13879|38917,13904|38917,13930|38917,14017|38917,14083|38917,14138|38917,14174|38917,14230|38917,14259|38917,14299|38917,14350|38917,14403|38917,14437|38917,14491|38917,14522|38917,14565|38917,14618|38917,14674|38917,14739|38917,14768|38917,14808|38917,14859|38917,14913|38917,14948|38917,15213|38917,15292|38917,15369|38917,15459|38917,15511|38917,15563|38917,15647|38917,15727|38917,15813|38917,15866|38917,15952|38917,16052|38917,16132|38917,16187|38917,16242|38917,16296|38917,16350|38917,16402|38917,16458|38917,16536|38917,16621|38917,16702|38917,16755|38917,16896|38917,16949|38917,17035|38917,17064|38917,17150|38917,17530|38917,17606|38917,17677|38917,17760|38917,17841|38917,17931|38917,18013|38917,18071|38917,18291|38917,18329|38917,18361|38917,18441|38917,18588|38917,18619|38917,18696|38917,18748|38917,18777|38917,18925|38917,19012|38917,19159|38917,19246|38917,19327|38917,19408|38917,19489|38917,19578|38917,19806|38917,19867|38917,19893|38917,19944|38917,20022|38917,20100|38917,20178|38917,20255|38917,20307|38917,20396|38917,20477|38917,20531|38917,20758|38917,20842|38917,20925|38917,21010|38917,21094|38917,21172|38917,21281|38917,21359|38917,21413|38917,21496|38917,21574|38917,21974|38917,22085|38917,22138|38917,22343|38917,22421|38917,22499|38917,22550|38917,22579|38917,22652|38917,22733|38917,22813|38917,22867|38917,22927|38917,22985|38917,23067|38917,23126|38917,23152|38917,23298|38917,23352|38917,23527|38917,23583|38917,23665|38917,23872|38917,23909|38917,23939|38917,24079|38917,24257|38917,24367|38917,24445|38917,24474|38917,24529|38917,24795|38917,24924|38917,25171|38917,25348|38917,25506|38917,25595|38917,25624|38917,25681|38917,25797|38917,25854|38917,27368|38917,27447|38917,27488|38917,27612|38917,27658|38917,27703|38917,27733|38917,27784|38917,27832|38917,27877|38917,27923|38917,27967|38917,28015|38917,28061|38917,28108|38917,28156|38917,28260|38917,28295|38917,28331|38917,28367|38917,28404|38917,28441|38917,28476|38917,28513|38917,28550|38917,28586|38917,28623|38917,28659|38917,28694|38917,28729|38917,30724|38917,30767|38917,30806|38917,30852|38917,30886|38917,30930|38917,30974|38917,31281|38917,31743|38917,31807|38917,31867|38917,31922|38917,31951|38917,31979|38917,32026|38917,32055|38917,32082|38917,32109|38917,32136|38917,32193|38917,32221|38917,32251|38917,32282|38917,32354|38917,32383|38917,32450|38917,32516|38917,32675|38917,32708|38917,32741|38917,32775|38917,32841|43111,596|43111,752|43111,879|43111,1038|43111,1260|43111,2325|43111,2525|43111,4188|43111,4389|43111,4539|43111,4701|43111,4879|43111,5969|43111,6208|43111,6820|43111,7005|43111,7956|43111,8142|43111,8497|43111,8721|43111,11566|43111,12633|43111,13475|43111,25804|43998,308|43998,537|43998,1002|43998,1418|43998,1925|43998,2203|43998,2516|43998,2786|43998,3376|43998,4034|43998,4417|43998,4679|43998,5284|43998,6044|45794,110|45794,155|45794,247|45794,295|45794,375|45794,425|45794,521|45794,559|45794,648|45794,686|45794,726|45794,768|45794,860|45794,900|45794,967|45794,1048|45794,1095|45794,1168|45794,1208|45794,1309|45794,1343|45794,1385|45794,1430|45794,1564|45794,1706|45794,1929|45794,2070|45794,2117|45794,2258|45794,2311|45794,2364|45794,2446|45794,2624|45794,2680|45794,2731|45794,2792|45794,2872|45794,3022|45794,3169|45794,3286|45794,3401|45794,3513|45794,3563|45794,3610|45794,3659|45794,3708|45794,3885|45794,3935|45794,3998|45794,4116|45794,4168|45794,4318|45794,4371|45794,4421|45794,4535|45794,4648|45794,4692|45794,4740|45794,4800|45794,4895|45794,4942|45794,5108|45794,5171|45794,5328|45794,5466|45794,5559|45794,5728|45794,5886|45794,5944|45794,6036|45794,6311|45794,6588|45794,6638|45794,6950|45794,6992|45794,7142|45794,7176|45794,7223|45794,7258|45794,7298|45794,7337|45794,7384|45794,7418|45794,7466|45794,7604|45794,7650|45794,7741|45794,7788|45794,7879|45794,7922|45794,7968|45794,8025|45794,8077|45794,8128|45794,8369|45794,8407|45794,8454|45794,8517|45794,8610|45794,8671|45794,8753|45794,8904|45794,8961|45794,9012|45794,9072|45794,9116|45794,9154|45794,9239|45997,506|45997,730|45997,875|45997,1713|45997,2461|45997,2707|45997,4338|45997,4575|45997,5848|45997,6069|45997,7651|45997,7967|45997,9451|45997,9738|45997,10886|45997,11171|45997,11963|45997,12786|45997,14031|45997,15316|45997,16281|49792,1013|49792,1203|49792,1346|49792,1506|49792,1669|49792,2523|49792,3323|49792,3951|49792,4178|49792,6285|49792,6469|49792,6881|49792,7544|49792,7636|49792,7744|49792,7926|49792,8076|49792,8242|49792,8812|49792,9036|49792,9644|49792,9852|49792,10717|49792,10946|49792,11365|49792,11532|49792,13489|49792,13704|49792,13866|49792,14753|49792,15828|49792,19633|49792,20450|49792,21015
하의 35316,2447
하이가노보머 45326,10005
하이가노스스파이크 33645,14865|45326,10038
하이가노스스파이크g 33645,29882
하이닌자소드 33645,25001
하이닌지소드g 33645,30576
하이드라바이트 33645,7515
하이드벨트 47038,1444
하이란포스크로우즈 27798,9146
하이메탈 39470,839|39470,5414|45766,881|45766,5412
하이메탈s가드 26774,12989
하이메탈s그리브 33119,13062
하이메탈s레깅스 33119,13150
하이메탈s레지스트 26754,12930
하이메탈s메일 26754,12812
하이메탈s암 26774,12903
하이메탈s캡 23733,15165
하이메탈s코트 47038,12547
하이메탈s폴드 47038,12461
하이메탈s헬름 23733,15051
하이메탈u 39470,7745|45766,7744
하이메탈u가드 26774,17865
하이메탈u그리브 33119,17852
하이메탈u레깅스 33119,17944
하이메탈u레지스트 26754,17750
하이메탈u메일 26754,17658
하이메탈u암 26774,17775
하이메탈u캡 23733,20476
하이메탈u코트 47038,17466
하이메탈u폴드 47038,17348
하이메탈u헬름 23733,20374
하이메탈가드 26774,2073
하이메탈그리브 33119,2016
하이메탈레깅스 33119,2134
하이메탈레지스트 26754,1971
하이메탈메일 26754,1854
하이메탈암 26774,1957
하이메탈캡 23733,2069
하이메탈코트 47038,2118
하이메탈폴드 47038,2003
하이메탈헬름 23733,1947
하이체인블릿 24789,21807
하이트윈대거 27798,19461
하이패더소드 33645,13314
하이퍼바큠 19406,27721
하이퍼바큠g 19406,32658
하이프로스트엣지 33645,6265
하이프로스트엣지g 33645,29533
하자 19406,35883
하지 19406,36817|36663,9377|36663,9439|42032,5844|45326,2727
하지만 24789,39889|27445,37482|36663,13772|36663,15251|42032,5138|43111,21663|45997,26750
하트3까지 42032,455
하트발키리 24789,9279
하트발키리改 24789,17969
하트샷보우ⅰ 25899,10705
하트샷보우ⅱ 25899,10905
하트샷보우ⅲ 25899,11067
하트풀기브스 24789,23552
하트풀기브스g 24789,36881
하프 33013,11850
하프눅 38161,1525
