º3 43048,14863
º7 34279,15020
ºg 26219,11440|34279,29411|34279,29557|34279,29701|34279,29854|34279,30001|34279,34188|34279,34340|50971,6893
º¹ 34279,33616|34279,40725
º¹¼ö 34279,9992|34279,13414|34279,19370|34279,39671|43048,15922|43048,16137|43048,18141|43048,18161|43048,18441|43048,18636|43048,18823
º¹¾à 19615,2753|26219,391|26219,865|26219,2799|50971,1106|50971,4625
º¹¾àg 19615,4696|19615,6953|26219,403|26219,6615|26219,9472|43048,19066|50971,4009
º¹á 26219,9727
º¼ 19615,1864|19615,4794|26219,666|26219,3157|26219,7137|26219,10531|26219,10616|34279,35520|34279,35567|34279,35832|34279,46673|50971,614
º½º 34279,10437|34279,10540|34279,10579|34279,21140|34279,21179|34279,28168|34279,41705|34279,41986|34279,46105|34279,46928|43048,8971|43048,9492|43048,9531|43048,21506|43048,24250|43048,24296|43048,26702
º½º2 34279,20895
º½ºåä¹ú 34279,42186
ºà²û 34279,3851
ºàç 34279,3429|34279,3506|34279,3585|34279,6613|34279,6675|34279,6737|34279,18546|43048,926|43048,1004|43048,1080|43048,3368|43048,3445|43048,5957|43048,12442
ºàçüàç 19615,7800|19615,7843|26219,8212|26219,8283|26219,8512|26219,8553|34279,816|34279,1069|43048,646|43048,745|43048,1706|50971,4112|50971,4204
ºê 19615,942|19615,1005|19615,1516|19615,1601|19615,2099|19615,2461|19615,3094|19615,3185|19615,3405|19615,3480|19615,4089|19615,4164|19615,5688|19615,5781|19615,7521|19615,7646|26219,953|26219,1707|26219,1824|26219,3302|26219,3397|26219,3807|26219,6043|26219,7865|26219,7964|26219,9913|26219,10040|26219,11519|34279,747|34279,806|34279,839|34279,2174|34279,3479|34279,3900|34279,6864|34279,7276|34279,7338|34279,7384|34279,8984|34279,13919|34279,14190|34279,14367|34279,18816|34279,18965|34279,18990|34279,19380|34279,19539|34279,19684|34279,23169|34279,23510|34279,29456|34279,29468|34279,30142|34279,30189|34279,30201|34279,31865|34279,34251|34279,34395|34279,34542|34279,37721|34279,39133|34279,43222|43048,669|43048,711|43048,778|43048,1624|43048,1683|43048,1737|43048,3819|43048,3901|43048,3964|43048,4000|43048,6083|43048,9096|43048,10201|43048,10439|43048,10704|43048,13960|43048,13972|43048,15390|43048,16787|43048,18477|43048,18833|50971,1761|50971,1878|50971,2503|50971,2562|50971,2759|50971,2818|50971,3036|50971,5388|50971,5485|50971,6244
ºî 26219,6912|34279,40396|34279,42275|34279,50369|43048,19556|43048,24924
ºî¾ç 34279,49212|34279,49346|34279,49424|34279,49455
ºîåí 34279,13637|43048,15981|43048,16203
ºð³ëàç 34279,12607|34279,24751|34279,48235|43048,12329
ºð³ëàî 34279,45136
ºð½ç¹ 26219,9358|26219,9429
ºðè 34279,11780|34279,38224|50971,7209
ºñ 26219,2531|26219,2551|26219,2592|26219,2612|26219,3678|26219,7079|26219,7112|26219,8274|26219,8345|34279,143|34279,2877|34279,4590|34279,9365|34279,18719|34279,23251|34279,23592|34279,27048|34279,27297|34279,29372|34279,30781|34279,34149|34279,34741|34279,37319|34279,39791|34279,41403|34279,41625|34279,42149|34279,44081|34279,45126|34279,45432|34279,47916|34279,48122|34279,48383|34279,48606|34279,48852|34279,49116|34279,49373|34279,49722|34279,49849|34279,50266|34279,50665|34279,51101|34279,51342|43048,2102|43048,5248|43048,6441|43048,7471|43048,7508|43048,7672|43048,10627|43048,10760|43048,10773|43048,10786|43048,10799|43048,20304|43048,20317|43048,20330|43048,20343|43048,20559|43048,20572|43048,20585|43048,20598|43048,23008|43048,23137|43048,23413|43048,23679|50971,3982|50971,4002|50971,4098|50971,4199
ºñ³ 34279,5292|34279,14824|34279,15042|43048,2708|43048,2860|43048,2885|43048,14943
ºñ¹ö¼ 26219,509|26219,562|26219,7251|26219,7302|34279,1340|34279,2351|34279,4989|43048,2588|43048,5775|50971,2026
ºñº 26219,7142|34279,30326
ºñ¾à 19615,1661|26219,5212|34279,12040|43048,9107|50971,6627
ºñ¾æ 34279,14753
ºñàì 34279,5309|34279,5768|34279,14841|43048,2743|43048,5002
ºñåº 26219,8653
ºñæ² 26219,2159|26219,5062|26219,10965|50971,1352|50971,1415
ºñçàçñ 43048,27566
ºñçôá 19615,3561|26219,1921|50971,6367
ºò 26219,2116|26219,2226|26219,3957|26219,4028|26219,4752|26219,4849|26219,6172|26219,6244|26219,10949|34279,4797|34279,5114|34279,10169|34279,46292|43048,2452|43048,3180|43048,6775|50971,1292|50971,1324|50971,1381|50971,1399
ºòàå 43048,17391
ºòæî 43048,13443|43048,13718
ºóàº 34279,7115|34279,16820|34279,31807|43048,6186|43048,15668
ºóàº¹ø 34279,20479
ºóàº¾¾¾ñ 34279,15992|34279,16119|34279,16235|34279,29504|34279,29648|34279,29801|34279,29950|34279,30092|34279,34287|34279,34435|43048,3544
ºô 43048,19242
ºø 34279,51195|34279,51224|34279,51253|34279,51288|34279,51317|34279,51407|34279,51438
ºø¾î 19615,3832|26219,4449|26219,4540|26219,4596|34279,5186|34279,6108|34279,10202|43048,3209|43048,8736|43048,17379
ºøãµ 34279,51210
ºøãµàç 34279,51389
ºù 19615,1464|19615,1565|26219,1671|26219,1788|26219,3268|26219,3383|34279,2220|34279,7359|34279,7584|43048,3975
