상개옥 21033,3960|21033,3992|21239,2393|21239,5183|33013,4024|33013,4100|33013,4362|33013,6626|33013,7414|33013,7596|33013,8293|33013,8922|33013,9083|33013,9804|33013,10014|33013,10506|33013,10562|33013,11244|33013,11393|38917,8540|38917,9696|39826,5318|39826,9470|39826,9757|43998,2864|43998,2961|43998,5349
상공으로 38917,4588
상관 51013,8478|51013,17355
상관없이 36663,1422|45326,5797
상권 29127,954|29127,5676
상기의 36663,14352|51013,10344|51013,10688|51013,11017
상단은 39470,82|45766,84
상단찌르기 19406,34635|19406,35803|43111,20280|43111,21818
상단찌르기나 43111,20561|43111,20935
상단찌르기는 19406,34813
상단찌르기로 19406,35520
상단찌르기를 19406,35773
상단찌르기에서는 43111,22950
상단찌르기와 43111,22284
상단찌르기의 43111,22551
상당한 25899,22089|27445,38422|36663,13340
상당히 27445,38397
상대 36993,2923|36993,3638|36993,4337|36993,5454|36993,6166|43111,24439
상대가 27798,29718|28259,1641
상대로 19406,36108|25899,22656|43111,24519
상대에게 37097,32837|43111,21192
상대에게는 37097,32905
상대와의 25899,23427
상대의 25899,22769
상대하기에 43111,20921
상동 25899,19719|25899,19756
상룡암 25030,4129|36760,2288|36760,3950|36760,4075|36993,2166
상세 28259,26|28259,5308|51013,57
상세화된다 45326,6109
상승 24789,40493|28259,737|28259,1205|28259,1835|28259,2525|36663,8044|36663,8134|36663,8274|36663,8950|36663,9552|38917,723|38917,767|38917,852|38917,2793|38917,7752|38917,11787|38917,30821|42032,3064|42032,4156|42032,4200|45326,108|45326,142|45326,179|45326,4656|45326,4691|45326,5509|45326,5589
상승계 35316,632
상승은 21033,7064|28259,3052
상승을 36663,11223|43111,23903
상승치가 39470,15457|45766,15523
상승치는 37097,32760
상승통폭탄 21033,1474|21033,1514|29127,2490|29127,2988|33013,4691|38917,4497|39826,556|39826,674
상승통폭탄g 21033,1507|33013,4726|38917,4553|39826,565|39826,667|39826,1028
상승폭탄이 42032,3585
상승하고 45326,5267
상승하는 42032,3112|43111,24542
상승하여 45326,2573|45326,2627
상승하지 36663,9582
상승하지만 36663,9621
상승한 21033,7077
상승한다 36663,9391|36663,9526|37097,32724|45326,4744|45326,4790|45326,5284|45326,5373|45326,6390|45326,10583|45326,10627|45326,10670|45326,10713|49792,26667
상승했다 43111,23790
상승후 38917,29737
상식을 51013,15936
상암 27445,25164
상어지느러미 42032,992
상용골 19406,11970|19406,12027|19406,12339|19406,17028|19406,17417|19406,32205|21033,4808|21033,4819|21815,7193|21815,11545|21815,12084|21815,15212|21815,19631|21815,21208|23733,6607|23733,6970|23733,14156|23733,20802|24789,5844|24789,6124|24789,6413|24789,6703|24789,6995|24789,10627|24789,11201|24789,13218|24789,34398|25899,2669|25899,4081|25899,10013|25899,13290|26754,5508|26754,5724|26754,5859|26754,6075|26754,6446|26754,11234|26754,11372|26754,13692|26754,16396|26754,19721|26774,5293|26774,5393|26774,5752|26774,6313|26774,6626|26774,11095|26774,12254|26774,12439|26774,14359|26774,16414|26774,17342|26774,17581|26774,18752|26774,21275|27445,7513|27445,7692|27445,12877|27445,12914|27445,16882|27445,20617|27445,26427|27798,4659|27798,5737|27798,6113|27798,21857|33013,8930|33013,9110|33013,9869|33013,9942|33119,5833|33119,6450|33119,6865|33119,11415|33119,12397|33119,12792|33119,13539|33119,13664|33645,4763|33645,5072|33645,10912|33645,29161|37097,3400|37097,4860|37097,10355|38917,12642|39826,4016|39826,7813|39826,7889|39826,8359|43111,4967|43111,8808|45997,953|45997,8069|47038,5923|47038,6087|47038,6268|47038,6486|47038,8595|47038,10573|47038,10748|47038,13535|47038,14020|47038,16039|47038,16749|47038,16852|47038,18251|47038,18511|47038,18878|47038,25909
상위 19406,1398|19406,2052|19406,2317|19406,2492|19406,4226|19406,4466|19406,4661|19406,4850|19406,5039|19406,5442|19406,5696|19406,6608|19406,7026|19406,9350|19406,9790|19406,10781|19406,12099|19406,12261|19406,12501|19406,12687|19406,13432|19406,13684|19406,14401|19406,15141|19406,15640|19406,15835|19406,16353|19406,17497|19406,18948|19406,19716|19406,20425|19406,21178|19406,21572|19406,21954|19406,22514|19406,22678|19406,23436|19406,23759|19406,24865|19406,25335|19406,25448|19406,25586|19406,25921|19406,26091|19406,26709|19406,27061|19406,27709|21239,318|21239,611|21239,893|21239,1211|21239,1591|21239,2110|21239,2947|21239,3245|21239,3621|21239,4041|21239,4358|21239,4867|21239,5502|21815,1386|21815,1719|21815,1886|21815,2171|21815,2363|21815,3879|21815,4132|21815,4824|21815,5749|21815,7825|21815,8352|21815,9929|21815,10768|21815,10958|21815,11156|21815,11812|21815,12267|21815,12461|21815,12664|21815,12935|21815,13714|21815,14344|21815,15298|21815,16240|21815,16415|21815,17144|21815,18044|21815,19043|21815,19762|21815,21735|21815,22306|21815,22630|21815,23220|21815,23568|21815,24231|21815,24755|21815,25755|21815,26209|21815,26325|21815,26468|21815,26812|21815,26982|21815,27419|23733,38409|24789,10651|24789,10934|24789,11225|24789,11523|24789,11810|24789,12099|24789,12387|24789,12669|24789,12958|24789,13253|24789,13546|24789,13833|24789,14121|24789,14412|24789,14689|24789,15074|24789,15371|24789,15659|24789,15949|24789,16236|24789,16537|24789,16941|24789,17241|24789,17530|24789,17814|24789,18100|24789,18390|24789,18672|24789,18960|24789,19277|24789,19567|24789,19847|24789,20139|24789,20443|24789,20731|24789,21025|24789,21308|24789,21549|25030,451|25030,1541|25030,2544|25030,3414|25030,4447|25030,5396|25030,6142|25030,6901|25030,7774|25030,8246|25899,1324|25899,2746|25899,2969|25899,4162|25899,4909|25899,5895|25899,6020|25899,6670|25899,7388|25899,8171|25899,9233|25899,10235|25899,10693|25899,10890|25899,11519|25899,12082|25899,12211|25899,12761|25899,12889|25899,13489|25899,13786|25899,14225|25899,14817|25899,16022|25899,16366|25899,16826|25899,16952|25899,17265|27445,1359|27445,2071|27445,2261|27445,2438|27445,2699|27445,2878|27445,3481|27445,4375|27445,4559|27445,5426|27445,6472|27445,6812|27445,6978|27445,7155|27445,7600|27445,7795|27445,9537|27445,10722|27445,11356|27445,11553|27445,12220|27445,12977|27445,13212|27445,13383|27445,13568|27445,13973|27445,14145|27445,14758|27445,15327|27445,15860|27445,17172|27445,19062|27445,19562|27445,21476|27445,21936|27445,22048|27445,22187|27445,22527|27445,22692|27445,23281|27445,23613|27445,23773|27445,24571|27445,24924|27445,25590|27445,25921|27445,26658|27445,27234|27445,27770|27445,28099|27445,28633|27798,1598|27798,2664|27798,3500|27798,4743|27798,6193|27798,6621|27798,7400|27798,8583|27798,9127|27798,9550|27798,10392|27798,10579|27798,11076|27798,11252|27798,12326|27798,12524|27798,12682|27798,13352|27798,14047|27798,14712|27798,14878|27798,15521|27798,16119|27798,16472|27798,16962|27798,17494|27798,17659|27798,18259|27798,19101|27798,19449|27798,19621|27798,20246|27798,20667|27798,21307|27798,21769|27798,22648|27798,23234|27798,23558|33013,3687|33013,3690|33013,6680|33013,7640|33013,8335|33013,9133|33013,9973|33013,10582|33013,11025|33013,11136|33013,11287|33013,11446|33645,1284|33645,1696|33645,1878|33645,3241|33645,3414|33645,3929|33645,5161|33645,6249|33645,8130|33645,8356|33645,10323|33645,10743|33645,11004|33645,11263|33645,11530|33645,12708|33645,13886|33645,14087|33645,14842|33645,15718|33645,16554|33645,17462|33645,17824|33645,19176|33645,19881|33645,20237|33645,22133|33645,22459|33645,22977|33645,23187|33645,23727|33645,25201|36760,393|36760,775|36760,1752|36760,2403|36760,3719|36760,4429|36760,5145|36760,5868|36760,6657|36760,7568|36760,8501|36760,9174|37097,8027|37097,8297|37097,8585|37097,8882|37097,9173|37097,9477|37097,9779|37097,10079|37097,10364|37097,10653|37097,10937|37097,11331|37097,11627|37097,11928|37097,12228|37097,12521|37097,12929|37097,13221|37097,13505|37097,13801|37097,14102|37097,14389|37097,14678|37097,14962|37097,15258|37097,15557|37097,15859|38917,8095|38917,8165|38917,8253|38917,8322|38917,8611|38917,8651|38917,10063|38917,10196|38917,11973|38917,12137|38917,12331|38917,12418|38917,12721|38917,12984|38917,13184|38917,13311|38917,13445|38917,13635|38917,13771|38917,13826|38917,14057|38917,14109|38917,14201|38917,14325|38917,14375|38917,14463|38917,14592|38917,14645|38917,14710|38917,14834|38917,14885|38917,14973|38917,15030|38917,15082|38917,15135|38917,15241|38917,15318|38917,15396|38917,15486|38917,15594|38917,15674|38917,15758|38917,15898|38917,15999|38917,16079|38917,16160|38917,16215|38917,16432|38917,16569|38917,16648|38917,16924|38917,16981|38917,17094|38917,17301|38917,17361|38917,17415|38917,17473|38917,17555|38917,17709|38917,17787|38917,17877|38917,17959|38917,18046|38917,18098|38917,18124|38917,18152|38917,18387|38917,18470|38917,18645|38917,18806|38917,18957|38917,19192|38917,19273|38917,19354|38917,19436|38917,19525|38917,19605|38917,19659|38917,19723|38917,19919|38917,19970|38917,20048|38917,20126|38917,20343|38917,20423|38917,20558|38917,20622|38917,20676|38917,20730|38917,20788|38917,20870|38917,20958|38917,21042|38917,21147|38917,21203|38917,21307|38917,21442|38917,21522|38917,21600|38917,21686|38917,21739|38917,21765|38917,21791|38917,21844|38917,21897|38917,21949|38917,22006|38917,22111|38917,22172|38917,22369|38917,22447|38917,22679|38917,22760|38917,22959|38917,23012|38917,23099|38917,23179|38917,23325|38917,23379|38917,23555|38917,23611|38917,23966|38917,24025|38917,24114|38917,24175|38917,24203|38917,24288|38917,24393|38917,24561|38917,24872|38917,24956|38917,25039|38917,25428|38917,25455|38917,25542|38917,25654|38917,25717|38917,25884|38917,26589|38917,26642|38917,26721|38917,26775|38917,26843|38917,26896|38917,26952|38917,27008|38917,27039|38917,27065|38917,27091|38917,27118|38917,27148|38917,27385|38917,28766|38917,30291|38917,30448|38917,30501|38917,30556|38917,31775|38917,31837|38917,31896|38917,32164|38917,32319|38917,32417|38917,32485|38917,32809|42032,4893|43111,1451|43111,2700|43111,2896|43111,3330|43111,5072|43111,5276|43111,6405|43111,7204|43111,7418|43111,8317|43111,8906|43111,9108|43111,10404|43111,10661|43111,11735|43111,12104|43111,12792|43111,13627|43111,14052|43111,14430|43111,14892|43111,15611|43111,25864|43998,311|43998,540|43998,1005|43998,1421|43998,1928|43998,2206|43998,2519|43998,2789|43998,3379|43998,4037|43998,4420|43998,4682|43998,5287|43998,6047|45794,1466|45794,1525|45794,1599|45794,1658|45794,1765|45794,1812|45794,1963|45794,2143|45794,2204|45794,2399|45794,2511|45794,2826|45794,2905|45794,2971|45794,3114|45794,3769|45794,4064|45794,4199|45794,4259|45794,5001|45794,5234|45794,5391|45794,5586|45794,5647|45794,5777|45794,5985|45794,6070|45794,6122|45794,6171|45794,6366|45794,6423|45794,6688|45794,6853|45794,7039|45794,7513|45794,8162|45794,8274|45794,8557|45794,8705|45794,8801|45794,9213|45997,1053|45997,1986|45997,2903|45997,3212|45997,4770|45997,5056|45997,6260|45997,6466|45997,6842|45997,8165|45997,8365|45997,8612|45997,9953|45997,11366|45997,12261|45997,13039|45997,13242|45997,14254|45997,14707|45997,15534|45997,16477|45997,16918|45997,17468|45997,18316|45997,18877|45997,20146|45997,21292|49792,1865|49792,2737|49792,2920|49792,3127|49792,3557|49792,4411|49792,4826|49792,5079|49792,6677|49792,7089|49792,7310|49792,8421|49792,9227|49792,10031|49792,11137|49792,11731|49792,12519|49792,12989|49792,14052|49792,14919|49792,15267|49792,16013|49792,17170|49792,17324|49792,17498|49792,17995|49792,18201|49792,18683|49792,19787|49792,20596|49792,21172|49792,21406|49792,21798|51013,14826|51013,14900|51013,14973
상위의 36663,8743|36663,8774
상자내 21033,6376
상자의 33013,11931
상점판매 25899,19566|25899,19610|25899,19662|25899,19831|28259,143|28259,191|28259,243|28259,862|28259,913|28259,966|28259,1326|28259,1373|28259,1422|28259,1981|28259,2678|28259,3176|28259,3237|28259,3297|28259,3358|28259,3414|28259,3851|28259,3901|28259,4215|28259,4332|28259,4451
상질의모피 23733,13792|23733,13812|23733,13959|23733,14167|23733,14189|23733,19524|26754,11577|26754,11597|26754,12516|26754,16735|26774,11721|26774,11741|26774,11972|26774,16939|33013,6936|33119,11836|33119,15488|38917,13752|39826,3802|47038,11219|47038,11239|47038,11798|47038,11841|47038,16377
상질의휘어진뿔 19406,16249|21815,14451|23733,12005|23733,18824|23733,22850|23733,24236|23733,32084|25899,12115|25899,12260|26754,5909|26754,16257|26754,19876|26754,21345|26774,16355|26774,20004|26774,21260|27445,13662|27798,14120|27798,27181|33645,10227|37097,4568|37097,10641|37097,13209|37097,25925|38917,22294|39826,9193|45794,1646
상처없는 51013,16900
상처있는 51013,16911
상태 21815,34595|21815,34666|24789,229|24789,4559|24789,7220|24789,10478|24789,14906|24789,16754|24789,21766|24789,27354|24789,32486|24789,39569|25899,20896|25899,21167|27445,36438|27445,38133|33645,32559|36663,12595|37097,233|37097,2646|37097,5098|37097,7841|37097,11167|37097,12751|37097,16089|37097,20329|37097,25481|37097,31537|38161,2887|43111,19545|43111,20651|43111,20662|45326,10070|49792,26062
상태가 27798,28730|36663,2174|36663,14259|42032,4763|43111,23459|43111,25134|45326,1663|45326,1707|45997,25924
상태내성 23733,36444|23733,36521|26754,32548|26754,32621|26774,32448|26774,32522|33119,32696|33119,32770|45326,2060|47038,31974|47038,32048
상태라면 27798,29822|27798,30029|36663,3680
상태로 19406,35075|19406,35175|21033,6943|21815,34643|21815,35235|21815,35449|36663,563|36663,919|38161,2785|38917,463|38917,3852|42032,7799|43111,23571|51013,14518|51013,16349|51013,16456
상태로부터 27445,37907|38161,3576|38161,3735
상태를 25899,23052|25899,23071|27798,29110|38917,1560|43111,23527|49792,26755
상태에서 21815,35669|36663,13669|42032,5487|43111,20477|45326,2718|51013,14536
상태에서는 37097,31872
상태에서도 33645,32091
상태에서만 25899,223
상태여도 49792,26953
상태의 19406,224|21815,214|27445,214|27798,214|33645,216|36663,10776|43111,221|43111,25283|45997,221|49792,707
상태이므로 36663,13329
상태이상 24789,40116|25899,19667|25899,20188|28259,4798|33645,32745|36663,825|36663,884|37097,31969|38917,805|38917,1552|38917,1662|38917,1879|38917,5976|38917,6291|38917,6785|38917,6929
상태이상공격 36663,7785|36663,11810|42032,3629
상태이상공격강화 39470,1045|39470,3644|39470,3766|39470,5596|39470,7705|39470,8655|39470,9448|39470,9539|39470,11308|39470,11963|42032,3663|45326,4630|45766,3625|45766,3708|45766,5599|45766,7704|45766,8637|45766,9399|45766,9542|45766,11982
상태이상공격강화는 36663,12969
상태이상공격강화로 28259,4644
상태이상공격강화술 36663,7763
상태이상공격을 45997,26615
상태이상병을 25899,19865
상태이상속성공격을 36663,840
상태이상속성병 25899,22446
상태이상속성수치가 45326,4639
상태이상속성을 28259,4526
상태이상속성탄 28259,4107
상태이상에 45326,5042
상태이상으로 25899,21818
상태이상을 25899,22480|36663,11886
상태이상의 25899,19884|36663,913
상태이상이 27445,38063|27445,38089|36663,14940
상태이상탄 28259,6066|28259,6188|28259,7207|28259,7353|38917,4756|38917,4832
상태일 36663,549|36663,14852
상태일때 45326,8716
상토각오 36663,5043|36663,12173
상하기 33645,32220
상한 45326,2301
상한선 45326,5637
상한에 36663,11081
상한은 36663,2360|36663,4250|38917,7780
상한을 38917,2715|38917,2783
상한이 38917,716|38917,760|38917,7730
상한치가 36663,3565
상한치는 36663,3608
상향 43111,23692
상황 43111,24280
상황도 25899,23376
상황에서 28259,1540
상황을 25899,22991
상황이 43111,24929
상회하고 43111,23499
