낮거나 36663,4817
낮게주각 26754,29821
낮고 45997,25498
낮기 33645,32248|36663,953|43111,22073
낮다 19406,35165|27445,37222
낮습니다 36663,11202
낮아서 28259,462
낮아졌다 43111,22274
낮아지고 38161,7344
낮아지면 36663,14198
낮아진다 28259,431
낮에는 36760,194
낮으면 36663,1399|36663,1858
낮은 19406,35966|19406,36155|35316,2362|36663,13829|36663,15064|43111,21557
낮은확률 39826,535|39826,547|39826,962|39826,974|39826,1375|39826,1387|39826,3013|39826,3025|39826,3463|39826,3475|39826,4378|39826,4390|39826,4903|39826,4915|39826,5613|39826,5625|39826,5918|39826,5930|39826,6818|39826,6830|39826,7165|39826,7177|39826,8529|39826,8541|39826,8949|39826,8961|39826,9379|39826,9391
낮을 36663,14137
낮잠등의 36663,9424
낮지만 29127,3746
