키를 33013,11780
키리사키 21815,19779|21815,21233
키리사키g 21815,31329
키리오트시 21815,20321
키리키자미 27798,5233
키린 21815,13481|25030,9308|29127,1044|29127,5150|31242,1578|31242,1607|31242,1622|31242,2313|36663,8409|38161,7272|38161,7296|38917,23639|39470,4061|39470,9727|45766,4071|45766,9737|51013,1528|51013,1537|51013,2569|51013,3594|51013,4684|51013,5777|51013,6828
키린s글러브 26774,22467
키린s레깅스 33119,22505
키린s베스트 26754,22369
키린s부츠 33119,22587
키린s숄트 47038,22004
키린s암롱 26774,22366
키린s케이프 26754,22451
키린s코르노 23733,25547
키린s호른 23733,25439
키린s후프 47038,21923
키린x 39470,14169|45766,14206
키린x글러브 26774,31604
키린x레깅스 33119,31754
키린x베스트 26754,31638
키린x부츠 33119,31867
키린x숄트 47038,31151
키린x암롱 26774,31476
키린x케이프 26754,31709
키린x코르노 23733,35503
키린x호른 23733,35386
키린x후프 47038,31051
키린가죽 19406,10674|23733,11616|23733,25495|26754,9824|26754,22442|26774,9895|26774,22438|26774,22514|27798,12451|27798,13248|33119,9834|33119,22578|33645,2952|37097,5525|38917,23646|39826,7835|45794,2766|47038,9201|47038,15034|47038,21995
키린갈기 19406,10625|21815,13553|21815,13605|23733,11640|23733,25519|23733,35468|26754,15356|26754,27297|33645,13561|33645,13615|33645,13791|33645,27956|37097,5513|38917,23724|39826,4080|39826,8202|45794,6983|45997,11571
키린글러브 26774,9924
키린뇌각 19406,10618|19406,10667|21815,13546|21815,13598|23733,11628|27798,12397|27798,12441|27798,12591|27798,13231|27798,27719|33645,13554|33645,13608|33645,13784|33645,27946|33645,28124|38917,23618|39826,4085|39826,8207|45794,4511|47038,9218
키린뇌미 21815,13823|25899,14739|27798,13238|33119,21083|33645,13980|33645,14205|37097,13180|38917,23775|39826,2118|49792,1778
키린레깅스 33119,9792
키린베스트 26754,9764
키린부츠 33119,9863
키린상피 19406,10894|23733,25483|26754,22431|26774,22427|26774,22503|26774,31565|33119,22567|33119,31839|33645,2894|33645,14198|37097,13168|38917,23672|47038,21984|47038,26872
키린숄트 47038,9227
키린암롱 26774,9854
키린왕 21815,13742
키린을 51013,13113|51013,13123
키린의 28259,1691
키린의목걸이 51013,13103
키린인뢰미 19406,4133|21815,14056|26754,31699|27445,9865|27798,13709|27798,27726|38917,23800|43111,15415|45794,4572|47038,31102|49792,2444
키린제 21815,13963
키린창角 33645,14188
키린창각 19406,10887|21815,13816|21815,14038|23733,25507|23733,35456|24789,28956|25899,14866|26754,25066|26754,25191|27798,12763|27798,13431|27798,13469|27798,26650|27798,27709|33645,2884|33645,2942|33645,30901|38917,23826|45794,7025|47038,22039|47038,31110
키린케이프 26754,9847
키린코르노 23733,11689
키린특상피 19406,11104|23733,34723|23733,35430|24789,28930|26754,31682|26774,30778|26774,31552|33119,31079|33119,31831|33645,3144|33645,30911|37097,21320|38917,23697|39826,8676|39826,8992|45794,7072|47038,31094
키린호른 23733,11574
키린후프 47038,9160
키우는 51013,11632|51013,11670|51013,11707|51013,11744|51013,11781
키운 51013,16364
키워서 36663,12894
키친 36663,10534|36663,10991|36663,11003|38917,623|38917,663|38917,707|38917,751|38917,799|38917,839|38917,893|38917,962|38917,1029|38917,1100|38917,1172|38917,1230|38917,1296|38917,1363|38917,1695|38917,1863|38917,2527|38917,2567|38917,2608|38917,2645|38917,2831|38917,2891|38917,2944|38917,2995|38917,3057|38917,3524|38917,3608|38917,4358|38917,4517|38917,4574|38917,5335|38917,5386|38917,5533|38917,7023|38917,7436|38917,29650|38917,29679|38917,33059|42032,22|42032,441|42032,521|51013,11525
키친게시판에서 36663,10478
키친레벨에 36663,344
키친아이루 36663,9942|42032,265
키친아이루로 36663,10436
키친아이루로부터의 51013,14401
키친아이루를 36663,265
키친아이루에서 36663,318
키친아이루을 36663,10945
키친아이루의 51013,11498|51013,11532|51013,11567|51013,11602|51013,14414
키친에 51013,16460
키친에서 36663,2401|42032,362
키친의 42032,255
