취급 31242,5349|31242,5432|31242,5490|31242,5548|31242,5606|31242,5664|31242,5723|31242,5781|31242,5840|31242,5902|31242,5963|31242,6020
취급됩니다 36663,5643
취급하기 21815,35186
취득 51013,16676
취득시 51013,16669
취득조건 51013,12778|51013,14802
취득한 36663,2551|36663,4432
취색의 38161,5149|38161,5216
취소가 45326,6519
취수룡 38161,5110
취수룡の上ヒレ 21815,15399
취수룡갈기 19406,33119|21815,15193|23733,4770|26754,4506|26774,4711|33119,4747|33645,14739|38917,17911|45794,4771
취수룡비늘 19406,15548|21815,15201|23733,4731|23733,22254|24789,3174|25899,7175|26754,4434|26754,19503|26774,4624|33013,5181|33119,4658|38917,17822|43111,8999|45794,6619
취수룡상갈기 19406,4754|23733,22332|24789,15624|26754,19442|26754,29530|26774,19580|33119,19642|33645,14926|38917,17938|43111,8990
취수룡상린 19406,4763|19406,33107|21815,15409|23733,22319|24789,15611|25899,14266|26754,19430|26774,19568|33119,19630|38917,17857|43111,9217|45794,6669|47038,29064
취수룡특상갈기 19406,33097|21815,15862|21815,31297|23733,33303|23733,36959|24789,22487|24789,22775|24789,35247|25899,7719|25899,7872|25899,14535|26754,29512|26774,29484|33119,29733|33645,30031|38917,17966|43111,9451|45794,6719|47038,29049
취수룡후린 21815,15624|21815,31307|23733,33290|24789,22474|24789,35234|24789,35535|25899,7662|25899,14393|26754,29522|26774,29476|26774,32921|33119,29725|33119,33154|37097,17405|37097,17706|38917,17884|43111,9461|43111,9694|45794,4826|47038,29036
취주술 42032,3781|42032,6865|42032,7527
취하면 43111,20768
취합니다 19406,369|21815,359|27445,359|27798,359|33645,361|43111,372|45997,366|49792,852
취해서 36663,1342
