æactivelockæ 50957,177485|50957,177556
æallpropæ 50957,72666|50957,72936|50957,72978
æmikiewicz 36874,98589
ænotæ 50957,143000
æpropnameæ 50957,72783
æwi 36874,121941|36874,145732
æwiertnia 36874,133430
æwierz 36874,151590
æwik 36874,146325
æwikliñski 36874,34558
æwik³a 36874,47202
æ² 34279,11434|34279,12424|34279,23320|34279,25270|34279,25544|34279,26494|43048,8467|43048,8621|43048,9830|43048,10776|43048,12307|43048,21245|43048,21408|43048,23237|43048,24446|43048,25736|43048,25976|43048,27343
æ³ 34279,9481|34279,11456|34279,11628|34279,12245|34279,18883|34279,22913|34279,23048|34279,23333|34279,28772|43048,11703|43048,12723|43048,15469|43048,18555|43048,21824|43048,23250
æµå 34279,84|34279,13608
æµåä 34279,29107
æµåæ 34279,2969|34279,3166
æµî 34279,10519|34279,10651|34279,11307|34279,20967|34279,22299|34279,22526|34279,28296|34279,28794|34279,37008|34279,37041|34279,43342|34279,43661|34279,44000|34279,46132|43048,10382|43048,21617|43048,22826|43048,22984|43048,24435
æ¹ßåé 34279,10618|34279,12413|34279,12554|34279,12716|34279,13016|34279,21225|34279,24152|34279,24413|34279,24645|34279,24915|34279,25248|34279,25522|34279,49078|43048,8445|43048,8599|43048,9028|43048,9554|43048,10606|43048,10741|43048,10933|43048,11068|43048,12281|43048,20263|43048,20518|43048,25714|43048,25954|43048,26157|43048,26395
æ¹è 34279,10798|34279,11018|43048,7018|43048,7209|43048,9680|43048,9817|43048,12170
æ¹è¼³¹ 26219,2534|26219,2595|50971,3985
æ¹é 34279,26868
æ¹ì 34279,27133|34279,27382|43048,21256|43048,21419
æº 34279,24174|34279,24435|34279,24667|34279,24937|34279,25281|34279,25555|34279,47896|34279,48102|34279,48444|34279,48667|34279,48913|34279,49177|43048,20084|43048,20285|43048,20540|43048,25747|43048,26179
æº¹ 34279,51256
æºñ 34279,1458|34279,1804|34279,2525|34279,3258|34279,5480|34279,5945|34279,7726|34279,8186|34279,10486|34279,10629|34279,11412|34279,11602|34279,11732|34279,11935|34279,12164|34279,12223|34279,24634|34279,24904|34279,25808|34279,38433|34279,40048|34279,44587|34279,46602|34279,50142|43048,2906|43048,3035|43048,4303|43048,4862|43048,9006|43048,9565|43048,11692|43048,11835|43048,11861|43048,12018|43048,12697|43048,13233|43048,20252|43048,20507|43048,26146|43048,26384
æ¼ 34279,10432|34279,10535|34279,10574|34279,20890|34279,21135|34279,21174|34279,28163|34279,41700|34279,41981|34279,42181|34279,46100|34279,46923|43048,8966|43048,9487|43048,9526|43048,21501|43048,24245|43048,24291|43048,26697
æ¼ö 34279,23276|34279,23617|43048,23162|43048,23438
æ¾ï 26219,1995|26219,3163|26219,9750|26219,9769|26219,10193
æà 34279,23452|34279,24040|34279,24292|34279,24555|34279,25120|34279,25403|34279,44084|34279,47937|34279,48143|34279,48404|34279,48627|34279,48873|34279,49137|43048,6413|43048,23011|43048,23682
æàç 34279,9782|34279,10828|34279,12261|34279,21580|34279,25989|34279,42556|34279,47965|34279,48209|34279,48472|34279,48693|34279,48802|34279,49092|34279,50310|43048,446|43048,1164|43048,9710|43048,13120|43048,19895
æàç¾ë 26219,8277|26219,8348|50971,4101|50971,4131
æàì 34279,1793|34279,2514|34279,5469|34279,5934|34279,7715|34279,8173|34279,10508|34279,10604|34279,10809|34279,10975|34279,15079|34279,17660|34279,17849|34279,21561|34279,21716|34279,21919|34279,27885|34279,29003|34279,42410|34279,42710|34279,43005|43048,2895|43048,3024|43048,4851|43048,6992|43048,7179|43048,9691|43048,11872|43048,12133|43048,14906|43048,17159|43048,17335|43048,17725|43048,19097|43048,19813|43048,22424|43048,22606|43048,25407
æàí 34279,11445|34279,11589|34279,12402|34279,12874|34279,13027|34279,23344|34279,24141|34279,24402|34279,25259|34279,25533|34279,25839|34279,26890|43048,8456|43048,8610|43048,10617|43048,10944|43048,11079|43048,12684|43048,20073|43048,25725|43048,25965
æàî¹ì 34279,40768|34279,42495|34279,42801|34279,44339|34279,46252|34279,46791|34279,47393|34279,47610|34279,48375|34279,48844|43048,26956
æàîàí 34279,27144|34279,27393|34279,34794|34279,35115|43048,21267|43048,21430
æàú 43048,14884
æàû 33898,187|33898,196
æá¾ 34279,23246|34279,23254|34279,23587|34279,23595|43048,23132|43048,23140|43048,23408|43048,23416|43048,24720
æá¾àç 34279,23262|34279,23603|43048,23148|43048,23424
æáß 34279,35606|34279,35642|34279,35936|34279,37513|34279,37802|34279,38083|34279,38374|34279,39731|34279,40181|34279,40738|34279,41381|34279,41739|34279,41771|34279,42007|34279,42038|34279,42068|34279,42351|34279,42381|34279,42467|34279,42640|34279,42677|34279,42771|34279,42940|34279,42977|34279,43037|34279,43068|34279,43245|34279,43276|34279,43558|34279,43591|34279,43876|34279,43908|34279,43940|34279,44153|34279,44185|34279,44428|34279,44460|34279,44796|34279,44831|34279,46224|34279,46266|34279,46527|34279,46571|34279,46763|34279,46985|34279,47337|34279,47367|34279,47568|34279,47690|34279,47993|34279,48171|34279,48317|34279,48598|34279,49596|34279,51198|34279,51227
æáß¹ì 34279,47642|34279,51441|43048,27013
æáß¾æ 34279,32314|34279,32513|34279,34659|34279,35027|34279,35399|34279,35624|34279,35917|34279,40467|34279,41887|34279,42243|34279,47013|34279,47293|34279,47676|43048,26978
æáøºð 34279,24656|34279,24926|34279,48681|43048,20274|43048,20529|43048,26168|43048,26406
æã 34279,19274|34279,24163|34279,24424|34279,24728|34279,24998|34279,25237|34279,25511|34279,26083|34279,28307|34279,41303|34279,41363|34279,41858|34279,47908|34279,48114|34279,50256|43048,20062|43048,20346|43048,20601|43048,20804|43048,24413|43048,25703|43048,25943|43048,26240|43048,26467
æãµ 34279,35172|34279,35285|34279,39984|34279,40409|34279,40856|34279,41395|34279,41754|34279,42022|34279,43398|34279,43720|34279,44030|34279,44777|34279,44812|34279,46160|34279,46417|34279,46555|34279,46823|34279,47041|34279,47596|34279,47704|43048,26934|43048,26989|43048,27026
æãµá 34279,51291
æã¼¾ 34279,3057|34279,3269|34279,11756|34279,11959|34279,12201|34279,49429|43048,11670
æãê 43048,16381|43048,16414|43048,19739|43048,19771
æä 19615,626|19615,3788|19615,8344|26219,876|26219,1446|26219,1487|26219,1934|26219,2131|26219,2335|26219,3700|26219,5990|26219,6146|26219,6218|26219,6480|26219,7356|26219,10342|34279,1475|34279,1760|34279,2481|34279,5148|34279,5901|34279,6070|34279,42866|34279,44948|43048,3043|50971,5870|50971,6660
æäºê 26219,1549
æäàìáö 19615,8410|26219,11867|34279,51544|43048,27804|50971,7261
æäàîæ 19615,1858|19615,4788|26219,353|26219,660|26219,3151|26219,7131|26219,10525|26219,10610|43048,304|43048,385|43048,505|43048,1578|50971,586|50971,597|50971,608
æäù½ºæ 34279,24071|34279,24323|34279,24586|34279,25151|34279,25434|34279,50332|34279,50740|43048,19976|43048,20197|43048,20443|43048,20704|43048,25613|43048,25853|43048,26085|43048,26332
æå 34279,26516|43048,27365
æåä¹ú 43048,27206
ææ 34279,32384|34279,32565|34279,33545|34279,35659|34279,35859|34279,35896|34279,46807|34279,47351|34279,48927|34279,49028
æç 34279,12435|34279,24185|34279,24446|34279,24678|34279,24948|34279,25292|34279,25566|34279,47981|34279,48183|34279,48570|34279,48941|34279,49203|34279,49334|43048,8478|43048,8632|43048,10752|43048,10955|43048,13207|43048,20095|43048,20296|43048,20551|43048,25758|43048,25987|43048,26190|43048,26417
æçç 34279,14417
æçîå 34279,28944|43048,14843
æçï 34279,4264|43048,1857
æçõ½ã 43048,27718
æè 26219,6953|33898,282|34279,19261|34279,23388|34279,23674|34279,26061|34279,26072|34279,26105|34279,27646|34279,34557|34279,34593|34279,34926|34279,34962|34279,35369|34279,39956|34279,40437|34279,41457|34279,44199|34279,44476|34279,44749|34279,44923|34279,50553|43048,20778|43048,23268|43048,23506|43048,23841|43048,23867|43048,27000
æèâî 34279,50406
æèä 34279,32338|34279,32539|34279,33673|34279,34629|34279,34998|34279,35270|34279,35301|34279,35335|34279,35682|34279,35966|34279,35997|34279,37452|34279,37483|34279,37737|34279,37770|34279,38019|34279,38051|34279,38310|34279,38342|34279,40150|34279,40381|34279,40710|34279,41349|34279,41800|34279,42097|34279,42127|34279,44249|34279,44526|34279,44864|34279,44895|34279,46543|34279,46739|34279,46779|34279,47325|34279,47582|34279,49825|34279,50013|43048,26945
æèä¹é 34279,50637|34279,50813
æèäè 34279,50238|34279,50420
æèæ 34279,27122|34279,27371|43048,21234|43048,21397
æé 42070,127
æí 26219,9111|34279,27691|43048,22223|50971,3420
æî 34279,3943|34279,6319|34279,8842|34279,8856|34279,8891|34279,8902|34279,37996|43048,13774|43048,13797|43048,13846|43048,13857
æð 19615,8239|34279,26469|34279,26480|34279,26491|34279,26502|34279,26513|34279,26526|34279,43158|43048,22643|43048,27203|43048,27318|43048,27329|43048,27340|43048,27351|43048,27362|43048,27375
æð¹ìåë 34279,13351|34279,27415|43048,11255|43048,13905
æð¹ìåëpt 34279,27669|43048,14060
æð¹ìåëáö¹ 34279,27654|43048,14071
æð¹ìåëæ¼äï 34279,13519|43048,11389
æø 19615,3806|26219,1464|34279,1490|34279,1775|34279,2496|34279,5163|34279,5916|34279,6085|34279,7665|34279,8155|34279,15025|34279,15370|34279,17433|34279,17599|34279,17788|34279,20085|34279,21327|34279,22450|34279,22634|34279,28430|34279,28684|43048,3058|43048,3216|43048,4813|43048,16458|43048,17489|43048,18275|43048,21736|43048,21940|43048,22930|43048,24811|43048,25332|50971,6678
æø¾à 26219,3531|26219,5465|26219,8843
æøç³ 34279,39828
æú 45479,127
æúåäæäáî 26219,1978|26219,9190|26219,10176
æýäé 33898,479
æþ 45479,105|45479,137
