클레오빠삐용 36993,1876|36993,3363
클로버 36993,5232
클리어 23733,38416|23733,38431|28259,985|28259,1441|29127,1476|29127,1501|29127,1528|29127,1559|29127,1589|29127,4784|29127,4805|29127,6115|29127,6148|29127,6168|31242,629|31242,1727|31242,1814|31242,1839|31242,1934|31242,1960|31242,2058|31242,2082|31242,2180|31242,2204|31242,2299|31242,2321|31242,2415|31242,3314|31242,3357|31242,3734|31242,3755|31242,3888|31242,4094|31242,4225|31242,4780|31242,5396|33013,327|33013,358|33013,435|33013,532|33013,563|33013,638|33013,718|33013,766|33013,816|33013,847|33013,915|33013,989|33013,1042|33013,1072|33013,1118|33013,1157|33013,1188|33013,1240|33013,1271|33013,1516|33013,1559|33013,6373|33013,6519|33013,7313|33013,7474|33013,8247|33013,8983|33013,9861|33013,10006|33013,10291|33013,10381|33013,10498|33013,10610|33013,10639|33013,11054|33013,11165|33013,11316|33013,11470|33013,11740|36663,5991|36663,6034|36663,6077|36993,333|38917,29498|42032,1267|42032,1281|42032,1293|42032,1306|51013,368|51013,406|51013,444|51013,482|51013,520|51013,556|51013,596|51013,636|51013,676|51013,707|51013,739|51013,770|51013,801|51013,833|51013,864|51013,897|51013,928|51013,961|51013,995|51013,1028|51013,1062|51013,7835|51013,7866|51013,7897|51013,7928|51013,7959|51013,7990|51013,8021|51013,8052|51013,8084|51013,8117|51013,8149|51013,8182|51013,8214|51013,8250|51013,8301|51013,8334|51013,8365|51013,8400|51013,8435|51013,8467|51013,11964|51013,12830|51013,12908|51013,12984|51013,13059|51013,13466|51013,13547|51013,13628|51013,13701|51013,13783|51013,14852|51013,14926|51013,14999|51013,15082|51013,15166|51013,15241|51013,15313|51013,15384|51013,15776|51013,15872|51013,15928|51013,15999|51013,16032|51013,17347|51013,17487
클리어가 31242,3427
클리어길드 38917,8841
클리어로 31242,2710|31242,2921|31242,3134|31242,3242|31242,4466|31242,4573|38917,8668|38917,29054|38917,29093|38917,29125|38917,29179|38917,29213
클리어시 45326,8244|45326,8315|45326,8392|45326,8462
클리어시에 36663,13536
클리어클리어로 38917,8735|38917,8806
클리어한 31242,3811|51013,15144|51013,15291
클린 43111,25816|43111,25881
