천국의빵 42032,1105
천내주 45794,6999
천년게 42032,970
천년동안 51013,13159
천년식칼 33645,5733
천년식칼g 33645,29353
천리안 23733,279|23733,534|23733,596|23733,939|23733,1015|23733,1132|23733,1199|23733,1317|23733,1392|23733,1493|23733,1570|23733,6110|23733,6175|23733,6283|23733,6350|23733,6463|23733,6532|23733,7464|23733,9126|23733,9219|23733,11672|23733,11743|23733,12053|23733,14215|23733,14281|23733,16021|23733,16083|23733,18508|23733,18577|23733,19558|23733,19619|23733,24206|23733,24314|23733,30463|23733,30535|23733,33419|23733,38396|26754,548|26754,622|26754,881|26754,952|26754,1074|26754,1141|26754,5586|26754,5704|26754,5853|26754,7145|26754,7668|26754,7757|26754,10190|26754,12022|26754,13873|26754,13935|26754,16009|26754,16961|26754,17022|26754,21269|26754,25851|26754,27056|26774,543|26774,598|26774,877|26774,982|26774,1090|26774,1155|26774,1271|26774,1391|26774,1501|26774,1623|26774,2620|26774,5816|26774,5879|26774,5985|26774,6050|26774,6150|26774,7702|26774,7791|26774,9958|26774,10274|26774,12161|26774,13818|26774,16022|26774,16089|26774,17049|26774,17108|26774,17968|26774,21230|26774,21346|26774,25814|26774,27069|26774,29514|33119,541|33119,614|33119,884|33119,954|33119,1065|33119,1131|33119,1248|33119,1360|33119,1669|33119,5897|33119,5961|33119,6072|33119,6226|33119,7845|33119,7936|33119,9896|33119,10213|33119,10359|33119,12198|33119,13860|33119,16106|33119,17074|33119,17134|33119,21374|33119,21490|33119,27186|35316,445|35316,6001|35316,8670|35316,10499|45326,6039|45794,8465|45997,12849|45997,13315|45997,24594|47038,684|47038,756|47038,1018|47038,1121|47038,2692|47038,5521|47038,5584|47038,5693|47038,5841|47038,7128|47038,7219|47038,9260|47038,9578|47038,9729|47038,11657|47038,11729|47038,13369|47038,15628|47038,16606|47038,16665|47038,17574|47038,20772|47038,20887|47038,25308|47038,26533|47038,29090|47038,29160
천리안술 36663,9213
천리안약의 36663,9235
천리안의 39826,3348|39826,4825|39826,5835|39826,7082
천리안의약 21033,5963|21239,753|21239,4209|25030,992|25030,4841|25030,6343|25030,6370|29127,1887|29127,2364|29127,3037|29127,3475|29127,4256|36760,4038|36760,4718|38917,1574|39826,1676|39826,1836|43998,2018|45794,8484
천리안의약과 45326,6185
천리주 33013,7442|33013,9838|33013,11273|45794,8461
천붕 25899,16163
천산채조합티켓 38917,29930|39826,3127|39826,4620|39826,5634|39826,6886|39826,8750|39826,9227|39826,9600
천상천하무쌍도 49792,8439
천상천하천지무쌍도 49792,8638
천순주 33013,7286|33013,7433|45794,2571
천유주 45794,8808
천의 36663,15301
천일주 42032,1231
천정에 38161,2778|38161,5790
천지 27798,17678|33645,23307|51013,2631
천지수렵의문장 51013,15338
천채 51013,5059
천하를 36760,9796|38161,5940
천하무쌍도 49792,8259
