귀곡참파도 49792,2108|49792,2351
귀마개 25899,22588|35316,2668|39470,2626|39470,2907|39470,3946|39470,4767|39470,6475|39470,6843|39470,8650|39470,9615|39470,11973|39470,12436|39470,13385|39470,14838|39470,14988|45326,1859|45766,2595|45766,2901|45766,3948|45766,4765|45766,6492|45766,6868|45766,8632|45766,9621|45766,11955|45766,12460|45766,13349|45766,15011
귀마개가 27798,29003
귀섬 24789,10178
귀신버섯 42032,894
귀신봉 21815,12689
귀신참파도 49792,1885
귀신창라쟌 19406,13917
귀인 24789,436|24789,700|24789,1002|24789,1299|24789,1585|24789,1877|24789,2161|24789,2449|24789,2727|24789,3015|24789,3300|24789,3569|24789,3853|24789,4141|24789,4420|24789,4817|24789,5103|24789,5390|24789,5673|24789,5954|24789,6233|24789,6515|24789,6804|24789,7081|24789,7484|24789,7782|24789,8071|24789,8351|24789,8639|24789,8923|24789,9200|24789,9493|24789,9807|24789,10099|24789,10339|24789,10729|24789,11012|24789,11303|24789,11601|24789,11888|24789,12177|24789,12465|24789,12747|24789,13036|24789,13331|24789,13624|24789,13911|24789,14199|24789,14490|24789,14767|24789,15152|24789,15449|24789,15737|24789,16027|24789,16314|24789,16615|24789,17019|24789,17319|24789,17608|24789,17890|24789,18178|24789,18468|24789,18750|24789,19038|24789,19355|24789,19645|24789,19925|24789,20217|24789,20521|24789,20809|24789,21103|24789,21386|24789,21627|24789,22026|24789,22313|24789,22604|24789,22890|24789,23181|24789,23473|24789,23763|24789,24052|24789,24330|24789,24630|24789,24926|24789,25211|24789,25491|24789,25776|24789,26065|24789,26349|24789,26637|24789,26926|24789,27214|24789,27603|24789,27888|24789,28180|24789,28463|24789,28767|24789,29057|24789,29336|24789,29627|24789,29917|24789,30223|24789,30509|24789,30795|24789,31091|24789,31381|24789,31712|24789,31991|24789,32283|24789,32732|24789,33024|24789,33324|24789,33617|24789,33911|24789,34203|24789,34485|24789,34772|24789,35058|24789,35350|24789,35637|24789,35925|24789,36217|24789,36507|24789,36802|24789,37094|24789,37386|24789,37670|24789,37950|24789,38255|24789,38559|24789,38848|24789,39136|24789,39422|33645,32183|37097,452|37097,757|37097,1055|37097,1335|37097,1615|37097,1904|37097,2201|37097,2498|37097,2905|37097,3200|37097,3490|37097,3784|37097,4069|37097,4370|37097,4662|37097,4950|37097,5357|37097,5645|37097,5933|37097,6221|37097,6511|37097,6809|37097,7096|37097,7392|37097,7693|37097,8109|37097,8379|37097,8667|37097,8964|37097,9255|37097,9559|37097,9861|37097,10161|37097,10446|37097,10735|37097,11019|37097,11413|37097,11709|37097,12010|37097,12310|37097,12603|37097,13011|37097,13303|37097,13587|37097,13883|37097,14184|37097,14471|37097,14760|37097,15044|37097,15340|37097,15639|37097,15941|37097,16343|37097,16636|37097,16931|37097,17221|37097,17510|37097,17810|37097,18109|37097,18406|37097,18698|37097,19002|37097,19294|37097,19576|37097,19878|37097,20168|37097,20575|37097,20862|37097,21163|37097,21453|37097,21743|37097,22030|37097,22321|37097,22617|37097,22920|37097,23213|37097,23505|37097,23805|37097,24094|37097,24387|37097,24680|37097,24968|37097,25269|37097,25739|37097,26034|37097,26333|37097,26626|37097,26920|37097,27219|37097,27516|37097,27810|37097,28112|37097,28405|37097,28695|37097,28997|37097,29299|37097,29605|37097,29903|37097,30193|37097,30487|37097,30780|37097,31085|37097,31385|49792,26752
귀인게이지 49792,26242|49792,26256|49792,26595|49792,26725
귀인게이지가 49792,26629
귀인게이지를 49792,26903
귀인게이지의 45326,5698|45326,5761
귀인베기 49792,26112|49792,26705|49792,26736
귀인베기1 49792,26236|49792,26271|49792,26349|49792,26446
귀인베기2 49792,26459
귀인약 19406,11835|21033,468|21033,501|21239,1054|25030,5754|36760,6516|36993,1286|38917,1009|39826,1880|39826,2592|39826,5419|39826,6529|43998,1452|45794,147|49792,11455
귀인약g 19406,8295|19406,11988|21033,496|21033,2124|21815,9492|21815,11731|21815,15032|21815,31137|21815,31318|27445,12725|33119,18730|33645,9764|38917,1078|39826,2018|39826,2755|39826,3043|39826,3198|39826,5442|39826,6265|39826,9030|45794,193|45794,9287
귀인약의 28259,5117
귀인연계의 49792,26338|49792,26366|49792,26417
귀인적 21033,2120|36993,844|38917,6013|39826,1590|39826,3203|39826,9523
귀인적과 36663,6522
귀인탄 21033,3426|28259,5083|28259,5212|28259,6079|28259,7220|37097,33391|38917,11394
귀인피리 36663,12777
귀인피리술 36663,6477
귀인화 27798,28483|27798,28726|27798,29106|27798,29750
귀인화r 27798,30090
귀인화중의 27798,28514
귀인화하고 27798,29848
귀인화하는 27798,30014
귀인화해제 27798,28656
귀족매미 36993,5143
귀중한 19406,36086|36663,13028
귀참파 49792,1686
귀창라쟌 19406,13451
귀철 27445,2456
귀철의명 27445,3306
귀철환 27445,2898
귀철환改 27445,3092
귀치도 21815,3758|49792,18004
귀치도계 49792,17826
귀환구슬 21033,1195|21239,4075|25030,1013|25030,2918|25030,5613|25030,6528|29127,1951|29127,2428|29127,3091|29127,3537|29127,4320|36760,3926|36760,4698|38917,3641|43998,3909
귀환한다 38917,3673
