카니발 38917,19046
카드 36993,1766|38917,29774|38917,29809|38917,29845|38917,29880|38917,29915|38917,29950|51013,16603
카드가 39826,357
카드를 51013,16683
카드에 31242,3823|36663,4292
카드의 39826,75|39826,275
카라미티 51013,4130
카리스마 42032,4502|42032,6262|42032,6826
카마인보우 25899,8633
카마인블레이드 21815,20047
카마인스팅 19406,17718
카마인엑스 27445,8332
카마인엣지 27798,4963
카브레라이트광석 19406,1504|19406,1704|19406,2124|19406,2177|19406,2249|19406,4383|19406,4935|19406,5522|19406,5589|19406,6705|19406,21269|19406,31666|19406,33289|21033,4027|21033,4483|21033,4499|21239,2179|21239,2243|21239,2379|21239,2430|21239,2561|21239,2649|21239,4915|21239,5008|21239,5169|21815,1966|21815,2024|21815,2090|21815,2269|21815,2470|21815,2872|21815,5832|21815,7331|21815,29205|21815,32003|23733,13901|23733,14010|23733,14049|23733,14124|23733,14753|23733,15110|23733,15486|23733,15656|23733,16686|23733,18148|23733,18484|23733,18673|23733,18839|23733,19406|23733,19508|23733,19891|23733,19997|23733,20104|23733,20433|23733,21289|23733,21813|23733,29710|24789,11479|24789,11782|24789,12932|24789,13533|24789,13807|24789,15358|24789,15923|24789,17503|24789,20717|24789,24821|25030,1956|25030,2008|25030,2638|25030,2695|25030,3728|25030,4589|25030,5559|25030,7306|25030,7366|25899,1797|25899,2820|25899,2883|25899,5935|25899,10747|25899,10802|26754,11690|26754,11795|26754,11818|26754,11921|26754,11941|26754,12856|26754,13345|26754,13515|26754,15501|26754,16810|26754,16912|26754,17271|26754,17737|26754,22249|26754,24487|26774,11836|26774,11940|26774,11992|26774,12065|26774,12962|26774,13463|26774,14301|26774,14434|26774,16901|26774,17001|26774,17353|26774,17842|26774,18328|26774,18462|26774,19388|26774,19639|26774,24542|26774,24623|26774,29168|27445,1662|27445,2173|27445,2345|27445,2511|27445,2565|27445,2624|27445,4452|27445,5532|27445,6891|27445,7912|27445,7974|27445,11460|27445,14064|27445,17330|27445,19151|27445,23368|27445,32911|27445,34484|27445,35382|27798,11133|27798,11183|27798,11575|27798,12385|27798,12429|27798,13485|27798,19521|27798,21387|27798,25961|27798,26133|33013,3733|33013,3826|33013,3869|33013,4076|33013,7582|33013,10665|33119,11940|33119,12044|33119,12096|33119,12204|33119,13123|33119,13526|33119,13651|33119,14349|33119,14790|33119,15028|33119,15754|33119,16345|33119,16922|33119,17025|33119,17413|33119,17520|33119,17921|33119,18143|33119,19442|33119,20089|33119,25998|33119,26995|33119,29547|33645,1506|33645,1564|33645,1594|33645,2384|33645,2463|33645,11372|33645,12105|33645,12869|36760,3109|36760,3167|36760,5984|36760,8241|36760,8284|37097,8283|37097,8839|37097,9450|37097,11586|37097,13192|38917,8068|39826,1555|39826,5664|39826,9432|39826,9630|43111,9011|43111,14977|43998,2850|43998,2910|43998,3447|43998,3507|43998,3672|43998,3741|43998,4782|43998,5326|43998,5424|45997,4861|45997,4916|45997,17657|47038,11336|47038,11444|47038,11496|47038,11570|47038,12025|47038,12045|47038,12534|47038,14346|47038,16455|47038,16557|47038,17406|47038,19085|47038,24195|47038,25740|49792,1957|49792,15406|49792,15908|49792,19295
카브레라이트소드 21815,1902|49792,15733
카브레라이트소드g 21815,31857
카브레라이트소드改 21815,2190|49792,17889
카엘크래프트 35316,4832|35316,10759|45997,18399
카엘크래프트계 45997,18174
카운트 36663,5921|36663,5942|36663,10004
카이저 39470,4428|39470,9956|45766,4445|45766,10002|51013,3981
카이저s가드 26774,23030
카이저s그리브 33119,23026
카이저s레깅스 33119,23106
카이저s레지스트 26754,22982
카이저s마스크 23733,26091
카이저s메일 26754,22903
카이저s암 26774,22928
카이저s코트 47038,22527
카이저s크라운 23733,25995
카이저s폴드 47038,22447
카이저x 39470,14403|45766,14433
카이저x가드 26774,32104
카이저x그리브 33119,32238
카이저x레깅스 33119,32356
카이저x레지스트 26754,32190
카이저x마스크 23733,36081
카이저x메일 26754,32107
카이저x암 26774,31993
카이저x코트 47038,31642
카이저x크라운 23733,35958
카이저x폴드 47038,31548
카이저가드 26774,10824
카이저그리브 33119,10847
카이저레깅스 33119,10926
카이저레지스트 26754,10732
카이저마스크 23733,12613
카이저메일 26754,10654
카이저암 26774,10747
카이저코트 47038,10300
카이저크라운 23733,12521
카이저폴드 47038,10223
카지키궁 25899,6409|25899,6552|25899,6679|25899,6819
카지키궁g 25899,18787
카치와리 27445,8633
카타나 51013,10156
카타크래프트 38161,3349|38161,3394
카피를 36663,10636
