테라 51013,3806
테로스톤 36993,3323
테스카 21815,27201
테스카블레이드 21815,26824
테스카토르 29127,1424|29127,5459|36663,7832|38161,8045|38917,12798|38917,12864|38917,13407|38917,25267|38917,25687|51013,1892|51013,2930|51013,3993|51013,5093|51013,6123|51013,7181
테스카토리 29127,1198|36663,7845|38917,12788|38917,25253|38917,25512|38917,29545|51013,1918|51013,2956|51013,4021|51013,5119|51013,6149|51013,7207
테스카트리 38161,7871
테오 19406,25933|19406,26106|19406,26308|29127,1421|29127,5456|36663,7829|37097,6894|37097,14269|37097,23005|38161,8042|38917,12795|38917,12861|38917,13404|38917,25264|38917,25684|45326,1909|45326,7466|45326,7515|45326,7568|45326,7621|51013,1881|51013,1889|51013,2927|51013,3990|51013,5090|51013,6120|51013,7178
테이오스 19406,24886
테일런쳐 24789,25570
테일스트링 24789,2528
테일스트링改 24789,5469
테일캐터펄트 24789,13990
