한가운데 38161,3754|38161,4901|38161,5074
한계 43111,23746
한계가 24789,40160|37097,32046|39470,127|45766,129
한곳을 27798,28849
한글날 42032,5773
한다 19406,36050|21815,35869|25899,21183|25899,23106|28259,686|28259,1737|28259,4063|33013,5272|36663,13256|36663,13695|36663,14065|36663,14170|42032,4681|43111,22968|45326,2007|45997,25778|51013,7658|51013,13243|51013,13938|51013,14045|51013,14582|51013,16353
한마리 36663,240
한마리를 36663,11010
한마리의 51013,11850|51013,16371
한모금 51013,15098
한발 28259,7648
한발로 28259,2398
한발에 19406,35246
한발은 19406,35823
한발이 19406,35564
한밤의 36760,9837|36760,9848|38161,8101|38161,8153
한방약 21033,248|29127,2166|29127,4073|36760,3931|38917,1628|39826,2134|39826,2572|39826,6513|45794,760
한번 36663,9500|36663,10507|42032,5481|43111,21434|45326,3722
한번밖에 43111,21651
한번의 36663,13705|38917,5243
한벌의 38161,2250
한손검 19406,35296|33645,24|33645,31793|33645,32725|38917,27883|38917,28115
한손검과 19406,35579
한손검에서 27798,28694
한손검으로부터 27798,462|27798,4020|27798,8159|27798,10008|27798,11012|27798,13088|27798,13827|27798,14632|27798,15290|27798,17288|27798,19827|27798,21057|27798,21691|27798,22365
한손검을 51013,9828
한손검의 31242,5427
한손검이나 43111,20360
한손검이라면 33645,32572
한손검이은 33645,32633
한손검인 45326,10032
한손검파생 27798,2233|27798,5411|27798,18739
한쌍 28259,982|28259,1438|29127,1525|33013,6515|33013,7470|33013,8243|33013,8979|33013,9857|33013,10494|38161,1826|38161,1841|38161,2239|38917,29495
한점에 33013,5365
한정되어 27445,38322
한정되지 19406,36240
한줄기 38161,2090|38161,2108|38161,2168
한쪽을 36663,3587
한편 25899,22436|27798,28902|27798,29213|37097,32634|45997,26423|49792,27047
한편으로는 28259,2955
한해 21033,6534
