0
15
29
3186
3201
3216
3354
3369
3385
3401
3418
3453
3512
3539
3557
3576
3595
3615
3633
3650
3667
3685
3704
3724
3744
3765
3784
3802
3820
3839
3858
3877
3904
3923
3943
3963
3984
4003
4021
4039
4058
4087
4106
4126
4146
4167
4186
4204
4222
4241
4260
4279
4308
4327
4347
4367
4388
4407
4425
4443
4462
4481
4500
4517
4535
4553
4572
4589
4605
4621
4729
4748
4768
4785
4803
4823
4842
5121
5139
5157
5175
5194
5212
5231
5251
5271
5345
7469
7486
7526
7686
7727
7744
7881
7895
7924
7942
8402
8461
8479
8496
8987
9002
9929
9982
10000
10016
10056
10072
10171
10188
11667
11685
11766
11794
11812
11829
11856
11872
11913
11930
11968
11985
12001
12020
12039
12054
12073
12093
12113
12132
12151
12169
12188
12207
12225
12244
12261
12279
12297
12314
12343
12362
12379
12395
12412
12429
12445
12462
12480
12563
12583
12604
12625
12647
12667
12686
12705
12725
12745
12765
12793
12813
12834
12855
12877
12897
12916
12935
12955
12975
12995
13013
13032
13051
13071
13089
13106
13124
13141
13159
13177
13195
13210
13226
13267
13284
13302
13362
13382
13403
13424
13446
13466
13485
13504
13524
13544
13564
13594
13614
13635
13656
13678
13698
13717
13736
13756
13776
13796
13814
13833
13852
13872
13890
13907
13924
14089
14107
14126
14144
14162
14178
14193
14219
14234
14252
14314
14331
14383
14399
14426
14486
14503
14523
14543
14562
14582
14601
14618
14634
14650
14700
14715
14730
14745
15031
15046
15279
15294
15309
15328
15346
15387
15405
15448
15467
15495
15760
15869
15885
15902
15930
15947
15965
16121
16138
16152
16169
16193
16207
16235
16403
16455
16471
16566
16594
16612
16627
16642
16657
19650
19665
19680
