각각 21815,34479|27798,29245|27798,29351|38917,3016|42032,3592|51013,8291|51013,13927|51013,15992
각각의 21815,34409|43111,21841
각룡 38161,584
각룡갑각 19406,16081|21815,11912|23733,6595|26754,5980|26774,6289|27445,18393|33119,6287|33645,9917|33645,10074|37097,4539|38917,22325|39826,8157|45794,5713|47038,5911
각룡검타리얼라드 21815,14370
각룡견각 19406,12780|23733,18812|23733,24224|25899,12108|26754,16309|26754,21293|26754,28415|26774,16344|26774,21248|33119,16321|33119,21392|37097,10616|38917,22350|45794,5768|47038,15899|47038,20790
각룡견갑 19406,15748|21815,14461|25899,12242|26754,16246|27445,13683|27798,14140|33119,16333|33119,21404|37097,10604|38917,22428|47038,15888|47038,20802
각룡꼬리 21815,14244|27445,18214|27445,18386|38917,22480
각룡배갑 19406,15559|19406,16270|21815,11724|26754,5928|27798,13975|33119,6303|33645,10248|37097,4527|38917,22402|47038,5899
각룡이빨 19406,16259|23733,10949|25899,1222|26774,6301|26774,6614|26774,16405|26774,20019|26774,28382|26774,29990|33645,10237|33645,27798|38917,22532|39826,8162|49792,6573
각룡인미 27445,32723|27798,27202|38917,22506
각룡중각 21815,33409|23733,32057|25899,17937|25899,19200|26774,28364|33119,28548|37097,23386|37097,30076|38917,22376|47038,27951
각룡중갑 19406,30967|19406,32382|19406,33842|21815,14688|21815,30595|25899,12434|25899,17930|26754,28397|33119,28555|33645,27788|38917,22454|45794,5818|47038,27944
각룡추카오스렌더 27445,13586
각맵 36993,2080
각메뚜기 21033,1693|29127,3347|33013,2428|33013,2635|33013,2640|38917,9820|45794,7913
각박주 45794,8169
각별히 45997,25769
각왕검아틸라트 21815,14599
각왕궁게일혼 25899,12549
각왕추카오스오더 27445,13802
각적 21033,2078|21033,2099|21033,5913|29127,3061|29127,5113|33013,6444|33013,6583|38917,5860|45794,8011|45794,9147
각적계 45326,6694|45326,6743|45326,6791|45326,6839|45326,9640|45997,26213|45997,26297|45997,26377
각종 19406,34857|25899,22530|28259,6513|33013,1622|43111,20047
각종내성 42032,3178
각종속성 36663,11805
각종속성공격 36663,12433
각종수정값을 28259,6863
각종탄 28259,22
각종피리 36663,12822
각종피리계의 42032,3785
각창디아브로스 19406,16182
각창디아브로스g 19406,30882
각하 51013,6867
각효과 35316,9500|35316,9689
각효과１회씩 35316,10073
