얀가루루가 29127,1179|29127,5892|31242,1163|31242,1195|31242,1215|31242,2071|36663,7952|36993,1423|38161,1041|38161,1127|38917,15955|38917,15965|51013,1560|51013,2589|51013,3615|51013,4705|51013,5799|51013,6851|51013,16905|51013,16916
얀쿡 31242,660|31242,689|31242,703|31242,3919|31242,3950|36663,8047|36993,566|36993,3759|36993,3780|36993,3801|36993,3823|36993,3844|36993,3873|38161,774|38161,785|38161,832|38161,893|38161,1002|38917,12085|38917,12581|38917,12663|38917,15216|51013,1225|51013,2303|51013,3345|51013,4416|51013,5505|51013,6549|51013,16876
얀쿡과 38917,3325
얀쿡대포 37097,17895
얀쿡대포g 37097,29082
얀쿡등 38917,3295|38917,12306|38917,12366
얀쿡의 36760,9219|36760,9869|36760,9881
얀쿡콩 42032,1072
얀쿡토벌훈련 31242,1807
얀쿡포 37097,1989
