àtre 25425,48505
à² 33898,202
à³ªáîä 34279,12795|34279,12903|34279,12944|34279,25022|34279,25064|34279,25347|34279,48755|34279,48995|43048,10824|43048,10865|43048,11009|43048,25529|43048,25572|43048,25812
àº 19615,141|19615,222|26219,380|26219,897|26219,3721|26219,3737|26219,6306|26219,9614|26219,9681|34279,293|34279,10044|34279,23115|34279,26778|34279,30267|43048,3516|43048,14038|43048,27533|50971,156
àº¹ðçñ 43048,550
àº¹ú 26219,331|26219,3662|26219,7091|26219,7124|50971,1302|50971,4240|50971,4261|50971,4502|50971,4606
àººûåð 34279,38747|34279,39035|34279,40681
àºæó 19615,6981|26219,10370|26219,11129|26219,11217
àºè 34279,23181|34279,23302|34279,23315|34279,23328|34279,44148|34279,44180|34279,44213|34279,44244|34279,44275|34279,44334|34279,44791|34279,44859|43048,23206|43048,23219|43048,23232|43048,23245|43048,23777
à½º 34279,1423|34279,1437|34279,1729|34279,5421|34279,5883|34279,6652|34279,6776|34279,9121|34279,9185|34279,9202|34279,9554|34279,9715|34279,9830|34279,13102|34279,14978|34279,17937|34279,18012|34279,18029|34279,18046|34279,18789|34279,19173|34279,22184|34279,27754|34279,28634|34279,28714|34279,28731|34279,28748|34279,28900|34279,29764|34279,31646|34279,32289|34279,32466|34279,36678|34279,37437|34279,43541|34279,45827|43048,2836|43048,3001|43048,3150|43048,5456|43048,5554|43048,5996|43048,6921|43048,7584|43048,7596|43048,7647|43048,7738|43048,7867|43048,7937|43048,8000|43048,8025|43048,8129|43048,8262|43048,9775|43048,10328|43048,14170|43048,14296|43048,14309|43048,14814|43048,15556|43048,16776|43048,17082|43048,17663|43048,20671|43048,21693|43048,22711|43048,26528
à½ºµ 34279,9153|34279,17997|43048,5522|43048,7628|43048,8051
à½ºµéàç 34279,9071|43048,7534
à½ººñ 34279,9168|43048,5537|43048,8038
à½ºàç 43048,5408
à½àç 34279,19806|34279,30529|50971,6962
à½æøåº 26219,2617
àà 43048,13549|43048,26826
ààú¹ì 34279,2259|43048,4330
àá 34279,19811|34279,30534|50971,6967
àáàç 43048,19441
àáö 34279,47434|43048,27584
àâ 43048,13453
àâ¾æ 26219,11423|34279,19898|43048,14612
àâ¾ò¾îµµ 34279,26790
àå 34279,47094|34279,50801|43048,18577
àå³ 34279,6333|43048,5271
àåµ 34279,16966
àåºñ 19615,6344|26219,678|26219,4926|26219,6968|26219,8373|26219,8833|26219,9602|26219,9669|43048,13359|43048,13486|50971,1933
àå¼ò 43048,14858
àå½äç 33898,333
àåä 33898,450
àç 26219,9390|26219,9461|26219,11154|26219,11582|34279,1142|34279,1155|34279,1512|34279,2391|34279,3004|34279,3201|34279,4082|34279,7507|34279,12754|34279,13625|34279,13691|34279,13699|34279,13866|34279,13946|34279,13961|34279,14038|34279,14925|34279,15918|34279,16029|34279,16044|34279,16156|34279,16171|34279,16272|34279,17533|34279,18909|34279,19640|34279,20434|34279,23112|34279,24198|34279,24459|34279,25305|34279,26732|34279,27043|34279,27292|34279,27427|34279,27695|34279,29520|34279,29664|34279,29817|34279,29966|34279,30108|34279,31942|34279,32212|34279,32232|34279,32588|34279,34303|34279,34451|34279,36080|34279,39405|34279,46014|34279,46496|34279,48014|34279,48712|34279,50403|34279,50708|43048,615|43048,2269|43048,2282|43048,3570|43048,4250|43048,4750|43048,5141|43048,6509|43048,8491|43048,9313|43048,10968|43048,13918|43048,17024|43048,17776|43048,21839|43048,22227|43048,22307|43048,23750|43048,25130|43048,25458|43048,25475|50971,552
àçµî 19615,5222|19615,5275|19615,7818|19615,7861|26219,8244|26219,8315
àç¹ 19615,5218|19615,5271|19615,7814|19615,7857|26219,8240|26219,8311|34279,13942|34279,16025|34279,16152|34279,16268|34279,29516|34279,29660|34279,29813|34279,29962|34279,30104|34279,34299|34279,34447|43048,611|43048,3566
àç½ã 34279,25867|34279,50165
àç¾ 34279,18905
àç¾¾¾ñ 19615,2801|19615,2826|19615,3641|19615,3666|26219,3144|34279,7521|43048,3863
àçà 34279,7251|43048,6308
àçàí 34279,16932|34279,20647|34279,31916|43048,15855
àì 19615,653|19615,1257|19615,1268|19615,1279|19615,8300|26219,1139|26219,1504|26219,2197|26219,2272|26219,2722|26219,2759|26219,4009|26219,4068|26219,4585|26219,4806|26219,4875|26219,6208|26219,6264|26219,11003|26219,11048|26219,11599|34279,2984|34279,3181|34279,6649|34279,6773|34279,9068|34279,9150|34279,9158|34279,9165|34279,9712|34279,9827|34279,12451|34279,13099|34279,13137|34279,17994|34279,18002|34279,18009|34279,19170|34279,20849|34279,23231|34279,23286|34279,23572|34279,23627|34279,24845|34279,25671|34279,25723|34279,25963|34279,26213|34279,26402|34279,26519|34279,26627|34279,27011|34279,27260|34279,28711|34279,30649|34279,30834|34279,31643|34279,32463|34279,34783|34279,36675|34279,37434|34279,41940|34279,43538|34279,45824|34279,49415|34279,49873|34279,50290|34279,50689|34279,51366|43048,5519|43048,5527|43048,5534|43048,5993|43048,7531|43048,7593|43048,7625|43048,7633|43048,7735|43048,7864|43048,7934|43048,7997|43048,8022|43048,8035|43048,8048|43048,8056|43048,8259|43048,10325|43048,12201|43048,14167|43048,14293|43048,14306|43048,15553|43048,20668|43048,21690|43048,22856|43048,23117|43048,23172|43048,23393|43048,23454|43048,26525|43048,27368|43048,27614|43048,27733|50971,694|50971,751|50971,1370|50971,1433|50971,3186|50971,3617|50971,3684|50971,4665|50971,5101
àìµ 43048,27549
àìµµ 34279,29178
àìº 26219,11560|34279,8797|34279,10179|34279,13285|34279,13447|34279,27502|34279,27777|34279,27996
àìºñ 34279,7497
àì½ºä 19615,424
àì¾î 43048,27646
àìáßàç 34279,16290|43048,9163
àìáö 34279,9355|34279,18709|43048,7662
àí 34279,6210|34279,26108|34279,31005|34279,31946|34279,32216|34279,33400|34279,33958|34279,37226|34279,37573|34279,37862|34279,38688|34279,39762|34279,40629|34279,40873|34279,44312|34279,46500|34279,47833|34279,48091|34279,48821|34279,49111|43048,2124|43048,5693
àî 19615,8195|19615,8217|34279,3009|34279,3206|34279,37380|34279,45619|34279,45866|43048,21637
àî³ 19615,2797|19615,2822|19615,3637|19615,3662|26219,3140|34279,7517|43048,3859
àî¹ì 34279,38716|34279,40653
àîàí 34279,34690|34279,34720|34279,35058|34279,35088|34279,35430|34279,35460
àîæ 34279,2974|34279,3171
àîçñ¼ö 34279,39195|34279,39496|34279,46145
àï 34279,14729|34279,15248|34279,20417|34279,29011|34279,36214|43048,6852|43048,7000|43048,7013|43048,7036|43048,7110|43048,16264|43048,16467|43048,17593|43048,17733|43048,17746|43048,17779|43048,18012|43048,18025|43048,25415|43048,25428|43048,25441
àïºî 34279,239
àó 43048,3503
àô 26219,10295
àô¼ö 43048,26854
àô¼öçò 34279,13708|34279,29225|43048,13565
àö 19615,352|34279,123|34279,208|34279,13652|34279,13718|34279,29149|34279,29237|43048,13575|43048,17958|43048,21157
àö½à 19615,399|26219,155|26219,11195|34279,316|50971,305
àö¾î 43048,14707
àö¾î¼ 26219,10312
àú 19615,1204|19615,1454|19615,1555|19615,1716|19615,1721|19615,2039|19615,2170|19615,2401|19615,2532|19615,3012|19615,3153|19615,6153|19615,6441|19615,6608|19615,7122|26219,2746|26219,2783|26219,9079|26219,9094|34279,4147|34279,5043|34279,10399|34279,13123|34279,16959|34279,20489|34279,25657|34279,25952|34279,26199|34279,26391|34279,26616|34279,26999|34279,27248|34279,28828|34279,30823|34279,33396|34279,33954|34279,34772|34279,41665|34279,42280|34279,49404|34279,49859|34279,50276|34279,50675|34279,51352|43048,8933|43048,10654|50971,2033|50971,6071
àúàí 34279,17129|34279,18387|43048,15211
àúàú¹ì 34279,1556|34279,5083|34279,5564|34279,7904|34279,8247|34279,9934|34279,9985|34279,14079|34279,14636|34279,20313|34279,28879|34279,31118|34279,31460|34279,36131|34279,40985|43048,4063|43048,4653|43048,9891|43048,16078|43048,16130|43048,16356|43048,16406|43048,25202|43048,25271
àúàú¹ì2 34279,15164
àúàú¹ì¾æá¾ 34279,31287|34279,31478|34279,33511|34279,39888
àúæí 34279,12757|34279,25308|34279,48715|43048,10971
àúè 34279,3085|34279,3253|34279,11727|34279,11740|34279,11785|34279,11917|34279,12159|34279,12172|34279,12185|34279,17332|34279,17476|34279,17489|34279,17502|34279,20177|34279,20190|34279,20203|34279,20216|34279,22643|34279,22656|34279,22669|34279,22843|34279,23656|34279,23669|34279,23682|34279,23697|34279,27550|34279,27563|34279,27576|34279,27591|34279,27641|34279,38014|34279,38046|34279,38078|34279,38137|34279,38229|34279,38428|34279,39951|34279,39979|34279,40011|34279,40043|34279,40145|34279,40176|34279,44471|34279,44612|34279,44744|34279,44807|34279,46412|34279,46508|34279,46597|43048,11641|43048,11654|43048,21983|43048,21996|43048,22009|43048,23488|43048,23501|43048,23514|43048,23527|43048,23849|43048,23862|43048,25363|43048,25376|43048,25391|50971,7214
àû 34279,465|34279,4955|34279,12073|34279,14120|34279,24455
àû½º 43048,13325
àûàº 34279,37141
àûàºåëæøåº 26219,3541|26219,3683|26219,4945|26219,6631|50971,3103
àûàç 43048,15299
àûàü 34279,39835
àü 19615,649|19615,1656|26219,1500|26219,4581|26219,5207|34279,2038|34279,7042|34279,7223|34279,7575|34279,13213|34279,13271|34279,13337|34279,16699|34279,16876|34279,20591|34279,25732|34279,27893|34279,27919|34279,28066|34279,31243|34279,31782|34279,32008|34279,46296|34279,49906|43048,3700|43048,11090|43048,11167|43048,11241|43048,15601|43048,15756|50971,4661|50971,6622
àüºî 43048,18217|43048,25626|43048,25866|43048,26098|43048,26345
àü¼³àç 34279,25575|34279,25979|34279,49755|34279,50300
àüàû 34279,25681|34279,26781
àüàûàç 34279,10172|34279,13278|34279,13440|34279,27495|34279,27770|34279,27989
àüåõ 34279,25693|34279,36882
àüåõàå 43048,8687|43048,13947|43048,14120
àý 26219,11779|34279,10393|34279,34481|34279,41659|34279,51135|43048,8927
àýã¼àý 43048,26251
