빠러진다 36663,8404
빠르게 33645,32413|45997,26770
빠르고 43111,22398
빠르기 36663,8432|49792,26938
빠르다 43111,22022|43111,22053
빠른 49792,27022
빠름 24789,800|24789,1102|24789,1398|24789,1680|24789,1972|24789,2261|24789,2825|24789,3668|24789,4620|24789,4911|24789,5204|24789,5773|24789,6332|24789,6615|24789,6899|24789,7278|24789,7580|24789,8171|24789,8448|24789,8738|24789,9299|24789,9592|24789,10195|24789,10542|24789,11113|24789,11403|24789,11699|24789,11987|24789,12279|24789,12848|24789,13431|24789,14299|24789,14586|24789,14964|24789,15253|24789,15832|24789,16128|24789,16414|24789,16812|24789,17115|24789,17416|24789,17704|24789,17990|24789,18277|24789,18568|24789,19140|24789,19454|24789,20316|24789,20622|24789,20903|24789,22988|24789,23280|24789,23570|24789,24431|24789,24729|24789,25025|24789,25875|24789,27022|24789,27413|24789,27700|24789,27985|24789,28281|24789,28564|24789,29435|24789,30018|24789,30322|24789,30606|24789,30890|24789,31809|24789,32832|24789,33126|24789,33427|24789,33719|24789,34014|24789,34302|24789,34580|24789,35737|24789,36026|24789,36316|24789,36607|24789,36900|24789,38047|24789,38352|24789,38657|24789,39237|28259,5542|28259,5698|28259,5835|36663,5224|36663,5254|36663,12677|37097,555|37097,858|37097,1719|37097,3010|37097,3594|37097,4472|37097,4763|37097,5458|37097,5749|37097,6037|37097,8485|37097,8773|37097,10549|37097,10837|37097,11230|37097,12415|37097,13113|37097,13690|37097,14576|37097,14864|37097,17036|37097,18510|37097,20678|37097,21265|37097,21558|37097,22427|37097,23318|37097,23610|37097,23909|37097,25843|37097,26139|37097,27327|37097,27623|37097,28219|37097,29711|37097,30007|37097,30593|45326,3435|45326,3485|45326,3534|45326,3539|45326,3585|45326,3636|45326,3690|49792,26492
빠져 38161,3131|38161,3582|38161,3741
빠지는 27445,38217
빠진 19406,35931|43111,24868
