순간 36663,1461
순간적으로 37097,32654|43111,25015|43111,26073
순금털 19406,2813|19406,14021|21815,13302|23733,34536|24789,31254|25899,15373|26754,30831|26774,30567|27445,24080|33645,11878|38917,17562|45794,1995|47038,30165|49792,18479
순도 51013,14094
순살 51013,4916
순서대로 21033,6609
순수하게 37097,32173
순식간에 43111,21305
순위 36663,4743|36663,4906
순해갑각 19406,16794|19406,16839|19406,17018|21815,19458|23733,3642|25899,7039|26754,3447|26754,14468|26774,3687|33645,9709|36993,796|37097,2382|37097,9745|38917,18343|39826,8073|43111,10560|45794,2302|47038,3682|47038,13995|49792,4926
순해강조 19406,17813|19406,30059|21815,20666|21815,30426|23733,29686|25899,7712|26774,26332|27798,24303|33119,26458|33645,24051|37097,17694|38917,18477|43111,18719|45794,311|45997,19279|49792,24703
순해견각 23733,16674|23733,21947|25899,7433|25899,7479|26754,14456|26754,19119|26754,26444|26774,14422|26774,19258|33119,14474|33119,19260|33645,23828|33645,23865|37097,9733|38917,18368|43111,10502|43111,10773|45997,19000|45997,19045|47038,13983|47038,18955|47038,25895|49792,5191
순해비옥 36993,1936|36993,4456
순해소각 19406,16804|19406,16849|21815,19275|21815,19298|21815,29366|25899,7056|26754,3459|33013,7106|33013,8003|33013,8108|33119,3713|37097,2394|38917,18312|39826,3868|45794,238|45794,2601|47038,3694
순해자각 19406,18277|19406,18329|19406,18552|21815,20597|21815,20649|23733,33113|24789,22211|24789,34673|25899,7645|25899,7695|26754,29300|26774,29316|33119,29522|33645,24454|37097,17682|37097,28895|38917,18506|39826,4541|39826,4657|43111,10994|43111,11057|43111,11293|45794,6456|45997,19735|45997,19953|47038,28872|49792,5406
순해자조 19406,18284|19406,18336|19406,18545|21815,20604|21815,20656|21815,20864|23733,33101|25899,7702|25899,7854|26774,29304|33119,29510|33645,24437|33645,24638|37097,28883|38917,18542|43111,10987|43111,11050|43111,11286|45794,2548|45794,3038|45997,19752|49792,5399|49792,5630
순해중각 19406,3015|21815,20871|21815,30436|23733,29698|24789,22502|25899,7652|25899,18934|26754,26433|26774,26339|33119,26470|33645,24058|33645,24246|37097,28009|38917,18394|39826,4536|43111,18729|45997,19262|45997,19482|47038,25888
순해집게 19406,16832|19406,17011|21815,19451|21815,19615|23733,3630|24789,7684|25899,7312|26774,3675|33119,3701|37097,2370|38917,18420|39826,8068|39826,9171|45794,286|49792,4976|49792,24688
순해첨조 19406,30066|23733,16662|25899,7498|26774,14410|33119,14462|33645,23814|33645,23858|37097,27997|38917,18448|43111,10492|43111,10550|43111,10763|45794,2494|45997,19017|45997,19062|47038,25902|49792,4916|49792,4966|49792,5181|49792,24696
