연걸하고 27798,29656
연결되고 27445,37120
연결된다 19406,36401
연결시켰을 19406,37300
연결시킨다 27798,29676
연결시킬 43111,20577
연결한다 43111,24080
연결할 19406,36223|27798,29572|43111,21467|43111,24055
연결해서 21815,35347
연계 43111,20824|43111,21705
연계가 43111,22558|43111,23817
연계는 43111,24201
연계의 43111,22311
연고로 28259,3021
연구도 43111,24607
연구의 51013,14005
연금 21033,5522|21033,5550|21033,5577|21033,5606|21033,5634|21033,5664|21033,5769|21033,5799|21033,5831|21033,5860|21033,5892|21033,5921|21033,5952|21033,5984|21033,6016|21033,6049|21033,6083|21033,6113|21033,6928|21033,7350|38917,454|38917,4222|38917,4264|51013,14503
연금술 21033,7326|21033,7397|23733,947|23733,1023|23733,10188|23733,10261|23733,19319|23733,27213|23733,27322|26754,889|26754,960|26754,8625|26754,16708|26754,24093|26774,364|26774,8678|26774,16800|26774,24049|33119,364|33119,8820|33119,16821|33119,24159|33119,24183|39470,478|39470,3692|39470,10275|45326,9962|45326,9969|45766,502|45766,3673|45766,10332|45794,8972|47038,1026|47038,1129|47038,7979|47038,16350|47038,23658
연금이 38917,496
연금제조가 45326,9973
연금조합 21033,7382
연금조합가능 21033,6916
연금조합에도 21033,7438
연금편 38917,427
연금편을 51013,14528
연기구슬 21033,1050|38917,3505
연기로 38917,3555
연기를 38917,3620
연기에 38161,2272
연마 23733,1243|23733,1486|23733,2423|23733,4557|23733,5913|23733,14520|23733,14775|23733,17979|23733,30657|23733,31196|26754,1200|26754,1438|26754,4240|26754,5381|26754,12264|26754,12535|26754,15528|26754,27677|26774,1197|26774,1494|26774,2441|26774,4459|26774,5628|26774,12397|26774,12653|26774,13267|26774,15529|26774,27163|26774,27642|33119,1226|33119,1465|33119,4498|33119,5706|33119,12544|33119,12809|33119,13317|33119,15588|33119,27281|33119,27733|45326,2455|45326,10841|45326,10949|45794,2215|47038,1303|47038,1603|47038,4359|47038,5329|47038,11984|47038,15132|47038,26707|47038,27187
연마용가죽 23733,10934|26754,9174|26774,8313|26774,9272|26774,9491|26774,21984|33013,10542|33119,8460|33119,9173|33119,22071|33645,1164|33645,1208|38917,13860|39826,7958|45997,2805|47038,8582|47038,21508|49792,8339
연마주 45794,2211
연보라 36663,15588
연분홍 38161,2002|38161,2051
연분홍의 51013,14261
연사 23733,25082|24789,198|24789,4528|24789,7189|24789,10447|24789,14875|24789,16723|24789,21735|24789,27323|24789,32455|24789,39967|24789,40023|24789,40048|25899,20315|25899,21490
연사1 25899,343|25899,347|25899,452|25899,572|25899,753|25899,900|25899,3581|25899,3690|25899,3814|25899,6508|25899,11229|25899,14198|25899,14328|25899,14462
연사2 25899,351|25899,456|25899,904|25899,1120|25899,1124|25899,1290|25899,2400|25899,2577|25899,2712|25899,2716|25899,2935|25899,3589|25899,3985|25899,4128|25899,4632|25899,4749|25899,5857|25899,5982|25899,6520|25899,6633|25899,6993|25899,8004|25899,8133|25899,8946|25899,8950|25899,8954|25899,9067|25899,9196|25899,11357|25899,11482|25899,13204|25899,13324|25899,13452|25899,14194|25899,14324|25899,14458|25899,15876|25899,17235|25899,17647|25899,18495
연사3 25899,460|25899,580|25899,761|25899,908|25899,1128|25899,1294|25899,1472|25899,2179|25899,2287|25899,2408|25899,2939|25899,3103|25899,3107|25899,3353|25899,3698|25899,3822|25899,3993|25899,4288|25899,4878|25899,5077|25899,5399|25899,5630|25899,5865|25899,6105|25899,6293|25899,6645|25899,6770|25899,7113|25899,8259|25899,8443|25899,8585|25899,9075|25899,9377|25899,9956|25899,11616|25899,11821|25899,12731|25899,12859|25899,13212|25899,13332|25899,13619|25899,15182|25899,15524|25899,15646|25899,15999|25899,16921|25899,17239|25899,17411|25899,18127|25899,18252|25899,18369|25899,18743|25899,18988
연사4 25899,1298|25899,1476|25899,1673|25899,1945|25899,2585|25899,3357|25899,4136|25899,4296|25899,5240|25899,5403|25899,5407|25899,5634|25899,5990|25899,6113|25899,6782|25899,7238|25899,7366|25899,7561|25899,7782|25899,8735|25899,9204|25899,9385|25899,10081|25899,10211|25899,10388|25899,12316|25899,12507|25899,12735|25899,12863|25899,12992|25899,13460|25899,13755|25899,14926|25899,15186|25899,15309|25899,15536|25899,16125|25899,16338|25899,16925|25899,17093|25899,17415|25899,18373|25899,18503|25899,18755
연사5 25899,1480|25899,5638|25899,6301|25899,9608|25899,9735|25899,10531|25899,12996|25899,13627|25899,13763|25899,13928|25899,13936|25899,15313|25899,15658|25899,16464|25899,17097|25899,17655|25899,18135|25899,18260|25899,18878|25899,18996
연사는 25899,20697
연사수 28259,7790
연사시는 45326,3800
연사의 28259,7718
연사주 45794,2833
연사활위력up 42032,4113|45326,2952|45326,4297|45766,417|45766,1399|45766,5676|45766,5894|45766,10113|45766,12539|45766,13190|45766,13779|45766,13825
연사활의 45326,2965
연석탄 38917,32067
연속 19406,34960|19406,34982|21033,6365|25899,20972|25899,21091|25899,21246|25899,22296|25899,23262|27445,36286|33645,31871|33645,31922|33645,32729|36760,9679|43111,21527|43111,22632|49792,26698
연속공격 27798,28567|27798,28594|33645,31888|33645,31900|45997,24959|45997,24998
연속공격으로 19406,37272
연속베기 33645,32841
연속수렵퀘스트를 51013,15863
연속으로 19406,34824|27445,36504|27445,36571|43111,20547
연속해서 21815,35817
연수의팔찌 51013,15817
연습은 31242,3816
연습의 31242,3284
연습퀘스트 31242,3838
연습퀘스트를 51013,8457
연습하자 19406,35793
연옥 27445,11581|27445,35861
연옥의주인 38161,8055|38161,8116
연이어 21815,35501
연장 35316,483|35316,3649|35316,3801
연장된다 25899,20779
연장을 35316,114
연주 35316,1723|35316,9927|35316,10108|35316,10316|35316,10530|36663,14532|45997,25181|45997,25594|45997,25620|45997,25676
연주3에 45997,25030
연주개시 45997,25065|45997,25375
연주를 45997,25942|45997,25964
연주만큼 45997,25655
연주순서 35316,9011
연주에 45997,25807
연주종료 45997,25391
연주중 45997,25098|45997,25119|45997,25135
연주중에 45997,25222
연주중에는 45997,26431
연주중은 45997,25898
연주할 45997,26014
연주효과 45997,26826
연주１ 45997,25111|45997,25407
연주２ 45997,25127|45997,25425
연주３ 45997,25145|45997,25171|45997,25443
연주３파생 45997,24971
연타가 45997,26774
연타한다 33645,32854
연풍주 45794,7795
연한주황 21033,6129
