산물 31242,3233|38161,7143|38161,7162|51013,15705
산붕 25899,16037
산자수명의땅 38161,7413
산정에 36993,2647
산채조교환권 39826,62|39826,157|39826,232|39826,244|39826,256
산채조교환권g 39826,166
산채조합티켓 31242,3960|31242,4142|31242,4297|38917,29755|39826,2782|39826,4137|39826,5409|39826,6597|39826,8301|39826,9117|39826,9490
산채조합티켓g 31242,4641|38917,29789|39826,2806|39826,4161|39826,5431|39826,6619|39826,8323|39826,9138|39826,9512
산탄 21033,2564|21033,2602|21033,2637|25030,7588|25030,7600|28259,1230|28259,1289|28259,1339|28259,1386|28259,5945|28259,5981|28259,6036|28259,7141|28259,7189|29127,217|29127,303|29127,766|29127,5728|29127,5798|29127,5869|38917,10609|38917,10643|38917,10677|45326,3047|45326,3058|45326,4319|45766,570|45766,1079|45766,1160|45766,5292|45766,8213|45766,12811|45766,15244
산탄1 24789,1112|24789,15263|24789,19464|24789,20339|24789,29445|24789,30028|24789,33136
산탄1의 38917,7315
산탄2 24789,23290|24789,36617
산탄3 24789,24441
산탄lv1 28259,8052|37097,33302
산탄lv1추가 45326,3232|45766,1110|45766,1152
산탄lv2 28259,8082|37097,33312
산탄lv3 28259,8112|37097,33343
산탄강화 23733,1561|23733,2673|23733,9290|23733,14833|23733,21536|23733,23829|23733,31256|23733,32682|23733,34939|23733,37989|26754,1124|26754,2356|26754,7830|26754,12593|26754,18758|26754,20892|26754,28942|26754,33886|26774,1614|26774,2807|26774,7863|26774,12709|26774,18902|26774,20855|26774,28932|26774,33776|28259,1815|33119,1114|33119,8006|33119,12866|33119,18886|33119,21009|33119,33989|45326,3039|45766,750|45794,3361|45794,3412|47038,2496|47038,7291|47038,18571|47038,20399|47038,33336
산탄강화만은 25899,22011
산탄과 28259,4018
산탄와 28259,5222
산탄은 28259,1748
산탄을 45326,3216
산탄이 28259,6322
산탄전레벨추가 45326,3201|45766,1191
산탄주 45794,3357
산탄처럼 28259,4040
산탄추가 23733,1182|23733,2483|23733,23846|26754,1505|26754,2639|26754,20909|26774,1138|26774,2499|26774,20872|33119,1531|33119,2833|33119,21026|33119,29126|45326,3193|45766,744|45794,3574|47038,1668|47038,2872|47038,20416|47038,28486
