¼ 19615,123|19615,204|19615,862|19615,868|19615,894|19615,932|19615,954|19615,959|19615,995|19615,1017|19615,1037|19615,1053|19615,1438|19615,1444|19615,1506|19615,1528|19615,1545|19615,1591|19615,1613|19615,1633|19615,2023|19615,2029|19615,2077|19615,2111|19615,2127|19615,2143|19615,2208|19615,2224|19615,2240|19615,2256|19615,2268|19615,2385|19615,2391|19615,2439|19615,2473|19615,2489|19615,2505|19615,2522|19615,2570|19615,2586|19615,2602|19615,2618|19615,2630|19615,2996|19615,3002|19615,3050|19615,3084|19615,3106|19615,3122|19615,3138|19615,3143|19615,3175|19615,3197|19615,3217|19615,3233|19615,3245|19615,3325|19615,3331|19615,3373|19615,3395|19615,3417|19615,3434|19615,3470|19615,3492|19615,3512|19615,3528|19615,4009|19615,4015|19615,4057|19615,4079|19615,4101|19615,4118|19615,4154|19615,4176|19615,4196|19615,4212|19615,5616|19615,5622|19615,5636|19615,5656|19615,5678|19615,5700|19615,5716|19615,5740|19615,5757|19615,5771|19615,5793|19615,5813|19615,5829|19615,5845|19615,5869|19615,6004|19615,6010|19615,6024|19615,6044|19615,6066|19615,6082|19615,6106|19615,6143|19615,6175|19615,6197|19615,6213|19615,6229|19615,6253|19615,6425|19615,6431|19615,6455|19615,6491|19615,6513|19615,6529|19615,6598|19615,6632|19615,6652|19615,6668|19615,6684|19615,7118|19615,7160|19615,7176|19615,7192|19615,7208|19615,7232|19615,7309|19615,7325|19615,7341|19615,7357|19615,7381|19615,7483|19615,7491|19615,7511|19615,7533|19615,7545|19615,7636|19615,7658|19615,7678|19615,7694|19615,7710|19615,7734|26219,1645|26219,1697|26219,1719|26219,1814|26219,1836|26219,1856|26219,2849|26219,3254|26219,3292|26219,3314|26219,3409|26219,3425|26219,3445|26219,6978|26219,7813|26219,7855|26219,7877|26219,7976|26219,7996|26219,8080|26219,9895|26219,9903|26219,9925|26219,10008|26219,10030|26219,10052|26219,10072|26219,10138|26219,10290|33898,200|34279,9012|34279,9455|34279,9727|34279,9769|34279,16817|34279,18828|34279,24466|34279,25085|34279,25368|34279,26383|34279,26787|34279,27172|34279,27664|34279,28697|34279,30750|34279,30776|34279,32230|34279,33068|34279,33214|34279,33368|34279,33922|34279,39722|34279,39750|34279,40065|34279,40428|34279,42268|34279,43956|34279,46304|34279,46730|34279,48779|34279,49019|34279,49887|43048,6183|43048,7766|43048,7783|43048,8199|43048,8293|43048,8323|43048,10222|43048,10891|43048,11035|43048,13320|43048,13465|43048,14081|43048,14742|43048,14969|43048,15402|43048,15421|43048,17022|43048,17929|43048,18489|43048,18502|43048,21136|43048,21458|43048,22922|43048,24937|43048,25593|43048,25833|43048,27313|43048,27484|43048,27744|50971,140|50971,245|50971,1673|50971,1709|50971,1729|50971,1751|50971,1773|50971,1826|50971,1846|50971,1868|50971,1890|50971,1910|50971,2439|50971,2471|50971,2493|50971,2515|50971,2530|50971,2552|50971,2574|50971,2594|50971,2610|50971,2721|50971,2729|50971,2749|50971,2771|50971,2786|50971,2808|50971,2830|50971,2850|50971,2866|50971,2941|50971,2965|50971,2987|50971,3026|50971,3048|50971,3068|50971,3084|50971,5332|50971,5378|50971,5400|50971,5475|50971,5497|50971,5517|50971,5533|50971,6067|50971,6101|50971,6121|50971,6143|50971,6212|50971,6234|50971,6256|50971,6276|50971,6292
¼³ 33898,349|34279,508|34279,665|34279,783|34279,866|34279,897|34279,1959|34279,1994|34279,2104|34279,2149|34279,2242|34279,3424|34279,3456|34279,3700|34279,3842|34279,3877|34279,4023|34279,4136|34279,4172|34279,6800|34279,6839|34279,6913|34279,6926|34279,6937|34279,6950|34279,7108|34279,7148|34279,7313|34279,7446|34279,10423|34279,12008|34279,13861|34279,13892|34279,14163|34279,14344|34279,16282|34279,16325|34279,16387|34279,16400|34279,16413|34279,16426|34279,16442|34279,16487|34279,16558|34279,16571|34279,16584|34279,16597|34279,16654|34279,19350|34279,19424|34279,19437|34279,19448|34279,19461|34279,19474|34279,19520|34279,20881|34279,21015|34279,23976|34279,28126|34279,29996|34279,30031|34279,31800|34279,31841|34279,39061|34279,39108|34279,39163|34279,39221|34279,39237|34279,41106|34279,41134|34279,41162|34279,41198|34279,41691|34279,46914|43048,225|43048,254|43048,320|43048,354|43048,474|43048,580|43048,702|43048,921|43048,953|43048,1193|43048,1383|43048,1517|43048,1660|43048,1786|43048,3580|43048,3615|43048,3792|43048,3937|43048,6019|43048,6058|43048,6136|43048,6147|43048,6160|43048,8375|43048,8957|43048,9077|43048,9155|43048,9196|43048,9256|43048,9269|43048,9280|43048,9293|43048,15661|43048,15702|43048,18803|43048,18881|43048,18894|43048,18905|43048,18918|43048,18931|43048,21492|43048,24220|43048,24336|43048,24349|43048,24362|43048,24375
¼³è 34279,28088
¼º 34279,9812|34279,13082|34279,19150|34279,41265|43048,13151|43048,20363|43048,20648|43048,26478|43048,26508
¼ºà 34279,102|34279,13630|34279,29128
¼¼ºîáöµµ 19615,449|19615,748|19615,1324|19615,1909|19615,2882|19615,3895|19615,4566|19615,4991|19615,5502|19615,7004|26219,198|26219,1308|26219,2975|26219,4281|26219,5813|26219,6715|26219,7699|26219,8951|26219,10393|50971,348|50971,878|50971,1559|50971,2325|50971,3242|50971,3833|50971,4327|50971,4839|50971,5218|50971,5953
¼¼½º 26219,2405|26219,5259
¼àç 34279,6969|34279,7195
¼áö 43048,8207
¼âæ 43048,13839
¼çï 43048,13475
¼î 34279,2313|34279,2701|34279,3554|34279,8259|34279,8279|34279,8530|34279,9261|34279,9696|34279,18101|34279,18589|34279,20554|34279,31130|34279,36143|34279,36396|34279,36655|34279,36919|34279,36935|34279,41013|34279,46687|34279,47153|43048,4384|43048,7262|43048,7848|43048,8243|43048,8694|43048,11977|43048,12484|43048,16147|43048,18625|43048,19313|43048,24539|43048,24589
¼ï 34279,13085|34279,26171|34279,49527|43048,12774|43048,26511
¼ò 19615,153|19615,479|19615,493|19615,500|19615,778|19615,792|19615,799|19615,1354|19615,1368|19615,1375|19615,1939|19615,1953|19615,1960|19615,2912|19615,2926|19615,2933|19615,3925|19615,3939|19615,3946|19615,4596|19615,4610|19615,4617|19615,5021|19615,5035|19615,5042|19615,5532|19615,5546|19615,5553|19615,7034|19615,7048|19615,7055|19615,8039|19615,8056|19615,8063|26219,228|26219,242|26219,249|26219,1338|26219,1352|26219,1359|26219,1512|26219,3005|26219,3019|26219,3026|26219,3756|26219,4311|26219,4325|26219,4332|26219,4641|26219,5843|26219,5857|26219,5864|26219,6745|26219,6759|26219,6766|26219,7729|26219,7743|26219,7750|26219,8231|26219,8302|26219,8404|26219,8533|26219,8574|26219,8599|26219,8981|26219,8995|26219,9002|26219,9119|26219,10423|26219,10437|26219,10444|26219,11328|26219,11342|26219,11349|33898,40|34279,31|34279,340|34279,563|34279,718|34279,1836|34279,3301|34279,3928|34279,4097|34279,4335|34279,4701|34279,5749|34279,6290|34279,6485|34279,9134|34279,9434|34279,10222|34279,10270|34279,10909|34279,11108|34279,11223|34279,13738|34279,14227|34279,14385|34279,14512|34279,15790|34279,17967|34279,18805|34279,18984|34279,20726|34279,21647|34279,21851|34279,22200|34279,22410|34279,26990|34279,27239|34279,34578|34279,34947|34279,35319|34279,39691|34279,42659|34279,43134|34279,43294|34279,43609|34279,50982|43048,526|43048,1262|43048,1436|43048,1562|43048,1813|43048,4968|43048,5225|43048,5495|43048,5513|43048,5661|43048,6948|43048,7100|43048,7619|43048,7753|43048,8013|43048,9790|43048,10051|43048,10343|43048,14227|43048,15433|43048,16806|43048,17679|43048,17861|43048,18458|43048,21047|43048,22521|43048,22727|50971,171|50971,378|50971,392|50971,399|50971,908|50971,922|50971,929|50971,1589|50971,1603|50971,1610|50971,2355|50971,2369|50971,2376|50971,3272|50971,3286|50971,3293|50971,3863|50971,3877|50971,3884|50971,4073|50971,4357|50971,4371|50971,4378|50971,4869|50971,4883|50971,4890|50971,5248|50971,5262|50971,5269|50971,5983|50971,5997|50971,6004|50971,6795|50971,6809|50971,6816
¼òg 34279,29257|34279,34034|34279,41504
¼òàç 34279,213|34279,296|34279,29218
¼òáöçïáö 43048,27701
¼òåáçï 34279,9507|43048,8082
¼òçõ 19615,180|19615,261|50971,220
¼ó 34279,9844|34279,13367|34279,19985|34279,20268|34279,20500|34279,24034|34279,24286|34279,24549|34279,25114|34279,25397|34279,28095|34279,28348|34279,28571|34279,28833|34279,33429|34279,33717|34279,39842|34279,40219|34279,40521|34279,40939|34279,46024|34279,46309|34279,46633|34279,46883|34279,47101|34279,47450|43048,13714|43048,16289|43048,16301|43048,18963|43048,19259|43048,19463|43048,19657|43048,24189|43048,24483|43048,24733|43048,25142|43048,26641
¼óºó 19615,1116|19615,1148|19615,1774|19615,1783|19615,3623|19615,3648|19615,3723|19615,3746|19615,4323|19615,4346|19615,4405|19615,4428|26219,775|26219,812|50971,466|50971,475|50971,2113
¼ó¼º 33898,66
¼ó¼ö 34279,24012|34279,24264|34279,24527|34279,24838|34279,25092|34279,25375|34279,41423|34279,50735|43048,19971|43048,20192|43048,20438|43048,20699|43048,25608|43048,25848|43048,26080|43048,26327
¼óàç 34279,5515|34279,8045|34279,8792|34279,17697|43048,4097|43048,4604
¼ö 26219,1083|26219,1114|26219,2354|26219,3334|26219,3465|26219,4153|26219,4966|26219,6325|26219,6845|26219,6876|26219,10539|26219,10624|26219,11192|33898,184|33898,193|34279,118|34279,205|34279,313|34279,383|34279,419|34279,447|34279,487|34279,644|34279,971|34279,995|34279,1384|34279,1520|34279,1879|34279,1915|34279,1943|34279,1973|34279,2128|34279,2394|34279,2399|34279,2522|34279,2556|34279,2671|34279,2811|34279,2918|34279,3103|34279,3344|34279,3380|34279,3408|34279,3679|34279,3856|34279,4261|34279,4271|34279,4456|34279,4888|34279,5219|34279,5382|34279,5528|34279,6133|34279,6240|34279,6351|34279,6528|34279,6564|34279,6592|34279,6818|34279,6980|34279,7127|34279,7545|34279,7608|34279,7723|34279,7734|34279,8055|34279,8358|34279,8500|34279,8646|34279,9017|34279,9084|34279,9231|34279,9382|34279,9879|34279,9949|34279,10313|34279,10349|34279,10377|34279,10402|34279,10544|34279,10684|34279,10837|34279,11043|34279,11121|34279,11165|34279,11271|34279,11328|34279,11480|34279,11649|34279,11792|34279,11972|34279,12085|34279,13225|34279,13370|34279,13375|34279,13649|34279,13715|34279,13781|34279,13817|34279,13845|34279,14142|34279,14323|34279,14455|34279,14600|34279,14758|34279,14939|34279,15128|34279,15294|34279,15467|34279,15833|34279,15869|34279,15897|34279,16302|34279,16466|34279,16633|34279,16831|34279,16971|34279,17146|34279,17271|34279,17282|34279,17350|34279,17536|34279,17541|34279,17668|34279,17679|34279,17707|34279,17900|34279,18071|34279,18244|34279,18417|34279,18557|34279,18736|34279,19329|34279,19814|34279,19993|34279,20260|34279,20276|34279,20508|34279,20769|34279,20805|34279,20833|34279,20858|34279,20994|34279,21144|34279,21248|34279,21386|34279,21416|34279,21589|34279,21775|34279,21972|34279,22131|34279,22240|34279,22313|34279,22338|34279,22441|34279,22490|34279,22549|34279,22688|34279,22723|34279,22890|34279,22950|34279,23088|34279,23120|34279,23273|34279,23380|34279,23461|34279,23614|34279,23727|34279,24037|34279,24068|34279,24289|34279,24320|34279,24552|34279,24583|34279,25117|34279,25148|34279,25400|34279,25431|34279,25589|34279,25874|34279,26547|34279,26935|34279,27184|34279,27435|34279,27636|34279,27703|34279,28103|34279,28356|34279,28579|34279,28841|34279,29144|34279,29232|34279,29301|34279,29347|34279,29356|34279,29365|34279,30334|34279,30537|34279,30657|34279,30905|34279,31084|34279,31252|34279,31422|34279,31605|34279,31819|34279,32046|34279,32226|34279,32240|34279,32335|34279,32381|34279,32413|34279,32599|34279,32759|34279,32937|34279,33076|34279,33239|34279,33437|34279,33725|34279,34078|34279,34124|34279,34133|34279,34142|34279,34486|34279,34825|34279,34861|34279,35147|34279,35208|34279,35491|34279,35535|34279,35800|34279,36093|34279,36364|34279,36625|34279,36887|34279,37159|34279,37388|34279,37544|34279,37659|34279,37833|34279,37950|34279,38114|34279,38236|34279,38406|34279,38521|34279,38781|34279,39085|34279,39276|34279,39415|34279,39630|34279,39850|34279,40227|34279,40529|34279,40801|34279,40947|34279,41554|34279,41600|34279,41609|34279,41618|34279,41668|34279,41949|34279,42283|34279,42565|34279,42875|34279,43174|34279,43373|34279,43485|34279,43693|34279,43811|34279,43972|34279,44095|34279,44370|34279,44650|34279,44848|34279,44967|34279,45248|34279,45445|34279,46032|34279,46317|34279,46641|34279,46891|34279,47109|34279,47132|34279,47322|34279,47348|34279,47458|34279,47736|34279,49769|34279,50172|34279,50579|34279,51030|34279,51076|34279,51085|34279,51094|43048,145|43048,181|43048,209|43048,841|43048,877|43048,905|43048,1173|43048,1362|43048,1854|43048,1864|43048,2017|43048,2146|43048,2646|43048,2797|43048,3283|43048,3319|43048,3347|43048,3594|43048,3872|43048,4027|43048,4175|43048,4253|43048,4459|43048,4617|43048,4753|43048,4758|43048,4859|43048,4870|43048,5034|43048,5150|43048,5289|43048,5419|43048,5593|43048,5872|43048,5908|43048,5936|43048,6037|43048,6197|43048,6334|43048,6410|43048,6523|43048,6870|43048,7043|43048,7232|43048,7372|43048,7547|43048,7689|43048,7818|43048,8847|43048,8883|43048,8911|43048,8936|43048,9041|43048,9175|43048,9323|43048,9496|43048,9609|43048,9719|43048,9855|43048,9980|43048,10279|43048,10359|43048,11102|43048,11275|43048,11280|43048,11454|43048,11490|43048,11518|43048,11546|43048,11732|43048,11821|43048,11832|43048,11926|43048,12051|43048,12453|43048,12590|43048,12910|43048,13572|43048,13629|43048,13665|43048,13693|43048,14620|43048,14777|43048,14979|43048,15143|43048,15315|43048,15514|43048,15680|43048,15882|43048,16093|43048,16292|43048,16309|43048,16645|43048,16681|43048,16709|43048,16898|43048,17004|43048,17018|43048,17032|43048,17167|43048,17178|43048,17215|43048,17407|43048,17611|43048,17787|43048,17955|43048,18105|43048,18401|43048,18594|43048,18781|43048,18971|43048,19105|43048,19116|43048,19267|43048,19471|43048,19576|43048,19665|43048,20879|43048,20915|43048,20943|43048,20981|43048,21154|43048,21303|43048,21469|43048,21645|43048,21794|43048,21847|43048,22037|43048,22180|43048,22235|43048,22457|43048,22659|43048,22767|43048,22840|43048,22861|43048,22961|43048,23022|43048,23159|43048,23302|43048,23435|43048,23574|43048,23594|43048,23822|43048,23898|43048,24197|43048,24491|43048,24627|43048,24741|43048,25150|43048,26649|43048,26926|43048,27109|43048,27145|43048,27173|43048,27654|43048,27715|50971,268|50971,3519|50971,3536|50971,5039|50971,5670
¼ö¾ëºñ³ë 34279,31768|34279,31994|34279,32184|34279,33966|34279,46468|34279,47246
¼öàç 34279,7598|34279,8128|43048,4165
¼öáö 34279,3025|34279,3222|34279,30790
¼öáöçò 34279,13642
¼öáýà 34279,1265|43048,5707
¼öçø 26219,26|26219,1960|26219,8116|26219,9172|26219,10158|26219,11435|26219,11666|26219,11717|33898,427|34279,19669|34279,19835|34279,20253|34279,26956|34279,29406|34279,29441|34279,30174|34279,30680|34279,32959|34279,34509|34279,35231|34279,38544|34279,40198|34279,40250|43048,14642|43048,16893|43048,16921|43048,21003
¼öçøàç 26219,11498|43048,20968
¼öè 43048,10650
¼ø 34279,45010|34279,45037|34279,45355|34279,46960
¼øçø 34279,1515|34279,1648|34279,5650|34279,14594|34279,14696|34279,14707|34279,15215|34279,15226|34279,20367|34279,28956|34279,31222|34279,31535|34279,36320|34279,41066|43048,4021|43048,4149|43048,4732|43048,9949|43048,16231|43048,16242|43048,16569|43048,25341
¼øçøµéàç 34279,8197
¼øçø¼ò 34279,1637|34279,2373|34279,8330|43048,4431|43048,8769
¼øçøàú 34279,31334|34279,31559|34279,33570|34279,40087
¼øçøàúá 34279,31358|34279,33598|34279,40119
¼øçøáß 34279,31190|34279,31511|34279,36262|34279,41042
¼øçøáý 34279,5639|43048,4138|43048,4721|43048,9938|43048,16558
¼øçøã 34279,14718|34279,15237|34279,20378|34279,28967|43048,16253|43048,16547|43048,25352
¼ýµ¹ 19615,1199|19615,1214|26219,1649|26219,1778|26219,2809|26219,3258|26219,3373|26219,3521|26219,6422|26219,6439|26219,7817|26219,7936|26219,9069|26219,9084|26219,10728|26219,10765|50971,3004
