재난 45326,8454
재난의옷감 23733,10917|23733,24971|24789,38470|26754,9161|26754,21911|26774,9259|26774,21959|33013,8113|33013,8220|33013,8315|33013,8784|33013,8945|33013,9123|33013,9885|33013,10353|33013,10460|33013,10681|33013,11368|33013,11496|33119,9156|33119,22046|38917,27426|39826,684|43111,12696|43111,19471|45794,2895|47038,8569|47038,21484
재료 21033,76|21033,81|21033,697|21033,702|21033,1342|21033,1347|21033,1995|21033,2000|21033,2733|21033,2738|21033,3484|21033,3489|21033,4173|21033,4178|21033,4929|21033,4934|21033,5703|21033,5708|36663,640|36663,999|38917,1976|38917,3122|38917,3390|38917,3908|38917,3943|38917,7098|45794,61
재료구슬 21033,994|21033,1027|21033,1055|21033,1085|21033,1113|21033,1140|21033,1200|21033,3847|25030,4319|25030,6569|29127,2122|33013,11191|36760,2484|38917,3081
재료나 38917,1801
재료를 24789,40173|36663,13475|37097,32074|37097,32146
재료아이템 33013,6075|33013,7019|33013,7945|33013,8599|33013,9475|33013,10219|33013,10948|38917,11848
재료투어 25030,8295|25030,8431|25030,8792|25030,9064|36760,9198|36760,9548|36760,9960|38161,914
재료투어도 51013,16753
재료투어보수 38917,4930|38917,7515|38917,7561|38917,7604|38917,12917
재리로드 45326,3741
재림 21239,5760|38917,30237
재미를 36663,1132
재미있다 36663,11793|36663,12412
재사용 43111,19991
재수정원석 25030,4254|25030,4313|36760,2779|36760,7740|38917,32758|39826,2416|39826,6427
재앙이 51013,15483
재운 36663,2001
재장전 25899,23063|28259,5300|28259,6412
재확인을 42032,240
