육덕 19406,22878
육성 36663,3147|36663,3204|36663,3248|36663,3453|36663,3504|36663,9826
육성으로 36663,3481
육성은 36663,3575|36663,11077
육성의 36663,10903
육성이나 36663,9865
육성한 36663,10579|36663,10691
육소주 45794,5066
육식룡의 25030,8378|25030,8478
육식룡의리더 33013,908|42032,1260
육식룡의알 25030,3272|31242,5222|38917,32725|39826,2394
육질 28259,2280|28259,2893|43111,20887|43111,25054
육질에 21815,35616
육질에의해 28259,4767
육질을 28259,4680|43111,22700
육질의 43111,24423
육질이 27445,37423|28259,4713|33645,32639|43111,23972|43111,24303|43111,24326|43111,24507
