어느 36663,4216|36663,14722|43111,25071
어느것이든 36663,6374
어느정도 24789,39665|37097,31649|45997,25977
어느쪽을 36663,12623
어느쪽이든지 36663,7361|36663,7497|36663,7623|36663,7749|36663,7855|36663,7990|36663,8094|36663,8159|36663,8234|36663,8355|36663,8460|36663,9199|39826,203
어둠 36760,9719|38161,6281
어디까지나 28259,466|28259,4792|43111,23935
어디서라도 49792,26332|49792,26423
어디선가 29127,6175
어떤 21815,35149|28259,7641|38917,5235
어떻게 36663,5835
어려운 36663,1279|37097,32240|43111,20994|43111,24396
어려움이 28259,3029|28259,3702
어려워졌다 19406,36629
어려워지는 36663,1644
어려워진다 19406,37255|45326,8155
어렵고 33645,32655
어렵다 19406,35186|28259,704|28259,2216|33645,32224
어렵지만 37097,32496
어룡이빨 21815,9270|21815,12377|21815,14868|21815,29019|25899,641|25899,686|26754,3715|26774,3923|27445,12708|27445,18029|33013,8255|33119,3058|33645,9719|37097,2407|38917,17588|39826,3653|45794,3386|45794,8257|47038,3096|49792,4030|49792,7999
어룡정낭 36993,4349
어룡종 29127,877|29127,5595|38161,4705|51013,17081
어룡중아 21815,15635|21815,32179|23733,30246|23733,33318|25899,18822|27445,14427|27445,30586|27798,12054|33013,8530|37097,27396|38917,17633|39826,4586|43111,9472|43111,15919|45794,8312|49792,16297|49792,23989
어류 33013,6069|33013,7013|33013,7939|33013,8593|33013,9469|33013,10213|33013,10942|42032,934|42032,1532|42032,1890|42032,2200|42032,2204|42032,2262|42032,2331|42032,2401|42032,2450
어류를 42032,5004
어설트콩가 24789,2806
어설트콩가改 24789,13410
어설픈 27445,37081
어수 26774,9992|26774,10098|26774,32150|26774,32270
어스이터 37097,9340
어쌔신카링커 33645,741
어쎄신 51013,9155
어웨이 21815,35287
어중간한 36663,12609
어택커 51013,8957
어퍼블레이즈 21815,2383
어퍼타바르진 27798,21664|33645,5004
