금강 23733,12345|23733,25830|23733,35773|26754,10476|26754,22726|26754,31922|26774,10557|26774,22752|26774,31809|33119,10657|33119,22850|33119,32083|39470,4358|39470,9885|39470,14332|43111,12810|43111,19388|47038,10031|47038,22270|47038,31392
금고양이크래셔 27445,24001
금고양이해머 27445,23786|33013,2165
금관 36993,1567|36993,1581|38161,43|38161,132|38161,144|38161,1724|38161,1736|38161,4719|38161,4731|38161,5355|38161,5411|38161,5423|38161,6167|38161,6179|38161,6271|38161,7230|38161,7242
금관은 38161,2619|51013,13292
금관을 51013,7568|51013,11877|51013,11902|51013,13279|51013,13363|51013,16171
금기 33645,11559
금단의 38161,2519
금달걀 36993,1378|36993,1536|38917,27667|45794,8399
금류를 38161,2133
금물 19406,35891|25030,9110
금빛 39826,361
금빛고치 36760,2951|36760,6292
금사자 25030,8495|38161,7011|38161,7036|38161,7063
금사자강각 19406,4141|19406,13993|21815,13274|23733,34427|23733,34546|26774,30554|33119,30853|33119,30990|33645,11861|38917,17311
금사자강조 19406,14010|25899,15260|26754,30818|26774,32599|38917,17480|43111,2258|47038,30282|49792,2453
금사자검은털 19406,14001|21815,13282|23733,34447|24789,31265|25899,15240|25899,15379|26754,30842|26774,30578|26774,30677|27445,20125|33119,30877|33119,30976|33645,11869|38917,17422|39826,4705|39826,8840|45794,3214|47038,30176|47038,30268|49792,14595|49792,18470
금사자꼬리 19406,13525|21815,12836|26774,21617|26774,21707|26774,30691|38917,17510|45794,7548|49792,18286
금사자예아 19406,13576|21815,12759|21815,12825|24789,21287|33645,11634|38917,17341|39826,1982|49792,18058|49792,18098
금사자중아 21815,13291|24789,31279|25899,15249|38917,17368|47038,30152|49792,14604|49792,18462
금사자첨각 19406,13517|19406,13568|21815,12817|21815,13042|23733,24563|23733,24660|26754,21545|26754,21642|26774,21591|26774,21690|33119,21677|33119,21776|33645,11353|33645,11411|38917,17278|43111,16993|43111,17041|45794,1945|47038,21083|47038,21181
금사자첨조 19406,13788|21815,13053|27798,12780|33645,11422|38917,17450|49792,18275
금사자포 24789,31170
금사자흑모 19406,13536|19406,13587|21815,12767|23733,24677|24789,21274|26754,21569|26754,21659|33119,21703|33119,21793|33645,11361|33645,11430|38917,17395|39826,4129|39826,8293|45794,6413|47038,21109|47038,21198|49792,18066|49792,18106
금산채조합티켓 38917,29895|39826,2875|39826,4230|39826,5503|39826,6688|39826,8389|39826,9205|39826,9577
금색 39470,9331|39470,13742|51013,4821
금색고치 36993,4707
금색의깃옷 26754,21504|26754,30775
금색의대 47038,21043|47038,30110
금색의롱수 26774,21550|26774,30490
금색의첨발 23733,24521|23733,34361|33119,21636|33119,30789
금수곤 33645,11286|33645,11555|33645,11783
금은 35316,10690
금전 42032,5682|42032,6483|42032,7165
금전적으로 37097,32210
금주 33645,11787
금화롱은의연노 24789,29996
금화룡 38161,2078
금화룡の上麟 27445,3184
금화룡견각 21815,6132|23733,27918|24789,19531|26754,23581|26754,24728|26774,24692|27445,2961|27445,27316|33119,24804|33645,15813|33645,16018|33645,25265|38917,19703|45997,13378|45997,13623|47038,24277
금화룡비극 21815,10500|23733,37505|24789,29539|27798,22257|33645,9034|33645,16243|38917,19757
금화룡상린 19406,2576|19406,13796|21815,6063|21815,24315|23733,27931|24789,19518|24789,20408|26754,24716|26774,21604|26774,24704|27445,23854|27445,23914|27798,10681|33119,21690|33119,24816|33645,15804|38917,19639|45997,13370|47038,21096|47038,24265
금화룡역린 26754,33500
금화룡중각 23733,37479|24789,29512|26754,33451|26774,33353|27445,3393|27445,27474|33119,33579|33645,16232|33645,31747|38917,19730|45997,13849|47038,32922
금화룡천린 26754,33510
금화룡후린 19406,2791|21815,24470|23733,34564|23733,37492|24789,29499|24789,30110|25899,10611|26754,30856|26754,33439|26774,30592|26774,33366|27798,10884|33119,33587|33645,16224|38917,19676|45997,13841|47038,30190|47038,32914
금화의연노 24789,29415
