없게 19406,36043|28259,7012
없고 24789,40252|27445,37834|36663,12264|36993,171|43111,21046
없기 25899,22308|27445,37692|27798,28992|37097,32667|43111,25341
없긴 43111,21660
없는 19406,36947|27798,29514|29127,1715|29127,2239|33645,32710|36663,299|36663,1818|36663,8803|36663,9432|36663,13326|36663,14009|36663,15155|38917,3241|38917,3258|42032,4863|43111,24064|43111,24436|45326,1660|45326,5004|45997,26370|51013,17358
없는것을 45997,25555
없다 19406,35412|28259,316|28259,3056|28259,3964|28259,4005|28259,4086|28259,4884|29127,3264|36663,7917|36663,12081|36663,12424|36663,12879|36663,15241|36760,3634|36760,4346|37097,31883|38917,27419|43111,21936|43111,25272|45326,1771|45997,26185|51013,13648
없다고는 27445,37477
없다는 19406,35673
없다면 25899,22901
없던 36663,1419
없습니다 21239,362|21239,413|21239,935|21239,954|21239,1302|21239,1320|21239,4119|21239,4139|21239,4581|25030,341|25030,1068|25030,5465|25030,6474|25030,6500|33013,11886|36663,154|36663,4868|36663,6391|36663,10388|36760,184|36760,225|36760,6686|36760,6718|36760,7351|36760,7381|36760,7611|36993,253|43998,176|43998,584|43998,645|43998,1492|43998,2247|43998,2267|43998,2572|43998,3057|43998,4579|43998,4997|51013,17778
없애거나 25899,22551
없애기 19406,36985
없애자 21815,35356
없애지 45997,26512
없앤다 36663,1320|51013,16406
없어도 45326,5982
없어서 45997,25911
없어지기 25899,19907
없어지지 42032,5631
없어진 35316,1740
없어진다 45326,6907
없었다는 43111,25894
없으면 19406,36580|21239,145|21239,200|25030,150|25030,210|25899,22675|36760,142|43998,131
없으므로 27445,37418|51013,17381
없을 51013,16065
없을시는 42032,137
없음 19406,36492|21815,27671|25899,21455|28259,137|28259,140|28259,5276|28259,7775|33645,25088|36663,5353|36663,5356|36663,14796|42032,4423|42032,7908|45326,4052|45326,4107|45326,4162|45326,4217|45326,4272|45326,6223|45326,6304|45326,6379|45766,3812
없음시에 39826,1194|39826,3287|39826,4793|39826,5765|39826,7012
없이 45326,3746|49792,26961|51013,8481
없지만 27445,36940|28259,1766|28259,3509|36663,511|43111,24763
