적격주 45794,4266
적고 28259,3011|28259,3678|36663,11841
적극적으로 36663,11610|43111,23592
적기 25899,21651|28259,2198
적다 25899,22391|28259,2256|36663,10157
적당한 27798,29878
적대감이 25899,23296
적동의메달 51013,13417
적동의방패 51013,15118
적들은 25899,22633
적색표시 36663,9544
적앞에서 36663,1728
적어 43111,22236
적어지면 36663,9723
적어진다 42032,4307|45326,6315
적었다고 43111,23607
적에 27445,38304|45997,25627
적에게 25899,23409|36663,11616|38917,3453|45326,8144|45326,8192
적에게는 28259,344|37097,32956
적에게서는 36663,8747|36663,8768|36663,8806
적용 43111,23644
적용되지 24789,40066
적용된다 29127,3854
적용됩니다 42032,5879
적용하고 39470,15462|45766,15528
적은 24789,39979|27445,37022|42032,4749|43111,20510
적은것부터 21033,6603
적을 19406,36105|27445,37431|35316,9127|36663,12120|38917,4041|43111,24516|43111,25287|49792,26586
적음 45997,26588
적의 25899,22988|25899,23068|27445,38178|27445,38234|27798,28865|28259,4764|33645,32864|37097,33063|38917,3203|38917,3221|43111,22181|45326,2734|45997,26132|45997,26675|49792,26885
적이 25899,23477|38917,2376|38917,3471
적이나 43111,23981
적절한 28259,1467
적조 51013,4407
적주변에서 38917,3303
적지 19406,37370
적지만 27445,37209
적풀풀 38161,2743
적합하다 25899,21830|25899,22203|36663,11899|36663,12637
적합한 19406,35398
적혀있듯 49792,26982
