강각의가호 39470,14127|45326,2109|45766,14161
강격 25899,360|25899,469|25899,589|25899,770|25899,917|25899,1137|25899,1307|25899,1489|25899,1678|25899,1950|25899,3598|25899,3707|25899,3831|25899,4002|25899,4145|25899,4305|25899,4529|25899,4645|25899,4762|25899,4891|25899,5090|25899,5253|25899,5416|25899,5647|25899,5874|25899,5999|25899,6122|25899,6310|25899,6525|25899,6650|25899,6787|25899,6998|25899,7118|25899,7243|25899,7371|25899,7570|25899,7791|25899,8020|25899,8149|25899,8275|25899,8459|25899,8597|25899,8747|25899,8963|25899,9084|25899,9213|25899,9394|25899,9613|25899,9740|25899,9961|25899,10086|25899,10216|25899,10393|25899,10536|25899,10666|25899,10863|25899,11019|25899,11246|25899,11374|25899,11499|25899,11633|25899,11838|25899,12060|25899,12189|25899,12321|25899,12512|25899,12740|25899,12868|25899,13001|25899,13221|25899,13341|25899,13469|25899,13636|25899,13768|25899,13941|25899,14207|25899,14337|25899,14471|25899,14686|25899,14800|25899,14931|25899,15195|25899,15322|25899,15541|25899,15663|25899,15881|25899,16004|25899,16130|25899,16346|25899,16472|25899,16688|25899,16804|25899,16930|25899,17102|25899,17659|25899,17870|25899,18144|25899,18512|25899,18637|25899,18760|25899,18883|25899,19005|25899,19133|25899,19264|25899,19387
강격병 21033,3675|25899,19536|29127,713|29127,5659|36760,5635|38917,11540|45794,3761|45794,3822
강격병이 45326,4185
강격병추가 26754,26050|33119,26080|45326,4170|45326,4179|45766,11321|45794,3719|45794,3780|47038,25525
강관주 45794,3293
강력 51013,4772
강력한 49792,26694
강룡 38161,7526
강룡갑각 19406,24596|19406,24771|21815,25600|23733,11454|26754,9669|26754,10546|26774,9781|33119,9714|33645,18913|37097,6381|38917,24510|39826,7791|47038,9136|47038,10101|49792,17252
강룡강각 19406,25191|23733,35254|25899,15713|27445,22985|33645,19482|33645,30718|38917,24748|49792,13299
강룡강익 21815,26057|25899,15720|26754,31527|27445,22995|37097,22202|38917,24695|49792,17803|49792,22056
강룡견각 19406,5152|19406,24977|21815,25861|23733,23904|23733,25314|23733,25670|25899,16072|26754,20440|26754,22225|26754,22798|26774,22290|27445,22596|33119,22427|33645,19272|37097,13474|38917,24542|45794,5960|47038,21847|47038,22342|49792,13104|49792,17582
강룡꼬리 19406,24589|27445,22603|33645,19082|38917,24776|39826,2166|45794,5923|49792,8321|49792,13067
강룡발톱 19406,5142|19406,24764|21815,1313|25899,4225|26774,9792|27798,22545|33119,9770|33645,18906|38917,24828|39826,2187|45794,8111|47038,9085
강룡보옥 19406,24984|21815,1810|21815,22388|21815,25871|23733,25337|25899,15607|26774,31373|27445,22799|27798,22748|27798,23315|33645,19290|33645,22542|37097,13462|38917,24879|39826,2886|43111,13721|45794,3341|45997,17068|47038,24982|47038,31017|49792,13074|49792,13112
강룡뿔 23733,11443|23733,25326|33645,19076|33645,24916|38917,24721|39826,7784|45794,1915
강룡의사해 27798,10813
강룡익막 21815,18141|21815,25419|21815,25593|26754,9686|26754,21691|26754,22237|27798,19533|27798,22515|33645,24871|38917,24670|47038,9068|47038,21906|49792,21880
강룡인미 19406,25174|33645,19489|38917,24802|39826,3084|43111,17457|49792,13281
강룡중각 19406,5362|19406,25181|21815,26076|23733,35242|25899,15582|26754,31515|26754,31995|26774,31336|27445,22978|33119,31627|33645,19499|37097,22190|38917,24568|47038,30995|47038,31455|49792,17786
강룡첨조 19406,5355|19406,5812|19406,24967|26774,22301|26774,31361|27445,22792|27798,22731|27798,22938|33119,22486|38917,24853|45794,1509|47038,21858|47038,22115|47038,31010|49792,8521|49792,13057|49792,13094
강림 31242,4222
강벽주 45794,2406|45794,2453
강병주 45794,3715
강빙검 33645,18854
강빙검改 27798,22340|33645,19012
강빙곤 27445,22539
강빙대검 21815,25366
강빙대검改 21815,25528|49792,12882
강빙대인 21815,25634|49792,12998
강빙대인계 49792,12818
강빙마궁 25899,15423|25899,15566
강빙창 19406,24532
강빙창改 19406,24695
강산주 45794,3408
강습 36760,9271
강요하는 29127,1550|29127,6135|33013,349|33013,426|33013,554|33013,629|33013,838|33013,980|33013,1179|33013,1262
강요하는옛사람클리어 42032,1329
강운주 45794,8376
강인한수염 24789,25663|24789,26813|25899,4384|26754,29648|27445,19856|37097,19188|38917,16709|43111,1787|43111,2237|45794,203|47038,26857|47038,29240|49792,14584
강자 29127,1615|31242,3649|51013,8413
강적 25030,8674|25030,9119|38161,210|38161,330
강적을 43111,21188
강제로 28259,2360
강주 35316,1612|35316,1658
강주약 21033,382|21239,4716|23733,8275|25030,3533|25030,3798|35316,1644|35316,1670|36993,757|38917,873|39826,2106|39826,2735|39826,3092|39826,3177|39826,4147|39826,6853|39826,8980|43998,2985|45326,8940|45326,9012|45794,4843
강주약g 21033,410|25030,2059|38917,940|39826,3096|39826,4172|45794,5150
강주약gx2 36993,1435
강주약g의 35316,1625
강주약등을 27798,30001
강주약으로 27798,29142
강주약이나 27798,29828|35316,1619
강주와 35316,10985
강주주 45794,5115
강주효과 35316,1493|35316,1537|35316,4046|35316,4774|35316,5423|35316,5948|35316,6246|35316,7105|35316,7903|35316,8619|35316,9404|35316,9518|35316,9716|35316,10569|35316,10731|35316,10770|35316,10874|35316,11021|35316,11216|35316,11353|38917,6893|45997,603|45997,1704|45997,1977|45997,3662|45997,7642|45997,11954|45997,12777|45997,13233|45997,14698|45997,15307|45997,17459|45997,18307|45997,18868|45997,22301|45997,22888|45997,24522|45997,24759
강주효과나 45997,25854
강주효과다 45997,26847
강주효과와 35316,1717
강철 39826,377|39826,409
강철산채조합티켓 38917,29824|39826,2830|39826,4186|39826,5457|39826,6642|39826,8347|39826,9159|39826,9533
강철상용린 19406,1716|21815,25852|23733,24708|26754,21676|26774,21724|26774,22348|26774,22823|27445,22780|27798,19692|27798,21579|33119,21810|33119,22438|33119,22921|33645,6547|33645,19279|38917,24618|45794,1953|47038,21215|49792,17589
강철용린 19406,4946|19406,24606|21815,21489|21815,25435|23733,15139|25899,4064|26754,19732|26774,9837|26774,10626|26774,19863|27445,7077|27798,21211|33119,9725|33119,10157|33119,10726|33645,18923|37097,6393|38917,24594|39826,7796|45794,3859|45794,5916|47038,19406|49792,17416
강철의 39826,228
강철후용린 19406,33281|21815,26064|23733,34458|25899,15592|26774,30704|26774,31348|26774,31896|27798,22945|27798,27355|33119,30891|33119,31003|33119,31634|33119,32145|38917,24644|39826,4486|45794,2001|47038,30295|47038,31002|49792,13288|49792,16983
강탄 28259,728|28259,1196|28259,1826|45326,4286|45766,15450
강탄주 45794,3121|45794,3176
강탈 36663,12311
강탈술 36663,599|36663,8688
강하다 36663,9711
강한 36663,11494|51013,13330|51013,13900|51013,14232
강함을 36663,2349
강해지면 28259,2965
강화 19406,637|19406,771|19406,893|19406,1080|19406,1256|19406,1500|19406,1690|19406,1958|19406,2120|19406,2387|19406,2572|19406,2787|19406,2991|19406,3276|19406,3496|19406,3626|19406,3833|19406,4118|19406,4301|19406,4551|19406,4750|19406,4931|19406,5129|19406,5340|19406,5518|19406,5787|19406,6008|19406,6115|19406,6275|19406,6504|19406,6695|19406,6865|19406,7110|19406,7308|19406,7463|19406,7606|19406,7726|19406,7863|19406,8038|19406,8275|19406,8440|19406,8631|19406,8800|19406,9035|19406,9239|19406,9472|19406,9675|19406,9911|19406,10167|19406,10423|19406,10614|19406,10883|19406,11092|19406,11480|19406,11593|19406,11761|19406,11966|19406,12172|19406,12328|19406,12583|19406,12776|19406,12975|19406,13245|19406,13351|19406,13513|19406,13775|19406,13989|19406,14106|19406,14245|19406,14482|19406,14672|19406,14827|19406,15039|19406,15216|19406,15369|19406,15537|19406,15725|19406,15918|19406,16070|19406,16245|19406,16441|19406,16643|19406,16790|19406,17007|19406,17231|19406,17395|19406,17581|19406,17792|19406,18062|19406,18273|19406,18541|19406,18678|19406,18837|19406,19029|19406,19227|19406,19415|19406,19627|19406,19783|19406,19932|19406,20147|19406,20319|19406,20519|19406,20724|19406,20859|19406,21074|19406,21255|19406,21640|19406,22014|19406,22188|19406,22578|19406,22751|19406,22942|19406,23130|19406,23496|19406,23660|19406,23827|19406,24004|19406,24303|19406,24442|19406,24585|19406,24760|19406,24963|19406,25170|19406,25506|19406,25654|19406,25824|19406,25988|19406,26172|19406,26368|19406,26781|19406,26958|19406,27135|19406,27357|19406,27775|21815,615|21815,753|21815,900|21815,1104|21815,1292|21815,1456|21815,1619|21815,1798|21815,1962|21815,2257|21815,2448|21815,2654|21815,2858|21815,3146|21815,3356|21815,3635|21815,3967|21815,4228|21815,4439|21815,4666|21815,4907|21815,5100|21815,5314|21815,5472|21815,5645|21815,5828|21815,6039|21815,6316|21815,6444|21815,6579|21815,6741|21815,6961|21815,7115|21815,7327|21815,7503|21815,7725|21815,7892|21815,8061|21815,8242|21815,8428|21815,8760|21815,8884|21815,9059|21815,9258|21815,9419|21815,9642|21815,9824|21815,10021|21815,10241|21815,10469|21815,10660|21815,10854|21815,11042|21815,11255|21815,11463|21815,11708|21815,11900|21815,12074|21815,12357|21815,12556|21815,12755|21815,13038|21815,13270|21815,13542|21815,13812|21815,14034|21815,14233|21815,14447|21815,14664|21815,14806|21815,15011|21815,15189|21815,15395|21815,15613|21815,15849|21815,15999|21815,16149|21815,16314|21815,16497|21815,16751|21815,17032|21815,17229|21815,17497|21815,17717|21815,17889|21815,18129|21815,18340|21815,18563|21815,18767|21815,18939|21815,19127|21815,19255|21815,19447|21815,19611|21815,19846|21815,20122|21815,20394|21815,20593|21815,20860|21815,21015|21815,21187|21815,21636|21815,21810|21815,21997|21815,22368|21815,22533|21815,22702|21815,22879|21815,23293|21815,23472|21815,23643|21815,23867|21815,24295|21815,24466|21815,24818|21815,25130|21815,25276|21815,25415|21815,25589|21815,25848|21815,26053|21815,26384|21815,26541|21815,26716|21815,26880|21815,27065|21815,27264|21815,27615|24789,40280|24789,40474|25899,511|25899,637|25899,827|25899,985|25899,1211|25899,1387|25899,1572|25899,1765|25899,2016|25899,2337|25899,2462|25899,2648|25899,2798|25899,3027|25899,3198|25899,3430|25899,3752|25899,3880|25899,4060|25899,4213|25899,4361|25899,4685|25899,4809|25899,4949|25899,5155|25899,5318|25899,5484|25899,5703|25899,6044|25899,6173|25899,6358|25899,6698|25899,6834|25899,7164|25899,7292|25899,7429|25899,7641|25899,7850|25899,8202|25899,8334|25899,8515|25899,8659|25899,8801|25899,9132|25899,9264|25899,9442|25899,9782|25899,10134|25899,10265|25899,10446|25899,10588|25899,10725|25899,10931|25899,11081|25899,11422|25899,11553|25899,11696|25899,11895|25899,12238|25899,12374|25899,12563|25899,12921|25899,13051|25899,13390|25899,13518|25899,13686|25899,13816|25899,13988|25899,14382|25899,14513|25899,14845|25899,14976|25899,15369|25899,15709|25899,16050|25899,16173|25899,16520|25899,16851|25899,16985|25899,17157|25899,17300|25899,17473|25899,19681|27445,626|27445,754|27445,890|27445,1083|27445,1254|27445,1441|27445,1648|27445,1923|27445,2147|27445,2341|27445,2507|27445,2771|27445,2957|27445,3160|27445,3378|27445,3565|27445,3766|27445,3982|27445,4273|27445,4448|27445,4648|27445,4842|27445,5087|27445,5317|27445,5522|27445,5755|27445,6041|27445,6200|27445,6364|27445,6548|27445,6685|27445,6876|27445,7053|27445,7231|27445,7357|27445,7509|27445,7682|27445,7891|27445,8178|27445,8411|27445,8695|27445,8865|27445,9014|27445,9183|27445,9426|27445,9630|27445,9843|27445,10024|27445,10208|27445,10377|27445,10614|27445,10811|27445,11020|27445,11244|27445,11439|27445,11653|27445,12026|27445,12138|27445,12267|27445,12387|27445,12529|27445,12655|27445,12857|27445,13039|27445,13283|27445,13461|27445,13658|27445,13869|27445,14042|27445,14226|27445,14415|27445,14611|27445,14834|27445,15026|27445,15233|27445,15400|27445,15587|27445,15758|27445,15942|27445,16146|27445,16351|27445,16509|27445,16671|27445,16758|27445,16857|27445,16961|27445,17062|27445,17258|27445,17546|27445,17751|27445,17879|27445,18017|27445,18168|27445,18382|27445,18542|27445,18748|27445,18959|27445,19139|27445,19301|27445,19461|27445,19641|27445,19843|27445,20102|27445,20252|27445,20456|27445,20596|27445,20912|27445,21052|27445,21195|27445,21370|27445,21566|27445,21769|27445,22106|27445,22260|27445,22431|27445,22592|27445,22776|27445,22974|27445,23349|27445,23513|27445,23683|27445,23835|27445,24052|27445,24187|27445,24643|27445,24821|27445,24999|27445,25220|27445,25654|27445,25817|27445,25995|27445,26177|27445,26560|27445,26728|27445,26913|27445,27294|27445,27470|27445,27836|27445,28157|27445,28331|27445,28691|27445,28869|27798,558|27798,752|27798,920|27798,1076|27798,1241|27798,1480|27798,1690|27798,1907|27798,2133|27798,2372|27798,2554|27798,2756|27798,2972|27798,3189|27798,3346|27798,3586|27798,3765|27798,4139|27798,4266|27798,4421|27798,4638|27798,4831|27798,5036|27798,5302|27798,5552|27798,5715|27798,5863|27798,6092|27798,6275|27798,6456|27798,6712|27798,6922|27798,7093|27798,7286|27798,7501|27798,7724|27798,8013|27798,8275|27798,8484|27798,8654|27798,8813|27798,8990|27798,9210|27798,9380|27798,9647|27798,9868|27798,10135|27798,10296|27798,10469|27798,10669|27798,10872|27798,11129|27798,11317|27798,11507|27798,11764|27798,11962|27798,12235|27798,12381|27798,12587|27798,12759|27798,12951|27798,13227|27798,13427|27798,13686|27798,13953|27798,14116|27798,14303|27798,14488|27798,14774|27798,14952|27798,15150|27798,15424|27798,15595|27798,15778|27798,16191|27798,16369|27798,16544|27798,16765|27798,17156|27798,17404|27798,17556|27798,17741|27798,17935|27798,18322|27798,18487|27798,18663|27798,19017|27798,19174|27798,19346|27798,19517|27798,19688|27798,19935|27798,20313|27798,20489|27798,20914|27798,21169|27798,21376|27798,21547|27798,21836|27798,22050|27798,22233|27798,22504|27798,22727|27798,22924|27798,23295|27798,23461|27798,23634|27798,23822|27798,29437|33645,663|33645,789|33645,986|33645,1184|33645,1359|33645,1590|33645,1772|33645,1966|33645,2176|33645,2437|33645,2653|33645,2923|33645,3140|33645,3314|33645,3493|33645,3830|33645,4007|33645,4200|33645,4413|33645,4574|33645,4751|33645,4902|33645,5060|33645,5240|33645,5462|33645,5605|33645,5788|33645,5986|33645,6148|33645,6330|33645,6517|33645,6885|33645,7041|33645,7212|33645,7394|33645,7627|33645,7809|33645,8017|33645,8236|33645,8463|33645,8783|33645,9030|33645,9404|33645,9563|33645,9745|33645,9895|33645,10053|33645,10223|33645,10401|33645,10590|33645,10902|33645,11090|33645,11349|33645,11630|33645,11857|33645,12140|33645,12365|33645,12589|33645,12855|33645,13149|33645,13386|33645,13604|33645,13780|33645,13976|33645,14184|33645,14394|33645,14553|33645,14735|33645,14922|33645,15124|33645,15277|33645,15448|33645,15616|33645,15800|33645,16006|33645,16220|33645,16445|33645,16646|33645,16853|33645,17222|33645,17368|33645,17522|33645,17730|33645,17900|33645,18099|33645,18313|33645,18618|33645,18764|33645,18902|33645,19072|33645,19268|33645,19478|33645,19954|33645,20134|33645,20354|33645,20575|33645,20957|33645,21132|33645,21452|33645,21831|33645,22193|33645,22357|33645,22521|33645,22696|33645,23086|33645,23261|33645,23500|33645,23844|33645,24037|33645,24225|33645,24426|33645,24627|33645,24912|33645,25040|36663,2986|36663,3529|39470,124|43111,804|43111,939|43111,1159|43111,1338|43111,1545|43111,1775|43111,2006|43111,2225|43111,2434|43111,2595|43111,2785|43111,2986|43111,3203|43111,3495|43111,3739|43111,3977|43111,4308|43111,4447|43111,4606|43111,4774|43111,4963|43111,5158|43111,5376|43111,5628|43111,5863|43111,6099|43111,6294|43111,6496|43111,6712|43111,6898|43111,7093|43111,7298|43111,7527|43111,7753|43111,8055|43111,8205|43111,8399|43111,8617|43111,8797|43111,8986|43111,9208|43111,9447|43111,9690|43111,9994|43111,10227|43111,10546|43111,10759|43111,11046|43111,11282|43111,11812|43111,12001|43111,12224|43111,12457|43111,12860|43111,13100|43111,13296|43111,13695|43111,13888|43111,14258|43111,14662|43111,15008|43111,15190|43111,15383|43111,15717|43111,15948|43111,16154|43111,16481|43111,16662|43111,17012|43111,17202|43111,23660|45326,53|45326,2974|45326,3024|45326,3071|45766,126|45997,786|45997,941|45997,1137|45997,1353|45997,1592|45997,1799|45997,2114|45997,2357|45997,2550|45997,2787|45997,3024|45997,3309|45997,3535|45997,3786|45997,4104|45997,4409|45997,4650|45997,4857|45997,5158|45997,5395|45997,5629|45997,5915|45997,6137|45997,6346|45997,6637|45997,6938|45997,7179|45997,7425|45997,7782|45997,8044|45997,8249|45997,8482|45997,8722|45997,8973|45997,9227|45997,9535|45997,9828|45997,10138|45997,10400|45997,10692|45997,10971|45997,11242|45997,11549|45997,11767|45997,12051|45997,12340|45997,12548|45997,12863|45997,13118|45997,13366|45997,13600|45997,13837|45997,14366|45997,14580|45997,14795|45997,15077|45997,15614|45997,15821|45997,16089|45997,16584|45997,16795|45997,17041|45997,17274|45997,17546|45997,17842|45997,18120|45997,18673|45997,18963|45997,19258|45997,19478|45997,19731|45997,19949|45997,20227|45997,20527|45997,20809|45997,21098|45997,21577|45997,25652|49792,1052|49792,1259|49792,1412|49792,1571|49792,1744|49792,1953|49792,2187|49792,2420|49792,2588|49792,2815|49792,3009|49792,3217|49792,3398|49792,3644|49792,3848|49792,4026|49792,4261|49792,4500|49792,4713|49792,4912|49792,5177|49792,5395|49792,5626|49792,5949|49792,6181|49792,6365|49792,6561|49792,6775|49792,6974|49792,7192|49792,7396|49792,7683|49792,7794|49792,7985|49792,8144|49792,8317|49792,8507|49792,8710|49792,8883|49792,9120|49792,9325|49792,9542|49792,9711|49792,9927|49792,10117|49792,10335|49792,10619|49792,10789|49792,11028|49792,11229|49792,11432|49792,11613|49792,11826|49792,12054|49792,12333|49792,12762|49792,13053|49792,13277|49792,13539|49792,13769|49792,13943|49792,14144|49792,14361|49792,14572|49792,14992|49792,15171|49792,15341|49792,15566|49792,15884|49792,16081|49792,16263|49792,16538|49792,16744|49792,16960|49792,17229|49792,17395|49792,17578|49792,17775|49792,18054|49792,18271|49792,18458|49792,18748|49792,18925|49792,19218|49792,19454|49792,19858|49792,20038|49792,20278|49792,20666|49792,20843|49792,21238|49792,21623|49792,22043
강화는 24789,40248
강화등의 36663,1176
강화로 36663,9121
강화를 37097,32158|37097,32183
강화없음 27798,24112
강화의 25899,22454
강화한 39470,146|45766,148
강화한다 36663,7334|36663,7804
강화할 28259,5252
강화화로 25899,19672
