많고 43111,26031
많기 25899,21795|25899,22186|28259,3982|36663,12157|43111,21220
많다 21815,35135|25899,21382|28259,3618|37097,32031|43111,24010|43111,25916
많다고 36663,4783|43111,25999
많습니다만 36663,4686
많아 28259,4550
많았다 43111,23554
많으니 25899,23292
많으면 36663,11953
많은 19406,36102|19406,37124|21815,35524|24789,39951|24789,40100|36663,6813|37097,31953|45997,26872|49792,26558|51013,7758|51013,14752
많이 27445,37799|27798,28908|33013,3528|33013,5344|33645,32539|51013,9833|51013,9877|51013,9919|51013,9961|51013,10005|51013,10055|51013,10116|51013,10172|51013,10213|51013,10257|51013,10300|51013,10738|51013,10793|51013,10848|51013,10903|51013,10959
많이해서 21815,35036
많지만 25899,21327|25899,22832
