성격 36663,4633|36663,4887|36663,11720|36663,12513
성격별 36663,11704
성격에 36663,4696
성격의 36663,11624
성격이 36663,12943
성격이나 36663,4835
성공 21033,6494|21033,6712|21033,6744|21033,6757|21033,6788|21033,6801|21033,6831|21033,6844|21033,6875|21033,6888|21033,7029|21033,7058|21033,7136|21033,7176|21033,7216|21033,7258|21033,7299|42032,3903|42032,3960|45326,9686|45326,9725|45326,9764|45326,9804|45326,9844|45326,9885
성공시 42032,5690
성공시켜 28259,1036
성공시킨 51013,12962
성공시킴 51013,7765
성공율 38917,217|38917,279|38917,343|38917,408
성공하면 21033,6266|33013,3556
성공한 21033,6211
성공확률이 21033,7445
성과 51013,8324
성녀 51013,7196
성능 24789,39861|27798,29517|42032,3599
성능비도 28259,372
성능은 33645,32470
성능을 19406,35499|37097,32482|43111,21376
성능이 43111,23516|45997,26573|45997,26603
성실작업술 36663,9415
성을 51013,15989
성장시킨 36663,10622
성장이 36663,11310
성장하는 36663,10023|36663,10031
성질을 43111,22730
성퀘스트를 51013,8285
성향이 36663,1108
