0
187
230
943
1076
1091
1106
1486
1499
1544
1562
2329
2351
2978
2994
3211
3282
3303
3324
3338
3364
3385
3443
3458
3484
3498
3515
3569
3583
3602
3640
3656
3672
3687
3830
3866
3894
3909
3927
3941
3967
4038
4056
4071
4100
4119
4137
4162
4181
4197
4383
6202
6274
6315
6373
6394
6415
6448
6481
6513
6532
6590
6608
6641
7018
7062
7096
7118
7170
7219
7253
7302
7334
7385
7440
7461
7498
7528
7562
7600
7633
7668
7715
7827
7890
7980
8191
8211
8245
8280
8318
8353
8371
8408
8425
8499
8518
8552
8574
8646
8670
8711
8743
8760
8835
8872
8904
8937
8982
9035
9070
9100
9146
9165
9199
9231
9251
9288
9306
9328
9364
9397
9447
9467
9488
9545
9566
9597
9640
9662
9702
9735
9754
9778
9796
9814
9847
9887
10125
10509
10532
10563
10600
10621
10668
10696
10725
10746
10810
10842
10943
10993
11061
11105
11122
11138
11158
11243
11315
11335
11368
11387
11407
11443
11489
11520
11553
11574
11635
11653
11688
11706
11722
11738
11758
11779
11812
11846
11876
11896
11916
11948
11977
12050
12083
12116
12147
12180
12212
12230
12282
12365
12437
12457
12484
12552
12570
12644
12681
12732
12768
12805
12865
12938
12975
13089
13112
13158
13233
13252
13269
13302
13403
13450
13485
13521
13584
13656
13801
13839
14120
14155
14185
15502
15656
15685
15716
15752
15771
15786
15827
15985
16018
16051
16082
16116
16149
17182
17215
17244
17271
17326
17503
17579
20337
20368
20444
20462
20495
20535
20582
20616
20634
20655
20950
21855
21888
21927
22007
22044
22095
22163
22225
22257
22411
22429
22448
22466
22495
22869
22909
23444
23547
23607
23630
23663
23698
25168
25220
25328
25352
25434
25466
25519
25582
25633
25650
25786
26225
26260
26295
26313
26334
26351
26392
26413
26432
26605
26647
26665
26727
26746
26779
26797
26847
26873
26889
26986
27006
27025
27046
27065
27095
27143
27215
27233
27268
27286
27360
27392
27424
27501
27646
27693
27756
27837
27859
27889
27932
27955
27974
28018
28051
28271
28301
28339
28388
28416
28437
28528
28562
28615
28694
28771
28899
28928
28949
29019
29052
29143
29180
29218
29249
29326
29357
29389
29408
31881
31915
31947
31983
32006
32042
32077
32171
32190
32268
32300
32320
32350
32492
32524
32609
32642
32676
32742
33370
33427
33520
33579
33658
33676
34611
34668
36232
36265
36300
36324
36344
36366
36417
36449
36803
36823
36856
36892
37073
37122
37557
37639
37674
37721
37741
37763
37796
37831
37921
37986
38179
38213
38245
38278
38315
38351
38461
38494
38528
38562
38607
38645
38681
38700
38720
38755
38788
38837
39064
39164
39183
39261
39280
39354
39922
39941
39965
39989
40020
40055
40097
40132
40154
40185
40220
40277
40307
40971
40993
41095
41203
41240
41279
41313
41359
41523
41558
41595
41629
41659
41693
41717
41984
42002
42100
50899
50943
50967
51004
51074
51151
51174
51241
51315
51349
51383
53240
53287
53320
53353
53375
53390
53421
53454
53503
53581
53601
53674
53709
53758
53779
53813
53834
53853
53887
53906
53985
54809
54843
54876
54913
54931
54953
55095
55199
55218
55285
55320
55353
55385
55411
55774
56258
56303
56620
56644
56680
56703
56736
56766
56792
56829
56850
57010
57550
57587
57637
57654
57721
57756
57955
58029
58053
58072
58103
58126
58160
58209
58241
58272
58304
58335
58391
58421
58457
58481
58567
58588
58609
58644
58703
58736
58771
58825
58848
58882
58902
58953
59043
59064
59083
59118
59169
59203
59233
59446
59478
59739
59811
59844
59906
59925
59967
60000
60021
60054
60086
60111
60237
60318
60352
60485
60548
60711
60745
60830
60865
60963
60982
61037
61129
61147
61262
61282
61302
61375
61469
61530
61548
61567
61965
61996
62027
62058
62548
62582
62624
62833
62867
63296
63331
63367
63417
63452
63487
63525
63561
63598
63640
63708
63741
63762
63784
63834
63854
63889
63910
66481
66500
66518
66552
66641
66661
66681
66907
66937
66995
67027
67048
67120
67144
67166
67198
67297
67318
67374
67426
67460
67672
67692
67782
67815
67851
68043
68077
68114
68184
68209
68326
68360
68600
68635
68674
68708
68742
68764
68795
69206
69236
69269
69332
69351
69371
69722
69742
69761
69821
69893
69929
69961
69980
70013
70030
70370
70391
70412
70432
70753
70774
70808
70870
70889
70913
70934
70967
71021
71057
71090
71351
71385
71403
71602
71650
71902
71942
71977
72007
72063
72118
72147
72169
72188
72204
72265
72321
72344
72359
72393
72552
72578
72614
72642
72688
72723
73910
73947
73987
74020
74075
74191
74224
74256
74291
74326
74359
74387
74405
74424
74479
74498
74518
75387
75420
75456
75488
75762
75826
75844
75959
76036
76085
76121
76156
76290
76312
76347
76457
76522
76556
76590
76650
76682
77918
77953
77986
78033
78058
78083
78103
78125
78157
78176
78235
78257
78297
78316
78335
78368
78386
78415
78432
78464
78512
78531
78868
78952
78970
79004
79055
79199
79264
79288
79335
79356
79389
79422
79454
79487
79506
79526
79545
79570
79589
79620
79656
79736
79757
79778
79800
79821
79901
79920
80064
80215
80249
80450
80471
80518
80537
80555
80574
80644
80662
80682
80703
80722
81350
81371
81392
81435
81469
81488
81561
81634
81747
81822
81855
81888
81931
81966
81996
82898
82916
82985
83091
83125
83386
83405
83422
83455
83472
83488
83508
83541
83687
83718
83804
83838
84072
84092
84125
84175
84198
84232
84266
84286
84321
84355
84391
84439
84460
84521
84621
84663
85405
85424
85459
85491
85527
85563
85639
85732
85765
85784
85819
85903
85939
85961
85997
86015
86190
86208
86235
93473
93494
93514
93539
93561
94005
94049
94087
94124
94156
94176
94195
94217
94237
94268
94302
94331
94351
94370
94388
94406
94437
94529
94561
94590
94609
94666
94722
95024
95058
95093
95116
95148
95165
98094
98127
98236
98259
98306
98334
98352
98371
98895
99001
99033
99063
99780
99812
99845
99894
100045
100077
100111
100146
101008
101034
101053
101072
101091
101285
101354
101376
101411
101444
101474
101508
101542
101575
101597
101616
102630
102698
102731
102763
102797
102869
102966
102999
103120
103153
103203
103385
103419
103454
103473
103506
103734
103756
103789
103808
104636
104682
104717
104782
104800
104833
104877
104989
105030
105113
105145
105221
105284
107640
107673
107708
107728
107745
107774
107864
107921
107955
107988
108026
108066
108099
108153
108172
108189
108212
108256
110815
111041
111061
111139
111238
113357
113383
113440
113484
113596
113670
114329
114368
114388
115026
115085
115126
115146
115167
115190
115224
115253
115282
115315
115367
115419
115446
115479
115585
115668
115804
115878
115940
115978
116013
116043
116088
116108
116156
116201
116237
116259
116281
116346
116517
116603
116626
116658
116678
116713
116747
117065
117097
117151
117211
117285
117315
117352
117393
117413
117437
117457
117509
117531
117589
117622
117655
117686
117708
117760
117783
117806
117851
117874
117918
117952
118020
118072
118097
118137
118162
118227
118280
118318
118339
118406
118457
118508
118643
118668
118691
118725
118741
118792
118825
119069
119113
119131
119331
119351
119401
119476
119510
119530
119549
119835
119854
119872
119914
119945
119980
120046
120084
120132
120151
120184
121188
121222
121256
121357
121391
121412
121500
121549
121586
121619
121655
121706
121781
121832
121854
122000
122018
122047
122113
122148
122175
122209
122265
122308
122527
122609
122627
124830
124849
124903
124936
124955
124971
125464
125497
125569
125769
125893
125930
125951
125978
126014
126070
126098
126118
126273
126291
126311
126497
126572
126605
126624
126658
126705
126803
126839
126860
126965
126986
127019
127077
127110
127144
127334
127367
127398
127431
127517
127597
127614
128045
128096
128116
128143
128166
128199
128256
128278
129676
129747
129769
129832
129880
129911
129987
130053
130076
130108
130132
130183
130220
130265
130284
130363
130397
130432
130464
130497
130994
131027
131069
131109
131143
131180
131230
132507
132525
132546
132575
132600
132745
132779
132798
132832
132901
132921
133008
133028
133080
133186
133218
133253
133302
133354
133387
133426
133464
133547
133646
133685
133707
133744
133779
133800
137006
137053
137100
138536
138572
139302
139348
139382
139416
139435
139482
139559
139608
139629
139707
140792
140812
140844
145296
145363
145382
145509
145541
145586
145620
145669
145704
145737
145783
145839
145872
145894
146442
146552
146586
146608
146659
146691
147203
147226
147259
147279
147312
147512
147817
147853
147897
147917
147949
147985
148016
148037
148059
148094
148118
148208
148305
148325
148345
148366
148387
148407
148448
148488
148523
148557
148592
148611
148679
148755
148796
148817
153311
153330
153351
153390
153423
153458
153498
153637
153690
153714
153733
153754
153872
153905
153948
154066
155500
155674
155703
155720
156153
156277
156423
157462
160666
163767
163834
163869
164322
164352
164388
164544
164581
164614
164634
164667
164737
164771
164872
164895
164990
165042
165739
165760
165795
165814
165853
165970
166001
166182
166207
166232
166315
166352
166421
166512
166572
166613
166633
166666
166686
166747
166846
166894
166989
167008
167042
167126
167180
167259
167348
167394
167485
167508
167529
167549
167671
167756
167776
167807
167828
167851
167884
167952
167973
167990
168008
168044
168064
168084
168116
168139
206842
206913
207171
207189
207220
207254
207286
207458
207492
207512
207741
209866
209898
209943
210028
210061
210094
210127
210158
210345
210376
210476
210500
210531
210565
210599
210633
211250
211267
211302
211325
211376
211421
211467
211562
211631
211686
211718
211739
211776
211806
211842
211907
211944
211977
211998
212016
212044
212093
212151
212180
212201
212297
212318
212350
212406
216216
216275
216344
216951
216971
216993
217117
217220
217307
217349
217374
217406
217441
217489
217509
217540
217573
217626
218064
218130
218152
218182
218200
218281
218301
218326
218351
218370
218386
219162
219177
219204
219237
219259
219287
219318
219361
219398
219431
219451
219471
219707
219727
219748
219767
219837
219873
219925
219975
220181
220350
220369
220398
220412
220430
220547
220564
220581
220595
220639
220819
220833
220857
220876
220907
220924
220952
220969
226523
226538
226553
226577
226625
226640
227479
227498
227519
228335
228384
228413
228653
228685
228711
228730
228771
228810
230598
230621
230651
230683
230714
230745
230776
230809
230831
230853
230922
231457
231472
231487
231542
231574
231611
231644
231677
231829
231865
231899
231930
231962
232069
232103
232141
232174
232209
232244
232278
232436
232470
232664
232785
232807
232839
232921
232969
233017
233051
233087
233163
233197
233216
233357
233388
233437
233456
233500
233531
233563
233596
233741
233772
233873
233892
233912
233986
234006
234063
234095
234113
234162
234189
234221
234306
234417
234477
234553
234581
234599
234633
234666
234744
234778
234837
234873
234982
235015
235045
235111
235211
235246
235610
235685
235718
235769
235855
235910
235974
236065
236125
236158
236217
236280
236303
236351
236373
236449
236483
236985
237030
237131
237168
237262
237396
237432
268612
268634
269902
269997
270682
270707
270786
270817
270851
270901
270988
271011
271029
271060
271079
271110
271145
271196
271221
271257
271304
271337
271381
271414
271449
271486
271543
271578
271611
271648
271748
271782
271847
271911
272009
272065
272099
272126
272164
272184
272217
272266
272299
272539
272561
272639
272671
272705
272723
272742
272761
272781
272800
273034
273054
273168
273186
273217
273381
273400
273416
273449
273484
273561
273593
273664
276322
277963
277992
278028
278072
278106
278126
278314
278551
278572
278597
278750
278848
278885
278940
278961
279006
279038
279057
279107
279144
279162
279289
279322
279404
279451
282000
282035
282072
282107
282182
282215
282482
282510
282528
282561
282596
282651
282686
282706
282726
282759
282791
282823
282856
282940
282970
283002
283035
283186
283219
283253
283335
283376
283424
283458
283496
283527
283561
283594
283628
283735
283767
283803
283836
283869
283902
284019
284090
286448
286496
286532
286802
288476
288509
288542
288576
288910
288948
289083
289116
289151
289184
289220
289255
289290
289346
289366
289388
289424
289551
289639
290052
290112
290213
292415
292451
292509
292541
292641
292726
292800
292834
292904
292962
292995
293049
293082
293509
293548
293581
293614
293648
293666
293698
293736
293780
293797
293829
293850
293887
293935
293954
293976
294010
294551
294669
294688
294723
294740
294771
294804
294823
295058
295078
295124
295149
295168
295214
295235
295294
296234
296257
296924
296956
296991
297036
297070
297091
299269
299317
299349
299365
299401
299433
299465
299513
299845
299880
299917
300715
300735
300767
300785
300803
300846
300882
300902
300950
300982
301061
301095
301128
301324
301361
301394
301427
301460
301492
301510
301543
301618
301652
301669
301851
301893
301914
301931
301968
302002
303427
303446
303479
303511
303546
303579
303611
303644
303677
303732
303764
303851
303877
303910
303944
303979
304015
304065
304100
304751
304776
304813
305003
305027
305047
305132
305826
305862
305908
305941
308234
308268
308304
308361
308985
309008
309054
309074
309122
309205
309270
309302
309327
309347
309381
309442
309462
309501
309538
309571
309611
309644
309689
309717
309750
309783
309817
310549
311126
311147
311196
311246
312676
312708
312738
312805
312866
312900
312936
312973
313011
313069
313106
313137
313172
313249
313356
313383
313402
313436
313631
313829
313864
313897
313930
313964
313997
314029
314064
314098
314133
314287
314342
314377
314536
314594
314666
314696
315156
315188
315221
315254
315285
315357
315389
315431
315448
315494
315512
315775
315796
315859
315894
315966
316380
316403
316436
316454
316496
316528
316561
316582
316744
317491
321788
321865
321892
321941
321974
322048
322092
322126
322186
322240
322428
322488
322515
322539
322568
322603
322637
322661
322710
322761
322786
322824
322849
322875
322930
322992
323029
323051
323104
323145
323212
323294
323349
323383
323460
323492
323790
323812
323863
323920
324002
324157
324179
324211
324246
324286
324331
324348
324509
324552
324575
324610
324644
324663
324681
324781
324860
324891
324920
324956
324993
325114
325174
325208
325277
325309
325328
325359
325390
325426
325456
325514
325560
325580
325617
325661
325682
325745
325781
325892
325910
325931
326093
328973
329103
329168
341713
343722
343808
343857
344029
344052
344106
344142
344160
346121
346158
346179
346332
346357
346377
347066
347114
347163
347197
347218
347235
347269
347302
347352
347386
347428
347524
347558
347577
347642
347728
348166
348201
348235
348276
348296
348355
348388
348423
348457
348481
348516
348537
348637
348728
348765
348799
348877
348896
348942
348972
348994
349012
349098
349131
349165
349198
349248
349271
349295
349750
349789
349807
349943
349988
350010
350029
350198
350232
350287
350331
350349
350366
350398
350440
350473
350505
350527
350600
350630
350721
350755
350789
350815
350848
350882
351719
351737
351838
352180
352213
352233
352263
352283
352359
352393
352411
352429
352472
352505
352523
352559
352657
352691
352722
352784
352893
352941
352996
353169
353200
353219
353241
353265
353304
353327
353361
353460
353512
353560
353595
353635
353655
353705
353725
353763
353781
353814
353898
353966
354146
354237
354291
354329
354356
354375
354394
354441
354475
354494
354526
354584
354603
354643
354664
354714
354731
354781
354824
354843
354872
354945
354999
355030
355065
355098
355115
355175
359475
359508
359526
359548
359581
359613
359642
359678
359710
360255
360289
360322
360356
360391
360425
360512
360569
360587
360604
360622
426928
426966
427014
427045
427063
427098
427129
430785
430825
430855
430895
430931
430969
431060
431135
431175
431194
431246
431262
431294
431495
431531
431625
431645
431673
431758
431844
431860
431969
432004
432063
432098
432133
432166
432244
432332
436141
436257
436365
436400
436420
438252
438298
438420
438527
438558
438685
438707
438724
438775
438808
438830
438885
438960
438995
439046
439082
439100
439118
439154
439267
439777
439800
439834
439850
439881
439917
439936
439955
439994
440031
440080
440129
448423
448455
448519
448572
448634
448663
448692
448731
448764
448803
448820
448859
448876
448893
448929
448950
448971
448986
449016
449066
449091
449143
449183
449234
449251
449490
449504
449536
449553
449585
449614
449649
449664
449686
449821
449858
449890
449927
450465
450504
450554
450666
450700
450755
450788
450819
450837
450909
450938
450956
450975
451008
451102
451156
451188
451223
451591
451640
451701
451738
451775
451806
451873
451906
451939
451986
452054
452091
452177
452942
452997
453072
453092
453108
453157
453335
453354
453387
453445
453481
453535
453567
453604
453682
453717
453784
453818
453846
453899
453930
455862
455951
456000
456045
456079
456097
456160
456194
456249
456281
456301
456348
456366
456393
456443
456461
456480
456514
456534
456568
456611
456668
456703
456726
456844
456860
456884
456901
456926
456974
457009
457042
457159
457195
457259
457278
457311
457328
457366
457382
457570
457604
457637
457671
457716
457734
457765
457801
457866
457903
457938
457958
457993
458105
458136
458156
458192
458231
458263
458308
458330
458347
458363
458392
458464
458615
458655
458675
458735
458752
458787
458806
458895
458943
458979
459013
459086
459127
459147
459167
459185
459220
459251
459354
459395
459428
459462
459495
459536
459571
459593
459622
459727
459761
459777
459810
459846
459882
460015
460049
460239
460281
460303
460389
460420
460457
460484
460510
460624
460682
460702
460736
460832
460864
461022
461055
461358
461465
461484
461525
461560
461596
461619
461685
461726
461788
462041
462059
462095
462128
462147
462177
462194
466339
466537
466571
466602
466637
466668
466729
466801
466835
466869
466886
466921
466961
467010
467027
467060
467095
467129
467221
467321
467484
467530
467583
467654
467714
467743
467762
467837
467942
467976
468049
468886
468913
468973
468991
469092
469112
469143
469177
469199
472849
472871
472919
472941
473022
473072
473124
473575
473626
473675
473720
473742
473765
473808
473831
474260
474309
474343
474420
474453
474504
474556
474970
475019
475038
475237
489336
489352
489372
489407
489570
489658
489735
489871
489933
489972
490012
490036
490058
490131
490179
490254
490278
490316
490350
490384
490406
490465
490486
490507
490542
490955
490991
491041
491078
491585
491626
491682
491719
491741
491780
491811
491910
491953
491988
492038
492816
492838
492873
492908
492959
492976
493016
493037
493057
493076
493196
493313
493359
493382
493415
493447
493467
493620
493651
493673
493694
493714
493732
493783
493806
494404
494444
494475
494508
494532
494554
494585
494605
494638
494667
494700
494718
494749
494782
494891
494908
494928
494972
494991
495025
495063
495091
495235
495262
495283
495318
495397
495474
495493
495686
495748
495767
495787
495831
495855
495872
496060
496101
496134
496216
496237
496264
496286
496303
496335
496368
496386
496405
496423
496553
496570
496588
496611
496627
496644
496673
496695
496739
496773
496809
496828
496900
496934
496966
497009
497027
497046
497080
497123
497159
497209
497255
497286
497318
497350
497382
497416
497459
497494
497539
497635
497694
497772
497815
497849
497898
498790
498858
498924
498962
499022
499310
499332
499363
499424
504545
504671
504693
504755
504790
504833
504866
504902
504937
504970
505005
505038
505074
505137
505212
505263
505298
505332
505365
509456
509489
509589
509647
509723
509763
509802
509880
509916
509956
509990
510014
510051
510085
510149
510225
510246
510268
510302
510337
510369
510404
510441
510475
510497
510534
511030
511052
511167
511217
511253
511290
511348
511462
511515
511536
511587
511664
511716
511789
511824
511862
511899
511937
511988
512038
512073
512229
512290
512340
512393
512451
512487
512537
512588
512691
512724
512749
512819
512838
512872
513051
513125
513187
513209
513243
518500
519030
519066
519085
519246
519283
519302
519361
519405
519424
519468
519503
519598
520096
520174
520210
520246
520265
520330
520417
520453
520486
520516
520551
520586
520855
520915
520950
520988
521005
521079
521113
521133
521152
521352
521386
521404
521440
521524
521560
521592
521612
521644
521732
521765
521785
521961
522120
522366
522413
522448
522486
522509
522542
522647
522680
522710
522744
522780
522821
522853
522888
522922
522998
523037
523063
523625
524017
524091
555888
555930
555948
556041
556168
556218
556939
556976
556998
557020
557331
557477
557517
557561
557605
557627
557651
557705
557733
557781
557814
558395
558529
558578
558603
559354
559377
559401
559450
559484
559864
559914
559954
560038
560167
560202
560276
560505
560587
560649
560728
560749
560787
560887
560929
560982
561008
561050
561078
561102
561127
561181
561271
561812
561854
561893
561929
561968
562022
562076
562129
562167
562245
562281
573508
573575
573596
573647
573698
573734
573752
573804
573854
575161
575187
575221
575279
575410
575428
575505
575551
575588
575648
575697
575773
575887
575910
575934
575985
576033
576111
576161
576241
576276
576437
576474
576509
576531
576567
576603
576626
576662
576875
576978
577014
577036
577084
577240
577274
577294
577317
577338
577389
577425
577971
578007
578042
578077
578099
578118
578195
578229
578260
578282
578330
578449
578501
578535
578736
578811
578861
578910
579051
579073
579096
579118
579191
579223
579245
579280
579312
579346
579451
579470
579515
579573
579608
579634
579672
579727
579761
579794
584352
584386
584431
584452
584474
584495
584529
584567
584600
584621
584649
584759
584822
584868
584956
585001
585239
585285
585319
585455
585477
585510
585591
585614
585648
585712
585736
585768
585788
585809
585827
585861
585884
585904
585942
585985
586018
586051
586073
586119
586151
586339
586371
586416
586550
586582
586640
586681
586719
586778
586803
586835
586868
586950
586984
587031
587050
587083
587104
587309
587367
587425
587445
587481
587514
587563
587651
587682
587812
587831
587861
587895
588067
588099
588134
588394
588432
588467
588510
588532
588580
588622
588643
588730
588749
588786
588847
588883
588920
588953
589134
589165
589187
589238
589278
589311
589345
589381
589413
589449
589481
589526
590581
590661
590697
590737
590781
590818
590844
590911
590941
590985
591047
591069
591088
591393
591419
591453
591488
591525
591558
591592
591626
591649
591684
591722
591759
591802
591848
591924
592010
592050
592069
592101
592134
592306
592342
592379
592412
592439
592457
592506
592528
592545
594571
595788
595811
596035
596061
596991
597070
597106
597330
597347
597369
597390
597432
597540
597575
597680
597714
597748
597826
597858
597879
597909
597943
597995
598026
598043
598130
598176
598210
598243
598277
598310
598343
598376
598463
598482
598530
598566
598584
598606
598623
598728
598746
598781
598898
598927
599013
599048
599107
599131
599179
599214
599237
599265
599308
599330
599402
599423
599464
599516
601279
601299
601318
601335
601353
601374
601409
601523
601555
604283
604319
604351
604665
604739
604785
604819
604878
604941
604975
605027
605101
605135
605171
605209
605376
605460
605481
605503
605689
605722
605756
605833
605851
605884
605901
605934
605952
606093
606117
606137
606159
608024
608041
608081
608100
608119
608148
608185
608205
608306
608589
608742
608763
608779
609700
609725
609804
609827
609867
609903
609956
611854
611876
611898
611947
611995
612148
612198
612217
612249
612322
612340
612389
612425
612449
612545
612591
612626
612680
613033
613065
613087
613153
613179
613213
614332
614367
614401
614437
614513
614600
614624
614692
614715
614736
614757
614792
614826
614861
614884
614908
614939
614989
615023
615055
615076
615110
615142
615175
615233
615253
615294
615327
615358
615374
615430
615446
615985
616090
616123
616171
616417
616455
616496
616513
616530
616712
616747
616792
616895
616937
616957
617015
617036
617068
617100
617125
617150
617173
617347
617380
617399
617419
617452
617480
617498
617541
617575
617646
617666
617697
617713
617739
617837
617854
617883
617965
618130
618177
618509
618589
618643
618668
618688
618713
618741
618772
618810
618853
620110
620125
620140
620167
620194
620210
620230
620250
620269
620288
620318
620339
620356
620416
620457
620581
620775
620798
620839
620869
620890
620907
620956
620991
621018
621050
621136
621156
621177
621230
621271
621318
621336
621355
621406
621438
621493
621645
621683
621704
621722
621769
621832
621854
621873
621903
621935
621958
621992
622011
622078
622263
622295
622551
622574
622596
622652
622743
623935
623954
623987
624431
624465
624484
624810
625093
625114
625136
625171
633524
633558
633625
633648
633666
633684
635744
635788
635808
635828
635866
635888
635916
635951
635983
636207
636282
636317
636340
636378
637052
637128
637178
637211
637379
637417
637439
637459
637479
637650
637749
637783
637810
637859
637878
637931
637960
637980
638013
638064
638098
638154
638173
638198
638233
638468
638485
638519
638628
638674
638710
638769
638801
638830
638851
641216
641242
641267
641293
641339
641365
641397
641498
641549
641570
641863
641899
641980
648158
648178
648197
653009
653037
653084
653279
653907
653930
654069
654123
654145
654166
654189
654225
654258
654551
654604
654628
654660
654763
654797
654817
655850
655983
656037
656060
656092
656129
656161
656204
656233
656287
656322
657728
657806
657824
657883
657905
658016
658041
658075
658096
658117
658175
658205
658239
658692
658711
658728
658766
658802
658849
658870
658902
658943
658975
658990
659023
659043
659061
659094
659175
659197
659297
659333
659357
659424
659454
659473
659508
659548
659601
659681
659750
659822
659845
659864
659898
659919
659956
659977
659996
660030
660095
660173
660206
660227
660245
660264
660295
660316
660352
660376
660460
660478
660518
660542
660726
660759
660783
660842
660878
660897
660917
660948
660965
661006
661034
661067
661085
661107
661172
661205
661225
661251
661270
661291
661323
661428
661462
661496
661532
661551
661574
661595
661748
661769
661789
661811
661843
661888
661909
661932
661951
662256
662276
663210
663584
663618
663666
663704
664038
664077
664098
664301
664336
664355
664391
664422
664460
664480
664516
664533
664565
664612
664634
664754
664836
664856
666968
667047
667260
667302
667326
667361
667383
667433
667455
667473
667493
667508
667551
667582
667690
667707
667733
667790
667844
667863
667884
667905
667996
668016
668032
668060
668094
668150
668170
668190
668220
668241
668259
668278
668296
668316
668349
668370
668553
668680
668700
668748
668767
668789
669160
669180
669206
669251
669272
669310
669334
669407
669436
669458
669511
669536
669556
669603
669668
669717
669765
669785
669803
669833
669868
669915
669936
669956
670012
670033
670140
670174
670197
670220
670242
670266
670412
670445
670466
670566
670667
672920
672953
672974
673005
673025
673045
673068
673184
673217
673236
673254
673293
673351
673460
673509
673532
673556
673572
673643
674308
674350
674367
674397
674417
674495
674512
674893
675433
675474
675491
676052
676433
676452
676503
676547
676565
676583
677158
677174
677190
677206
677238
677268
677299
680203
680225
680280
680315
680353
680387
680402
680882
680914
680929
680998
681032
681066
681085
681116
681142
681172
681189
681242
681262
681281
681301
681328
681608
681640
681657
681675
681697
682405
682444
682462
682490
682523
682812
682916
682967
683025
683074
683127
683198
683217
683252
683288
683312
683336
683483
683507
683528
683560
683628
683650
683900
683976
684007
684042
684131
684503
684578
684677
684729
684811
684832
684866
684884
685130
685173
685207
685371
685447
685511
685545
685635
685659
685716
685789
685823
685840
685953
685976
686026
686044
686079
686197
686215
686750
686842
686913
686963
687175
687222
687298
687348
687398
687419
687456
687480
687525
687639
687703
687762
687806
687870
688096
688114
692622
692658
692673
692695
692767
692843
692962
693015
693045
693073
693100
693126
693165
693186
693220
693366
693384
693847
693872
693896
693919
693942
693981
694030
694068
694120
694154
694177
694193
696595
696657
696693
696775
696812
696865
696954
697005
697118
697154
697189
697226
697276
697312
697350
697387
697407
697429
698173
698205
698241
698274
698311
698359
698658
698718
698733
698768
698791
698893
698954
699015
699245
699264
699280
699318
699678
699698
699760
699859
699882
699906
700009
700044
700068
700093
700741
700819
700913
701051
701228
701262
701297
701319
701502
701564
701599
701649
701666
702464
702517
702555
702593
702669
702706
702867
702889
702914
702937
702958
702989
703021
703047
703285
703346
703367
703386
703496
704519
704564
704635
704668
704699
704772
704794
704838
704871
707788
707824
707876
707894
707944
707993
708015
708057
708089
708219
708350
708400
708538
708582
708606
708629
708704
708801
708836
708937
775883
776112
776145
776164
776213
776257
776321
776346
776511
776768
776803
813862
813889
813912
813938
813961
813983
814042
814079
814114
843845
843885
844026
844051
844069
844404
844439
844473
844696
844721
844749
845288
845670
845690
845707
845765
845786
845809
845833
845910
846753
846820
846873
846913
846981
847032
847054
847078
847103
847120
847154
847201
847232
847394
847466
847567
847588
847611
847635
847669
847701
847735
847817
847860
849910
849942
849965
850001
850137
850153
850172
850191
851462
851596
851627
851658
851810
851881
851937
851969
852003
852038
852079
852113
852182
852404
852427
852447
852464
852533
852555
852589
852615
852659
852680
852700
852744
852831
852850
852884
852917
853001
853077
855248
855267
855285
863341
863367
863388
863422
863453
863490
863738
863757
863791
863820
863839
863865
863886
870762
870795
870814
870832
870856
870878
870901
871071
871091
871123
871141
871162
871194
871214
871235
871346
871364
871410
871434
871451
871472
871490
871518
871551
871570
871593
871629
871647
871771
871817
871835
871851
871869
871935
872049
872069
872127
872145
872206
872238
872284
872300
872479
872501
872521
872548
872628
872662
872722
872921
872955
872972
873007
873046
873083
873141
873163
873344
873368
873822
873846
873870
873904
873939
873959
873987
874007
874074
874108
874154
874187
874243
874275
874294
874311
874622
874643
874706
874752
874836
874879
874913
874963
875012
875035
875078
875096
875174
875192
875210
875483
875540
875573
875609
875629
875647
875671
875780
875878
876001
877061
877090
877109
877152
877173
877208
877403
877491
877524
877559
878090
878510
878532
878620
878767
878833
878854
878936
879013
879038
880887
880953
880992
881054
881072
881091
881109
881149
881181
881200
881273
881305
881325
881531
881565
881583
881601
881621
881669
881702
881751
881784
881801
881835
881854
881873
881927
881948
881963
881996
882028
882050
882085
882217
882238
882260
882304
882322
882339
882359
882383
882531
882565
882598
882671
882766
882817
882852
882874
882930
882952
882971
882990
883033
883055
883079
883104
883136
883171
883193
883215
883251
883282
883317
883347
883380
883515
883534
883570
883607
883637
883661
883864
883884
883916
883938
883957
883989
884215
884592
884614
884838
884860
884892
884908
884941
884960
884979
884998
885059
885080
885100
885122
885146
885166
885185
885356
885376
885422
885444
885601
885678
885786
885837
885858
885890
885923
885964
885995
886016
886091
886112
886134
886157
886207
886230
886269
886295
886341
886361
886380
886415
886437
886463
886481
886500
886518
886830
886850
887935
887952
887972
887990
888010
888045
888103
888145
888169
888246
888264
888324
888344
888378
888410
888565
888597
888631
888694
888724
888744
888778
888821
888862
888885
888910
888935
888959
888979
888999
889018
889038
889058
889077
889111
889473
889777
889831
889907
889936
889956
889991
890025
890046
890092
890112
890133
890648
890778
890796
890816
890848
891010
891044
891078
891111
891127
891145
891169
891192
891212
891266
891299
891333
891364
891428
891448
891469
891489
891581
891631
891693
891721
891755
891789
891899
891919
891941
892043
892074
892102
892138
892160
892185
892217
892241
892277
892314
892334
892371
892390
892419
892463
892483
892529
892567
892604
892624
892652
892689
892735
892772
892798
892823
892844
892907
892929
892949
892968
892987
893019
893042
893062
893105
893147
893164
893196
893231
893268
893394
893561
893578
893608
893642
893667
893703
893736
893789
893808
893838
893857
893878
893905
893938
893959
893982
894001
894020
894074
894095
894116
894136
894157
894192
896933
896958
896981
897026
897047
897067
897097
897120
897175
897335
897358
897385
897408
897454
897624
898060
898079
898255
898277
898299
898324
898349
898393
898418
898442
898484
898540
898574
898608
898638
898688
898801
898845
898882
898919
899004
899065
899084
899105
899141
899195
899215
899234
899253
899893
899936
899955
899997
900015
900071
900093
900245
900266
900288
900305
900552
900570
900589
900820
900879
900900
900935
900958
900982
901113
901199
901223
901267
901411
901431
902439
902462
902483
902505
902522
902546
902569
902600
902632
902664
902687
902715
902756
902830
902863
902925
903039
903092
903111
903171
903193
903213
903236
903258
903309
903397
903457
903476
903532
903562
903581
903604
903650
903718
903770
903852
903888
903920
903954
904002
904063
906666
906696
906721
906820
906840
906872
906894
906926
906947
906969
907005
907022
907216
907235
907296
907315
907334
907368
909174
909205
909224
909484
909536
909603
909655
909696
909716
909739
909756
909947
910038
910058
910105
910149
910216
910319
910400
910416
910461
910479
910510
910532
910552
911956
911975
911996
912014
912141
912174
912204
912223
912263
912286
912338
912386
912405
912661
912682
912727
913124
913158
913195
913229
913261
913283
913306
913327
913363
913381
913402
913434
913466
913525
913550
913582
913622
913642
913662
913733
916303
916327
916360
916443
916461
916505
916565
916589
916775
916798
916921
917013
917031
917051
917070
917102
917121
917156
917185
917249
917266
917287
917312
917333
917766
917868
917892
917927
917977
918045
918070
918092
918112
918147
918185
918219
918244
918280
918303
918424
920571
921171
921203
921231
921252
921271
921291
921311
921334
921354
921388
921420
921485
921506
921542
921564
921585
921628
921651
921674
921691
921726
921760
921779
921831
921863
921909
921931
921979
921998
922030
922065
922160
922183
922218
922241
922282
922306
922568
922585
922633
922865
922886
922916
923655
923684
923705
923773
923817
923838
923902
925768
925933
926096
926131
926192
926226
926245
926288
926310
926837
926870
927390
927426
931091
931129
931147
931166
931574
931596
931629
931650
931684
931800
931843
931863
932250
932290
933201
933244
933357
933379
933412
933431
933453
933475
933495
933521
933554
933585
933617
933652
933684
933710
933730
933835
933856
933900
933919
933941
933962
934016
934049
934107
934126
934163
934189
934207
934227
934317
934349
934382
934456
934550
934571
934588
934605
934637
934696
934717
934736
934781
934814
934835
934856
934926
934947
934966
935015
935054
935092
935128
935204
935237
935589
937438
937565
937836
937856
937917
938034
938060
938108
938130
938214
938250
938382
938401
938419
938438
938483
938515
938547
938567
938713
938750
938773
939471
939492
939538
939556
939578
939611
939644
939689
939707
939752
939775
939794
939826
939848
939863
939883
939908
939929
939949
939972
939993
940015
940034
940079
940113
940146
940176
940194
940216
940236
940268
940421
940516
940643
940668
940689
940709
940739
940772
940818
940835
940879
940953
941002
941025
941082
941105
941634
941656
941673
941716
941784
942114
942147
942166
942204
942227
942285
942305
942330
942368
942403
942433
942468
942496
942513
942536
942570
942879
942982
943015
943038
943059
943078
943110
943303
943321
943385
943417
943434
943465
943482
943514
943537
943557
943575
943594
943615
943632
943649
943679
943698
943729
943762
943780
944100
944117
944139
944161
944191
944224
944306
944323
944354
944388
944528
944547
944568
944587
944642
944678
944701
944720
944795
944863
944881
944913
944956
945024
945044
945061
945094
945168
945202
945222
945253
945282
945439
945459
945477
945495
945780
945799
945827
945860
945887
945947
945980
946019
946053
946101
946122
946170
946206
946227
946263
946280
946299
946332
946382
946487
946525
946559
946580
946692
946726
946798
946820
946843
946868
946942
946973
946994
947015
947033
947110
947168
947202
947233
947263
947295
947351
947381
947399
947416
947453
947495
947513
947564
947608
947626
947659
947677
948028
948054
948071
948104
948232
948258
948357
948381
948418
948795
948819
948843
948980
949379
949472
949492
949526
949546
949579
949608
949628
949650
949699
949719
949751
949813
949842
949888
949989
950008
950053
950121
950154
950259
950276
950373
950418
950448
950466
950482
950503
950525
950603
950639
950674
950736
950758
950858
950968
950988
951023
951056
951073
951120
951142
951176
951194
951215
951244
951277
951312
951331
951520
951542
951562
951620
951651
951675
951700
951769
951794
951847
951882
951900
951946
951977
951999
952017
952035
952066
952087
952144
952165
952185
952217
952236
952260
952501
952520
952557
952576
952636
952688
952713
952748
952768
952799
952830
952851
952883
952929
952946
952963
953112
953154
953173
953200
953374
953628
953648
953663
953874
953904
953919
953951
953969
953985
954004
954022
954041
954061
954081
954117
954142
954317
954331
954348
956028
956046
956076
956175
956270
956303
956323
956341
956360
956377
956395
956416
956647
956668
956690
956711
956744
956893
956912
956997
957161
958020
958052
958084
958118
958159
958176
958249
958319
958340
958412
958434
958456
958496
958516
958549
958585
958644
958701
958730
958759
958802
958820
958842
958933
959010
959273
959302
959319
959418
959434
959453
959497
1056946
1057035
1057125
1057148
1057180
1057214
1057260
1057425
1057447
1057490
1057538
1057596
1057617
1057650
1057683
1057703
1057724
1057748
1057771
1057807
1057853
1057932
1057954
1057991
1058999
1059076
1059114
1059155
1059190
1059210
1059232
1059275
1059307
1059350
1059368
1059401
1059432
1059449
1059503
1059561
1059581
1059613
1059635
1059655
1059681
1059710
1059730
1059851
1059918
1059968
1060107
1060499
1060535
1060599
1060616
1060686
1060770
1060789
1060809
1060843
1060868
1060890
1060936
1060959
1060979
1061018
1061039
1061173
1061194
1061213
1061236
1061910
1061931
1061949
1062020
1062056
1062091
1062148
1062192
1062230
1062289
1062363
1062449
1062535
1062556
1062577
1062626
1062670
1062690
1062724
1062752
1062770
1062791
1062810
1062838
1063152
1063526
1063558
1063580
1063599
1063706
1063802
1063946
1064176
1064198
1064229
1064443
1064808
1064829
1064940
1064962
1064980
1064999
1065030
1065050
1065083
1065181
1065212
1065233
1065676
1065989
1066008
1066026
1066045
1066061
1066095
1066129
1066193
1066227
1066249
1067046
1067077
1067102
1067134
1067168
1067215
1067277
1067323
1067393
1067424
1067506
1067526
1067570
1067589
1067611
1067681
1067704
1067725
1068333
1068350
1068890
1068921
1068939
1068959
1068993
1069036
1071429
1071509
1071541
1071610
1071691
1071710
1071742
1071854
1071878
1072282
1072326
1072350
1073132
1073164
1073184
1073219
1073241
1073261
1073346
1073391
1073432
1073451
1073468
1073522
1073553
1073575
1073612
1073658
1073690
1073815
1073859
1073877
1074196
1074309
1074388
1074470
1074488
1074521
1074563
1074592
1074613
1074632
1074730
1074750
1074771
1074804
1074863
1078131
1078164
1078196
1078216
1078235
1078254
1078271
1078292
1078340
1078394
1078413
1078434
1078457
1078480
1078526
1078622
1078655
1078687
1078723
1078753
1078786
1078804
1078835
1078867
1078898
1078961
1079001
1079023
1079053
1079072
1079095
1079130
1079216
1079233
1079288
1079311
1079330
1080193
1080215
1080235
1080346
1080382
1080426
1080973
1081006
1081047
1081080
1081115
1081195
1081225
1081247
1081291
1081306
1081890
1082040
1082542
1082562
1082595
1082629
1082679
1084061
1084199
1084239
1084302
1084321
1084548
1084661
1084679
1084699
1084716
1084846
1084866
1084909
1084954
1085050
1085084
1085132
1085165
1085182
1085232
1085267
1085286
1085304
1085323
1085356
1085376
1085392
1085428
1085518
1085558
1085593
1085615
1085793
1085814
1085915
1085935
1085955
1085988
1086007
1086971
1087006
1087068
1087092
1087116
1087329
1087422
1087671
1087722
1087868
1087949
1087971
1087990
1088008
1088026
1088055
1088089
1088159
1088177
1088236
1088268
1088312
1088356
1088445
1088490
1088524
1089053
1089118
1089304
1089428
1089467
1089505
1089540
1090132
1090446
1090492
1090552
1090587
1090623
1090660
1090680
1090749
1090783
1090805
1090844
1090880
1090995
1091039
1091060
1091081
1091109
1091142
1091160
1091192
1091232
1091253
1091270
1091295
1091535
1091582
1091603
1091634
1091660
1091694
1091731
1091752
1091784
1091813
1091848
1091881
1091899
1091927
1091945
1092023
1092068
1092088
1092117
1092138
1092182
1092238
1092258
1092402
1092425
1092447
1092479
1092501
1092524
1092591
1092802
1092846
1092863
1092882
1092918
1092939
1092974
1093005
1093056
1093077
1093100
1093120
1093140
1093160
1093232
1093541
1093562
1093583
1093667
1093683
1093705
1093726
1093783
1094038
1094064
1094098
1094117
1094138
1094160
1094194
1095507
1095528
1095598
1095664
1097648
1097679
1097758
1097792
1097811
1097841
1098024
1098056
1098077
1098122
1098149
1098200
1098236
1098282
1098302
1098435
1098463
1098511
1098532
1098589
1098608
1098653
1098672
1098722
1098756
1098792
1098811
1098831
1098947
1098970
1098989
1099010
1099032
1099386
1099404
1099434
1099455
1099476
1099500
1099520
1099565
1099596
1099617
1099635
1099658
1099679
1099769
1099789
1099805
1099829
1099883
1099917
1099952
1100021
1100108
1100141
1100161
1100185
1100211
1100241
1100261
1100280
1100678
1101219
1101608
1102169
1102226
1102245
1102339
1102404
1102442
1102461
1102490
1102508
1102531
1102560
1102593
1102643
1102674
1102707
1102729
1102946
1102997
1103033
1103050
1103074
1103152
1103168
1103296
1103312
1103334
1103357
1103403
1103449
1103472
1103504
1103700
1103733
1103891
1103959
1103997
1104773
1104814
1104885
1104933
1104950
1104985
1105013
1105045
1105078
1105142
1105174
1105199
1105221
1105237
1105267
1105281
1105299
1105319
1105374
1105403
1106329
1106362
1106398
1106435
1106471
1106492
1106529
1106605
1106635
1106713
1106746
1106779
1106851
1106907
1106941
1106974
1106993
1108209
1108331
1108352
1108374
1108391
1108433
1108457
1108475
1108493
1108514
1108533
1108551
1108586
1108610
1108630
1108660
1108685
1108707
1108731
1108755
1108776
1108799
1108832
1108856
1108916
1108983
1109003
1109026
1109050
1109071
1109093
1109115
1109138
1109159
1109182
1109201
1109326
1109359
1109383
1109731
1109757
1109883
1109923
1109942
1109963
1110008
1110031
1110050
1110070
1110104
1110139
1110200
1112023
1112047
1112073
1112100
1112118
1112138
1112158
1112193
1112230
1112247
1112270
1112305
1112459
1112477
1112502
1112519
1112610
1112629
1112654
1112691
1112739
1112769
1113063
1113091
1113119
1113171
1113391
1113448
1113466
1113483
1113503
1113523
1113542
1113579
1113594
1113815
1113843
1113875
1113940
1113968
1113999
1114029
1114104
1114151
1114186
1114208
1114285
1114364
1114415
1114476
1114496
1114512
1114564
1114632
1114673
1114701
1114717
1114733
1114751
1114801
1114818
1114835
1114864
1115037
1115100
1115320
1115340
1115368
1115384
1115442
1115494
1115523
1115539
1115601
1115628
1115684
1115701
1115718
1115739
1115761
1116053
1116068
1116084
1116099
1116115
1116133
1116158
1116178
1116209
1116238
1116256
1117054
1117086
1117103
1117119
1117140
1117796
1117831
1117972
1118105
1118123
1118139
1118299
1118333
1118353
1118371
1118403
1118424
1118456
1118476
1118495
1118529
1118650
1118683
1118727
1118760
1118826
1118882
1118903
1118937
1118968
1118988
1119021
1119091
1119111
1119132
1119151
1119172
1119205
1119362
1119512
1119530
1119565
1119587
1119677
1119697
1119713
1119734
1119762
1119805
1119836
1119860
1119881
1119917
1119963
1120019
1120041
1120076
1120151
1120188
1120206
1120250
1120284
1120314
1120334
1120478
1120500
1120532
1120581
1120599
1120616
1120635
1120678
1120698
1120732
1120753
1120773
1120791
1120814
1120846
1120867
1120888
1120924
1120940
1120959
1120981
1121213
1121241
1121288
1121320
1121396
1121414
1121433
1121455
1121473
1121504
1121525
1121590
1121623
1121657
1121702
1121743
1121778
1121812
1121831
1121847
1121867
1121887
1121931
1121967
1121988
1122178
1122199
1122219
1122259
1122290
1122335
1123020
1123039
1123073
1123096
1123202
1123332
1123402
1123438
1123467
1123512
1123557
1123577
1123609
1123629
1123660
1123733
1123815
1123860
1123879
1123908
1123929
1123961
1124008
1124083
1124136
1124224
1124245
1124287
1124382
1124413
1124434
1124551
1124599
1124620
1124679
1124725
1124745
1124945
1125003
1125024
1125056
1125075
1125223
1125241
1125262
1125282
1125351
1125371
1125416
1125436
1125477
1125497
1125535
1125592
1125620
1125663
1125774
1125834
1125879
1125900
1125919
1125950
1125968
1126000
1126017
1126052
1126087
1126106
1126151
1126169
1126190
1126224
1126276
1130976
1131027
1131064
1131096
1131117
1131134
1131187
1131232
1131312
1131347
1132869
1132904
1132936
1132958
1132991
1133008
1133025
1133042
1133062
1133090
1133169
1133189
1133233
1133282
1133316
1133347
1133380
1133412
1133559
1133645
1133684
1133703
1133753
1133792
1133853
1133873
1133950
1134019
1134059
1134077
1134096
1134202
1134236
1134260
1134286
1134305
1134340
1134387
1134404
1136352
1136369
1136385
1136427
1136448
1136466
1136486
1136570
1136614
1136631
1136685
1136707
1136746
1136781
1136933
1136965
1137002
1137062
1137095
1137126
1137146
1137162
1137199
1137220
1137241
1137259
1137288
1137318
1137348
1137393
1137426
1137553
1137593
1139530
1139564
1139655
1139691
1139727
1139758
1139786
1139804
1140067
1140089
1140138
1140157
1140190
1140936
1140979
1141029
1141062
1141077
1141104
1141146
1141170
1141189
1142159
1142190
1142222
1142245
1142347
1142457
1142480
1142501
1142719
1142758
1142797
1142822
1142938
1143073
1143105
1143195
1143219
1143237
1143256
1143302
1143343
1143361
1143390
1143436
1143604
1143779
1143816
1143836
1143858
1143950
1143964
1143995
1144040
1144080
1144098
1144116
1144151
1144229
1144245
1144273
1144293
1144347
1144402
1144420
1144441
1144463
1144493
1144514
1144533
1144588
1144957
1144996
1145030
1145079
1145101
1145122
1145171
1145195
1145216
1145247
1145304
1145321
1145371
1145438
1145537
1145559
1145592
1145651
1145704
1145722
1145952
1145984
1146019
1146036
1146123
1146153
1146192
1146210
1146233
1146323
1146551
1146585
1146609
1146642
1146681
1146800
1147517
1147548
1147637
1147672
1147700
1147718
1147740
1147786
1147820
1147845
1147876
1147928
1148004
1148059
1148091
1148123
1148172
1151446
1151494
1151527
1151569
1151605
1151660
1151697
1151718
1151754
1151776
1153068
1153091
1153125
1153144
1153178
1153323
1153623
1153670
1153703
1153720
1153865
1153899
1153920
1153941
1153964
1154600
1154647
1154753
1154776
1154798
1154840
1154918
1154994
1155176
1155196
1155236
1155288
1155324
1155356
1155376
1155393
1155410
1155464
1155566
1155586
1155605
1155625
1155644
1155690
1155735
1155770
1155802
1155821
1155853
1155896
1155927
1155952
1155982
1156035
1156078
1156162
1156180
1156213
1156232
1156280
1156381
1156400
1156435
1156588
1156638
1156657
1156679
1156703
1156726
1157097
1157131
1157216
1157237
1157395
1157418
1157465
1157499
1157521
1157552
1157604
1157670
1157690
1157708
1157754
1157778
1157802
1157819
1157837
1157903
1157925
1157947
1158124
1158197
1158229
1158263
1158439
1158472
1158491
1158510
1158529
1158563
1158598
1158631
1158650
1158685
1158771
1158790
1158820
1158855
1158878
1158905
1158922
1158953
1159014
1159061
1159097
1159128
1159160
1159192
1159213
1159245
1159278
1159313
1159332
1159351
1159374
1159395
1159426
1159448
1159464
1160697
1160715
1160749
1160782
1160804
1160826
1160846
1160904
1160933
1160995
1161058
1161095
1161117
1161141
1161166
1161200
1161216
1161366
1161482
1161497
1161517
1161613
1161650
1161742
1161776
1161825
1161845
1161868
1162214
1162261
1162340
1162376
1162412
1162439
1162515
1162555
1162599
1162671
1162823
1162842
1162909
1162932
1162970
1163004
1163040
1163089
1163123
1163158
1163206
1163240
1163262
1163286
1163305
1163340
1163361
1163415
1163447
1163472
1163493
1163517
1163730
1163750
1163772
1163817
1163837
1163857
1163923
1163958
1163992
1164024
1164058
1164093
1164127
1164182
1164280
1164315
1164338
1164370
1164391
1164429
1164575
1164603
1164899
1164914
1164935
1164959
1165032
1165051
1165090
1165110
1165128
1165322
1165337
1165358
1165380
1165455
1165478
1165738
1165824
1165853
1165871
1166246
1166306
1166353
1166949
1166986
1167019
1167067
1167114
1167172
1167247
1167336
1167367
1167400
1167447
1167497
1167560
1167593
1167621
1167650
1167692
1167735
1167816
1167832
1167848
1167958
1167979
1168009
1168029
1168046
1168225
1168257
1168290
1169354
1169374
1169406
1169442
1170357
1170420
1170440
1170460
1170493
1170566
1170625
1170642
1170700
1170734
1170767
1170784
1170804
1170836
1170873
1171091
1171130
1171162
1171220
1171249
1171281
1171313
1171344
1171379
1171395
1171429
1171450
1171480
1171525
1171553
1171572
1172495
1172528
1172550
1172579
1172646
1172706
1173105
1173126
1173162
1173183
1173266
1173294
1173500
1173533
1173557
1173595
1173679
1173713
1173774
1173809
1173824
1173853
1173887
1173985
1174071
1174105
1174182
1174199
1174244
1174782
1174838
1174869
1174891
1174911
1175245
1175265
1175313
1175331
1175364
1175407
1175449
1175481
1175501
1175522
1175542
1175564
1175583
1175606
1175626
1175645
1175679
1175693
1175725
1175749
1175773
1175793
1175815
1175836
1175879
1175933
1176003
1176031
1176054
1176073
1176092
1176144
1176162
1176245
1176294
1176373
