â³ 34279,2041|34279,7045|34279,7226|34279,7578|34279,13274|34279,20594|43048,3703|43048,11170
â³ª 34279,25713
âµõ 34279,46627
â¹ 43048,19083
âº 34279,414|34279,1910|34279,3375|34279,6559|34279,10344|34279,13812|34279,15864|34279,20800|34279,29351|34279,34128|34279,41604|34279,51080|43048,176|43048,872|43048,3314|43048,5903|43048,8878|43048,11485|43048,13660|43048,16676|43048,20910|43048,22304|43048,27140
â¼¼æ 19615,1168|26219,6906|50971,2156
â½º 34279,2078|34279,7060|34279,7241|34279,7539|34279,8768|34279,16717|34279,17073|34279,20609|34279,28207|34279,30470|34279,33145|34279,33317|43048,3718|43048,3892|43048,6298|43048,9434|43048,11185|43048,15574|43048,15774|43048,19628|43048,19797
â¾æ³ë½º 34279,473|34279,522|34279,536|34279,585|34279,921|34279,3466|34279,3666|34279,3714|34279,3768|34279,3787|34279,3825|34279,4037|34279,4051|34279,4119|34279,7173|34279,7460|34279,10447|34279,13906|34279,14128|34279,14177|34279,14234|34279,14249|34279,14283|34279,28150|34279,28227|34279,28242|34279,30051|34279,41715|43048,484|43048,533|43048,963|43048,1207|43048,1221|43048,1284|43048,1303|43048,1407|43048,1531|43048,1545|43048,1592|43048,3635|43048,3806|43048,3951|43048,14140|43048,14234|43048,14249|43048,15731
â¾æ³ë½º20 34279,4069
â¾æ³ë½ºµéà 34279,3980|43048,1475
â¾æ³ë½º¹ßåé 34279,604|34279,3806|43048,1322
â¾æ³ë½ººñ 34279,570|34279,3753|34279,4104|43048,1269|43048,1607
â¾æ³ë½ºã 34279,14264|34279,28257
âà 43048,16385|43048,16418|43048,17101|43048,17281|43048,18254|43048,18686|43048,19743|43048,19775|43048,21170|43048,21531|43048,21712|43048,21916|43048,24281|43048,24306|43048,24579|43048,24606|43048,24829|43048,24852|43048,24879|43048,25254|43048,25284|43048,25311
âàå 34279,18542|34279,27463|34279,36121|34279,40975|34279,44678|34279,45276|34279,47486|43048,12438|43048,12938|43048,16765|43048,26677
âàç¾¾¾ñ 19615,4749|19615,4770|19615,5205|19615,5258|19615,7922|19615,7949|26219,3106|26219,3127|26219,10741|26219,10778|34279,19767
âàçáõç 34279,9055|34279,13200|34279,19302|34279,20234|34279,20466|34279,20692|34279,21117|34279,22095|34279,25850|34279,26116|34279,26910|34279,28318|34279,28546|34279,28805|34279,29044|34279,30280|34279,30306|34279,33685|34279,33999|34279,40162|34279,40497|34279,40882|34279,41215|34279,41469|34279,46278|34279,46583|34279,46849|34279,47071|34279,47419|34279,47716|34279,50028|34279,50437|34279,50830|43048,10243|43048,11883|43048,12181|43048,12564|43048,12883|43048,13102|43048,14050|43048,16583|43048,17910|43048,19218|43048,19427|43048,19610|43048,19876|43048,20817|43048,21113|43048,22995|43048,24002|43048,24457|43048,24703|43048,25112|43048,25502|43048,27037
âàì 19615,174|19615,255|34279,27807
âàú¹ì 34279,2318|34279,2706|34279,3559|34279,8264|34279,8284|34279,8535|34279,9266|34279,9701|34279,18106|34279,20559|34279,31135|34279,36148|34279,36401|34279,36924|34279,41018|34279,47158|43048,4389|43048,7267|43048,7853|43048,8248|43048,8699|43048,11982|43048,12489|43048,16152|43048,18630|43048,19318|43048,24544|43048,24594
âàú¹ì2 34279,18594
âàú¹ì¾æá¾ 34279,36660|34279,36940|34279,46692
âàý³ 34279,43454|34279,43774|34279,43921|34279,46403
âá 19615,601|26219,4428|26219,4519|34279,5138|34279,6060
âã 34279,15611|34279,30358|43048,14341
âãßàú 43048,13494
âå 33898,443
âçá 26219,2382|26219,2400|26219,4181|26219,5236|26219,5254|26219,6339
âçø 34279,36621
âè 26219,2502|26219,2563|50971,521|50971,534|50971,6570|50971,6597
âêàç 34279,29121
âñ¾æ 34279,8638
âõ 34279,8492
âøãê 26219,1061|26219,1092|26219,5960|43048,297|43048,1831|50971,3362|50971,3391|50971,3455|50971,3472|50971,4516
âøèæ 26219,4772|26219,6186
âü 34279,13118|34279,25652|34279,25947|34279,26194|34279,26386|34279,26612|34279,26994|34279,27243|34279,30485|34279,30818|34279,34767|34279,49399|34279,49854|34279,50271|34279,50670|34279,51347
âüá 43048,23770
âˆ 38889,1183
