바꾸는 45997,25968
바꾸면서 45997,25257
바꿀 37097,32860
바꿔서 25899,23081|45997,25938
바뀌야 27445,38355
바뀌어 36760,3606|36760,4318
바뀌지 38917,7784
바뀐다 33013,3581|36663,9300
바뀝니다 29127,1679|36663,10359|36663,15682
바늘이 51013,14266
바람을 38161,7483|38161,7502|38161,7554
바람직하지는 25899,22865
바랍니다 42032,348
바렛샤워 24789,10519|24789,11091|24789,12256
바로 21815,34637|21815,35674|27445,37913|36663,11462|38917,4528|43111,22504
바로바로 33645,32270
바르세이트 27445,22199
바바 38161,6669
바바리안타스크 19406,12706|43111,16782
바바리안타스크g 19406,32296
바바코인 19406,21867|23733,7990|23733,9477|26754,7000|26774,7319|31242,821|31242,4394|33119,7341|33119,7656|33119,8081|38917,28269|39826,2477|39826,8010
바바콩가 31242,742|31242,773|31242,791|31242,1829|31242,4311|31242,4341|31242,4371|36663,8206|36760,9266|36760,9786|36993,909|36993,4949|36993,4974|36993,4999|36993,5025|38161,5836|38161,6422|38917,3739|38917,13146|38917,13193|38917,16952|38917,17209|51013,1664|51013,2690|51013,3719|51013,4806|51013,5904|51013,6957|51013,17179|51013,17184
바바콩가아종 31242,2538|31242,2570|31242,2591
바벨 19406,2512|43111,16267
바사루 39470,2420|39470,6209|45766,2383|45766,6224
바사루s가드 26774,14758
바사루s그리브 33119,14736
바사루s레깅스 33119,14851
바사루s레지스트 26754,14802
바사루s메일 26754,14738
바사루s암 26774,14690
바사루s캡 23733,17067
바사루s코트 47038,14359
바사루s폴드 47038,14290
바사루s헬름 23733,16972
바사루u 39470,8488|45766,8471
바사루u가드 26774,19446
바사루u그리브 33119,19388
바사루u레깅스 33119,19505
바사루u레지스트 26754,19305
바사루u메일 26754,19199
바사루u암 26774,19336
바사루u캡 23733,22176
바사루u코트 47038,19143
바사루u폴드 47038,19032
바사루u헬름 23733,22076
바사루x 39470,11673|45766,11693
바사루x가드 26774,26712
바사루x그리브 33119,26766
바사루x레깅스 33119,26864
바사루x레지스트 26754,26722
바사루x메일 26754,26656
바사루x암 26774,26621
바사루x캡 23733,30115
바사루x코트 47038,26281
바사루x폴드 47038,26170
바사루x헬름 23733,30002
바사루가드 26774,4976
바사루그리브 33119,4912
바사루레깅스 33119,5031
바사루레지스트 26754,4772
바사루메일 26754,4671
바사루모스 36663,7725|36663,8137|38161,646|38161,2842|38161,2856|38161,2874|38161,2946|38161,2971|38917,12685|38917,21013|43998,6120|45326,1827|51013,1446|51013,1458|51013,2444|51013,3543|51013,4609|51013,5700|51013,6750|51013,17046
바사루모스등 38917,12147
바사루모스의 19406,36695|38161,2898
바사루배쉬 27445,19080
바사루배쉬g 27445,32299
바사루블로우 27445,18900
바사루암 26774,4876
바사루캡 23733,5149
바사루코트 47038,4733
바사루폴드 47038,4628
바사루헬름 23733,5030
바살복숭아 36993,2033|36993,5938
바스톤헥센 37097,16721
바스톤헥센g 37097,27005
바어력이 36663,10368
바위나 43111,21283
바위는 42032,5405
바이오레이터 37097,17595
바이오레이터g 37097,28780
바이올런스죠 27445,15343
바이올렛버스트 43111,11201
바이올렛시져 21815,20521|49792,5690
바이올렛캐논 43111,10908
바이퍼바이트 33645,7159
바인드큐브 27445,16620
바인드큐브g 27445,31049
바쥬라 33645,2797
바큠스틱 19406,27452|19406,27572
바탕으로 43111,25004
