풀려버리는 36663,1764
풀리고 39470,131|45766,133
풀린다 36663,14946
풀볼티지 19406,14076|43111,14718|43111,14903
풀세대라이트 43111,15127
풀풀 25030,9248|31242,851|31242,880|31242,896|31242,1926|36663,7557|38161,2568|38161,2648|38161,2736|38917,12394|38917,12502|38917,13314|38917,20761|38917,20928|39470,1529|39470,5991|45326,1809|45766,1516|45766,6011|51013,1316|51013,1325|51013,2373|51013,3444|51013,4512|51013,5602|51013,6650|51013,16992|51013,16995
풀풀d 39470,2024|45766,1991
풀풀d가드 26774,4525
풀풀d그리브 33119,4462
풀풀d레깅스 33119,4556
풀풀d레지스트 26754,4309
풀풀d메일 26754,4205
풀풀d암 26774,4425
풀풀d캡 23733,4628
풀풀d코트 47038,4414
풀풀d폴드 47038,4324
풀풀d헬름 23733,4521
풀풀s가드 26774,14314
풀풀s그리브 33119,14274
풀풀s레깅스 33119,14362
풀풀s레지스트 26754,14355
풀풀s메일 26754,14270
풀풀s암 26774,14228
풀풀s캡 23733,16557
풀풀s코트 47038,13881
풀풀s폴드 47038,13776
풀풀s헬름 23733,16447
풀풀u 39470,8341|45766,8329
풀풀u가드 26774,19145
풀풀u그리브 33119,19047
풀풀u레깅스 33119,19156
풀풀u레지스트 26754,19005
풀풀u메일 26754,18920
풀풀u암 26774,19061
풀풀u캡 23733,21842
풀풀u코트 47038,18843
풀풀u폴드 47038,18758
풀풀u헬름 23733,21729
풀풀x 39470,11438|45766,11454
풀풀x가드 26774,26229
풀풀x그리브 33119,26248
풀풀x레깅스 33119,26354
풀풀x레지스트 26754,26302
풀풀x메일 26754,26234
풀풀x암 26774,26137
풀풀x캡 23733,29579
풀풀x코트 47038,25784
풀풀x폴드 47038,25691
풀풀x헬름 23733,29468
풀풀z 39470,12959|45766,12924
풀풀z가드 26774,29199
풀풀z그리브 33119,29309
풀풀z레깅스 33119,29404
풀풀z레지스트 26754,29213
풀풀z메일 26754,29114
풀풀z암 26774,29105
풀풀z캡 23733,32994
풀풀z코트 47038,28768
풀풀z폴드 47038,28664
풀풀z헬름 23733,32884
풀풀가드 26774,3568
풀풀그리브 33119,3488
풀풀레깅스 33119,3591
풀풀레지스트 26754,3336
풀풀메일 26754,3223
풀풀베이비 25030,7271|25030,7340|25030,7415|36760,6191|36760,6227|36760,6263|38917,31963|38917,32005|39826,2436|39826,2445|39826,6444|39826,6453
풀풀보우 25899,9496
풀풀보우ⅰ 25899,9640
풀풀보우ⅱ 25899,9769
풀풀암 26774,3459
풀풀에게는 38917,3490
풀풀열매 36760,2668|36760,6282|36760,8065|36993,4562
풀풀의 19406,36706
풀풀캡 23733,3518
풀풀코트 47038,3573
풀풀폴드 47038,3474
풀풀플룻 27445,16933|35316,4822|35316,10740|45997,8180
풀풀플룻g 35316,4857|45997,22800
풀풀플미넌트 21815,5252
풀풀헬름 23733,3402
풀풀호른 27445,16735|35316,4801|35316,10703|45997,7485|45997,7731
풀풀호른改 27445,16830|35316,4811|35316,10721|45997,7979
