종래대로 36663,4608
종료 31242,3318|38917,1061|38917,1132|38917,1257|38917,1323
종료까지 27445,38030
종료시에 31242,3460|31242,3541|31242,3626
종료에도 45997,25601
종료하면 31242,3298
종류 51013,14631
종류가 24789,40103|37097,31956|42032,543|43111,21216
종말의시 51013,15522
종별 21239,272|21239,565|21239,847|21239,1165|21239,1545|21239,2064|21239,2901|21239,3199|21239,3575|21239,3995|21239,4312|21239,4821|25030,405|25030,1495|25030,2498|25030,3368|25030,4401|25030,5350|25030,6096|25030,6855|25030,7728|31242,597|31242,1695|31242,2383|31242,3856|31242,4748|31242,5364|36760,347|36760,729|36760,1706|36760,2357|36760,3673|36760,4383|36760,5099|36760,5822|36760,6611|36760,7522|36760,8455|36993,276|42032,597|43998,265|43998,494|43998,959|43998,1375|43998,1882|43998,2160|43998,2473|43998,2743|43998,3333|43998,3991|43998,4374|43998,4636|43998,5241
종을 33013,1702
종의 31242,3786
종이 39826,428
종종 36663,1654
종형 49792,12277
