öfrom 32813,350
ögai 37111,90858|37111,91572|37111,91628|37111,117613|37111,117939|37111,118418|37111,118616|50866,3558|50866,11631|50866,11663|50866,18337
ömer 27317,844
österr 37111,137283
österreich 23012,81599|23012,92719
österreichischen 37111,137701
özgör 24286,1169
özkan 24286,1175
özlem 27412,5639
ö²çáö 34279,19958|34279,30859|34279,40453|43048,14750|43048,16994|43048,19566|43048,24945
öº 43048,12981
ö¾¾¾ñ 34279,16006|34279,16133|34279,16249|34279,29533|34279,29677|34279,29830|34279,29979|34279,30121|34279,34316|34279,34464|43048,3558
öà 34279,16771|34279,28218|43048,15622|43048,19865
öàç 34279,32402|50971,7148
öä 34279,20492|43048,13016
öåë 33898,276
