창검가노토토스 21815,15124
창검가노토토스g 21815,31148
창고의 38917,538|38917,581
창공 51013,2535
창공석 51013,14090
창공쌍인 27798,18605
창공앵화의대노 24789,28542
창공의연노 24789,26144
창과 38161,5592
창광석 36993,2117
창앵의대노 24789,9572|24789,19117
창인검가노토토스 21815,15321
창조폐궁i 25899,4924
창조폐궁ⅱ 25899,5129
창조폐궁ⅲ 25899,5293
창화룡 36993,5687|36993,5711|36993,5738|38161,2306|38161,2319|38161,2335
창화룡갑각 19406,20331|21815,11053|21815,18943|23733,13278|24789,9679|24789,9970|26754,11284|26774,11363|33119,11484|38917,20377|47038,10885
창화룡견각 19406,20532|21815,2452|21815,11259|21815,19131|23733,27746|24789,18914|24789,19228|26754,24581|26774,21184|26774,24512|26774,24593|33119,24665|38917,20403|45794,5618|47038,23136|47038,24139
창화룡꼬리 19406,20323|19406,20523|21815,33943|26774,11464|26774,24605|38917,20457
창화룡날개 21815,11268|21815,19139|21815,33244|23733,13252|23733,27759|24789,18940|38917,20511
창화룡비늘 21815,11064|23733,13265|24789,9983|26754,11301|26774,11380|26774,11481|33119,11497|38917,20288|47038,7031|47038,10898
창화룡상린 24789,18927|26754,24593|26774,21055|26774,24524|33119,24677|38917,20323|39826,7694|47038,20149|47038,24127
창화룡인미 19406,20728|21815,10492|38917,20484
창화룡중각 19406,20736|21815,10473|21815,33236|23733,37300|24789,26225|24789,28641|25899,5322|26754,33281|38917,20430|39826,8614|45794,5663|47038,32774
창화룡후린 21815,10245|21815,33935|24789,26238|26754,33298|38917,20350|47038,32782
창휘석 36993,2133
