작성 19406,425|19406,11276|19406,21345|19406,21728|19406,22284|19406,23224|19406,24092|19406,25264|19406,26455|19406,27490|19406,27863|19406,28179|21815,28181|24789,252|24789,4582|24789,7243|24789,10501|24789,14929|24789,16777|24789,21789|24789,27377|24789,32509|25899,288|25899,2110|25899,3523|25899,4452|25899,5795|25899,6447|25899,6921|25899,7947|25899,8885|25899,9534|25899,9884|25899,11169|25899,11980|25899,12662|25899,13145|25899,14121|25899,14607|25899,15116|25899,15461|25899,15803|25899,16267|25899,16610|25899,17572|25899,17786|25899,18069|27445,413|27445,11819|27445,20700|27445,21865|27445,23069|27445,24311|27445,25354|27445,26269|27445,27006|27445,27563|27445,27916|27445,28413|27445,28959|27445,29267|27798,24427|33645,419|33645,9194|33645,16991|37097,256|37097,2669|37097,5121|37097,7864|37097,11190|37097,12774|37097,16112|37097,20352|37097,25504|45794,68|45997,424|45997,4204|45997,5721|45997,7528|45997,9360|45997,10794|45997,11863|45997,12643|45997,13933|45997,15218|45997,16189|45997,17370|45997,18216|45997,18774|45997,20044|45997,20625|45997,21200|45997,21673|45997,22054|49792,905|49792,7479|49792,12428|49792,12853|49792,13365|49792,14664|49792,15704|49792,17046|49792,17860|49792,18545|49792,19017|49792,19546|49792,20369|49792,20926|49792,21326|49792,21711|49792,22131|49792,22783
작성가능 21815,415|21815,8552|21815,21354|21815,22092|21815,22972|21815,24012|21815,24560|21815,24907|21815,26152|21815,27354|21815,27706|27798,416|27798,3858|27798,8114|27798,9964|27798,10968|27798,13045|27798,13783|27798,14586|27798,15244|27798,15874|27798,16898|27798,17244|27798,18027|27798,18803|27798,19779|27798,20022|27798,20587|27798,21010|27798,21645|27798,22321|27798,23020|27798,23918|27798,24149|33645,18409|33645,19637|33645,20669|33645,21231|33645,21574|33645,21915|33645,22822|33645,23599|33645,24719|33645,25122|33645,25746|43111,534|43111,4076|43111,7842|43111,11483|43111,12550|43111,13394|43111,13982|43111,14349|43111,14759|43111,15483|43111,16244|43111,16759|43111,17285|43111,17789
작성된 29127,3843
작성한 38917,459
작업 38161,46
작에서는 51013,12008
작열 51013,2460
작은 19406,35607|19406,36365|25899,23009|28259,2840|28259,6254|36663,15727|37097,32322|37097,32413
작은통 21033,1259|21033,5750|21239,4384|21239,4407|21239,4478|21239,4517|25030,4324|29127,735|29127,3591|29127,5781|36760,1066|36760,1087|36760,1108|38917,4206|43998,4188|43998,4200|43998,5540|43998,5563
작은통폭탄 21033,1253|21033,1288|21033,1480|21239,1114|21239,4430|25030,2756|25030,4633|25030,5175|29127,267|29127,2870|29127,5915|33013,4674|36663,8933|36760,1137|36760,5629|36760,8324|38917,4231|38917,4288|42032,3575|43998,3062
작은통폭탄g 21033,1281|25030,2767|33013,4708|36993,1351|36993,1544|38917,4338
작은통폭탄으로 45326,10362
작은통폭탄이외에 36663,9059
작을 28259,7392
작품의 28259,5335
