식권 42032,7895
식권은 42032,7769
식물 51013,14348
식사 23733,359|23733,6291|23733,6358|23733,7603|23733,8730|23733,12432|23733,12507|23733,13896|23733,14405|23733,14475|23733,18516|23733,18585|23733,25912|23733,25981|23733,26552|23733,31759|23733,31828|23733,32639|23733,32693|23733,35868|23733,35937|23733,36262|23733,36327|26754,375|26754,5719|26754,6786|26754,7248|26754,10573|26754,10640|26754,12148|26754,12220|26754,16024|26754,20540|26754,22821|26754,22889|26754,23461|26754,28151|26754,28897|26754,28951|26754,32018|26754,32086|26754,32359|26754,32422|26774,5993|26774,6058|26774,7111|26774,10660|26774,10733|26774,11831|26774,12284|26774,12354|26774,16030|26774,16097|26774,22847|26774,22914|26774,28148|26774,28889|26774,28943|26774,31857|26774,31970|26774,32258|26774,32321|33119,6087|33119,7122|33119,10760|33119,10833|33119,12428|33119,12499|33119,16121|33119,20677|33119,22945|33119,23012|33119,28253|33119,28313|33119,29066|33119,29135|33119,32164|33119,32224|33119,32523|33119,32586|42032,482|42032,7773|45326,9425|45794,4709|45794,4757|45794,4906|45794,4953|45794,5012|47038,437|47038,5708|47038,6744|47038,6818|47038,10135|47038,10209|47038,11331|47038,11823|47038,11931|47038,15643|47038,20050|47038,22365|47038,22433|47038,23002|47038,27639|47038,28427|47038,28495|47038,31473|47038,31534|47038,31800|47038,31863
식사계 42032,58
식사계1마리 42032,600|42032,1373
식사계2마리 42032,607|42032,1380
식사계3마리 42032,614|42032,1387
식사계4마리 42032,621|42032,1394
식사계5마리 42032,628|42032,1401
식사를 42032,7857
식사를10회 42032,7673
식사술 42032,5000|42032,6291|42032,6743|42032,7342
식사효과와는 36663,6538
식으로 43111,21176
식의 21815,35777|43111,22601
식재료의 42032,538
식재알람 42032,588
식칼 33645,5385
식한주 33013,7832|45794,4858
