해가 38161,7813
해고 36663,10412
해고하거나 36663,10430
해금 33013,6892
해당 33013,3415|33013,4599
해당됩니다 51013,17679
해당없음 36663,12849
해도 21815,35489|31242,3759|33013,11744|36663,13236|43111,21767|43111,25887|45326,5034|51013,17537
해독 35316,1952|35316,1994|35316,4520|35316,5156|35316,5386|35316,5579|35316,7840|35316,10918|35316,11208|38917,6314|45997,1833|45997,2157|45997,3898|45997,4446|45997,5844|45997,9447|45997,17616|45997,22792|45997,23902|45997,24291
해독약 21033,222|29127,416|29127,4963|36760,4207|36760,5246|36760,5733|38917,774|39826,2576|39826,6059|43998,2618
해독적 21033,2095|38917,5955|39826,1863|39826,6226|39826,9504
해독적과 36663,6656
해독초 21033,226|21033,5593|21033,5848|29127,1929|29127,2321|29127,2967|29127,3442|29127,4101|33013,1848|33013,2021|33119,8612|36760,1776|36760,1798|36760,1881|36760,1902|36760,2427|36760,2449|36760,2462|36760,2584|36760,2605|36760,3898|36760,3911|36760,4799|36760,4820|36760,4841|36760,5169|36760,5190|36760,5211|36760,7999|36760,8012|38917,6264|39826,4998|42032,4467|43998,2048|43998,2052|43998,2056|43998,3098|43998,4072|43998,4085|43998,4295
해독피리 36663,6619|36663,12664|36663,12703
해독확률이 42032,4477
해머 27445,23|27445,36160|38917,27838|38917,28068|45326,5666|45326,5731|51013,9946
해머가 33013,3536
해머나 45997,26119
해머는 33013,3411
해머로 33013,3489
해머로부터 45997,654|45997,4253|45997,5768|45997,7563|45997,12692
해머를 33013,3567|51013,9957
해머의 31242,5660|45326,2800
해머파생 45997,9297
해멸창아비스 43111,9609
해방 51013,11859
해배고픔 42032,3274|42032,3339|42032,5749|42032,6121|42032,6164|42032,6203|42032,6240|42032,6278|42032,6317|42032,6891
해버리면 36663,13564
해보는 36663,12908
해비보우건 37097,31488|51013,10095
해비보우건을 51013,10109
해비보우건의 31242,5956
해빙제 21033,888|25030,5039|36993,488|38917,1519|39826,1461|39826,1842
해서 21815,35388|25899,23221|25899,23495|36663,4787|36663,4806|38917,33448
해서는 27445,37533
해설 45997,25295
해신창리바이아산 43111,9363
해야 36663,10486|45326,10407|51013,17416
해야지 33645,32285
해야한다 37097,32187
해왕창레비아탄 43111,9132
해적j 39470,9262|45766,9225
해적j글러브 26774,21379
해적j로져 23733,24452
해적j부츠 33119,21514
해적j소드 49792,22160
해적j슈트 26754,21372
해적j스커트 47038,20984
해적j쟈켓 26754,21441
해적j캐논 37097,19963
해적j커프스 26774,21492
해적j코일 47038,20920
해적j티켓 23733,24389|26754,21414|26774,21422|33119,21551|38917,30273|39826,821|47038,20957
해적j티켓g 37097,20035|38917,30326|39826,1080|49792,22288
해적j팬츠 33119,21578
해적j헷 23733,24349
해제 24789,39735|37097,31721
해주고 43111,21441
해주는것이 25899,23565
해줄수 45997,25880
해줍니다 36663,586|36663,1185
해체술 42032,3283|42032,3348
해체술이 42032,5761
해체의철인 42032,4326|42032,5953|42032,6904|42032,7438
