신가 35316,6415|35316,9745|45997,16023
신경쓰지 43111,21970
신경쓰지말고 43111,21395
신경쓸 28259,3997
신뇌 51013,7071
신락 49792,1364
신룡の厚麟 27445,6056
신룡강인익 19406,27368|19406,27410|21815,23871|21815,23921|25899,14000|25899,14043|27798,16769|27798,16810|33645,20554|38917,21851|43111,12461|45794,6187|45997,15089|45997,15136|47038,27311|49792,15570|49792,15614
신룡꼬리 19406,27139|19406,27176|38917,21720|39826,9016|43111,12190|43111,12235
신룡미극 23733,18296|33645,20331|33645,20365|38917,21772|45997,14816|49792,15362
신룡상린 21815,23664|23733,18303|24789,15029|26754,15834|26774,15811|27445,25010|27445,25047|27798,16555|27798,16592|33119,15891|33645,20314|33645,20358|37097,11286|38917,21581|43111,12245|45794,6052|47038,15398
신룡연수 19406,27201|19406,27386|21815,23704|21815,23890|23733,18310|24789,15065|25899,13883|25899,14018|26774,33660|27445,25057|27445,25249|27798,16602|27798,16787|33645,20338|33645,20605|37097,11311|38917,21930|43111,12200|43111,12479|45794,6244|45997,5416|45997,14865|45997,15108|45997,23885|49792,15399|49792,15597
신룡예아 19406,27156|19406,27193|24789,15053|25899,13837|26754,15883|26774,15823|27798,16565|33119,15903|38917,21878
신룡인미 19406,27361|19406,27403|38917,21746|39826,4548|43111,9712|43111,12417|43111,12469
신룡인익 19406,27146|19406,27183|21815,23647|21815,23686|25899,13827|25899,13867|27798,16548|27798,16585|38917,21825|39826,4561|43111,12183|43111,12228|45794,6154|45997,14806|45997,14855|47038,15410|49792,15345|49792,15382
신룡중미극 23733,31325|27445,25285|33645,20542|33645,20586|38917,21798|45997,15100|49792,15589
신룡중아 19406,27379|24789,27778|25899,14011|25899,14051|26754,27881|26774,27775|27445,25242|27445,25275|27798,16829|38917,21904|43111,2027
신룡천린 19406,27429|21815,23940|23733,31350|24789,27790|25899,14061|27445,25293|27798,16836|33119,27867|33119,34067|33645,20562|37097,20760|38917,21640|39826,9238|43111,12435|45997,15154|49792,15634
신룡호혹모 26774,27760
신룡호흑모 21815,23879|24789,27765|24789,38457|25899,13992|26754,27820|27445,25224|27445,25266|27445,33796|33119,27852|33645,20597|37097,20747|38917,21693|45794,5407|45997,15081|45997,15127|49792,15578|49792,15622
신룡후린 19406,27421|21815,2687|21815,23929|23733,31338|24789,24508|25899,14035|26754,27832|26774,27768|27445,25232|27798,16777|27798,16819|33119,27860|33645,20535|33645,20579|37097,20734|38917,21614|39826,4725|39826,8860|43111,12424|45997,15144|47038,27304
신룡흑모 21815,23654|21815,23693|24789,15041|25899,13820|25899,13860|26754,15823|26774,15799|27445,25003|27445,25039|33119,15879|33645,20321|33645,20375|37097,11299|38917,21667|39826,4556|45794,5363|45997,14799|45997,14848|49792,15352|49792,15389
신비의기면 21033,5384|36993,2007|36993,5386
신빙 49792,19804|49792,25248
신섬 24789,21465
신섬g 24789,37749
신속하게 43111,23042
신식주 45794,5008
신용목 25899,19316|27798,13438|27798,13476|33013,7626|33013,7801|33013,9965|33013,10081|33013,10702|33013,11488|33013,11583|38917,26032|39826,2321|39826,5311|39826,6357|43111,12864|43111,19461|45794,4191|45997,15618|45997,18480|45997,24872|49792,19862|49792,20301
신용태 25899,14857|27798,13447|33013,6654|33013,6820|33013,8326|33013,8463|33013,9118|33013,10657|38917,25949|39826,2275|39826,4009|39826,6311|39826,7882|43111,12870|45997,15624|45997,24881|49792,19868|49792,25392
신의변덕 39470,4686|39470,10416|45326,6677|45766,4686|45766,10465
신이되어 51013,15790
신인 51013,227
신장 38161,7321|43111,13238
신장과 38161,282|38161,312
신장보다 38161,1456
신장의 38161,3090
신중 36663,5202|36663,12650
신중한 36663,4831
신참 49792,20222
신호주 45794,5473
