디그리베그 21815,25994
디디기 43111,22408
디스티아레 37097,22406
디스티해더 37097,14556
디시젼 21815,2791|49792,19046
디아 21239,5757|38917,30234
디아브로 39470,3015|39470,6964|45766,3007|45766,6982
디아브로d 39470,3164|45766,3150
디아브로d가드 26774,6657
디아브로d그리브 33119,6562
디아브로d레깅스 33119,6684
디아브로d레지스트 26754,6305
디아브로d메일 26754,6188
디아브로d암 26774,6558
디아브로d캡 23733,7017
디아브로d코일 47038,6198
디아브로d코트 47038,6299
디아브로d헬름 23733,6900
디아브로s가드 26774,16367
디아브로s그리브 33119,16276
디아브로s레깅스 33119,16387
디아브로s레지스트 26754,16269
디아브로s메일 26754,16182
디아브로s암 26774,16281
디아브로s캡 23733,18880
디아브로s코일 47038,15824
디아브로s코트 47038,15908
디아브로s헬름 23733,18767
디아브로u 39470,8791|45766,8763
디아브로u가드 26774,20060
디아브로u그리브 33119,20017
디아브로u레깅스 33119,20131
디아브로u레지스트 26754,19928
디아브로u메일 26754,19818
디아브로u암 26774,19947
디아브로u캡 23733,22904
디아브로u코일 47038,19503
디아브로u코트 47038,19612
디아브로u헬름 23733,22791
디아브로x 39470,12559|45766,12555
디아브로x가드 26774,28413
디아브로x그리브 33119,28488
디아브로x레깅스 33119,28586
디아브로x레지스트 26754,28434
디아브로x메일 26754,28338
디아브로x암 26774,28321
디아브로x캡 23733,32124
디아브로x코일 47038,27885
디아브로x코트 47038,27977
디아브로x헬름 23733,32012
디아브로z 39470,13351|45766,13321
디아브로z가드 26774,30033
디아브로z그리브 33119,30137
디아브로z레깅스 33119,30240
디아브로z레지스트 26754,30042
디아브로z메일 26754,29922
디아브로z암 26774,29928
디아브로z캡 23733,33887
디아브로z코일 47038,29536
디아브로z코트 47038,29653
디아브로z헬름 23733,33775
디아브로가드 26774,6330
디아브로그리브 33119,6244
디아브로레깅스 33119,6312
디아브로레지스트 26754,5937
디아브로메일 26754,5867
디아브로스 31242,1366|31242,1398|31242,1418|31242,2193|36663,8066|38161,587|38161,3672|38161,4048|38917,22284|43111,24376|45326,1820|51013,1418|51013,1430|51013,2420|51013,3517|51013,4584|51013,5674|51013,6725|51013,17021
디아브로스등 25899,22647|38917,12631|38917,13335
디아브로암 26774,6248
디아브로캡 23733,6654
디아브로코일 47038,5857
디아브로코트 47038,5954
디아브로헬름 23733,6540
디아블로코인 23733,9365|27445,27154|31242,1408|33119,20665|38917,28485|39826,2604|39826,8147|47038,23334
디아솔테 39470,9194|45766,9155
디아솔테가드 26774,21310
디아솔테그리브 33119,21336
디아솔테레깅스 33119,21453
디아솔테레지스트 26754,21302
디아솔테메일 26754,21232
디아솔테암 26774,21194
디아솔테에로우 25899,17899
디아솔테캡 23733,24278
디아솔테코일 47038,20735
디아솔테코트 47038,20851
디아솔테헬름 23733,24168
디오라 21815,25776
디펜더 21815,6411
