마구 36663,15097
마구경단 21033,1652|38917,5094
마구로계만 38917,5115
마그마 51013,3906
마다 36663,9332|39826,199|39826,294|42032,7733|45326,6174
마련하는게 43111,21139
마리린몬시로 36993,3342
마리수 42032,7884
마리씩 51013,14038
마린피셔 43111,8514
마린피셔g 43111,19008
마병주 45794,3942
마비 19406,8328|19406,8502|19406,18594|19406,18724|19406,18893|19406,19091|19406,29573|19406,30099|21815,5370|21815,5526|21815,5704|21815,5894|21815,6185|21815,29783|23733,399|23733,1436|23733,1545|23733,1777|23733,1880|23733,2352|23733,2465|23733,3809|23733,3924|23733,6403|23733,6507|23733,14005|23733,14722|23733,14817|23733,14880|23733,14984|23733,15453|23733,15563|23733,20756|23733,20863|23733,29505|23733,29615|23733,29871|23733,29976|24789,419|24789,683|24789,985|24789,1282|24789,1568|24789,1860|24789,2144|24789,2432|24789,2710|24789,2998|24789,3283|24789,3552|24789,3836|24789,4124|24789,4403|24789,4800|24789,5086|24789,5373|24789,5656|24789,5937|24789,6216|24789,6498|24789,6787|24789,7064|24789,7467|24789,7765|24789,8054|24789,8334|24789,8622|24789,8906|24789,9183|24789,9476|24789,9790|24789,10082|24789,10322|24789,10712|24789,10995|24789,11286|24789,11584|24789,11871|24789,12160|24789,12448|24789,12730|24789,13019|24789,13314|24789,13607|24789,13894|24789,14182|24789,14473|24789,14750|24789,15135|24789,15432|24789,15720|24789,16010|24789,16297|24789,16598|24789,17002|24789,17302|24789,17591|24789,17873|24789,18161|24789,18451|24789,18733|24789,19021|24789,19338|24789,19628|24789,19908|24789,20200|24789,20504|24789,20792|24789,21086|24789,21369|24789,21610|24789,22009|24789,22296|24789,22587|24789,22873|24789,23164|24789,23456|24789,23746|24789,24035|24789,24313|24789,24613|24789,24909|24789,25194|24789,25474|24789,25759|24789,26048|24789,26332|24789,26620|24789,26909|24789,27197|24789,27586|24789,27871|24789,28163|24789,28446|24789,28750|24789,29040|24789,29319|24789,29610|24789,29900|24789,30206|24789,30492|24789,30778|24789,31074|24789,31364|24789,31695|24789,31974|24789,32266|24789,32715|24789,33007|24789,33307|24789,33600|24789,33894|24789,34186|24789,34468|24789,34755|24789,35041|24789,35333|24789,35620|24789,35908|24789,36200|24789,36490|24789,36785|24789,37077|24789,37369|24789,37653|24789,37933|24789,38238|24789,38542|24789,38831|24789,39119|24789,39405|25899,365|25899,474|25899,594|25899,775|25899,922|25899,1142|25899,1312|25899,1494|25899,1683|25899,1955|25899,2188|25899,2296|25899,2417|25899,2594|25899,2733|25899,2956|25899,3124|25899,3374|25899,3603|25899,3712|25899,3836|25899,4007|25899,4150|25899,4310|25899,4534|25899,4650|25899,4767|25899,4896|25899,5095|25899,5258|25899,6532|25899,6657|25899,6794|25899,7003|25899,7123|25899,7248|25899,7376|25899,7575|25899,7796|25899,8603|25899,8753|25899,8969|25899,9090|25899,9219|25899,9400|25899,9620|25899,9747|25899,10676|25899,10873|25899,11029|25899,13773|25899,13946|25899,14212|25899,14342|25899,14476|25899,14691|25899,14805|25899,14936|25899,15546|25899,15668|25899,15886|25899,16009|25899,16135|25899,18149|25899,18270|25899,18391|25899,18517|25899,18642|25899,18767|25899,18888|25899,19012|25899,19269|25899,20012|26754,415|26754,1378|26754,1491|26754,1712|26754,2224|26754,2334|26754,3623|26754,5769|26754,11790|26754,12469|26754,12579|26754,12639|26754,12745|26754,13310|26754,13425|26754,18094|26754,26270|26754,26549|26754,32287|26774,404|26774,1433|26774,1553|26774,1828|26774,2371|26774,2483|26774,3850|26774,6101|26774,11935|26774,12590|26774,12695|26774,12754|26774,13382|26774,18248|26774,26172|26774,26265|26774,26499|26774,26588|26774,32186|27445,2833|27445,3021|27445,3227|27445,16410|27445,16560|27445,23110|27445,23230|27445,23403|27445,23563|27445,23733|27445,23943|27445,30987|27445,33459|27445,33635|27445,38006|27798,13367|27798,13627|27798,20618|27798,20786|28259,4595|33119,405|33119,1413|33119,1517|33119,1884|33119,3878|33119,6143|33119,12039|33119,12745|33119,12852|33119,12913|33119,13444|33119,18196|33119,26285|33119,26391|33119,26645|33119,26735|33119,32469|33645,7102|33645,7273|33645,17032|33645,17138|33645,17270|33645,17422|33645,20849|33645,21006|33645,25480|33645,26429|33645,28510|33645,30951|36663,7516|36663,7795|36663,12319|36663,12526|36663,15614|37097,435|37097,740|37097,1038|37097,1318|37097,1598|37097,1887|37097,2184|37097,2481|37097,2888|37097,3183|37097,3473|37097,3767|37097,4052|37097,4353|37097,4645|37097,4933|37097,5340|37097,5628|37097,5916|37097,6204|37097,6494|37097,6792|37097,7079|37097,7375|37097,7676|37097,8092|37097,8362|37097,8650|37097,8947|37097,9238|37097,9542|37097,9844|37097,10144|37097,10429|37097,10718|37097,11002|37097,11396|37097,11692|37097,11993|37097,12293|37097,12586|37097,12994|37097,13286|37097,13570|37097,13866|37097,14167|37097,14454|37097,14743|37097,15027|37097,15323|37097,15622|37097,15924|37097,16326|37097,16619|37097,16914|37097,17204|37097,17493|37097,17793|37097,18092|37097,18389|37097,18681|37097,18985|37097,19277|37097,19559|37097,19861|37097,20151|37097,20558|37097,20845|37097,21146|37097,21436|37097,21726|37097,22013|37097,22304|37097,22600|37097,22903|37097,23196|37097,23488|37097,23788|37097,24077|37097,24370|37097,24663|37097,24951|37097,25252|37097,25722|37097,26017|37097,26316|37097,26609|37097,26903|37097,27202|37097,27499|37097,27793|37097,28095|37097,28388|37097,28678|37097,28980|37097,29282|37097,29588|37097,29886|37097,30176|37097,30470|37097,30763|37097,31068|37097,31368|42032,3639|43111,12591|43111,12747|43111,12915|43111,13161|43111,19320|45326,1470|45326,1505|45326,1535|45326,10836|45326,10944|45794,336|45794,391|45794,483|45794,533|45794,571|45997,15252|45997,15469|45997,15665|45997,15933|45997,24694|47038,563|47038,1541|47038,1654|47038,1875|47038,2366|47038,2474|47038,5759|47038,11439|47038,12315|47038,12934|47038,17828|47038,17936|47038,25727|47038,25820|47038,26052|47038,26146|47038,31744|49792,19588|49792,19737|49792,19906|49792,20146|49792,25267
마비감소 39470,780|39470,7925|39470,14506|45326,1500|45766,813|45766,7924
마비강화 25899,6495|25899,6620|25899,6757|25899,14900|25899,18730
마비고기 21033,941|29127,1834|29127,2894|29127,4565|38917,2397
마비낭 19406,18700|21815,5485|23733,15502|25899,6853|25899,18829|26774,8977|26774,21906|26774,30975|27445,23207|27445,33597|33645,7409|38917,12188|39826,3919|45794,551|47038,13017
마비무효 35316,2922|35316,5854|35316,8481|39470,1022|39470,5370|39470,5590|39470,11464|45326,1476|45326,2080|45766,830|45766,1060|45766,5367|45766,5593|45766,11480|45997,11089|45997,11580|45997,23366
마비배가 39470,722|39470,1778|39470,3006|39470,5331|39470,11641|45326,1529|45766,756|45766,1753|45766,2998|45766,5308|45766,11684
마비버섯 21033,949|21033,2255|21033,3266|21033,3625|21033,3775|23733,7481|25030,2876|25030,2901|25030,2923|25899,19711|28259,4325|29127,2643|29127,3998|33013,5690|33013,5695|33013,5700|36760,2052|36760,2090|36760,2120|36760,3799|36760,5418|36760,5528|36760,5555|36760,5592|36760,8716|36760,8763|38917,6714|39826,9059|43998,2557|43998,3144
마비병 21033,3618|25899,19688|29127,921|29127,5879|36760,5652|38917,11635|45794,3990|45794,4055
마비병이 45326,4075
마비병이나 25899,23122
마비병추가 26754,32429|26774,32328|33119,32593|45326,4060|45326,4069|45766,14567|45794,3946|45794,4009|47038,31870
마비상태로 36663,7544|38917,11660
마비상태일때는 45326,5871
마비시키는 38917,4098
마비에 38917,2428|43111,22174|45326,1481
마비적치 25899,19701
마비축적치 28259,4306|28259,4364|28259,4985
마비탄 21033,3257|21033,3292|28259,4285|28259,4345|29127,320|29127,5273|38917,11186|38917,11221
마비탄lv1 37097,33366
마비탄lv2 37097,33487
마비투척나이프 21033,2241|38917,31357
마비함정 21033,1619|29127,4441|36663,11753|36993,410|38917,4069|39826,1228|39826,3380|39826,5806|39826,7053|45326,8544|45794,4683
마비함정술 36663,8857
마비함정와 38917,31017
마비함정을 36663,8881
마스크 51013,10719
마스터 51013,533
마스터백파이프 35316,4593|45997,5311
마스터버그 33645,2581
마스터베이글 42032,1076
마스터블레이드c 33645,21410
마스터블레이드g 33645,31264
마스터블레이즈 21815,2584
마스터세이버 27798,1831
마스터오딧세이 33645,2102
마스터으로부터 38917,8847
마스터하면 43111,24225
마스터한 51013,14491
마스터해야 43111,24155
마시면 51013,15102
마신 35316,1652
마왕 21239,5754|38161,3831|38161,3893|38917,30231
마왕티켓 23733,24212|26754,21275|26774,21236|33119,21380|38917,30248|39826,803|47038,20778
마을 29127,95|29127,1603
마을에서는 29127,1701|29127,2225
마을의 38917,32931|51013,15969
마음에 36663,10985
마음을 51013,13226
마이너스 27798,29445|45326,2816
마이너스의 25899,20197
마일드허브 42032,912
마자 36663,2168
마주치기 37097,33113
마지나리오카리나 35316,7804|35316,10861|35316,11008|35316,11138|45997,2002
마지나이램프 24789,18547
마지막 27445,37125|38161,7075
마진오카리나 35316,7819|35316,10883|35316,11030|35316,11152|45997,2285
마진의램프 24789,30302
마천루 19406,25598
마치고 29127,1666|42032,147
마친 51013,14515
마친다 51013,16198
마카라이트 39826,3370
마카라이트곡괭이 36663,5479
마카라이트광석 19406,904|19406,944|19406,1094|19406,1271|19406,2584|19406,5801|19406,6325|19406,6937|19406,7473|19406,7875|19406,8444|19406,8811|19406,12348|19406,14318|19406,14847|19406,14888|19406,29014|21033,1803|21033,3906|21033,4403|21033,4418|21239,2534|21239,2622|21239,4902|21239,4995|21239,5142|21815,763|21815,911|21815,1119|21815,1988|21815,2045|21815,4734|21815,6465|21815,6599|21815,6745|21815,6965|21815,7342|21815,14825|21815,28846|23733,818|23733,2006|23733,2946|23733,3654|23733,5083|23733,5200|23733,5338|23733,6067|23733,6260|23733,8168|23733,13108|23733,13934|23733,14026|23733,14140|23733,15987|23733,19441|23733,22163|23733,22264|24789,1196|24789,2058|24789,2914|24789,3199|24789,3479|24789,4726|24789,5013|24789,7981|25030,1909|25030,1943|25030,1995|25030,2594|25030,3630|25030,3682|25030,3935|25030,3998|25030,5484|25030,5546|25030,7258|25899,839|25899,1065|25899,10030|26754,1759|26754,1832|26754,1897|26754,2415|26754,2556|26754,2897|26754,3211|26754,3471|26754,3793|26754,4193|26754,4723|26754,5574|26754,5994|26754,6060|26754,6270|26754,6431|26754,8729|26754,8832|26754,11836|26754,12900|26754,17796|26754,18593|26754,19274|26774,1999|26774,2557|26774,3341|26774,3699|26774,4396|26774,4927|26774,5789|26774,5962|26774,6138|26774,6226|26774,11411|26774,11512|26774,11869|26774,11956|26774,12101|26774,13149|26774,13883|26774,16926|26774,18739|26774,19415|27445,901|27445,1098|27445,2366|27445,5107|27445,5152|27445,9197|27445,10045|27445,10230|27445,10429|27445,10626|27445,16513|27445,18188|27445,30086|27445,32557|27798,562|27798,593|27798,756|27798,924|27798,1091|27798,1312|27798,3361|27798,11339|27798,19710|27798,20157|27798,21188|33013,3725|33013,3766|33013,3861|33013,3961|33013,3996|33013,6314|33119,2060|33119,3242|33119,3543|33119,3737|33119,3899|33119,4516|33119,4965|33119,5230|33119,5673|33119,5870|33119,6232|33119,6354|33119,6633|33119,8497|33119,9364|33119,11973|33119,12776|33119,19474|33645,793|33645,1010|33645,1616|33645,2396|33645,5996|33645,18121|33645,25915|36760,3069|36760,5911|36760,5957|36760,6014|36760,8180|36760,8228|36760,8271|37097,1508|37097,1810|37097,2788|37097,3093|37097,4275|38917,7991|38917,9591|38917,9674|39826,1284|39826,4965|39826,5070|39826,5173|39826,5231|39826,5251|39826,5272|39826,5338|43111,4240|43111,4451|43111,4610|43111,4778|43111,6909|43111,8026|43111,8638|43998,2837|43998,2897|43998,4730|43998,5313|43998,5411|45794,9047|45997,4419|45997,4469|45997,4665|45997,4940|45997,7858|45997,11015|45997,11055|45997,11253|45997,11560|45997,11794|47038,2046|47038,2628|47038,2791|47038,4680|47038,5296|47038,6494|47038,11369|47038,11586|47038,12583|47038,12708|47038,17422|47038,18329|47038,19112|49792,1062|49792,1093|49792,1270|49792,1423|49792,1575|49792,1759|49792,7855|49792,7989|49792,10800
마카르파 39470,3618|45766,3602
마카르파u 39470,10236|45766,10296
마카르파u나쥬와 47038,23683
마카르파u블랑쉬 23733,27272
마카르파u슬립 26774,24000
마카르파u에카이유 26754,24119
마카르파u코일 47038,23599
마카르파u파르뮤 33119,24241
마카르파u파바트 26774,24074
마카르파u팬츠 33119,24110
마카르파u페프람 26754,24043
마카르파u후드 23733,27163
마카르파z 39470,14792|45766,14830
마카르파z나쥬와 47038,32482
마카르파z블랑쉬 23733,37018
마카르파z슬립 26774,32858
마카르파z에카이유 26754,33034
마카르파z코일 47038,32383
마카르파z파르뮤 33119,33184
마카르파z파바트 26774,32951
마카르파z팬츠 33119,33091
마카르파z페프람 26754,32940
마카르파z후드 23733,36900
마카르파나쥬와 47038,7927
마카르파블랑쉬 23733,10196
마카르파슬립 26774,8557
마카르파에카이유 26754,8568
마카르파코일 47038,7861
마카르파파르뮤 33119,8766
마카르파파바트 26774,8623
마카르파팬츠 33119,8700
마카르파페프람 26754,8501
마카르파후드 23733,10077
마커가 45326,8740
마크가 31242,3771|42032,3095
마크의 36663,4233
마후모후s미톤 26774,11679
마후모후s부츠 33119,11779
마후모후s쟈켓 26754,11535
마후모후s코트 47038,11177
마후모후s후드 23733,13735
마후모후미톤 26774,213
마후모후부츠 33119,214
마후모후쟈켓 26754,214
마후모후코트 47038,213
마후모후후드 23733,214
