¹ 19615,148|19615,229|19615,388|19615,945|19615,1008|19615,1519|19615,1604|19615,2102|19615,2119|19615,2216|19615,2464|19615,2481|19615,2578|19615,3097|19615,3114|19615,3188|19615,3408|19615,3483|19615,3757|19615,4092|19615,4167|19615,5691|19615,5784|19615,7168|19615,7317|19615,7524|19615,7649|26219,336|26219,1710|26219,1827|26219,2216|26219,2287|26219,2317|26219,3305|26219,3400|26219,3667|26219,4103|26219,4117|26219,4825|26219,4839|26219,4890|26219,4920|26219,5041|26219,5103|26219,5117|26219,5124|26219,5168|26219,5186|26219,5200|26219,6165|26219,6237|26219,6295|26219,6446|26219,6451|26219,7096|26219,7129|26219,7868|26219,7967|26219,9636|26219,9703|26219,9916|26219,10043|26219,10577|26219,10662|26219,11018|26219,11063|26219,11093|33898,439|34279,198|34279,305|34279,758|34279,1421|34279,1435|34279,1727|34279,2265|34279,2903|34279,2953|34279,4814|34279,5419|34279,5881|34279,8043|34279,9047|34279,11363|34279,11515|34279,12120|34279,12752|34279,14976|34279,17695|34279,18402|34279,18452|34279,18819|34279,18897|34279,19796|34279,22586|34279,22760|34279,22985|34279,23149|34279,25303|34279,25710|34279,27046|34279,27295|34279,27687|34279,27752|34279,28419|34279,28898|34279,29762|34279,30204|34279,30233|34279,31141|34279,32287|34279,32648|34279,33125|34279,36421|34279,37423|34279,37696|34279,38001|34279,39140|34279,39786|34279,40592|34279,41723|34279,43229|34279,44127|34279,44710|34279,45177|34279,45814|34279,45831|34279,46712|34279,48710|34279,49954|34279,50004|34279,50319|34279,50411|34279,50721|34279,50804|34279,51401|43048,1635|43048,2834|43048,2999|43048,3148|43048,4336|43048,6771|43048,6919|43048,8075|43048,9773|43048,10235|43048,10966|43048,11582|43048,12625|43048,13009|43048,13022|43048,13533|43048,13779|43048,13975|43048,14020|43048,14812|43048,15027|43048,15393|43048,15483|43048,17080|43048,17661|43048,18480|43048,18569|43048,18655|43048,18840|43048,19052|43048,21679|43048,22074|43048,22219|43048,23053|43048,23652|43048,23693|43048,23714|43048,24476|43048,26686|43048,27525|43048,27669|50971,166|50971,181|50971,786|50971,800|50971,1307|50971,1448|50971,1478|50971,1764|50971,1881|50971,2506|50971,2565|50971,2762|50971,2821|50971,3039|50971,3625|50971,3634|50971,3648|50971,3692|50971,3701|50971,3735|50971,3749|50971,4245|50971,4266|50971,4282|50971,4507|50971,4611|50971,5391|50971,5488|50971,6247
¹½º 26219,2180|26219,2255|26219,3992|26219,4051|26219,5083|26219,5152|26219,10986|26219,11031|50971,677|50971,734
¹½ã 34279,31246
¹¾æ 34279,16394|34279,16565|34279,19431|34279,27157|34279,27406|34279,41113|34279,41917|43048,18925|43048,21280|43048,21443|43048,21608|43048,24343|43048,24426
¹¾æ½º 34279,25628|34279,25909|34279,26000|34279,26745|34279,49808|34279,50207
¹¾æ½º¾æá¾ 34279,26578|34279,50610
¹ß 34279,4748|34279,9660|34279,33423|43048,2390|43048,12743|43048,13182|43048,24727|43048,27600|43048,27624
¹à 43048,27501
¹àç 43048,627|43048,27427|43048,27472|43048,27688
¹àì 34279,42198
¹àìµå¼º 34279,25613|34279,49793
¹àì¾æ 34279,3097|34279,3138|34279,11684|34279,11827|34279,12136|34279,17344|34279,17385|34279,20044|34279,21283|34279,22602|34279,22781|34279,23490|34279,27518|34279,27527|34279,37985|34279,38271|34279,39921|34279,44402|34279,44687|34279,46352|43048,11598|43048,11961|43048,21881|43048,22095|43048,23333|43048,23629|43048,25219|43048,25299|43048,27541
¹àì¾æ2 34279,27472
¹á 19615,513|19615,812|19615,1388|19615,1973|19615,2946|19615,3959|19615,4630|19615,5055|19615,5566|19615,7068|26219,262|26219,1372|26219,3039|26219,4345|26219,5877|26219,6779|26219,7763|26219,9015|26219,10285|26219,10457|33898,48|50971,412|50971,942|50971,1623|50971,2389|50971,3306|50971,3897|50971,4391|50971,4903|50971,5282|50971,6017
¹ã 26219,11699|34279,670|34279,1021|34279,1410|34279,1999|34279,2697|34279,3705|34279,4177|34279,4297|34279,4655|34279,4780|34279,4922|34279,5408|34279,6377|34279,6844|34279,7006|34279,7451|34279,7634|34279,7894|34279,8237|34279,8384|34279,9110|34279,9257|34279,9408|34279,10863|34279,11191|34279,11818|34279,12013|34279,12644|34279,13251|34279,13897|34279,13992|34279,14069|34279,14168|34279,14349|34279,14626|34279,15320|34279,15493|34279,15949|34279,16202|34279,16330|34279,16659|34279,16997|34279,17376|34279,17897|34279,17926|34279,18943|34279,19355|34279,19674|34279,19840|34279,20020|34279,20535|34279,20886|34279,21803|34279,21998|34279,22364|34279,23981|34279,24233|34279,24791|34279,27210|34279,28384|34279,28607|34279,30388|34279,31846|34279,32625|34279,32964|34279,33102|34279,34514|34279,35828|34279,36392|34279,36915|34279,37687|34279,38549|34279,42593|34279,46919|34279,47794|34279,48050|34279,48274|34279,48527|34279,48988|43048,585|43048,707|43048,1665|43048,1791|43048,2043|43048,2172|43048,3797|43048,3942|43048,4053|43048,4201|43048,4485|43048,5060|43048,5176|43048,6223|43048,6360|43048,6549|43048,6707|43048,6896|43048,7398|43048,7844|43048,7977|43048,8380|43048,8525|43048,8962|43048,9082|43048,9349|43048,9745|43048,9881|43048,10006|43048,11128|43048,11952|43048,12078|43048,12367|43048,13756|43048,16926|43048,17434|43048,18808|43048,19295|43048,20394|43048,21497|43048,22065|43048,22262|43048,23925|43048,24769|43048,25805|43048,26036
¹æ½éàº 43048,1751
¹æ¾î 26219,1555|33898,308|33898,324|43048,12974
¹æà 34279,24462
¹æåáàï 34279,32580
¹ææð 34279,36088
¹èä 34279,19002|34279,19034|43048,13832
¹é 19615,586|26219,4471|26219,4562|34279,19322|50971,4685
¹é³â½ç 26219,3179|26219,9785
¹é¼öá 43048,27490|43048,27677
¹éàºàç 34279,45730|34279,45977|43048,7029
¹éàï 43048,7187|43048,7202|43048,18055|43048,18070|43048,19151|43048,19166
¹ì 34279,25621|34279,25902|34279,25993|34279,26571|34279,26685|34279,26738|34279,49254|34279,49801|34279,50200|34279,50603|43048,18586
¹ì³ 26219,2135|26219,2339|26219,6150|26219,6222|26219,6484
¹ìàú¹ì 34279,9565|34279,36414|43048,8068|43048,8140|43048,18648
¹ìàú¹ì¹ 34279,9494
¹ìáö 19615,297|19615,334|19615,381
¹ìáö¹ 19615,364
¹ìáö¹ý 19615,317
¹ð 33898,356|34279,1016|34279,1184|34279,1301|34279,2290|34279,3124|34279,3501|34279,3533|34279,4292|34279,4442|34279,4477|34279,4650|34279,4775|34279,4917|34279,5068|34279,7629|34279,7785|34279,7854|34279,7889|34279,9970|34279,11670|34279,11813|34279,13956|34279,13987|34279,14476|34279,14587|34279,14621|34279,15636|34279,16992|34279,17168|34279,17371|34279,19971|34279,20015|34279,21243|34279,21269|34279,24228|34279,27205|34279,30383|34279,33070|34279,33097|34279,33460|34279,38804|34279,39873|34279,48045|34279,48983|43048,999|43048,1031|43048,1884|43048,2004|43048,2038|43048,2167|43048,2311|43048,2416|43048,2566|43048,4014|43048,4048|43048,4196|43048,4361|43048,4480|43048,6355|43048,6544|43048,6702|43048,8520|43048,9344|43048,11753|43048,11921|43048,11947|43048,14366|43048,16115|43048,16280|43048,16331|43048,19494|43048,21289|43048,25800|50971,7087
¹õ 23016,4|26373,4
¹ö 43048,23741|43048,27431
¹ö¼ 26219,555|26219,608|26219,5380|26219,5437|26219,6535|26219,6576|26219,7239|26219,7281|26219,7290|26219,7332|26219,8716|26219,8760|26219,8769|26219,8813|34279,1084|34279,1261|34279,1328|34279,1351|34279,2342|34279,4967|34279,5000|34279,19643|34279,19716|43048,2604|43048,2613|43048,5703|43048,5791|43048,5813|50971,1154|50971,1166|50971,1205|50971,1217|50971,2014|50971,4978|50971,4992|50971,5001|50971,5761|50971,5808|50971,6503|50971,6526
¹ø 34279,31600|43048,15509|43048,23758|50971,6877|50971,7114
¹øâ½ 26219,7419|26219,8865
¹ù 19615,8114|19615,8260|34279,9370|34279,9412|34279,16206|34279,18724|34279,18766|34279,18947|34279,24194|34279,28611|34279,34377|34279,39612|34279,39660|34279,48010|43048,7677|43048,7719|43048,7981|43048,8487|43048,15304|43048,15344|43048,18383|43048,18430
¹ù¹ùäá 34279,1025|34279,2299|34279,4926|34279,6381|34279,7794|34279,13405|34279,15497|34279,32629|34279,32788|34279,32968|34279,33757|34279,40271|43048,2176|43048,4370|43048,5319|43048,6711|43048,11310|43048,15867|43048,15913|43048,19247|43048,19299|50971,6911
¹ú 26219,971|26219,2213|26219,2314|26219,3825|26219,4100|26219,4114|26219,4822|26219,4836|26219,4917|26219,5100|26219,5114|26219,5183|26219,5197|26219,6061|26219,6292|26219,11015|26219,11090|34279,15714|34279,30449|43048,14489|50971,783|50971,797|50971,1475|50971,3645|50971,3732|50971,3746
¹ú²ü 26219,3645|26219,3650|26219,7065|26219,7098|34279,932|34279,2185|34279,4063|34279,4208|34279,7349|34279,7486|34279,8875|34279,9001|34279,30217|43048,285|43048,735|43048,1571|43048,1717|43048,1822|43048,3852|43048,4399|43048,10208|43048,13879|43048,14005|50971,1048|50971,1076
¹û 43048,27657
¹ý 19615,341
¹ýáö 34279,49999
¹þà 34279,113|34279,29139|43048,17950|43048,21150
¹þáö 19615,304
