콩가 38161,6675|38917,13095|38917,16899|39470,1383|39470,5847|45326,1675|45766,1366|45766,5860|51013,1655
콩가s가드 26774,14021
콩가s그리브 33119,13946
콩가s레깅스 33119,14064
콩가s레지스트 26754,14025
콩가s메일 26754,13943
콩가s암 26774,13905
콩가s캡 23733,16207
콩가s코트 47038,13569
콩가s폴드 47038,13456
콩가s헬름 23733,16091
콩가u 39470,8199|45766,8184
콩가u가드 26774,18867
콩가u그리브 33119,18739
콩가u레깅스 33119,18850
콩가u레지스트 26754,18721
콩가u메일 26754,18615
콩가u암 26774,18760
콩가u캡 23733,21501
콩가u코트 47038,18536
콩가u폴드 47038,18430
콩가u헬름 23733,21392
콩가x 39470,11271|45766,11296
콩가x가드 26774,25915
콩가x그리브 33119,25931
콩가x레깅스 33119,26028
콩가x레지스트 26754,25986
콩가x메일 26754,25869
콩가x암 26774,25822
콩가x캡 23733,29229
콩가x코트 47038,25474
콩가x폴드 47038,25382
콩가x헬름 23733,29117
콩가z 39470,12811|45766,12780
콩가z가드 26774,28896
콩가z그리브 33119,28961
콩가z레깅스 33119,29080
콩가z레지스트 26754,28904
콩가z메일 26754,28813
콩가z암 26774,28806
콩가z캡 23733,32646
콩가z코트 47038,28441
콩가z폴드 47038,28340
콩가z헬름 23733,32536
콩가가드 26774,3209
콩가강모 19406,21280|23733,15834|23733,21132|26754,13831|26754,14001|26754,18671|26754,25925|26754,28864|26774,13971|26774,18828|26774,25880|27798,6287|27798,26490|33013,7702|33013,9230|33119,12574|33119,12606|33119,17404|38917,16906|45794,4979|45997,3036|45997,3101|45997,22536
콩가그리브 33119,3167
콩가나 36663,11986
콩가등 38917,16482
콩가레깅스 33119,3281
콩가레지스트 26754,3020
콩가메일 26754,2909
콩가암 26774,3098
콩가캡 23733,3150
콩가코트 47038,3275
콩가콩가 35316,6596|45997,3460
콩가털 25899,2348|26754,2961|26754,7361|26754,8206|27798,7097|33013,7097|33013,7332|33119,3208|33645,969|38917,16880|39826,6198|45794,839|45794,2656|45997,2554|45997,3329|45997,22526
콩가폴드 47038,3163
콩가헬름 23733,3035
