확률 21033,94|21033,715|21033,1360|21033,2013|21033,2751|21033,3502|21033,4191|21033,4947|21033,5721|21033,6715|21033,6747|21033,6760|21033,6791|21033,6804|21033,6834|21033,6847|21033,6878|21033,6891|21033,7061
확률로 35316,2325|35316,2407|35316,2483|38917,2665|38917,3022|38917,6310|42032,3310|42032,3375|42032,3805|42032,3863|45326,2357|45326,4916|45326,4955|45326,6181|45326,8626|45326,9352
확률을 21033,7467
확률이 21033,6497|21033,7032|21033,7139|21033,7179|21033,7219|21033,7261|21033,7302|36663,4813|36663,8270|36663,9296|42032,3906|42032,3963|42032,4043|42032,4149|42032,4193|42032,4413|42032,4807|45326,6230|45326,6311|45326,6386|45326,6706|45326,6755|45326,6803|45326,6851|45326,8278|45326,8349|45326,8426|45326,8496|45326,9689|45326,9728|45326,9767|45326,9807|45326,9847|45326,9888|45997,26226|45997,26257|45997,26310
확산 25899,20318|25899,21711|25899,23204|43111,991|43111,1213|43111,1397|43111,1612|43111,5925|43111,6154|43111,6353|43111,6560|43111,11519|43111,11679|43111,11861|43111,13430|43111,13574|43111,13751|43111,14385|43111,14543|43111,15566|43111,15769|43111,16010|43111,16324|43111,16533|43111,23273
확산1 24789,28875|25899,576|25899,3585|25899,4512|25899,6981|25899,17227
확산2 25899,355|25899,464|25899,757|25899,3593|25899,4516|25899,4628|25899,6512|25899,7101|25899,7105|25899,9071|25899,9596|25899,9723|25899,9944|25899,9948|25899,10649|25899,10653|25899,10846|25899,11233|25899,11361|25899,12055|25899,12727|25899,14669|25899,16671|25899,16913|25899,17403|25899,17651
확산3 25899,584|25899,1661|25899,1933|25899,3702|25899,4520|25899,4636|25899,4745|25899,4874|25899,5073|25899,5861|25899,6516|25899,6637|25899,7226|25899,7230|25899,7354|25899,7358|25899,7553|25899,8958|25899,9079|25899,9200|25899,9952|25899,10069|25899,10199|25899,10850|25899,11002|25899,11006|25899,11486|25899,11620|25899,12184|25899,12855|25899,14190|25899,14673|25899,14783|25899,14787|25899,14914|25899,15872|25899,16330|25899,16787|25899,16917|25899,17085|25899,18499|25899,18620
확산30 43111,23737
확산4 25899,765|25899,1665|25899,1669|25899,1937|25899,3111|25899,3826|25899,3997|25899,4140|25899,4753|25899,4882|25899,5236|25899,5986|25899,6109|25899,6641|25899,6774|25899,7557|25899,7774|25899,7778|25899,9208|25899,9381|25899,9604|25899,10077|25899,10207|25899,10376|25899,10519|25899,10661|25899,10858|25899,11825|25899,12988|25899,13751|25899,13924|25899,14320|25899,14918|25899,15528|25899,15650|25899,15995|25899,16456|25899,16683|25899,16799|25899,17089|25899,18131|25899,18624|25899,18747|25899,18866|25899,18870|25899,18992|25899,19128|25899,19247|25899,19370
확산5 25899,1941|25899,3361|25899,4300|25899,5081|25899,5244|25899,5411|25899,5642|25899,6297|25899,6778|25899,9389|25899,9731|25899,10384|25899,10527|25899,11014|25899,14454|25899,16121|25899,17865|25899,18139|25899,18628|25899,18751|25899,19000|25899,19251|25899,19382
확산시켜 28259,2847
확산열매 21033,2875|21033,6033|21239,1747|21239,1762|21239,3470|21239,3485|21239,3647|21239,3652|28259,2671|29127,2517|29127,3515|29127,4048|33013,1895|36760,6348|36760,6363|36760,6378|36760,6481|36760,6496|36760,6511|36760,7371|36760,7401|38917,7372|39826,6166|43998,4124|43998,4139
확산은 25899,20716|43111,24768
확산의 25899,21869
확산탄 21033,2866|21033,2901|21033,2937|28259,2569|28259,2629|28259,2691|28259,2750|28259,6125|28259,6162|28259,6213|28259,7307|28259,7344|29127,474|29127,6003|38917,10806|38917,10840|38917,10869
확산탄1의 38917,7402
확산탄3의 38917,9191|38917,9238
확산탄lv1 28259,8201|37097,33443
확산탄lv1추가 45326,3369|45766,5214|45766,13034
확산탄lv2 37097,33464
확산탄lv3 37097,33472
확산탄을 45326,3352
확산탄전레벨추가 45326,3336|45766,3112
확산탄추가 23733,6881|23733,14660|23733,33235|26754,6169|26754,12408|26754,29436|26774,6539|26774,12530|33119,6543|33119,12683|33119,29648|45326,3327|45794,3670|47038,6179|47038,12128
확산툭눈붕어 21033,1424|21033,2948|28259,2794|29127,2414|29127,4492|33013,4861|33013,4952|33013,5025|36760,436|36760,485|36760,545|36760,3359|36760,3409|36993,746|38917,9157|43998,3174|43998,3227|43998,5928
확산형의 43111,22858
확산활위력up 45326,3050|45326,4322|45766,573|45766,1082|45766,1163|45766,5295|45766,8216|45766,12814|45766,15247
확산활의 45326,3062
확실하게 43111,25834
확실하다는 51013,13559
확인 36663,14822|36663,14858|36663,14964
확인되지 29127,6187
확인된 42032,7615
확인하고 51013,17709
확인하자 45997,25560
확인한 51013,13952
확인할 21033,6239|51013,17732|51013,17772
확인해 51013,17496
확장 33013,80|33013,110|33013,3423|33013,4607|51013,14123|51013,14207|51013,14289|51013,14359
확장했다 51013,11066|51013,11090|51013,11118|51013,11143|51013,11172|51013,11199|51013,11225|51013,11253|51013,11280|51013,11303|51013,11330|51013,11356
확정 38161,804|38161,2613|38161,5358|38161,6274
확정보수 36993,311
