체력 23733,427|23733,527|23733,1986|23733,2104|23733,2416|23733,2725|23733,2839|23733,4183|23733,4301|23733,5308|23733,5422|23733,6103|23733,6168|23733,6578|23733,6690|23733,7545|23733,7745|23733,10929|23733,10994|23733,14062|23733,18169|23733,18228|23733,18807|23733,18918|23733,21089|23733,21193|23733,22663|23733,22767|23733,24966|23733,25073|23733,27011|23733,27131|23733,27741|23733,27850|23733,27913|23733,28020|23733,30962|23733,31065|23733,31131|23733,31247|23733,32225|23733,32339|23733,32409|23733,32512|23733,37295|23733,37410|26754,444|26754,1184|26754,1892|26754,2008|26754,2576|26754,2690|26754,3949|26754,4862|26754,5569|26754,5904|26754,6739|26754,9211|26754,9261|26754,11831|26754,15671|26754,16221|26754,18369|26754,19692|26754,19796|26754,21906|26754,22015|26754,23939|26754,24554|26754,24696|26754,27449|26754,27556|26754,27619|26754,27730|26754,28517|26754,28616|26754,28683|26754,28784|26754,33276|26774,432|26774,536|26774,1994|26774,2108|26774,2434|26774,2857|26774,4169|26774,5063|26774,5176|26774,5809|26774,5872|26774,6284|26774,7053|26774,9307|26774,9358|26774,12005|26774,15669|26774,16319|26774,18520|26774,19823|26774,19925|26774,21954|26774,22062|26774,23897|26774,24485|26774,24672|26774,27449|26774,27537|26774,27601|26774,27693|26774,28512|26774,28611|26774,28679|26774,28775|26774,33166|26774,33261|33119,434|33119,1175|33119,2055|33119,2170|33119,2771|33119,2885|33119,4204|33119,5142|33119,5890|33119,5954|33119,6282|33119,7075|33119,9168|33119,9233|33119,12109|33119,15775|33119,15833|33119,16316|33119,16426|33119,18468|33119,18575|33119,19891|33119,19995|33119,22041|33119,22147|33119,23958|33119,24638|33119,24784|33119,27542|33119,27630|33119,27694|33119,27785|33119,28669|33119,28782|33119,28850|33119,28939|33119,33407|35316,1022|35316,1082|35316,1163|35316,1829|35316,1877|35316,1933|35316,2150|35316,2240|36663,2735|36663,3753|36663,8553|38917,629|38917,669|38917,713|38917,757|38917,1652|38917,1701|38917,1714|38917,1753|38917,2005|38917,2837|38917,3001|38917,5919|38917,6252|38917,6772|38917,6902|38917,7705|38917,30770|38917,30809|38917,31995|38917,32863|39470,412|39470,868|39470,1038|39470,1181|39470,1187|39470,1241|39470,1257|39470,2530|39470,2834|39470,3079|39470,3902|39470,6689|39470,7015|39470,7043|39470,8119|39470,8781|39470,9570|39470,10528|39470,10571|39470,12138|39470,12199|39470,12666|39470,12762|39470,12801|39470,14992|39470,15021|42032,1418|42032,1425|42032,1432|42032,1439|42032,1446|42032,1482|42032,1504|42032,1574|42032,1605|42032,1681|42032,1715|42032,1724|42032,1772|42032,1905|42032,1912|42032,2041|42032,2057|42032,2064|42032,2097|42032,2117|42032,2180|42032,2270|42032,2277|42032,2286|42032,2308|42032,2339|42032,2421|42032,2567|42032,2574|42032,2632|42032,2650|42032,2677|42032,2710|42032,2739|42032,2748|42032,2797|42032,2821|42032,2850|42032,2869|42032,2942|42032,2973|42032,2989|42032,3014|42032,3050|42032,3142|45326,427|45326,433|45326,455|45326,477|45326,500|45326,523|45326,546|45326,5843|45326,6978|45326,7033|45326,7085|45326,7138|45766,904|45766,1236|45766,1252|45766,2490|45766,2835|45766,3071|45766,3883|45766,3911|45766,6711|45766,7029|45766,8084|45766,8732|45766,9556|45766,10551|45766,10611|45766,10617|45766,12153|45766,12191|45766,12658|45766,12770|45766,15044|45794,1354|45794,2038|45794,2086|45794,2159|45794,8721|45794,8769|45794,8817|47038,592|47038,1287|47038,2041|47038,2153|47038,2811|47038,2923|47038,4044|47038,4821|47038,5514|47038,5577|47038,5894|47038,5990|47038,6697|47038,8616|47038,8666|47038,11509|47038,15273|47038,15863|47038,18159|47038,19377|47038,19481|47038,21479|47038,21585|47038,23495|47038,24100|47038,24245|47038,26998|47038,27084|47038,27147|47038,27238|47038,28058|47038,28155|47038,28222|47038,28311|47038,32737
체력강화 36663,2791
체력강화술 36663,8173
체력계 35316,1771
체력은 36663,2749
체력을 36663,6694|36663,6777|36663,9762|36663,13189
체력의 38917,7776|43111,20786
체력이 21239,149|25899,23516|36663,8191|36663,9450|36663,9719|36663,11979|36663,13322|36663,14194|45326,5226|45326,5332|45326,5420|45326,5802|45326,5819
체력이10 42032,4223
체력주 45794,1350
체력증가 35316,981|35316,1038|35316,1098|35316,4233|35316,6189|35316,6452|35316,8879|35316,9350|35316,9550|35316,9753|35316,10177|36663,2832|45997,549|45997,14157|45997,14350|45997,14880|45997,15442|45997,16380|45997,16568|45997,19026|45997,22231|45997,24897|45997,26921
체력회복 35316,1028|35316,1088|35316,1169|35316,1803|35316,1840|35316,1888|35316,1944|35316,1986|35316,2044|35316,4512|35316,5148|35316,5378|35316,5571|35316,5614|35316,6830|35316,7411|35316,7463|35316,7780|35316,7832|35316,8138|35316,8171|35316,9959|35316,9972|35316,10910|35316,11187|35316,11200|35316,11469|35316,11660|35316,11712|38917,9328|38917,9378|45997,1825|45997,2089|45997,2149|45997,3817|45997,3890|45997,4438|45997,5836|45997,5895|45997,6457|45997,6527|45997,8356|45997,9439|45997,9944|45997,10021|45997,16909|45997,17563|45997,17608|45997,19604|45997,21283|45997,21349|45997,21778|45997,22784|45997,23464|45997,23536|45997,23894|45997,23990|45997,24062|45997,24283|45997,24358
체력회복아이템강화 39470,2057|39470,3586|39470,4717|39470,8007|39470,8374|39470,10453|39470,11470|39470,12206|39470,12770|39470,14285|45326,8809|45766,2021|45766,3570|45766,4711|45766,7991|45766,8361|45766,10471|45766,11486|45766,12198|45766,14314
체력회복아이템약화 39470,11424|45326,8858|45766,11440
체력회복은 35316,2348
체력회복을 36663,9564|36663,9780
체술 23733,18286|23733,18373|23733,24262|23733,24333|23733,29933|23733,29995|23733,30271|23733,30334|23733,32295|23733,32364|23733,33348|23733,33412|23733,37365|23733,38285|23733,38348|26754,15818|26754,21340|26754,26569|26754,26841|26754,28570|26754,28639|26754,29507|26754,33363|26774,15855|26774,15916|26774,21294|26774,21363|26774,26545|26774,26614|26774,26857|26774,26928|26774,28567|26774,28636|26774,29531|26774,29595|26774,33284|26774,34071|26774,34131|33119,15935|33119,15992|33119,21437|33119,21498|33119,26691|33119,26759|33119,26956|33119,28737|33119,28805|33119,29720|39470,6773|39470,9253|39470,11635|39470,11840|39470,12708|39470,13153|39470,14982|39470,15398|42032,3465|42032,3521|45326,7730|45326,7736|45326,7792|45326,7849|45326,7903|45766,6784|45766,9196|45766,11649|45766,11838|45766,12700|45766,13142|45766,15005|45766,15464|45794,1901|45794,1981|45794,5280|45794,5339|47038,15455|47038,15516|47038,20835|47038,20904|47038,26103|47038,26371|47038,28111|47038,28178|47038,29107|47038,29177|47038,32769
체술이 42032,5810
체술주 45794,5335
체씩 51013,13932
체인s메일 26754,11754
체인s암 26774,11900
체인s헬름 23733,13969
체인u메일 26754,16754
체인u암 26774,16846
체인u헬름 23733,19365
체인라이트벨트 47038,527
체인메일 26754,382
체인블릿 24789,515
체인암 26774,372
체인헬름 23733,366
체조주 45794,5276
체크해 36663,10971
