필드에서의 38917,5291|38917,5341|38917,5392|38917,5494|38917,5539|38917,5587
필드의 38917,33134|38917,33193|38917,33247|38917,33307
필수 37097,31988|43111,21145
필수이다 27798,28952
필연적으로 27445,37699
필요 25899,23447|28259,2501|33013,103|33013,456|33013,5999|36663,12168|36663,12421|37097,32609|37097,32678|38917,27619|45326,3810
필요가 19406,35653|27445,38361|28259,4082|36663,6265|36663,13050|37097,32863
필요경험 36663,3764
필요는 28259,4001|36663,12077|36663,12875
필요로 33013,5268
필요없이 19406,36461
필요하다 37097,33088|43111,21261|43111,24611|49792,26851|49792,27097
필요한 19406,36606|27445,37852
필요합니다 21033,7488|31242,3432
