2000full 16009,365|16086,365
2001_jun 11724,61165
2001_trailer 11724,30316
200200b 9209,1447
200201set 15300,13359
2004full 15975,427|16024,422|16035,427|16041,422
2005ebay 15856,1701|15857,1701|15863,1701
2005full 15979,426|16014,426
2005pixar 15856,1652|15857,1652|15863,1652
2006full 15992,426|16054,426
2007aa01z152 16453,2386
2007advanc 15856,1602|15857,1602|15863,1602
2008dreamwork 15856,1562|15857,1562|15863,1562
2008full 15976,443|15987,372|15994,360|16021,360|16071,443|16074,372
2008inria 15856,1488|15857,1488|15863,1488
2008intel 15856,1533|15857,1533|15863,1533
2009arm 16468,42978
2009full 15958,344|16042,338|16073,338|16076,344
2009fã 15856,1391|15857,1391|15863,1391
2009nvidia 15856,1459|15857,1459|15863,1459
2009wsm 16468,41871
200b 9376,16422
200do 14771,5327|15178,16274
200which 12439,20451
2010full 16030,338|16053,338
2010infostretch 15856,1207|15857,1207|15863,1207
2010kyoto 15856,1277|15857,1277|15863,1277
2010pelican 15856,1240|15857,1240|15863,1240
2010uiuc 15856,1323|15857,1323|15863,1323
2010w 16468,35371|16468,36482|16468,37783
2010western 15856,1356|15857,1356|15863,1356
201183use 11470,11695
2011full 15959,338|16003,344|16040,338|16048,338|16049,344|16051,338|16052,338|16057,338
2011nvidia 15856,1140|15857,1140|15863,1140
2011qualcomm 15856,1172|15857,1172|15863,1172
2011talcott 16468,18458
2011w 16468,23519
201201we 8137,803|10753,5093
2012d 15856,1044|15857,1044|15863,1044
2012full 15998,444|16005,338|16016,410|16033,338|16038,338|16050,433|16068,410|16077,338|16082,338|16083,433|16087,338|16088,444
2012samsung 15856,1076|15857,1076|15863,1076
2012siemen 15856,1107|15857,1107|15863,1107
2013full 15990,346|16027,338|16058,338|16089,346
2013microsoft 15856,1010|15857,1010|15863,1010
2014altair 15856,946|15857,946|15863,946
2014august 15869,4178|15874,287|15877,4178|15900,287|15907,4022|15913,287|15916,266|15927,266|15929,2046|15933,4022|15945,2046
2014full 15993,338|16062,338|16063,338|16075,338|16078,338|16081,338
2014hackuci 15885,2130|15932,2130
2014intel 15856,981|15857,981|15863,981
2015august 15869,1334|15869,2422|15877,1334|15877,2422|15885,270|15890,286|15890,1374|15897,288|15897,1376|15906,271|15907,1178|15907,2266|15924,701|15929,290|15932,270|15933,1178|15933,2266|15942,701|15945,290|15948,271
2015full 15964,338|15978,346|15988,346|16026,346|16044,346|16060,338
2015georich 16495,29533
2015node 15906,1459|15948,1459
2016august 15868,380|15869,283|15869,446|15871,272|15873,6311|15873,7614|15877,283|15877,446|15880,287|15883,6203|15883,7511|15888,272|15889,288|15892,380|15899,277|15899,440|15904,288|15907,290|15911,386|15920,6311|15920,7614|15921,6454|15922,287|15923,273|15923,436|15924,540|15933,290|15942,540|15944,6454|15947,6203|15947,7511
2016command 15917,1452|15926,1452
2016decemb 15873,5175|15878,294|15883,5186|15891,294|15920,5175|15921,5318|15944,5318|15947,5186
2016februari 15873,4221|15883,4232|15917,286|15920,4221|15921,4364|15926,286|15944,4364|15947,4232
2016full 15972,346|16001,346
2016hackuci 15867,1004|15898,1004
2016septemb 15868,261|15873,6192|15892,261|15908,281|15911,267|15914,281|15920,6192|15921,6335|15924,419|15942,419|15944,6335
2016w 8320,3876|8359,3870|8518,3409|8625,4347|8742,3876|9452,4360|9497,3876|9919,3868|10352,4471|10788,4472|10889,3876|10981,3876|11013,999|11082,3876|11584,4445|12279,4438|13131,4472|13181,4345|13359,4472|13683,3876|13799,3876|14222,4339|14862,3409|14912,3870|15379,3876|16495,21398
2017arm 16475,47418|16551,47418
2017buildsi 16475,49569|16551,49569
2017decemb 15867,273|15873,3693|15883,3704|15898,273|15920,3693|15921,3836|15944,3836|15947,3704
2017facebook 15856,892|15857,892|15863,892
2017rich600338 16569,122
2017w 7979,1222|7979,1325|7979,1672|7979,1938|7979,2041|7979,2391|7990,9890|7990,9993|7990,10251|7990,10354|8026,9752|8026,9855|8026,10113|8026,10216|8127,9607|8127,9710|8127,9968|8127,10071|8127,12728|8127,12880|8127,12946|8127,13073|8127,13161|8127,13227|8127,13349|8127,13501|8127,13567|8127,13696|8127,13790|8127,13856|8127,13968|8127,14013|8127,14115|8127,14181|8127,14298|8127,14345|8127,14496|8127,14562|8127,14683|8127,14823|8127,14889|8127,15003|8127,15328|8127,15394|8127,15612|8127,15664|8127,15803|8127,15855|8127,15966|8127,16018|8127,16178|8127,16230|8127,16360|8127,16412|8127,16552|8127,16604|8127,16707|8127,16759|8148,9858|8148,9961|8148,10213|8148,10316|8243,954|8243,1006|8307,9977|8307,10080|8307,10332|8307,10435|8423,1319|8446,9745|8446,9848|8446,10106|8446,10209|8449,9883|8449,9986|8449,10238|8449,10341|8493,972|8493,1124|8493,1190|8493,1321|8493,1409|8493,1475|8493,1601|8493,1753|8493,1819|8493,2051|8493,2139|8493,2205|8493,2332|8493,2484|8493,2550|8493,2687|8493,2781|8493,2847|8493,2965|8493,3010|8493,3112|8493,3178|8616,9824|8616,9927|8616,10179|8616,10282|9030,9824|9030,9927|9030,10179|9030,10282|9351,9785|9351,9888|9351,10146|9351,10249|9392,9985|9392,10088|9392,10340|9392,10443|9467,9705|9467,9808|9467,10066|9467,10169|9729,9736|9729,9839|9729,10097|9729,10200|9729,12970|9729,13058|9729,13124|9729,13247|9729,13399|9729,13465|9729,13594|9729,13688|9729,13754|9729,13866|9729,13911|9729,14013|9729,14079|9729,14196|9729,14243|9729,14394|9729,14460|9729,14581|9729,14721|9729,14787|9729,14901|9729,15226|9729,15292|9729,15510|9729,15562|9729,15701|9729,15753|9729,15864|9729,15916|9729,16076|9729,16128|9729,16258|9729,16310|9729,16450|9729,16502|9729,16605|9729,16657|9765,9736|9765,9839|9765,10097|9765,10200|9765,12857|9765,13009|9765,13075|9765,13202|9765,13290|9765,13356|9765,13478|9765,13630|9765,13696|9765,13825|9765,13919|9765,13985|9765,14097|9765,14142|9765,14244|9765,14310|9765,14427|9765,14474|9765,14625|9765,14691|9765,14812|9765,14952|9765,15018|9765,15132|9765,15457|9765,15523|9765,15741|9765,15793|9765,15932|9765,15984|9765,16095|9765,16147|9765,16307|9765,16359|9765,16489|9765,16541|9765,16681|9765,16733|9765,16836|9765,16888|9784,9894|9784,9997|9784,10249|9784,10352|9816,9722|9816,9825|9816,10083|9816,10186|9844,9964|9844,10067|9844,10319|9844,10422|10081,9985|10081,10088|10081,10340|10081,10443|10234,1091|10234,1179|10234,1245|10234,1372|10234,1524|10234,1590|10234,1723|10234,1817|10234,1883|10234,1999|10234,2044|10234,2146|10234,2212|10234,2333|10234,2380|10234,2531|10234,2597|10234,2722|10234,2862|10234,2928|10234,3046|10234,3371|10234,3437|10432,9694|10432,9797|10432,10055|10432,10158|10439,9736|10439,9839|10439,10097|10439,10200|10568,9883|10568,9986|10568,10238|10568,10341|10575,9711|10575,9814|10575,10072|10575,10175|10783,11426|10783,11529|10783,11787|10783,11890|10783,14603|10783,14755|10783,14821|10783,14952|10783,15040|10783,15106|10783,15232|10783,15384|10783,15450|10783,15583|10783,15677|10783,15743|10783,15859|10783,15904|10783,16006|10783,16072|10783,16193|10783,16240|10783,16391|10783,16457|10783,16582|10783,16722|10783,16788|10783,16906|10783,17231|10783,17297|10783,17531|10783,17583|10783,17730|10783,17782|10783,17897|10783,17949|10783,18117|10783,18169|10783,18307|10783,18359|10783,18503|10783,18555|10783,18662|10783,18714|11175,1228|11175,1331|11175,1575|11175,1678|11175,1953|11175,2056|11175,2303|11175,2406|11281,10322|11281,10425|11281,10683|11281,10786|11281,13443|11281,13595|11281,13661|11281,13788|11281,13876|11281,13942|11281,14064|11281,14216|11281,14282|11281,14411|11281,14505|11281,14571|11281,14683|11281,14728|11281,14830|11281,14896|11281,15013|11281,15060|11281,15211|11281,15277|11281,15398|11281,15538|11281,15604|11281,15718|11281,16043|11281,16109|11281,16327|11281,16379|11281,16518|11281,16570|11281,16681|11281,16733|11281,16893|11281,16945|11281,17075|11281,17127|11281,17267|11281,17319|11281,17422|11281,17474|11305,10094|11305,10197|11305,10455|11305,10558|11305,13215|11305,13367|11305,13433|11305,13560|11305,13648|11305,13714|11305,13836|11305,13988|11305,14054|11305,14183|11305,14277|11305,14343|11305,14455|11305,14500|11305,14602|11305,14668|11305,14785|11305,14832|11305,14983|11305,15049|11305,15170|11305,15310|11305,15376|11305,15490|11305,15815|11305,15881|11305,16099|11305,16151|11305,16290|11305,16342|11305,16453|11305,16505|11305,16665|11305,16717|11305,16847|11305,16899|11305,17039|11305,17091|11305,17194|11305,17246|11528,9722|11528,9825|11528,10083|11528,10186|11606,10125|11606,10228|11606,10486|11606,10589|11606,13246|11606,13398|11606,13464|11606,13591|11606,13679|11606,13745|11606,13867|11606,14019|11606,14085|11606,14214|11606,14308|11606,14374|11606,14486|11606,14531|11606,14633|11606,14699|11606,14816|11606,14863|11606,15014|11606,15080|11606,15201|11606,15341|11606,15407|11606,15521|11606,15846|11606,15912|11606,16130|11606,16182|11606,16321|11606,16373|11606,16484|11606,16536|11606,16696|11606,16748|11606,16878|11606,16930|11606,17070|11606,17122|11606,17225|11606,17277|11616,9785|11616,9888|11616,10146|11616,10249|11730,855|11730,958|11730,1216|11730,1319|11922,9736|11922,9839|11922,10097|11922,10200|11922,13444|11922,13496|11922,13635|11922,13687|11922,13798|11922,13850|11922,14010|11922,14062|11922,14192|11922,14244|11922,14384|11922,14436|11922,14539|11922,14591|12069,9985|12069,10088|12069,10340|12069,10443|12085,1228|12085,1331|12085,1589|12085,1692|12085,2075|12085,2178|12085,2436|12085,2539|12301,9890|12301,9993|12301,10251|12301,10354|12713,9894|12713,9997|12713,10249|12713,10352|12814,9883|12814,9986|12814,10238|12814,10341|12972,9985|12972,10088|12972,10340|12972,10443|12982,9694|12982,9797|12982,10055|12982,10158|13120,1228|13120,1331|13120,1589|13120,1692|13120,2051|13120,2154|13120,2423|13120,2526|13139,10435|13224,9455|13224,9558|13224,9816|13224,9919|13224,12576|13224,12728|13224,12794|13224,12921|13224,13009|13224,13075|13224,13197|13224,13349|13224,13415|13224,13544|13224,13638|13224,13704|13224,13816|13224,13861|13224,13963|13224,14029|13224,14146|13224,14193|13224,14344|13224,14410|13224,14531|13224,14671|13224,14737|13224,14851|13224,15176|13224,15242|13224,15460|13224,15512|13224,15651|13224,15703|13224,15814|13224,15866|13224,16026|13224,16078|13224,16208|13224,16260|13224,16400|13224,16452|13224,16555|13224,16607|13289,9883|13289,9986|13289,10238|13289,10341|13313,9890|13313,9993|13313,10254|13313,10357|13327,10080|13327,10435|13485,9704|13485,9807|13485,10065|13485,10168|13493,9736|13493,9839|13493,10097|13493,10200|13493,13444|13493,13496|13592,9977|13592,10080|13592,10332|13592,10435|13637,9888|13637,9991|13637,10249|13637,10352|13684,322|13928,1326|13928,2042|14100,668|14219,912|14219,964|14219,1113|14219,1165|14219,1280|14219,1332|14219,1500|14219,1552|14219,1690|14219,1742|14219,1886|14219,1938|14219,2045|14219,2097|14402,10080|14402,10435|14533,9890|14533,9993|14533,10251|14533,10354|14601,688|14995,9695|14995,9798|14995,10056|14995,10159|14998,9883|14998,9986|14998,10238|14998,10341|15067,9745|15067,9848|15067,10106|15067,10209|15130,9735|15130,9838|15130,10096|15130,10199|15130,12856|15130,13008|15130,13074|15130,13201|15130,13289|15130,13355|15130,13477|15130,13629|15130,13695|15130,13824|15130,13918|15130,13984|15130,14096|15130,14141|15130,14243|15130,14309|15130,14426|15130,14473|15130,14624|15130,14690|15130,14811|15130,14951|15130,15017|15130,15131|15130,15456|15130,15522|15130,15740|15130,15792|15130,15931|15130,15983|15130,16094|15130,16146|15130,16306|15130,16358|15130,16488|15130,16540|15130,16680|15130,16732|15130,16835|15130,16887|15197,9977|15197,10080|15197,10332|15197,10435|15285,9883|15285,9986|15285,10238|15285,10341|15293,10069|15293,10172|15293,10430|15293,10533|15293,13190|15293,13342|15293,13408|15293,13535|15293,13623|15293,13689|15293,13811|15293,13963|15293,14029|15293,14158|15293,14252|15293,14318|15293,14430|15293,14475|15293,14577|15293,14643|15293,14760|15293,14807|15293,14958|15293,15024|15293,15145|15293,15285|15293,15351|15293,15465|15293,15790|15293,15856|15293,16074|15293,16126|15293,16265|15293,16317|15293,16428|15293,16480|15293,16640|15293,16692|15293,16822|15293,16874|15293,17014|15293,17066|15293,17169|15293,17221|15855,9736|15855,9839|15855,10097|15855,10200
20181024t025814z 16496,409
20181102t110000 16496,311
20181102t120000 16496,359
20181116t150000 16465,311
20181116t160000 16465,359
20181207t150000 16534,311
20181207t160000 16534,359
20181221t022339z 16524,409
20181222t021251z 16534,409
20181222t021505z 16465,409|16465,441
20181222t021532z 16534,441
2018ap 16475,29466|16551,29466
2018april 15876,295|15886,294|15887,288|15893,295|15894,294|15896,279|15896,2734|15902,261|15905,296|15918,668|15921,3694|15924,282|15928,668|15930,296|15936,273|15937,273|15938,261|15939,288|15942,282|15944,3694|15946,279|15946,2734
2018assist 16563,1632|16565,1632|16606,1632|16609,1632
2018cv 16563,1447|16565,1447|16606,1447|16609,1447
2018deem 16475,10715|16551,10715
2018introduct 15872,1430|15910,1144|15912,1430|15935,1144
2018jajodia 16475,23617|16551,23617
2018may 15872,324|15873,1252|15873,2242|15873,2992|15883,1263|15883,2253|15883,3003|15884,285|15910,298|15912,324|15915,285|15918,374|15918,484|15918,585|15920,1252|15920,2242|15920,2992|15921,1252|15921,2242|15921,2992|15928,374|15928,484|15928,585|15935,298|15944,1252|15944,2242|15944,2992|15947,1263|15947,2253|15947,3003
2018mmhealth 16475,30445|16551,30445
2018nsf 16563,1349|16565,1349|16606,1349|16609,1349
2018octob 15873,273|15881,287|15883,284|15918,283|15919,287|15920,273|15921,273|15928,283|15944,273|15947,284
2018p 16475,19788|16551,19788
2018paper 16563,1513|16565,1513|16606,1513|16609,1513
2018rich600338 16605,122
2018septemb 15866,260|15870,260|15886,373|15887,367|15894,373|15896,358|15939,367|15946,358
2018w 16475,16580|16475,25720|16551,16580|16551,25720
20190125t020959z 16556,409
20190125t030748z 16501,409
20190125t150000 16524,311
20190125t160000 16524,359
20190125t210119z 16501,441
20190125t211117z 16556,441
20190128t173206z 16496,441
20190131t004734z 16524,441
20190201t110000 16556,311
20190201t120000 16556,359
20190208t150000 16501,311
20190208t160000 16501,359
20190311t060555z 16518,409|16518,441
20190311t174005z 16555,409|16555,441
20190318t110000 16555,311
20190318t120000 16555,359
20190321t140000 16518,311
20190321t150000 16518,359
20190415t193502z 16511,409
20190530t145140z 16511,441
20190531t150000 16511,311
20190531t160000 16511,359
20190624t221120z 16455,409
20190809t003159z 16455,441
20190809t150000 16455,311
20190809t160000 16455,359
20191012t162741 16455,384
20191012t171903 16524,384
20191012t180337 16465,384
20191012t181826 16534,384
20191013t043309 16496,384
20191013t063647 16518,384
20191013t070121 16556,384
20191013t081255 16501,384
20191013t093940 16555,384
20191013t102322 16511,384
2019decemb 16563,1332|16565,1332|16606,1332|16609,1332
2019engitech 16793,10363|16807,10363
2019googl 15856,831|15857,831|15863,831
2019ic 16793,10232|16807,10232
2019rich600338 16584,117
2019total 8860,930
2019uci 16793,10283|16793,10319|16793,10397|16807,10283|16807,10319|16807,10397
2019w 7948,1004|7994,2577|7999,8406|8004,1902|8004,1935|8082,906|8082,1244|8082,1566|8109,8363|8130,1335|8130,1531|8130,1562|8130,1936|8130,1967|8199,8406|8203,2044|8230,6948|8241,2206|8241,2675|8244,2206|8244,2675|8244,3010|8244,4087|8244,4278|8244,4309|8244,5189|8314,8512|8315,6902|8369,1363|8385,2044|8386,1334|8389,5028|8389,5064|8389,5872|8389,5903|8389,6022|8389,6051|8389,10113|8410,958|8435,8386|8456,2206|8456,2675|8456,3010|8456,4087|8536,2516|8536,2789|8666,1147|8666,1402|8666,1438|8666,1917|8666,2043|8666,2230|8666,2261|8666,2380|8666,2409|8685,9357|8717,8386|8727,896|8727,1275|8727,1455|8734,2517|8734,2790|8734,4840|8734,5451|8734,7114|8734,15329|8760,2206|8760,2675|8760,3010|8782,2408|8782,2681|8782,4653|8782,5264|8782,6777|8782,14374|8782,14412|8799,2222|8801,2044|8818,1902|8818,1935|8818,2286|8818,4210|8818,4558|8818,6372|8818,6406|8818,14543|8818,14576|8818,14654|8818,14687|8867,1902|8867,1935|8867,2286|9000,7055|9110,4992|9110,5851|9110,5977|9110,10046|9135,1277|9364,2206|9364,2675|9425,2925|9425,2952|9483,959|9486,4992|9486,5028|9486,5866|9486,5897|9486,6016|9486,6045|9486,10107|9500,5283|9500,5911|9500,5991|9500,9447|9529,1902|9529,1935|9529,2286|9529,15708|9529,15735|9566,2517|9566,2790|9566,4762|9566,5373|9566,6886|9566,14879|9566,14917|9570,1113|9570,1826|9570,2726|9570,3495|9622,1557|9622,2372|9642,1902|9642,1935|9642,2286|9642,4210|9642,4558|9642,6372|9642,6406|9642,14598|9642,14631|9642,14709|9642,14742|9687,2206|9687,2675|9687,3010|9689,6902|9743,10686|9743,11229|9743,12885|9743,13641|9803,2206|9814,976|9814,1084|9871,2206|9871,2675|9871,3010|9871,4087|9873,2206|9873,2675|9873,3010|9873,4087|9873,4278|9873,4309|9873,5189|9971,905|9971,936|10009,918|10061,1080|10100,1004|10133,8386|10160,2044|10168,991|10174,6948|10284,10651|10284,11190|10284,12842|10284,13594|10312,959|10375,2206|10375,2675|10375,3010|10385,7297|10419,5020|10419,5056|10419,5894|10419,5925|10419,6044|10419,6073|10419,10135|10434,2044|10468,959|10481,2206|10481,2675|10481,3010|10481,4087|10481,4278|10481,4309|10489,7034|10517,5028|10517,5064|10517,5872|10517,5903|10517,6022|10517,6051|10517,10113|10538,2206|10538,2675|10538,3075|10633,1334|10644,5291|10644,5889|10644,5969|10644,9425|10719,1902|10719,1935|10719,2286|10719,4243|10719,4591|10719,6717|10719,6751|10719,15732|10719,15765|10719,15843|10719,15876|10736,1381|10736,1639|10763,2206|10793,1005|10830,2517|10830,2790|10830,4762|10830,5373|10830,6886|10830,14465|10830,14503|10854,1902|10854,1935|10854,2286|10854,4210|10854,4558|10854,6346|10854,6380|10854,14517|10854,14550|10854,14628|10854,14661|10856,2206|10856,2675|10856,3075|10868,5020|10868,5056|10868,5894|10868,5925|10868,6044|10868,6073|10868,10135|10875,7297|10886,1361|10886,1645|10940,2206|10940,2675|10940,3010|10940,4087|10940,4278|10940,4309|10940,5161|10983,1272|10983,1306|10993,2516|10993,2789|10993,4761|10993,5372|10993,6885|10993,14482|10993,14520|11032,8983|11032,9522|11032,11174|11032,11924|11050,869|11050,1084|11100,1902|11100,1935|11100,2286|11100,4243|11100,4591|11100,15720|11100,15747|11164,2044|11179,2206|11179,2581|11179,2756|11186,2206|11186,2675|11186,3010|11186,4087|11186,4278|11186,4309|11191,8385|11280,1334|11350,2206|11350,2675|11350,3010|11350,4087|11350,4278|11350,4309|11350,5189|11355,10632|11355,11171|11355,12823|11355,13573|11376,958|11382,946|11390,2206|11390,2675|11390,3010|11431,2516|11470,6728|11470,7858|11470,8187|11470,11105|11487,1935|11520,869|11523,6948|11534,5290|11534,5888|11534,5968|11534,6238|11534,9430|11547,5010|11547,5046|11547,5884|11547,5915|11547,6034|11547,6063|11547,10125|11578,5283|11578,5911|11578,5991|11578,9447|11608,2206|11739,2206|11739,2675|11739,3075|11745,2043|11809,905|11809,936|11827,10653|11827,11192|11827,12844|11827,13594|11852,2206|11852,2675|11852,3010|11944,2517|11944,2790|11944,4762|11944,5373|11944,7036|11944,15251|11944,15289|11976,7297|11986,1902|11986,1935|11986,2286|11986,4210|11986,4558|11986,6372|11986,6406|11986,14543|11986,14576|11986,14654|11986,14687|12000,913|12000,1506|12009,1511|12009,2096|12009,4106|12009,4904|12036,5020|12036,5056|12036,5894|12036,5925|12036,6044|12036,6073|12036,10135|12101,2517|12101,2790|12101,4762|12101,5373|12101,6886|12101,14483|12101,14521|12119,958|12151,1334|12151,1831|12151,1862|12174,2206|12174,2675|12174,3010|12174,4087|12245,1687|12272,845|12275,2517|12275,2790|12275,4762|12275,5373|12275,6886|12275,14483|12275,14521|12402,1242|12402,1500|12424,959|12482,2517|12482,2790|12482,4762|12482,5373|12482,6898|12482,15113|12482,15151|12509,2517|12509,2790|12509,4762|12509,5373|12509,6886|12509,14483|12509,14521|12559,2206|12559,2675|12559,3010|12669,1902|12669,1935|12669,2286|12669,4210|12669,4558|12669,6372|12669,6406|12669,15387|12669,15420|12669,15498|12669,15531|12703,2206|12703,2675|12703,3010|12709,2206|12720,1902|12720,1935|12720,2286|12720,4210|12720,4558|12720,6372|12720,6406|12720,15063|12720,15096|12720,15174|12720,15207|12721,2517|12721,2790|12721,4788|12721,5399|12721,7062|12721,15277|12721,15315|12806,887|12806,918|12806,1037|12806,1066|12806,1634|12858,2517|12858,2790|12858,4840|12858,5451|12858,15323|12870,1902|12870,1935|12870,2286|12870,4210|12870,4558|12870,6372|12870,6406|12870,14616|12870,14649|12870,14727|12870,14760|12897,849|12897,882|12897,1340|12905,2044|12935,2206|12935,2675|12935,3010|12966,1100|12966,1480|12966,1798|12978,5272|12978,5900|12978,5980|12978,9436|12992,7297|13017,7914|13034,2206|13034,2675|13034,3010|13034,4087|13034,4278|13034,4309|13034,5161|13116,7799|13156,1902|13156,1935|13156,2286|13156,4210|13156,4558|13156,6372|13156,6406|13156,14543|13156,14576|13156,14654|13156,14687|13157,2517|13157,2790|13157,4762|13157,5373|13157,6945|13157,15160|13157,15198|13215,2206|13240,2044|13257,945|13294,5028|13294,5064|13294,5872|13294,5903|13294,6022|13294,6051|13294,6329|13294,10119|13337,10690|13337,11229|13337,12881|13337,13633|13474,5254|13474,5882|13474,5962|13474,9418|13483,2517|13483,2790|13483,4840|13483,5451|13483,7114|13483,15329|13483,15367|13558,2517|13558,2790|13558,15311|13709,2517|13709,2790|13709,4762|13709,5373|13709,6886|13709,15101|13709,15139|13772,1099|13772,1479|13845,7295|13874,2046|13886,1018|13896,1968|13973,2206|13973,2675|13973,3010|13973,4087|14015,2122|14015,2155|14015,2233|14015,2266|14015,3062|14015,3095|14015,3173|14015,3206|14036,2206|14036,2675|14036,3010|14036,4087|14036,4278|14036,4309|14036,4941|14080,2206|14092,2206|14092,2675|14092,3010|14170,2044|14181,2206|14181,2675|14181,3010|14181,4087|14237,2206|14237,2675|14237,3004|14255,1004|14270,907|14270,1316|14270,1573|14284,1902|14284,1935|14284,2286|14284,4210|14284,4558|14284,6346|14284,6380|14284,14517|14284,14550|14284,14628|14284,14661|14291,2517|14291,2790|14291,4762|14291,5373|14291,6886|14291,14483|14291,14521|14317,2206|14317,2675|14317,3010|14317,4087|14317,4278|14317,4309|14317,4942|14326,7914|14376,946|14393,958|14404,1045|14413,1902|14413,1935|14413,2286|14413,4191|14413,4539|14413,6665|14413,6699|14413,15680|14413,15713|14413,15791|14413,15824|14474,2044|14517,1902|14517,1935|14517,2286|14517,4210|14517,4558|14517,6684|14517,6718|14517,15699|14517,15732|14517,15810|14517,15843|14544,1396|14544,2197|14544,2323|14544,3682|14547,2206|14547,2675|14547,3010|14547,4087|14547,4278|14547,4309|14564,906|14564,1244|14608,1902|14608,1935|14608,2286|14608,4243|14608,4591|14608,6717|14608,6751|14608,15732|14608,15759|14626,10835|14626,11386|14626,13059|14626,13818|14691,2279|14806,8406|14895,10651|14895,11190|14895,12842|14895,13594|14906,1381|14906,1743|14947,5291|14947,5889|14947,5969|14947,9425|14979,9774|14979,10313|14979,11965|14979,12715|14994,2206|14994,2675|15002,1381|15111,2122|15111,2149|15111,2939|15111,2972|15111,3050|15111,3083|15114,1146|15114,1179|15161,1150|15161,1186|15161,1428|15161,1464|15192,2206|15192,2675|15192,3010|15192,4087|15207,2206|15207,2675|15207,3010|15207,4087|15207,4278|15207,4309|15213,958|15230,1902|15230,1935|15230,2286|15230,4210|15230,4558|15230,6488|15230,6522|15230,15503|15230,15536|15230,15614|15230,15647|15283,870|15283,1086|15326,2206|15326,2675|15326,3010|15326,4087|15326,4278|15326,4309|15326,5043|15381,1040|15381,1476|15395,5182|15395,5780|15395,5860|15395,6130|15395,9322|15404,5028|15404,5064|15404,5872|15404,5903|15404,6022|15404,6051|15404,6329|15404,10119|15415,2206|15415,2581|15499,7297|15591,1493|15603,958|15638,1902|15638,1935|15638,2286|15638,4210|15638,4558|15638,6384|15638,6418|15638,15399|15638,15432|15638,15510|15638,15543|15665,2206|15686,2206|15742,1757|15754,2206|15754,2675|15754,3010|15754,4087|15754,4278|15754,4309|15791,958|15816,7907|15831,5282|15831,5910|15831,5990|15831,9446|15846,8406
201on 12661,18118
201p 16789,2292
201pleas 14507,17856
201privat 10694,13302|13083,13299|14276,13672
2020git 10714,809|14436,809
2020the 10492,1692|15750,1546
2020thi 9691,807|13436,806|14760,2082|14933,811
202199we 11023,1337
20222p 9191,5589|9273,5589|9894,1118|10282,4269|10791,5589|11218,4252|12847,5589|13876,1135|14040,1135|14040,1423|15442,1549
2022futur 13047,1469
202c 9376,16612
202d 14771,5462|15178,16411
202exterior1st 15607,7004
202p 16789,2323|16811,1611|16822,2039
202set 15300,13391
202thi 10420,16504|11255,16505|15133,16502
202to 12439,20540
202we 13858,4604
203204select 15300,13417
2038928close 16468,20473
2038928doi 16468,20446
203do 9376,16737
203follow 8137,1159
203if 14771,5602
203p 16789,2357|16811,1996|16822,2074
203thi 15789,16252
203use 12999,18577
203void 10618,39993|11937,39809
203your 14507,17998
204206if 15178,16765
204b 11292,4365
204befor 13858,4784
204e 15178,16501
204for 8351,15788
204if 14771,5726
204public 8860,16742
204use 14916,18346|15543,1009
205187b 11470,11821
205192the 8860,15731
205205b 13437,801|14372,801
205205you 8137,1361
205206insert 10390,11538|14747,11528
20552245eb5b6022bd2a26e7a5258eb7 10197,10473|11626,434572|12225,10497
205d 9376,16872
205if 15178,16641
205note 14507,19286
205privat 10519,13741
205the 10476,16979|15645,19158
206206a 9131,1360
206a 15422,22574
206e 14771,5911
206if 9376,17012
206p 16789,2387|16811,2419|16822,2129
206thi 10694,13437|13083,13434|14276,13807|15789,16643
207204the 8200,1846
207207a 8255,795
207207you 11807,804
207c 13437,1261|14372,1400
207class 15772,16784
207close 16508,11416
207doi 16508,11391
207if 9376,17136
207values208 10390,11717|14747,11707
207you 9013,21147|9713,21145|10476,17107
208202a 11292,3709
208208b 13349,800
208b 15422,22763
208f 14771,5990|15178,17318
208given 14507,19665
208pleas 10813,1294|11023,2124|12208,1296|12661,19224
208the 10420,17044|11255,17045|15133,17042
209209b 11906,6853
209209d 13437,1701|14372,1845
209209thi 9203,11293
209b 8255,1146
209e 9376,17321
209for 10476,17322
209pleas 14209,957|15684,964
209there 12999,18766
209thi 10694,13707|13083,13704|14276,14077
20a 15094,2261
20a51150d6e5fac4a721c74fba4f2640 10197,17108|11626,436348|12225,17132
20alec 11724,70785
20and 9191,5437|9273,5437|10791,5437|11724,32971|12847,5437|15442,1394
20arnold 10030,1536|10130,861|10332,1245|10514,1266|11695,861|11724,50308|11752,861|12098,1126|12347,861|12351,1231|13308,1126|14242,1262|14837,1535
20audrey 11724,76327
20basic 11568,2015
20ben 11724,77298
20bill 11724,52469
20bro 11724,24331
20bruce 11724,71901
20cameron 11724,76724
20cate 11724,52676
20craig 11724,50090
20creat 10602,1404|13099,1398|14265,1403
20d5053ae4e98c02e2f71ebab5691bba 10197,16178|11626,436078|12225,16202
20danni 11724,52870
20daryl 11724,51763
20day 11724,41870
20eddi 10030,1759|10130,1068|10332,1468|10514,1489|11695,1068|11724,50902|11752,1068|12098,1333|12347,1068|12351,1454|13308,1333|14242,1485|14837,1758
20ethan 11724,83819
20ewan 11724,50707
20gabriel 11724,52291
20gari 11724,71706
20git 9707,1650
20harrison 11724,75544
20in 8917,1445|13193,1726
20jason 11724,51947
20jeff 11724,53424
20jet 11724,75731
20jim 11724,76989
20johnni 11724,80320
20keanu 11724,76130
20kevin 11724,52120
20kiefer 11724,53051
20l 11724,82161
20laurenc 11724,71508
20m 11724,8978
20madelein 11724,51416
20marlon 11724,50506
20michael 11724,75925
20mike 11724,49901
20natali 11724,76528
20niro 11724,71099
20one 13005,8819
20owen 11724,81478
20p 8098,3386|8108,3374|8114,3998|8117,3338|8121,3463|8122,3116|8154,2494|8234,2702|8254,2522|8258,3549|8280,2553|8296,3178|8332,3156|8361,4944|8377,3279|8381,2853|8392,2507|8394,3343|8399,3178|8429,4151|8443,3190|8451,2691|8468,2904|8475,5007|8487,3645|8538,4242|8552,3149|8559,3591|8626,3208|8656,3805|8674,3273|8678,3270|8679,5007|8715,2385|8754,2340|8847,4786|8855,4927|8858,2506|8881,3032|8911,2981|8976,3271|8982,3108|8995,2258|9034,4927|9132,3239|9239,3733|9278,2945|9281,3261|9352,3293|9405,3233|9505,3540|9582,2429|9610,2380|9648,2438|9652,3463|9695,4556|9706,3233|9711,3463|9722,3159|9805,3733|9884,2644|9898,2908|10014,3805|10021,3213|10027,2685|10067,3180|10109,2506|10158,3294|10266,3793|10307,3149|10378,3372|10381,3261|10382,2709|10391,2554|10397,2506|10454,3807|10494,4676|10659,3562|10742,3927|10798,2526|10824,3648|10829,4944|10836,3507|10892,2933|10943,3236|10951,3734|10964,2513|10966,3343|11019,2493|11030,3330|11174,3783|11233,2507|11241,3594|11264,2507|11267,3617|11286,4435|11301,2701|11370,2310|11393,4564|11401,2507|11421,4447|11440,3116|11462,3266|11510,2881|11511,2661|11559,2309|11593,2685|11610,4236|11617,3663|11629,3657|11645,3270|11669,3168|11694,4434|11705,3293|11707,4652|11762,4907|11778,2526|11805,4944|11967,4395|12029,2353|12080,2981|12095,2331|12096,2523|12103,3155|12121,2709|12221,3326|12227,5292|12241,3827|12242,3807|12305,4473|12310,3961|12313,3283|12319,2880|12344,3060|12392,5174|12404,3302|12407,2538|12408,4927|12417,2495|12521,3276|12539,3285|12639,3059|12670,3818|12681,2962|12687,2579|12710,2495|12730,2454|12737,3609|12750,2353|12827,2329|12831,2838|12844,5007|12854,2353|12937,2577|12954,3293|12997,2691|13011,2309|13021,3818|13054,2506|13070,4855|13075,3629|13147,2905|13244,3827|13291,3220|13292,2523|13296,3149|13318,3218|13321,3204|13332,4340|13373,2522|13378,2954|13415,2578|13465,2507|13486,3792|13506,5007|13525,4502|13527,3233|13528,3220|13549,3807|13557,2311|13574,2516|13618,4242|13620,3324|13667,2523|13680,3648|13707,4242|13725,2521|13737,3462|13756,3414|13786,3223|13827,3792|13838,3149|13851,2340|13852,2331|13856,3184|13863,4238|13867,3163|13870,2505|13890,3890|13895,3100|13914,3261|13968,2329|14051,4482|14078,3321|14095,4875|14191,2971|14212,3792|14216,3261|14223,2506|14236,3769|14263,3204|14298,4476|14320,3071|14337,3560|14403,3343|14427,2340|14452,2823|14463,4928|14500,3394|14539,2383|14551,2773|14556,3283|14570,3752|14599,3570|14721,2495|14732,2899|14776,8557|14860,2852|14897,3332|14940,3513|14945,3753|14962,3186|14976,3204|15069,3570|15081,2976|15096,2386|15108,2566|15126,2926|15172,3146|15248,2513|15254,3176|15288,2577|15323,5874|15339,4476|15364,3368|15408,5007|15444,3414|15484,4429|15564,3464|15613,2506|15629,2494|15631,2577|15653,3244|15660,4598|15766,3293|15782,3354|15795,3343
20pleas 7965,960|8708,1806|11779,981
20pm 7991,68|8015,353|8028,354|8037,353|8071,353|8126,68|8198,353|8219,68|8253,353|8265,68|8297,68|8393,353|8473,353|8483,68|8494,354|8557,353|8564,68|8594,353|8707,68|8726,68|8740,68|8770,353|8887,68|8913,68|8930,353|8948,353|8970,353|8990,68|9017,353|9085,353|9123,68|9243,353|9245,353|9266,352|9288,353|9315,68|9316,68|9320,353|9332,68|9344,68|9349,68|9354,353|9434,353|9478,353|9515,353|9532,353|9538,68|9725,354|9733,68|9830,353|9845,68|9892,68|9935,353|9939,353|9961,68|9963,68|10003,68|10006,353|10071,68|10072,68|10106,68|10125,352|10139,354|10148,354|10272,353|10299,68|10329,68|10396,353|10429,68|10445,353|10503,354|10530,68|10542,353|10610,353|10612,353|10615,68|10622,68|10672,353|10733,68|10776,68|10833,68|10898,353|10911,352|10925,353|10927,68|10963,353|10970,353|10973,838|11003,68|11021,354|11036,354|11074,68|11077,353|11088,68|11166,68|11190,68|11234,353|11254,68|11266,353|11288,68|11354,68|11407,353|11420,353|11453,68|11463,68|11512,352|11605,353|11613,354|11620,68|11711,68|11749,354|11759,68|11763,68|11788,68|11818,68|11845,354|11847,68|11851,353|11877,68|11917,353|11930,68|11951,353|11959,68|11974,68|12017,68|12042,353|12059,353|12081,353|12137,353|12163,353|12166,353|12170,352|12185,353|12190,353|12273,68|12280,843|12286,68|12339,354|12353,68|12356,68|12436,68|12471,353|12516,68|12584,68|12602,353|12637,354|12647,351|12675,68|12691,353|12722,68|12822,68|12836,68|12837,353|12849,68|12965,68|13090,353|13151,353|13165,68|13185,68|13192,68|13231,68|13267,353|13272,353|13307,353|13417,354|13424,68|13445,354|13454,68|13469,68|13515,68|13543,68|13579,354|13598,68|13607,354|13608,353|13626,353|13647,353|13685,68|13705,353|13708,68|13743,68|13746,353|13812,68|13878,353|13892,353|13900,354|13904,68|13955,68|13972,353|14021,353|14055,353|14076,68|14207,68|14224,354|14250,353|14273,353|14314,353|14338,68|14342,68|14353,68|14369,68|14396,68|14401,68|14417,68|14429,354|14478,68|14527,68|14543,68|14586,68|14612,68|14620,68|14648,68|14664,354|14666,68|14681,353|14723,68|14728,68|14734,354|14743,68|14781,68|14788,68|14790,353|14890,353|14930,68|14953,352|14957,244|14974,352|14989,353|15004,68|15013,68|15019,353|15027,353|15092,68|15125,353|15275,353|15302,68|15347,68|15376,353|15394,353|15410,353|15439,68|15452,68|15507,68|15539,354|15580,68|15661,68|15683,353|15752,352|15805,353|15842,68
20prejudic 11724,32977
20public 10519,2822
20quiz 9191,5426|9191,5596|9273,5426|9273,5596|9894,1125|10282,4276|10791,5426|10791,5596|11218,4259|12847,5426|12847,5596|13876,1142|14040,1142|14040,1430|15442,1383|15442,1556
20quiz3 9191,5735|9273,5735|9894,1264|10282,4429|10791,5735|11218,4395|12847,5735|13876,1298|14040,1298|14040,1569|15442,1698
20quiz4 9191,5871|9273,5871|10791,5871|12847,5871|15442,1837
20quiz5 9191,6024|9273,6024|10791,6024|12847,6024|15442,1993
20rmtest_09 10618,23600|11937,23416
20robert 11724,71107
20rutger 11724,51591
20samuel 11724,82152
20sean 11724,78669
20set 12769,3306
20shell 7980,2014|10853,2004|12299,2015|12576,2363|13464,1614|15318,2462
20solut 9191,5443|9273,5443|10791,5443|12847,5443|15442,1400
20sophi 11724,53227
20t 11724,50098
20t10 11768,6365|11768,8072|15300,6763|15300,8479
20tar 9036,1713|10339,968|10527,1876|10958,1702|12459,1432|12792,1873|13821,2119|14588,1706|15203,1704
20th 7961,1470|8140,1182|8259,1195|8312,1182|8323,1482|8439,1197|8461,1182|8472,1180|8510,1195|8568,1468|8634,1195|8852,1469|8875,1482|8929,1180|8951,1182|9004,1180|9056,1195|9064,1470|9072,1182|9094,1195|9365,1182|9368,1482|9390,1470|9568,1182|9583,1470|9613,1182|9633,1197|9758,1470|9791,1482|9936,1182|9984,1484|10005,1420|10005,1606|10010,1180|10228,1182|10274,1182|10291,1182|10326,1195|10349,1470|10417,1484|10449,1180|10803,1182|10906,1182|10994,1469|11049,1180|11075,1182|11119,1180|11177,1468|11184,1482|11203,1470|11265,1468|11282,1472|11335,1469|11682,1197|11781,1197|11810,1470|11840,1182|11969,1482|11978,1195|12117,1468|12201,1362|12203,1468|12497,1182|12551,1482|12579,1482|12593,1182|12618,1481|12688,1197|12712,1470|12761,808|12886,1197|12894,1470|12922,2650|12922,2843|12929,1482|12983,1472|13102,1469|13115,1182|13118,823|13167,1469|13169,1182|13260,1195|13284,1482|13425,1468|13513,1195|13548,1482|13666,1182|13752,1470|13869,1197|14001,1482|14301,1197|14324,1197|14389,1180|14492,1182|14494,1182|14521,1475|14528,1182|14554,1470|14578,1482|14661,1472|14694,1470|14705,1180|14754,1470|14774,1482|14791,1180|14795,1475|14818,1470|14842,1182|14935,1180|15198,887|15219,1470|15233,1197|15237,1468|15252,1195|15292,1468|15414,1195|15428,1482|15472,1482|15598,1468|15636,1482|15731,1482|15747,1182|15828,1470|15869,2500|15877,2500|15885,353|15890,1452|15897,1454|15907,2344|15929,368|15932,353|15933,2344|15945,368|16109,522|16782,6991
20the 8319,3850|9025,1974|11650,3850|15697,3894
20thi 10978,2346|13597,2287
20total 13996,1751
20will 11724,53622|11724,84011
20zach 11724,75350
21016catch 9698,17620|12914,17620|13138,17619|14355,17616
210191d 11470,12535
210210c 14387,800
210210there 8843,799|14175,1791|15684,1179
210211insert 15300,13654
21044white 9698,18150|12914,18150|13138,18149|14355,18146
21056find 9698,18359|12914,18359|13138,18358|14355,18355
21058ocean 9698,18395|12914,18395|13138,18394|14355,18391
2109199close 16468,16000
2109199doi 16468,15973
2109203close 16468,14184
2109203doi 16468,14157
210c 13349,1404|15422,22923
210class 9371,16846
210g 14771,6184|15178,17397
210implement 8860,16884
210p 16789,2435|16811,2665|16822,2178
210pleas 10410,1112
210the 8200,2137
210there 9608,4025|14209,1091|14916,18535
210thi 10519,13876
210you 10420,17172|11255,17173|15133,17170
211218c 8255,1749
21122donni 9698,19525|12914,19525|13138,19524|14355,19521
21132elf1133find 9698,19703|12914,19703|13138,19702|14355,19699
21144alien1145dodgeball1146indiana 9698,19929|12914,19929|13138,19928|14355,19925
21169birth1170ar 9698,20364|12914,20364|13138,20363|14355,20360
2119follow 15147,975
211c 11906,7461
211class 7954,16861|8523,16935
211f 9376,17400
211git 8255,1338
211grade 10476,17627
211p 16789,2484|16811,2995|16822,2228
211proxyset 7993,751|9810,747|10819,750|11362,751|15077,747
211thi 14507,19837
2120shell 13649,3154
2120thi 15358,3285
21217american 9698,21229|12914,21229|13138,21228|14355,21225
2121follow 9061,1625
2121full 9298,795|13847,1657
2121git 10714,913|14436,913
2121the 10475,802|15750,1669
2121thi 9508,810|10709,769|11435,1402
212206c 11292,4838
212212d 12629,801|13349,1853
212212you 8365,932|14691,6271
21223the 9698,21326|12914,21326|13138,21325|14355,21322
2122creat 11932,608|14914,611
212close 16468,17573
212d 14387,1420|15422,23369
212doi 16468,17548
212for 10420,17387|11255,17388|15133,17385
212git 8255,1396
212h 15178,17590
212pleas 8319,20017|11650,20017
212the 15789,17183
212thi 9203,12641|10694,13998|13083,13995|14276,14368
212you 8033,1605|9013,21380|10104,1526|10269,1535|11807,1062
21309when 9698,23002|12914,23002|13138,23001|14355,22998
213213d 11906,7910
213232b 14771,6793
21348bone 9698,23749|12914,23749|13138,23748|14355,23745
213a 12661,19970
213g 9376,17594
213git 8255,1461
213thi 10519,14146
214195pleas 12658,16540
214208pleas 10353,1319
214214e 14387,1615
214214you 8871,800|9259,801
21431the 9698,25261|12914,25261|13138,25260|14355,25257
21452spider 9698,25605|12914,25605|13138,25604|14355,25601
2145393public 16050,408|16083,408
21453the 9698,25621|12914,25621|13138,25620|14355,25617
21466raider 9698,25830|12914,25830|13138,25829|14355,25826
21488home 9698,26245|12914,26245|13138,26244|14355,26241
214e 12629,1324|15422,23561
214grade 10420,17692|11255,17693|15133,17690
214pleas 8860,17050
214public 12439,21232
214session 8351,16045
214you 8749,1164|15141,1161|15789,17311
215222grade 12845,1193
21522citi 9698,26834|12914,26834|13138,26833|14355,26830
21549birth1550star 9698,27365|12914,27365|13138,27364|14355,27361
21561you 9698,27570|12914,27570|13138,27569|14355,27566
21580roman 9698,27924|12914,27924|13138,27923|14355,27920
215b 12661,20159
215grade 8319,20473|11650,20473|13077,899
215if 8255,1552
215thi 9203,13220|10694,14577|13083,14574|14276,14947
21600ocean 9698,28299|12914,28299|13138,28298|14355,28295
216195f 11470,13516
2161moulin 9698,3037|12914,3037|13138,3036|14355,3033
216216f 12629,1677
216216follow 13304,801
216216the 9504,4001
216217on 8434,5437
21646dr 9698,29169|12914,29169|13138,29168|14355,29165
21675alexander1676th 9698,29674|12914,29674|13138,29673|14355,29670
216f 15422,23911
216follow 8871,981|10094,1016|12999,20438
216for 15789,17526
216public 12378,7037
216the 8351,16197|13602,19563
216thi 10519,14437
21712the 9698,30313|12914,30313|13138,30312|14355,30309
217236d 14771,7807
21734batman 9698,30770|12914,30770|13138,30769|14355,30766
21741bicentenni 9698,30920|12914,30920|13138,30919|14355,30916
2177bowl 9698,3343|12914,3343|13138,3342|14355,3339
217follow 14916,20131
217git 12661,20351
217pleas 15697,20635
217review 9504,4085
218197g 11470,13604
218218given 9203,13617
218219creat 10390,12274|14747,12264
218219thi 10126,10664
21827walk 9698,32568|12914,32568|13138,32567|14355,32564
21831the 9698,32664|12914,32664|13138,32663|14355,32660
21870son 9698,33329|12914,33329|13138,33328|14355,33325
21887all 9698,33648|12914,33648|13138,33647|14355,33644
21889the 9698,33682|12914,33682|13138,33681|14355,33678
218a 8871,1044|13304,1047
218git 12661,20409
218given 10694,14973|13083,14970|14276,15343
218grade 15789,17831
218here 8351,16590
21903elektra1904licens 9698,33938|12914,33938|13138,33937|14355,33934
21908the 9698,34013|12914,34013|13138,34012|14355,34009
219219we 14495,795
21970the 9698,35148|12914,35148|13138,35147|14355,35144
21989ghost 9698,35459|12914,35459|13138,35458|14355,35455
219git 12661,20474
219given 14507,20966
219pleas 9241,20163
219thi 10519,15016
219we 9131,2222|15422,24145
21and 9510,1219
21cf414f0c79650001104fdc7937ab2d 10197,32547|11626,432549|12225,32571
21follow 8019,1262|11721,2040|13367,1183
21full 11953,1736
21git 9707,1753
21if 9943,2248
21in 9148,1471|9553,1145|11020,1313|13532,1491
21it 10476,2598
21m 11724,1131
21master 9115,2374|13078,2356|14614,2375
21normal 12826,1399
21project 10822,1712
21recaptcha 13193,1824
21rmtest_10 10618,23637|11937,23453
21run 8688,1849|8720,1848|11383,1903|13406,1844|13943,1909
21shell 7980,2124|9329,2441|10853,2114|12299,2125|13409,2411|13464,1724|15318,2496
21st 7958,9393|7958,9650|7996,12631|7996,12888|8069,10164|8069,10421|8116,7896|8116,8153|8131,11692|8131,11949|8333,10569|8333,10826|8359,12903|8359,13160|8454,9004|8454,9261|8527,10508|8527,10765|8570,12665|8570,12922|8625,13376|8625,13633|8639,11378|8639,11635|8750,12408|8750,12665|8828,11360|8828,11617|8833,11978|8833,12235|8986,12642|8986,12899|9022,7734|9022,7991|9081,12146|9081,12403|9202,12146|9202,12403|9258,9037|9258,9294|9326,11357|9326,11614|9362,12659|9362,12916|9378,12137|9378,12394|9421,12143|9421,12400|9428,11799|9428,12056|9452,15054|9452,15311|9473,12146|9473,12403|9503,10570|9503,10827|9641,12147|9641,12404|9674,10143|9674,10400|9682,8724|9682,8981|9693,11382|9693,11639|9708,10003|9708,10260|9750,12272|9750,12529|9946,8727|9946,8984|10022,11516|10022,11773|10054,7905|10054,8162|10086,12014|10086,12271|10089,12107|10089,12364|10097,10008|10097,10265|10110,11692|10110,11949|10128,8292|10128,8549|10185,10075|10185,10332|10236,11692|10236,11949|10290,12264|10290,12521|10352,15095|10352,15352|10477,10077|10477,10334|10484,11994|10484,12251|10713,12382|10713,12639|10788,15101|10788,15358|10805,10146|10805,10403|10831,9393|10831,9650|10846,10123|10846,10380|10850,10008|10850,10265|10896,7906|10896,8163|10935,12630|10935,12887|11130,10303|11130,10560|11168,10623|11168,10880|11189,11360|11189,11617|11287,12660|11287,12917|11339,8229|11339,8486|11361,12015|11361,12272|11368,11469|11368,11726|11394,9399|11394,9656|11479,11460|11479,11717|11483,12017|11483,12274|11574,9161|11574,9418|11584,14331|11584,14588|11599,8228|11599,8485|11618,7897|11618,8154|11746,7778|11746,8035|11802,12667|11802,12924|11821,12292|11821,12549|11860,8737|11860,8994|11872,11862|11872,12119|11873,9079|11873,9336|11892,8741|11892,8998|11900,12673|11900,12930|11911,12411|11911,12668|12010,7917|12010,8174|12055,10618|12055,10875|12070,10164|12070,10421|12279,14335|12279,14592|12386,7764|12386,8021|12401,9045|12401,9302|12416,12666|12416,12923|12499,11694|12499,11951|12542,9311|12542,9568|12553,12606|12553,12863|12634,8204|12634,8461|12638,11761|12638,12018|12740,12666|12740,12923|12876,11356|12876,11613|13022,12294|13022,12551|13073,11597|13073,11854|13131,15096|13131,15353|13181,13374|13181,13631|13218,9008|13218,9265|13330,7914|13330,8171|13339,10148|13339,10405|13347,8882|13347,9139|13359,15102|13359,15359|13365,12640|13365,12897|13402,11836|13402,12093|13587,10934|13587,11191|13605,12137|13605,12394|13616,10144|13616,10401|13632,12675|13632,12932|13655,11344|13655,11601|13669,11359|13669,11616|13712,16389|13712,16646|13825,11838|13825,12095|13903,7740|13903,7997|13976,7905|13976,8162|14016,7890|14016,8147|14030,9023|14030,9280|14073,7890|14073,8147|14085,8721|14085,8978|14088,12295|14088,12552|14171,12016|14171,12273|14184,10103|14184,10360|14220,10571|14220,10828|14222,13368|14222,13625|14289,10159|14289,10416|14394,12146|14394,12403|14504,11983|14504,12240|14592,11382|14592,11639|14595,7921|14595,8178|14726,12666|14726,12923|14758,11967|14758,12224|14854,10155|14854,10412|14881,12438|14881,12695|14912,12899|14912,13156|14977,12013|14977,12270|15335,10128|15335,10385|15337,11871|15337,12128|15356,11767|15356,12024|15424,8724|15424,8981|15503,10163|15503,10420|15511,11844|15511,12101|15553,11438|15553,11695|15600,11799|15600,12056|15642,12381|15642,12638|15667,7887|15667,8144|15671,12271|15671,12528|15707,11382|15707,11639|15745,12379|15745,12636|15808,12666|15808,12923
21t10 11768,5081|15300,5472
21th 16475,7847|16475,8404|16475,8913|16475,9448|16551,7847|16551,8404|16551,8913|16551,9448
21the 9025,2096|9625,2646
21values22 10390,940|14747,956
21we 8785,1359
21you 10591,1784
22010birth2011about 9698,35883|12914,35883|13138,35882|14355,35879
22018proof 9698,36017|12914,36017|13138,36016|14355,36013
220220b 13304,1235
220220thi 15834,821
220223grade 8301,914
22058befor 9698,36770|12914,36770|13138,36769|14355,36766
22071girl 9698,36980|12914,36980|13138,36979|14355,36976
22085gone 9698,37272|12914,37272|13138,37271|14355,37268
22087snatch2088th 9698,37310|12914,37310|13138,37309|14355,37306
22097hide 9698,37475|12914,37475|13138,37474|14355,37471
220a 9259,2218
220b 8871,1225
220follow 8351,16742
220grade 15697,21091
220thi 10694,16333|13083,16330|14276,16703
22125rush 9698,37982|12914,37982|13138,37981|14355,37978
22126episod 9698,37997|12914,37997|13138,37996|14355,37993
22129hitch2130a 9698,38048|12914,38048|13138,38047|14355,38044
22146the 9698,38346|12914,38346|13138,38345|14355,38342
22157race 9698,38550|12914,38550|13138,38549|14355,38546
22162ocean 9698,38652|12914,38652|13138,38651|14355,38648
22175amelie2176extern 9698,38898|12914,38898|13138,38897|14355,38894
221befor 9131,2421|15422,24344
221if 12661,20565
221on 14495,1421
22217802download 15953,33467
2221shell 13649,3190
222220grade 12145,5911
222222b 11460,800
222224your 15834,1331
22223ocean 9698,39866|12914,39866|13138,39865|14355,39862
2222in 13996,1799
2222now 10339,1063|10527,1971|12459,1527|12792,1968|13254,869|13821,2214|14370,869|14983,862
2222project 15750,1770
2222the 11059,761
2222thi 9662,2089|12768,2320|12769,3351
22238race 9698,40146|12914,40146|13138,40145|14355,40142
2223creat 11979,1040
2223in 8860,1007
2223with 10362,1057
22246raider 9698,40305|12914,40305|13138,40304|14355,40301
2224a 14675,1145
2224search 10475,1389
22270bride 9698,40733|12914,40733|13138,40732|14355,40729
2228kingdom 9698,4290|12914,4290|13138,4289|14355,4286
222b 9259,2402
222c 8871,1454
222exterior2nd 15607,7567
222given 10519,15412|14507,21572
222grade 9241,20619
222p 8099,13398|8152,14344|8188,13735|8206,13231|8327,14853|8378,15243|8419,14992|8500,13403|8542,13195|8629,14765|8687,14777|8743,13702|8809,14258|9158,13307|9168,13716|9226,13497|9253,14915|9255,13232|9265,13956|9302,13410|9459,15333|9514,13594|9563,12945|9585,15084|9715,14760|9827,15184|9835,14596|9904,13761|9927,13691|10012,15249|10049,13180|10224,15251|10273,13229|10358,14155|10438,13230|10461,13693|10499,13579|10626,15229|10686,13998|10732,13505|10828,13229|10851,13655|10874,13231|10909,13183|10915,13999|11084,14208|11257,15033|11409,13498|11496,13767|11505,14660|11806,13210|11815,13210|11859,14853|12024,14154|12143,14999|12164,14853|12340,12698|12458,13400|12493,13486|12511,13439|12543,15320|12558,14545|12561,13211|12605,15319|12683,13771|12748,15244|12846,13702|12955,15144|13035,13385|13204,14999|13269,13362|13366,15210|13535,13998|13564,15320|13614,15034|13813,13094|13962,12698|14017,14396|14018,13094|14174,13196|14225,15250|14249,14682|14388,15298|14582,15340|14709,13655|14729,14998|14841,14518|14901,14031|14986,15254|15010,12686|15031,14760|15034,13853|15334,14473|15340,12698|15420,15042|15498,13229|15619,13195|15739,14274|15819,15041|16789,1658|16789,2514|16811,3410|16817,2922|16817,2942|16822,1638
222pleas 14276,17063|15834,1188
222the 13894,1198
222thi 10126,13366
222your 10694,16693|13083,16690
223223demonstr 9131,2886
22348the 9698,42185|12914,42185|13138,42184|14355,42181
223demonstr 15422,24806
223the 10478,1142|13602,19742
224226you 15178,20747
22470pretti 9698,44400|12914,44400|13138,44399|14355,44396
22474smallville2475tomorrow 9698,44461|12914,44461|13138,44460|14355,44457
22499traffic2500th 9698,44901|12914,44901|13138,44900|14355,44897
224c 9259,2872|9377,3143|11460,1470|12661,20759
224d 8871,1671
224note 10694,17981|13083,17978
224the 10440,1188|15581,1037
224thi 10519,16772
224walk 9698,689|12914,689|13138,688|14355,685
224you 14771,6597
224your 14276,17205
22502hotel 9698,44952|12914,44952|13138,44951|14355,44948
225225thi 14268,823
22534driven2535dogma2536th 9698,45541|12914,45541|13138,45540|14355,45537
22566a 9698,46102|12914,46102|13138,46101|14355,46098
225given 14507,22549
225here 8351,17032
225thi 10126,13945
226226d 9377,3592|11460,1777
226226note 9203,14994
2266elektra267proof 9698,4930|12914,4930|13138,4929|14355,4926
226d 9259,3070|12661,21205
226e 8871,1871
226note 14276,18493
226pleas 10519,17132
226sudo 12439,22654
227228insert 10390,12634|14747,12624
227229your 14268,1333
227given 10694,18360|13083,18357
227pleas 14268,1190
227sudo 12439,22680
227you 9376,19572|11470,15841|11823,1164|14165,1162
228229select 15300,14153
2283starship 9698,5247|12914,5247|13138,5246|14355,5243
228e 12661,21397
228given 10126,14341|14507,22892
228px 10318,980|10318,1225|10318,1471|10318,1739|10318,2006|10318,2592|10318,2837|10318,3105|10318,3377|13345,980|13345,1225|13345,1471|13345,1739|13345,2006|13345,2592|13345,2837|13345,3105|13345,3377|15244,976|15244,1221|15244,1467|15244,1735|15244,2002|15244,2588|15244,2833|15244,3101|15244,3373|15316,979|15316,1224|15316,1470|15316,1738|15316,2005|15316,2591|15316,2836|15316,3104|15316,3376
228sudo 12378,8459|12439,22737
228your 10519,17274
229229given 9203,15505
229230thi 10126,15705
22962194download 15953,29550
229cd 12439,22770
229given 14276,18872
229sudo 12378,8485
229values230 10390,12701|14747,12691
22__ 9041,17540|10703,18986|10734,17544|12288,17545|12378,5465|12601,17540|12658,15384|13375,17544
22a 8274,1986|10344,2154
22all 9371,2350
22class 15772,3318
22follow 9691,955|10978,2430|13436,1016|13597,2371|14760,4103|14933,1021|15358,3536
22git 9707,1838|10714,1087|14436,1086
22http 13193,1912
22in 10822,1767
22log_error 11881,1789
22m 11724,54384|11724,55317|11724,56858|11724,57946|11724,58785|11724,66714|11724,68406|11724,70223|11724,70467|11724,74020|11724,82522|11724,82765
22master 9115,2409|13078,2391|14614,2410
22nd 8061,1238|13484,1705|14576,1418|15435,1828|15858,3385|16468,21708|16468,22223
22normal 8448,1815
22now 9036,1805|10958,1795|14588,1799|15203,1797
22project 9025,2196|10618,3603|11937,3596
22rc 10618,26853|11937,26669
22rmtest_11 10618,23674|11937,23490
22search 9625,3218
22shell 7980,2216|8649,4223|9329,2476|10853,2206|12299,2217|13409,2445|13464,1816|13649,3778|15318,2527
22t00 11768,10793|15300,11264
22t10 11768,6682|15300,7081
22the 12308,1949|13171,1846
22thi 15708,2248
22time 10074,772|10973,814
22we 15271,1814
230231delet 15300,14221
230f 12661,21747
230note 10519,18562
230p 16822,2259
230sudo 12378,8542|12439,22788
230thi 10694,18532|13083,18529
231cd 12378,8575
231lemoni 9698,799|12914,799|13138,798|14355,795
231you 14507,23873
232232on 10753,5375
232234b 15178,20929
2323follow 12587,810
2323futur 11489,770
2323git 10714,1172|14436,1171
2323improv 10112,804|11351,804|12921,1250|15088,804
2323in 14848,801
2323posit 9148,1970
2323rbftest_10 10618,9028|11937,8844
2323shell 10214,775
2325the 9553,1722|10475,1414
2327the 9698,6062|12914,6062|13138,6061|14355,6058
232p 16789,1701|16789,2557|16811,3718|16822,2302
232sudo 12378,8593
232thi 14276,19044
2331endforeach 10618,4669|11937,4662
233248we 11187,7752
23364851download 15953,28545
233a 9376,19827
233given 10519,18941
233use 8351,17327
233we 12661,21981
234212you 11470,14018
2345collateral346coach 9698,6369|12914,6369|13138,6368|14355,6365
2346638close 16468,12665
234c 14771,7501
235235b 11919,798
235236note 10126,16074
235b 9376,20011
235befor 12661,22180
235the 15772,18327
23643147download 15953,29021
236c 15178,22214
236pleas 12439,23793
236thi 10519,19113
237252demonstr 11187,8786
237c 9376,20481|11919,1573
237demonstr 12661,22642
238239given 10126,16585
2384cinderella 9698,6957|12914,6957|13138,6956|14355,6953
238d 15178,22519
238e61cd03b7e5e1fb4aeeb6c555a92d 10197,5063|11626,436945|12225,5087
238given 10694,19661|13083,19658
238p 16789,1750|16789,2606|16811,4105|16822,1739
238the 9371,18389
23920636download 15953,31098
23920639download 15953,31476
239239d 11919,1880
23942926download 15953,29312
239amelie408 9698,926|12914,926|13138,925|14355,922
239d 9376,20785
239the 7954,18404|8523,18478
239to 15772,19023
23all 7954,2364|8523,2438
23class 8319,4345|11650,4345|15697,4389
23creat 15789,2415
23drop 8268,956|14227,965|15160,959|15778,955
23due 8651,847
23encrypt 13193,2023
23export 10591,1885
23follow 9508,1121
23git 9707,1921
23if 9298,950
23improv 8347,1979|14100,1998
23insert 9299,1547|10905,1531|12787,1545|14077,1533
23int 10618,49263|11937,49079
23m 11724,68889
23master 9115,2481|13078,2463|13503,2364|14383,2365|14614,2482
23posit 9553,1438
23rd 8163,1205|8222,1311|8293,989|8345,989|8792,989|8879,989|8904,1313|8908,989|8920,989|9212,1796|9246,1312|9761,1313|9850,1313|10020,1312|10263,989|10311,916|10687,989|10785,1313|10885,1313|11045,1313|11083,989|11195,1313|11247,989|11445,989|11490,1313|11915,989|12046,1313|12223,989|12274,1313|12276,1313|12315,989|12354,989|12809,989|12990,1313|13194,989|13229,1313|13255,989|13572,989|13617,1313|13674,1313|13723,2380|13762,989|13844,1313|13875,1313|14186,989|14470,1313|14532,1313|14607,989|14695,1313|14715,896|14910,989|14928,989|15048,1313|15075,989|15289,1313|15537,989
23rmtest_12 10618,23711|11937,23527
23shell 7980,2307|8649,4391|9329,2508|10853,2297|12299,2308|13409,2476|13464,1907|13649,3947|15318,2695
23the 8785,1954|9625,3242|11020,1921|13532,1820|15094,3007|15750,1919
23thi 10709,2297
23use 12583,339|14971,343
23void 10618,32910|11937,32726
23we 14934,915
23you 8458,1959
240215a 11470,14287
240240given 9203,15881
240given 14276,20173
240pleas 14710,2091
241given 10694,20139|13083,20136
241rc 10618,41411|11937,41227
2420shell 8649,3601
24243832download 15953,24649
24246272download 15953,24362
2424rbftest_11 10618,9060|11937,8876
2424shell 10214,813
2424you 9476,795
2425creat 15300,779
2425futur 10512,1830
242if 12439,24563
242masvnrtyp 15607,8157
242p 16789,2637|16811,4507
242to 9371,19085
242you 15772,20017
243243given 9203,16499
2435224close 16468,5347
2435224doi 16468,5320
243given 14276,20651
243to 7954,19100|8523,19174
2441837download 15953,32257
2449white 9698,8051|12914,8051|13138,8050|14355,8047
244given 8821,1294|10519,20242|10694,21116|12919,1421|13083,21113|15835,1297
244p 16789,2677|16811,4745|16822,2353
2454955524863430download 15953,23439
2456shrek457th 9698,8178|12914,8178|13138,8177|14355,8174
245here 15772,20218
245you 9371,20079
2461276close 16495,43516
2461276doi 16495,43489
2461469close 16468,1960
2461469doi 16468,1933
246221d 11470,14488
246246given 9203,17639
246247creat 10390,13210
246given 14276,21628
246you 7954,20094|8523,20168
247given 10519,20720|10694,21459|13083,21456
247you 8351,19321
248249creat 14747,13273
248250we 8434,6358
2482dogma483x2484a 9698,8605|12914,8605|13138,8604|14355,8601
24863430download 15953,22995
2486home 9698,8658|12914,8658|13138,8657|14355,8654
248here 9371,20280
248you 9376,21359
2490sleepi 9698,8720|12914,8720|13138,8719|14355,8716
249249given 9203,18231
249250given 10126,16961
2492817724863430download 15953,23253
2495in 9698,8810|12914,8810|13138,8809|14355,8806
249given 13831,1848|14276,21971
249here 7954,20295|8523,20369
24a 10298,2212|12985,2212
24creat 8268,988|10602,1558|13099,1552|14227,997|14265,1557|15160,991|15778,987
24endforeach 10618,4439|11937,4432
24follow 9662,2381|12768,2612|12769,5123|15708,2332
24hourpa_cs_300k 11724,30052
24in 14041,905
24it 10420,2660|11255,2661|15133,2656
24master 13503,2399|14383,2400
24matrix00 11724,44806
24on 10822,1871
24public 15772,3350
24rmtest_13 10618,23748|11937,23564
24shell 8649,4427|9329,2528|13409,2496|13649,3984|15318,2731
24tabl 10476,3155
24th 11724,205611|12501,217039|15858,3022|15873,465|15881,484|15883,476|15919,484|15920,465|15921,465|15944,465|15947,476|15956,3612|15962,5438|15965,4337|15971,4723|15974,2508|15985,4322|15986,4614|15996,4215|15999,5438|16000,3322|16003,492|16004,3959|16006,3767|16007,3959|16010,1981|16012,4215|16015,5831|16018,4659|16020,4033|16022,4033|16023,4022|16028,3767|16031,3612|16037,5831|16039,4158|16049,492|16055,4723|16059,4659|16067,4022|16069,5289|16072,4337|16079,4614|16080,4158|16085,4322|16495,13141|16495,13718
24the 9241,3445|12645,2442
24total 10777,1960|13837,1714
24valu 9299,1566|10905,1550|12787,1564|14077,1552
24we 12212,1167
24you 9625,3380|11906,1257|12661,2291|15422,2326
24your 14421,942|15060,1160
250713close 16468,7914
250713doi 16468,7871
250befor 11187,8415
250gb 15859,23410|15860,3249
250given 10519,21697
250masvnrarea 15607,8343
250p 16789,1781|16789,2729|16793,7466|16807,7466|16811,5284|16822,1690
250px 8220,2050|8226,1777|8356,1766|8479,1765|8531,3584|8531,3751|8696,1765|8817,1770|8831,1805|8836,1684|9409,2127|9766,2316|10400,2675|10441,1824|10547,1770|10675,2311|10795,1742|11098,1766|11503,1745|11540,1770|11632,1779|12111,1789|12148,1744|12758,1805|12808,1770|13168,2868|13920,3697|13920,3865|13934,1770|14096,2134|14537,1743|14542,2653|14686,2867|14717,1670|14893,1745|14920,1531|15306,1770|15324,1765|15555,1741|15623,1701|15757,2682
250you 10694,22269|13083,22266
2511729close 16475,13601|16551,13601
2511729doi 16475,13573|16551,13573
25123321download 15953,22824
2521shell 8649,3636
252253given 10126,17579
252254demonstr 8434,7302
25246629download 15953,23623
2525bi 14370,1085
2525export 8407,844
2525if 9508,1330
2525in 13777,795
2525rbftest_12 10618,9092|11937,8908
2525senior 11904,765|15251,765
2525the 14057,863|14811,795
2525thi 14938,772
2527bi 13254,1176
252befor 8434,6927
252charli 9698,1114|12914,1114|13138,1113|14355,1110
252f 11724,25809
252f3321 11724,25835|11724,25885
252fcinemanw 11724,25852
252fgodsend 11724,25902
252fgodsend_300kbp 11724,25914
252flge 11724,25894
252fmfile 11724,25814
252fwmv 11724,25844
252tablescan 15772,20721
252you 9203,19713|14276,22952
2532valgrind 10142,3419
2533399close 16495,18400
2533399doi 16495,18371
2536reveng 9698,9458|12914,9458|13138,9457|14355,9454
253a 8351,19508|11724,25804
253given 10519,22040
253p 16789,2772|16811,5478
253tablescan 15772,20777
255256given 10126,18719
2556567close166 16495,46692
255b 8351,19692
255c 8290,1266
255tablescan 9371,20783
25688811download 15953,19391
256tablescan 7954,20798|8523,20872|9371,20839
256you 10519,23021
257257d 8290,1719
257265we 14710,2849
257c 8351,20162
257tablescan 7954,20854|8523,20928
258259given 10126,19311
2584061close 16475,40823|16551,40823
2584061doi 16475,40796|16551,40796
2588580close 16495,36633
2588580doi 16495,36606
2592703close 16495,24741
2592703doi 16495,24713
259condit 15772,20964
259d 8351,20398
259given 8901,2020|9807,1856
25a 10822,1973|13602,1883
25at 8860,2254
25bi 9036,1929
25class 9371,3377|10618,29592|11937,29408
25column 10476,3228
25export 8458,2060|10591,1959
25if 12587,1356
25in 8351,1707|9013,1673|9713,1673|10703,1654|13532,2237
25master 13503,2471|14383,2472
25modifi 8917,1595|12390,1100
25pleas 8618,904|11696,946
25protect 14507,3273
25rmtest_13b 10618,23785|11937,23601
25senior 9025,2370|9717,934
25shell 9329,2604|13409,2572
25t10 11768,4402|15300,4791
25th 16475,37102|16475,37625|16495,24879|16495,25365|16508,8604|16508,9146|16508,9628|16508,10125|16508,10606|16508,11109|16508,11702|16508,12324|16551,37102|16551,37625|16589,6078|16596,6078
25the 9148,2670|10344,2900|11020,2622
25thi 10566,1547
25valgrind 9943,2658|11721,2229
2601d95e5d183b80c4710c609648335f 10197,17684|11626,436479|12225,17708
260261insert 10390,13720
2608882close 16495,6591
2608882doi 16495,6561
260cond_f 15772,20987
260extercond 15607,8632
260k 16149,806
260p 16789,1824|16789,2826|16811,5864|16811,6383|16822,1771
261269demonstr 14710,3798
261cond_f 15772,21028
261p 16789,1882|16789,2884|16811,6227|16822,2387
26210361download 15953,20669
262263insert 14747,13783
2623607close 16495,1208
2623607doi 16495,1179
2623improv 10235,1065
2624you 15147,1875
2625white 9698,10952|12914,10952|13138,10951|14355,10948
2626futur 8341,1522|9665,1722|10471,1775|12591,1749
2626the 12466,1195
2627futur 8766,1962
2627the 9944,1139
262cond_f 15772,21052
262condit 9371,21026
262p 16789,2931|16811,6443
262values263 10390,13896
262you 10126,20793
2630we 12113,1012
2632autocomplet 10475,2406
263cond_f 9371,21049
263condit 7954,21041|8523,21115
263valu 15772,21084
264cond_f 7954,21064|8523,21138|9371,21090
264valu 15772,21102
264values265 14747,13959
265265we 10753,6382
2659alexander660hellboy661myst 9698,11561|12914,11561|13138,11560|14355,11557
265cond_f 7954,21105|8523,21179|9371,21114
265valu 15772,21129
266cond_f 7954,21129|8523,21203
266star 9698,1344|12914,1344|13138,1343|14355,1340
266valu 9371,21146
267befor 10753,6956|14710,3422
267cond_f 15772,21197
267p 16789,2978|16811,6785
267valu 7954,21161|8523,21235|9371,21164
2687good 9698,12007|12914,12007|13138,12006|14355,12003
268foundat 15607,8878
268p 16789,3008|16811,7045|16822,2435
268valu 7954,21179|8523,21253|9371,21191
268you 8351,20972
269269demonstr 10753,7328
2699the 9698,12187|12914,12187|13138,12186|14355,12183
269filter 15772,21233
269valu 7954,21206|8523,21280
26a 8860,2361|8960,2394
26and 10822,2099
26autocomplet 9625,3876
26class 7954,3391|8523,3465
26drop 10602,1608|13099,1602|14265,1607
26file 10618,4461|11937,4454
26if 8649,4775|15318,2964|15708,2539
26in 12439,1690|12613,910
26m 11724,18826|11724,42741|11724,62907|11724,67074
26mysql 9330,983|10030,962|10586,997|11309,1010|11524,994|14837,961
26now 13649,4334
26public 10618,29620|11937,29436
26rbftest_upd 10618,9127|11937,8943
26rc 10618,26925|11937,26741
26rmtest_14 10618,23823|11937,23639
26shell 9329,2672|13409,2640
26t10 11768,2370|11768,3384|11768,5429|11768,13377|15300,2753|15300,3770|15300,5821|15300,14030
26th 8992,440|9108,1012|9379,445|9720,336|10472,1007|10939,179|11517,334|11532,444|12149,170|12285,170|13201,170|14011,179|14367,444|14419,179|14497,470581|15859,10478|15859,11966|16589,7475|16596,7475
26the 8708,2241|12212,1712
26valgrind 9230,2396|13597,2550
26we 9779,1696
26when 12769,5561
26you 8278,1176|13367,1942
26your 10591,2088
270cond_f 9371,21259
271cond_f 7954,21274|8523,21348
271p 16789,3059|16811,7324|16822,2478
2726the 7965,1546
2727also 14603,792
2727apach 9476,1241
2727first 12390,1370
2727futur 9283,1640
2727in 9148,3089
2727the 11224,1393|13161,1540|14815,1214|14848,1265
2727thi 11938,766
2727we 11228,902
2727you 8060,798|9455,798|9914,2057|13610,798
2728mysql 9330,1050|10030,1029|10586,1064|11309,1077|11524,1061|14837,1028
2729futur 8020,1414
272filter 9371,21295
2730the 9698,12761|12914,12761|13138,12760|14355,12757
2732958close 16495,34926
2732975close 16495,34073
2733096close 16495,32640
2733a 10475,2438
2733hotel 9698,12812|12914,12812|13138,12811|14355,12808
2735477close 16495,31211
273filter 7954,21310|8523,21384
273p 16789,1929|16789,3112|16811,7722|16822,2532
2741_00000 11724,70341
274275creat 10390,14821
2745the 9698,13027|12914,13027|13138,13026|14355,13023
274p 16789,3158|16811,8140
2751the 9698,13117|12914,13117|13138,13116|14355,13113
275vector 15772,21412
275void 10618,42450|11937,42266
276277creat 14747,14884
276attrnam 15772,21443
277attrnam 15772,21486
277bsmtqual 15607,9116
2786007close 16495,29684
2786007doi 16495,29657
2786ride 9698,13679|12914,13679|13138,13678|14355,13675
278attrnam 15772,21528
278vector 9371,21474
278x182 11724,60573
279attrnam 9371,21505
279vector 7954,21489|8523,21563
27a 9625,3907
27and 8860,2491
27apach 11329,2225|12661,2665|15422,2721
27bi 10958,2010|14588,2014|15203,2012
27drop 10602,1625|13099,1619|14265,1624
27export 8407,1053|8458,2134
27first 8917,1852
27foreach 10618,4497|11937,4490
27git 12576,6073
27go 9036,2099|9079,2057
27if 10142,3253|12769,5831
27in 11020,3379|14811,1582
27master 9115,2663|13078,2645|14614,2664
27mysql 10332,1035|10514,1056|12351,1021|14242,1052
27public 9371,3409
27rbftest_delet 10618,9162|11937,8978
27rmtest_15 10618,23860|11937,23676
27shell 9329,2782|13409,2750
27t10 11768,7097|15300,7498
27tabl 10420,3217|11255,3218|15133,3213
27th 8135,544|8348,702|9299,1411|10543,810|10551,530|10877,530|10905,1395|11630,821|12438,530|12544,808|12787,1409|12888,530|13371,824|13471,530|13779,702|13839,530|14077,1397|14155,702|14274,544|14426,716|15493,809|15558,544
27the 9241,3989|10298,2958|12985,2958
27thi 10566,3029|11688,1613|13819,1520|14938,2307
27uou 10475,1858
27you 14916,2838
2801119close 16475,28519|16551,28519
2801119doi 16475,28491|16551,28491
280attrnam 7954,21520|8523,21594|9371,21548
280close 16495,38938
280doi 16495,38913
280project 15772,21579
2812in 9698,14131|12914,14131|13138,14130|14355,14127
2816the 9698,14204|12914,14204|13138,14203|14355,14200
281attrnam 7954,21563|8523,21637|9371,21590
2828futur 8153,1642|12500,1618
2828in 12224,795
2828prerequisit 9230,2711
2828tbd 11904,956|11907,762
2828the 8073,2760
2828your 8407,1181
2829creat 9502,895
2829futur 8155,1359
2829the 9802,5131
282attrnam 7954,21605|8523,21679
2830rbftest_01 10618,9231|11937,9047
2835it 10475,2659
283project 9371,21641
2842are 9698,14630|12914,14630|13138,14629|14355,14626
2845915close 16495,11114
2845915doi 16495,11095
2847525close 16495,15921
2847525doi 16495,15902
284project 7954,21656|8523,21730
2850587close 16495,30453
2863monti 9698,14972|12914,14972|13138,14971|14355,14968
286bsmtcond 15607,9412
286condit 15772,21760
287cond_j 15772,21783
288289insert 10390,15331
288cond_j 15772,21824
289cond_j 15772,21848
289condit 9371,21822
289the 9698,1709|12914,1709|13138,1708|14355,1705
28an 10476,3349
28clone 12576,6151
28column 10420,3290|11255,3291|15133,3286
28drop 10602,1652|13099,1646|14265,1651
28git 10363,2408
28if 12769,6263
28in 9376,2130|10822,2188|15178,1147
28it 9625,4118|15789,2795
28just 8649,4914|13649,4436|15318,3103
28m 11724,313|11724,5541|11724,6366|11724,8220|11724,10736|11724,11126|11724,18226|11724,18628|11724,24490|11724,26064|11724,33983|11724,45128
28mac 11068,2521|12615,1682
28prerequisit 13597,2863
28public 7954,3423|8523,3497
28rmtest_extra_1 10618,23897|11937,23713
28shell 7980,2531|8691,926|9329,2874|10853,2521|12299,2532|13029,1726|13409,2842|13464,2261|13822,1896
28tbd 9025,2529
28th 7958,9515|7996,12753|8069,10286|8116,8018|8131,11814|8333,10691|8359,13025|8454,9126|8527,10630|8570,12787|8625,13498|8639,11500|8750,12530|8828,11482|8833,12100|8963,576|8986,12764|9022,7856|9081,12268|9202,12268|9258,9159|9326,11479|9362,12781|9378,12259|9421,12265|9428,11921|9452,15176|9473,12268|9503,10692|9578,101|9641,12269|9674,10265|9682,8846|9693,11504|9708,10125|9750,12394|9946,8849|10022,11638|10054,8027|10086,12136|10089,12229|10097,10130|10110,11814|10128,8414|10185,10197|10236,11814|10290,12386|10344,964|10352,15217|10474,101|10477,10199|10484,12116|10713,12504|10788,15223|10805,10268|10831,9515|10846,10245|10850,10130|10896,8028|10935,12752|11130,10425|11168,10745|11189,11482|11271,576|11287,12782|11339,8351|11360,101|11361,12137|11368,11591|11394,9521|11479,11582|11483,12139|11574,9283|11584,14453|11599,8350|11618,8019|11671,468|11746,7900|11802,12789|11803,576|11821,12414|11860,8859|11872,11984|11873,9201|11892,8863|11900,12795|11911,12533|11958,576|12010,8039|12031,522|12055,10740|12070,10286|12279,14457|12386,7886|12401,9167|12416,12788|12499,11816|12519,968|12542,9433|12553,12728|12634,8326|12638,11883|12740,12788|12876,11478|13022,12416|13073,11719|13131,15218|13181,13496|13218,9130|13330,8036|13339,10270|13347,9004|13359,15224|13365,12762|13402,11958|13480,101|13540,575|13587,11056|13605,12259|13616,10266|13632,12797|13655,11466|13669,11481|13712,16511|13825,11960|13903,7862|13976,8027|14003,101|14016,8012|14030,9145|14073,8012|14085,8843|14088,12417|14171,12138|14184,10225|14220,10693|14222,13490|14289,10281|14394,12268|14496,101|14504,12105|14592,11504|14595,8043|14631,158|14726,12788|14758,12089|14854,10277|14881,12560|14912,13021|14977,12135|15335,10250|15337,11993|15356,11889|15424,8846|15475,101|15503,10285|15511,11966|15553,11560|15600,11921|15642,12503|15667,8009|15671,12393|15707,11504|15745,12501|15777,576|15808,12788|16468,14308|16468,14762|16589,4357|16596,4357
28thi 10978,4095|13352,1465|15358,6785
28v 8519,7554|8533,6720|8607,7298|8633,6720|8793,6058|8960,7218|8963,5952|9225,7544|9275,6060|9311,6437|9461,6447|9466,7448|9509,7572|9578,5946|9680,6716|9974,6448|10108,7349|10183,6269|10298,7401|10344,6766|10371,6425|10374,6710|10376,7554|10474,5913|11271,5908|11328,6437|11341,7572|11356,7348|11360,8097|11395,7298|11430,6440|11459,7447|11671,5937|11701,6440|11803,8136|11958,6013|12031,5898|12152,6436|12205,6602|12255,6429|12567,7553|12755,6058|12985,7402|13110,6434|13199,6263|13376,6061|13395,7192|13411,7297|13480,8112|13540,6044|13561,7572|13882,7208|14003,5768|14124,7287|14496,5946|14631,5825|15094,8412|15307,6428|15409,6712|15447,6318|15475,5754|15478,6260|15599,7571|15602,6261|15777,8151|15788,7208|15812,7101
28your 8458,2263|15271,2342
290291insert 14747,15394
2904443close 16495,15144
2904443doi 16495,15117
290cond_j 9371,21845|15772,21879
290condit 7954,21837|8523,21911
290values291 10390,15507
2916are 9698,15890|12914,15890|13138,15889|14355,15886
291cond_j 7954,21860|8523,21934|9371,21886
291f90e57a2482756c08c8ad43a7bca7 10197,30471|11626,431661|12225,30495
2924now 12576,2843
2927master 15612,3028
2927you 15044,2217|15723,1148
2928futur 10105,1595
2928the 10669,5136
2929eclips 11329,2495|14286,803
2929futur 8196,1616|12094,1716|12467,1531
2929git 11499,809
2929shell 8691,1029|13029,1825|13822,1995
2929the 13777,1259
2929thi 12619,818
2929we 14428,768
2929you 15645,3210
292cond_j 7954,21901|8523,21975|9371,21910
292ghjoin 15772,21924
292values293 14747,15570
2930futur 12866,2222
2930thi 10455,914
2933313close 16495,12947
2933313doi 16495,12920
2934befor 12113,1808
2939376close 16495,17600
2939376doi 16495,17581
293a 9698,1787|12914,1787|13138,1786|14355,1783
293cond_j 7954,21925|8523,21999|9371,21941
294close 16475,44929|16551,44929
294cond_j 7954,21956|8523,22030
294doi 16475,44903|16551,44903
295bsmtexposur 15607,9745
295ghjoin 9371,21986
2960you 9698,16633|12914,16633|13138,16632|14355,16629
296ani 9698,1836|12914,1836|13138,1835|14355,1832
296ghjoin 7954,22001|8523,22075
296p 16789,2029|16791,2711|16811,8551|16811,9431|16822,1830|16822,2801
296void 15772,22007
297p 16789,2119|16791,2749|16811,8988|16811,9047|16822,1921|16822,2810
297while 15772,22042
2983693close 16495,25697
2983693doi 16495,25670
2985spiderman 9698,17073|12914,17073|13138,17072|14355,17069
2986lost 9698,17087|12914,17087|13138,17086|14355,17083
2996923close 16495,14081
2996923doi 16495,14054
2996extern 9698,17256|12914,17256|13138,17255|14355,17252
299void 9371,22069
29a 10822,2299|11318,3830|15761,4225
29also 8094,3177
29befor 9779,2480|14670,2294
29drop 10602,1694|13099,1688|14265,1693
29eclips 12661,2933|15422,3021
29git 10363,2499
29github 11451,972
29go 10958,2180|14588,2184|15203,2182
29i35 15956,2202|15957,3530|15962,2679|15965,2927|15967,2891|15971,3313|15980,3705|15981,5672|15985,2912|15986,3204|15993,458|15996,2805|15999,2679|16004,2549|16006,2357|16007,2549|16012,2805|16015,3072|16018,3249|16019,2891|16020,1488|16022,1586|16023,2612|16028,2357|16031,2202|16034,3530|16037,3072|16039,2748|16045,3705|16055,3313|16059,3249|16062,458|16064,5672|16067,2612|16072,2927|16079,3204|16080,2748|16085,2912
29in 8860,2582
29insert 9299,1816|10905,1800|12787,1814|14077,1802
29master 13503,2653|14383,2654
29mysql 9330,1085|10030,1064|10332,1275|10514,1296|10586,1099|11309,1112|11524,1096|12351,1261|14242,1292|14837,1063
29remot 12576,6194
29rmtest_extra_2 10618,23939|11937,23755
29select 10362,1208
29shell 7980,2629|9329,2965|10853,2622|12299,2630|13409,2933|13464,2359
29t23 11768,10849|15300,11322
29th 8144,590|8158,55|8683,55|8812,595|8826,55|9407,596|9627,570|9785,55|10288,596|10573,571|10676,601|10678,55|11010,596|11318,866|11639,601|11794,596|12250,601|12642,55|12947,55|13198,842|13393,55|13441,55|13581,55|13645,55|14203,487|14332,55|14366,55|14392,596|14823,595|15058,55|15086,601|15124,55|15148,571|15734,55|15761,866|15953,21045|15953,21298
29the 8351,2096|8960,3140|9013,2062|9713,2062|10703,2043|14142,2420
29thi 9662,4406|12768,4637|12769,6927
29we 9625,4330
29you 10379,3196|10740,3199|14603,1607
29your 10866,925
2_7 16468,8466|16468,8504
2_7close 16468,8872
2_7doi 16468,8841
2_azeylqb9q8cd5qtaaml4cswi 8483,1908|8740,1908|8913,1908|9123,1908|9315,1908|9344,1908|9349,1908|9538,1908|9733,1908|9892,1908|9961,1908|9981,881|10071,1908|10072,1908|10106,1908|10299,1908|10329,1908|10429,1908|10530,1908|10733,1911|10840,1105|11074,1908|11254,1911|11288,2231|11453,1908|11463,1908|11548,1340|11620,1908|11711,1908|11788,1908|11818,1908|11877,1940|11930,1908|11959,1908|11974,1908|12273,1911|12353,1908|12356,1908|12436,1908|12675,1908|12836,1908|13047,1106|13424,1908|13469,1908|13515,1908|13598,1908|13743,1908|13904,1908|13955,1908|14207,1908|14342,1908|14369,1908|14416,1339|14416,1512|14543,1908|14612,1908|14620,2231|14723,2231|14743,1908|14930,1908|15004,1908|15013,1908|15347,1908|15580,1908|15673,1105
2_fast_2_furious_eva_mend 11724,61024
2a 16123,1770|16134,1138
2b 16823,477
2c88345 10618,97743|11937,97559
2cdc49726622d8dccf65ac82ed5aad01 10197,29298|11626,439627|12225,29322
2creat 11932,339|14914,342
2d 15859,12103|15859,13062|15859,27979|15859,28269|15859,28407|15859,28762|15859,44396|15859,44526|15859,83703|15859,106406|15859,106518|15859,106565|15859,106696|15859,107484|15859,107629|15859,107743|15859,107996|15860,1737|15860,1760|15860,1904|16132,1287
2d353c0b2549f86cee2795f3d12c37d3 10197,34479|11626,433437|12225,34503
2daf93c 9952,48631|10618,54987|11937,54803|14730,48776
2dbe0880686e36014296e94c0dab24a9 10197,3969|11626,434039|12225,3993
2develop 8106,1361|8459,1353|8515,1359|8868,1291|8918,1467|9120,1226|9341,1354|9656,1347|9690,1347|9787,1359|9804,1451|9833,1450|9986,1467|10068,1467|10082,1347|10451,1241|10540,1359|10571,1243|10726,1359|10796,1347|10895,1359|11008,1348|11108,1467|11115,1467|11441,1347|11717,1450|11804,1354|12003,1347|12430,1347|12617,1226|12630,1467|12765,1467|13324,1347|13381,1467|13418,1359|13439,1243|13450,1359|13542,1467|13546,1359|13650,1359|13939,1347|13988,1347|14050,1226|14363,1354|14610,1449|15212,1354|15571,1450|15604,1467|15768,1467
2due 8351,848|9013,846|9325,934|9574,926|9713,846|9888,909|10703,844|12439,842|12658,932|13046,907|13111,925
2e 12501,54116
2f 12501,18230|12501,28136|12501,31578|12501,33505|12501,34299|12501,39502|12501,41179|12501,48237|12501,50746|12501,53528|12501,55712
2fcdt_w_basic 7986,4548|7986,5817|8105,4621|8105,5808|8354,6431|8354,7718|8698,4548|8698,5817|9215,4608|9215,5795|10380,4533|10380,5802|11068,4963|11068,6250|11464,4635|11464,5822|11567,4655|11567,5924|11987,5468|11987,6755|12154,4540|12154,5809|13278,4519|13278,5788|14109,4635|14109,5822|14215,4607|14215,5794|14325,4596|14325,5865|15065,4634|15065,5821|15291,4635|15291,5822|15676,5470|15676,6757
2fgetting_start 7986,4530|7986,5799|8105,4603|8105,5790|8354,6413|8354,7700|8698,4530|8698,5799|9215,4590|9215,5777|10380,4515|10380,5784|11068,4945|11068,6232|11464,4617|11464,5804|11567,4637|11567,5906|11987,5450|11987,6737|12154,4522|12154,5791|13278,4501|13278,5770|14109,4617|14109,5804|14215,4589|14215,5776|14325,4578|14325,5847|15065,4616|15065,5803|15291,4617|15291,5804|15676,5452|15676,6739
2fmcon 11194,3963|15607,5062
2forg 7986,4503|7986,5772|8105,4576|8105,5763|8202,12287|8237,12292|8291,16876|8347,14177|8354,6386|8354,7673|8360,12293|8411,12293|8414,16876|8424,16874|8534,20309|8563,19924|8584,12038|8670,22083|8677,12194|8698,4503|8698,5772|8745,19924|8798,16960|8884,16873|8919,19977|9013,18329|9041,18918|9082,12264|9199,16874|9215,4563|9215,5750|9285,12291|9292,12197|9342,12213|9677,12261|9713,18327|9815,16960|9865,16874|9920,22342|10011,12264|10098,12062|10220,12239|10314,19858|10341,20267|10346,12329|10380,4488|10380,5757|10486,12035|10564,12292|10645,12329|10649,1235|10703,20392|10734,18922|11068,4918|11068,6205|11096,16876|11210,22404|11253,12325|11293,12242|11387,12329|11464,4590|11464,5777|11541,12292|11567,4610|11567,5879|11683,12292|11702,12285|11987,5423|11987,6710|12154,4495|12154,5764|12288,18923|12302,12648|12439,24037|12530,12025|12601,18918|12658,16787|12824,12288|12832,12248|13055,12549|13263,1078|13263,2083|13278,4474|13278,5743|13279,16766|13320,20309|13326,12329|13361,12185|13375,18922|13383,11942|13410,19924|13580,12408|13959,12550|14062,12062|14067,12293|14099,20033|14100,14241|14109,4590|14109,5777|14215,4562|14215,5749|14325,4551|14325,5820|14340,12408|14415,12222|14531,11146|14693,16874|14697,22505|14777,12062|14812,12292|14832,13912|14924,12266|15065,4589|15065,5776|15215,12550|15277,12256|15291,4590|15291,5777|15372,16874|15400,12282|15458,12270|15471,12543|15565,16874|15676,5425|15676,6712|15804,22376|15826,16873
2ftopic 8202,12323|8237,12328|8291,16912|8347,14213|8360,12329|8411,12329|8414,16912|8424,16910|8534,20345|8563,19960|8584,12074|8670,22119|8677,12230|8745,19960|8798,16996|8884,16909|8919,20013|9013,18365|9041,18954|9082,12300|9199,16910|9285,12327|9292,12233|9342,12249|9677,12297|9713,18363|9815,16996|9865,16910|9920,22378|10011,12300|10098,12098|10220,12275|10314,19894|10341,20303|10346,12365|10486,12071|10564,12328|10645,12365|10649,1271|10703,20428|10734,18958|11096,16912|11210,22440|11253,12361|11293,12278|11387,12365|11541,12328|11683,12328|11702,12321|12288,18959|12302,12684|12439,24073|12530,12061|12601,18954|12658,16823|12824,12324|12832,12284|13055,12585|13263,1114|13263,2119|13279,16802|13320,20345|13326,12365|13361,12221|13375,18958|13383,11978|13410,19960|13580,12444|13959,12586|14062,12098|14067,12329|14099,20069|14100,14277|14340,12444|14415,12258|14531,11182|14693,16910|14697,22541|14777,12098|14812,12328|14832,13948|14924,12302|15215,12586|15277,12292|15372,16910|15400,12318|15458,12306|15471,12579|15565,16910|15804,22412|15826,16909
2ftwcrewar 8202,12332|8237,12337|8291,16921|8347,14222|8360,12338|8411,12338|8414,16921|8424,16919|8534,20354|8563,19969|8584,12083|8670,22128|8677,12239|8745,19969|8798,17005|8884,16918|8919,20022|9013,18374|9041,18963|9082,12309|9199,16919|9285,12336|9292,12242|9342,12258|9677,12306|9713,18372|9815,17005|9865,16919|9920,22387|10011,12309|10098,12107|10220,12284|10314,19903|10341,20312|10346,12374|10486,12080|10564,12337|10645,12374|10649,1280|10703,20437|10734,18967|11096,16921|11210,22449|11253,12370|11293,12287|11387,12374|11541,12337|11683,12337|11702,12330|12288,18968|12302,12693|12439,24082|12530,12070|12601,18963|12658,16832|12824,12333|12832,12293|13055,12594|13263,1123|13263,2128|13279,16811|13320,20354|13326,12374|13361,12230|13375,18967|13383,11987|13410,19969|13580,12453|13959,12595|14062,12107|14067,12338|14099,20078|14100,14286|14340,12453|14415,12267|14531,11191|14693,16919|14697,22550|14777,12107|14812,12337|14832,13957|14924,12311|15215,12595|15277,12301|15372,16919|15400,12327|15458,12315|15471,12588|15565,16919|15804,22421|15826,16918
2fwatch 12501,18251|12501,28157|12501,31599|12501,33526|12501,34320|12501,39523|12501,41200|12501,48258|12501,50767|12501,53549|12501,55733
2fwww 12501,18233|12501,28139|12501,31581|12501,33508|12501,34302|12501,39505|12501,41182|12501,48240|12501,50749|12501,53531|12501,55715
2hodciymh_zsrz0vjpqnxtaauaixnktrwlj9fc5bui 8077,5820|8182,5443|8413,856|8620,6352|9186,4735|9303,5824|9386,6814|9401,971|9401,1109|9412,965|9612,6981|9740,5142|9786,5796|10173,5916|10360,5114|10609,6310|10641,5560|10968,6981|11347,5675|11668,5633|11678,5855|11824,5738|11870,5644|12066,5856|12355,4735|12423,5560|12435,5114|12654,5796|12995,6425|13121,6598|13491,6348|13594,1365|14024,6814|14037,5365|14362,5864|14410,5365|14493,5496|14651,5475|15216,1240|15361,5479|15510,5676|15528,1368|15845,5676
2in 10694,851|13083,848|14276,849
2l 16824,2048|16824,2564|16824,3023|16824,3491|16824,3895|16824,4209|16824,4491|16824,4690|16824,5125|16824,5599
2ldx 10390,3441|11439,2860|14747,3457|15763,2860
2nd 7958,2546|7961,3281|7996,2764|7996,3029|8058,917|8058,1040|8069,2521|8100,2001|8100,2291|8131,2773|8131,3038|8134,2208|8134,2498|8162,2247|8162,2537|8302,1465|8320,2208|8320,2498|8333,2529|8359,2762|8359,3027|8400,2005|8454,2549|8461,5885|8518,2208|8518,2498|8527,2521|8570,2762|8570,3027|8625,2784|8625,3049|8638,2208|8638,2498|8639,2529|8699,2247|8699,2537|8742,2208|8742,2498|8750,2764|8750,3029|8822,2001|8828,2529|8833,2773|8833,3038|8852,3347|8872,2005|8933,2208|8933,2498|8940,2005|8962,2005|8986,2764|8986,3029|9002,2208|9002,2498|9050,2005|9064,3281|9072,6020|9081,2785|9081,3050|9101,2005|9142,2247|9142,2537|9165,2005|9202,2785|9202,3050|9258,2549|9290,2208|9290,2498|9326,2525|9353,2208|9353,2498|9362,2762|9362,3027|9365,5885|9367,2005|9378,2746|9378,3011|9382,2208|9382,2498|9398,2208|9398,2498|9421,2783|9421,3048|9428,2773|9428,3038|9432,2005|9452,2797|9452,3062|9473,2785|9473,3050|9497,2208|9497,2498|9503,2529|9568,6136|9591,2208|9591,2498|9635,2005|9641,2783|9641,3048|9646,2208|9646,2498|9674,2521|9693,2529|9708,2521|9750,2764|9750,3029|9758,3281|9767,2208|9767,2498|9783,2247|9783,2537|9859,2208|9859,2498|9867,2208|9867,2498|9919,2208|9919,2498|9936,5885|9941,2173|9941,2463|9976,2247|9976,2537|10017,2005|10022,2523|10022,2788|10029,2005|10062,2005|10086,2771|10086,3036|10089,2746|10089,3011|10092,2005|10097,2521|10110,2773|10110,3038|10122,2005|10152,2208|10152,2498|10185,2521|10228,6136|10236,2773|10236,3038|10251,2250|10274,5987|10290,2764|10290,3029|10291,5885|10309,2001|10309,2291|10338,2007|10349,3281|10352,2908|10352,3173|10357,2005|10423,2247|10423,2537|10437,2005|10477,2521|10484,2773|10484,3038|10545,2005|10582,2005|10671,2005|10697,2247|10697,2537|10713,2764|10713,3029|10788,2909|10788,3174|10803,5885|10805,2521|10831,2546|10846,2546|10850,2521|10878,2247|10878,2537|10889,2208|10889,2498|10891,2001|10891,2291|10906,6136|10910,2208|10910,2498|10935,2764|10935,3029|10969,2005|10981,2208|10981,2498|10987,2247|10987,2537|10994,3347|11038,2208|11038,2498|11080,2005|11082,2208|11082,2498|11120,2247|11120,2537|11126,2005|11130,2521|11168,2529|11189,2529|11194,4218|11194,4275|11194,4358|11194,4415|11194,12337|11203,3281|11275,2208|11275,2498|11287,2762|11287,3027|11304,2247|11304,2537|11316,2208|11316,2498|11335,3310|11361,2771|11361,3036|11364,2247|11364,2537|11368,2525|11368,2790|11394,2546|11432,2005|11479,2523|11479,2788|11483,2773|11483,3038|11574,2549|11584,2882|11584,3147|11673,2208|11673,2498|11758,2005|11802,2764|11802,3029|11810,3348|11821,2764|11821,3029|11854,2005|11860,2433|11868,2208|11868,2498|11872,2773|11872,3038|11873,2549|11892,2437|11900,2764|11900,3029|11911,2764|11911,3029|11936,800|11962,2247|11962,2537|12055,2529|12070,2521|12123,2005|12135,2247|12135,2537|12195,1078|12201,3240|12204,2247|12204,2537|12220,2247|12220,2537|12266,2208|12266,2498|12279,2875|12279,3140|12284,2247|12284,2537|12401,2549|12416,2764|12416,3029|12497,6136|12499,2773|12499,3038|12522,1880|12542,2546|12553,2764|12553,3029|12593,6136|12604,2208|12604,2498|12638,2688|12638,2953|12657,2247|12657,2537|12712,3348|12740,2764|12740,3029|12788,2208|12788,2498|12850,2005|12876,2525|12891,2005|13003,2001|13022,2764|13022,3029|13031,2005|13073,2524|13073,2789|13097,1185|13115,5988|13131,2909|13131,3174|13167,3310|13181,2782|13181,3047|13218,2553|13339,2521|13347,2427|13359,2909|13359,3174|13365,2764|13365,3029|13402,2763|13402,3028|13501,2005|13560,2005|13587,2529|13605,2746|13605,3011|13616,2521|13631,2005|13632,2764|13632,3029|13655,2529|13666,5988|13669,2529|13683,2208|13683,2498|13747,2247|13747,2537|13752,3348|13763,2208|13763,2498|13793,2005|13799,2208|13799,2498|13825,2765|13825,3030|13833,2208|13833,2498|13891,1885|13921,2244|13921,2534|13931,2166|13931,2456|14030,2549|14032,1465|14060,2247|14060,2537|14066,2005|14088,2764|14088,3029|14159,2208|14159,2498|14171,2771|14171,3036|14184,2521|14220,2529|14222,2782|14222,3047|14269,2247|14269,2537|14289,2521|14293,2005|14302,2247|14302,2537|14394,2785|14394,3050|14492,6136|14504,2774|14504,3039|14528,6020|14555,2005|14592,2529|14661,3339|14690,2208|14690,2498|14694,3311|14706,2208|14706,2498|14726,2764|14726,3029|14758,2773|14758,3038|14828,1881|14854,2521|14862,2208|14862,2498|14881,2764|14881,3029|14912,2762|14912,3027|14939,2005|14977,2771|14977,3036|15047,1465|15055,2001|15055,2291|15062,2005|15070,2242|15070,2532|15093,1465|15151,2001|15151,2291|15175,2247|15175,2537|15219,3281|15261,2005|15335,2546|15337,2771|15337,3036|15356,2694|15356,2959|15379,2208|15379,2498|15430,2208|15430,2498|15433,2005|15490,2005|15503,2521|15511,2771|15511,3036|15526,2208|15526,2498|15553,2523|15553,2788|15600,2773|15600,3038|15607,5360|15607,5421|15607,5512|15607,5573|15607,15519|15642,2764|15642,3029|15671,2764|15671,3029|15687,1465|15707,2529|15745,2764|15745,3029|15747,5885|15808,2764|15808,3029|15828,3337|15829,2247|15829,2537|15832,2005|15858,2183|15858,3306|15859,128508|15859,132768|15873,2349|15883,2360|15909,2018|15909,4164|15909,4377|15909,4738|15909,7377|15910,410|15920,2349|15921,2349|15931,2018|15931,4164|15931,4377|15931,4738|15931,7377|15935,410|15944,2349|15947,2360|15953,28281|16490,504|16526,490|16793,2908|16807,2908|16823,2602
2ndflrsf 11194,9445
2one 13005,879
2p 8234,536|8381,1009|8403,1096|8451,1009|8468,1008|8610,1095|8610,1309|8881,536|9884,1008|10027,1009|10382,536|10892,536|11301,536|11510,1008|11511,536|11593,1009|11669,536|12121,536|12319,1008|12344,536|12407,536|12639,536|12681,536|12831,536|12997,1009|13147,1008|13318,536|13544,1095|13544,1269|13867,536|14452,1008|14551,1008|14732,1008|14860,1008|14865,1256|15108,1009|15721,1095|15721,1310
2pm 7958,9399|7958,9521|7961,1260|7961,1356|7963,1037|7995,492|7996,12637|7996,12759|8008,626|8009,492|8013,952|8069,10170|8069,10292|8095,588|8099,994|8112,1133|8114,521|8116,7902|8116,8024|8117,521|8121,996|8122,993|8131,11698|8131,11820|8140,911|8140,1025|8146,1037|8164,951|8245,1303|8245,1356|8258,982|8259,920|8259,1034|8273,951|8312,911|8312,1025|8323,1270|8323,1366|8333,10575|8333,10697|8359,12909|8359,13031|8398,1339|8403,1303|8409,1133|8422,893|8422,1192|8429,521|8439,922|8439,1036|8454,9010|8454,9132|8460,492|8460,579|8461,911|8461,1025|8472,909|8472,1023|8486,1035|8487,521|8500,1076|8500,1091|8510,920|8510,1034|8527,10514|8527,10636|8538,521|8559,994|8568,1258|8568,1354|8570,12671|8570,12793|8624,492|8625,13382|8625,13504|8634,920|8634,1034|8639,11384|8639,11506|8678,993|8692,922|8692,1036|8718,1134|8732,588|8750,12414|8750,12536|8828,11366|8828,11488|8833,11984|8833,12106|8850,952|8850,1027|8852,1259|8852,1355|8863,684|8875,1270|8875,1366|8911,993|8929,909|8929,1023|8950,949|8951,911|8951,1025|8982,993|8986,12648|8986,12770|9004,909|9004,1023|9022,7740|9022,7862|9027,684|9056,920|9056,1034|9059,492|9064,1260|9064,1356|9071,1162|9072,911|9072,1025|9081,12152|9081,12274|9090,1133|9094,920|9094,1034|9130,961|9132,521|9158,995|9201,529|9202,12152|9202,12274|9226,1076|9234,571|9250,1681|9258,9043|9258,9165|9278,993|9281,993|9302,1076|9326,11363|9326,11485|9328,650|9350,588|9359,1035|9362,12665|9362,12787|9365,911|9365,1025|9368,1270|9368,1366|9378,12143|9378,12265|9390,1260|9390,1356|9421,12149|9421,12271|9428,11805|9428,11927|9452,15060|9452,15182|9468,1024|9468,1143|9473,12152|9473,12274|9503,10576|9503,10698|9505,521|9516,492|9544,1052|9568,911|9568,1025|9583,1260|9583,1356|9613,911|9613,1025|9619,684|9633,922|9633,1036|9641,12153|9641,12275|9652,996|9653,899|9674,10149|9674,10271|9682,8730|9682,8852|9693,11388|9693,11510|9695,521|9695,720|9708,10009|9708,10131|9711,996|9722,993|9750,12278|9750,12400|9758,1260|9758,1356|9777,890|9791,1270|9791,1366|9793,492|9805,994|9805,1166|9837,1035|9898,994|9936,911|9936,1025|9946,8733|9946,8855|9962,1133|9966,684|9975,492|9984,1272|9984,1368|10010,909|10010,1023|10022,11522|10022,11644|10034,1133|10054,7911|10054,8033|10086,12020|10086,12142|10089,12113|10089,12235|10096,1134|10097,10014|10097,10136|10110,11698|10110,11820|10128,8298|10128,8420|10185,10081|10185,10203|10210,1011|10210,1138|10228,911|10228,1025|10236,11698|10236,11820|10274,911|10274,1025|10290,12270|10290,12392|10291,911|10291,1025|10326,920|10326,1034|10349,1260|10349,1356|10352,15101|10352,15223|10372,684|10417,1272|10417,1368|10431,1134|10449,909|10449,1023|10477,10083|10477,10205|10484,12000|10484,12122|10494,521|10494,720|10532,1134|10560,1037|10561,588|10577,555|10659,521|10665,951|10668,1050|10668,1183|10668,1198|10682,951|10691,684|10713,12388|10713,12510|10737,571|10742,521|10767,684|10780,788|10788,15107|10788,15229|10803,911|10803,1025|10805,10152|10805,10274|10824,996|10824,1168|10831,9399|10831,9521|10846,10129|10846,10251|10850,10014|10850,10136|10863,928|10863,1152|10896,7912|10896,8034|10906,911|10906,1025|10918,492|10930,652|10931,900|10935,12636|10935,12758|10943,993|10994,1259|10994,1355|11015,951|11029,924|11029,1140|11040,1134|11049,909|11049,1023|11062,475|11075,911|11075,1025|11109,1209|11119,909|11119,1023|11130,10309|11130,10431|11155,1133|11168,10629|11168,10751|11174,521|11177,1258|11177,1354|11184,1270|11184,1366|11189,11366|11189,11488|11203,1260|11203,1356|11235,818|11245,1035|11265,1258|11265,1354|11282,1262|11282,1358|11287,12666|11287,12788|11335,1259|11335,1355|11339,8235|11339,8357|11349,1133|11361,12021|11361,12143|11367,652|11368,11475|11368,11597|11394,9405|11394,9527|11409,1076|11421,521|11440,993|11479,11466|11479,11588|11483,12023|11483,12145|11500,951|11557,1037|11569,951|11572,588|11574,9167|11574,9289|11584,14337|11584,14459|11599,8234|11599,8356|11610,521|11617,996|11617,1168|11618,7903|11618,8025|11629,521|11645,993|11681,951|11682,922|11682,1036|11704,1084|11704,1208|11704,1275|11731,492|11746,7784|11746,7906|11767,1165|11781,922|11781,1036|11796,914|11802,12673|11802,12795|11806,945|11810,1260|11810,1356|11815,964|11821,12298|11821,12420|11836,818|11836,934|11840,911|11840,1025|11860,8743|11860,8865|11867,588|11872,11868|11872,11990|11873,9085|11873,9207|11892,8747|11892,8869|11900,12679|11900,12801|11911,12417|11911,12539|11924,476|11969,1270|11969,1366|11978,920|11978,1034|12010,7923|12010,8045|12055,10624|12055,10746|12070,10170|12070,10292|12080,993|12117,1258|12117,1354|12120,588|12160,1134|12167,684|12182,588|12201,1152|12201,1248|12203,1258|12203,1354|12221,995|12234,684|12241,521|12279,14341|12279,14463|12305,517|12364,652|12375,588|12386,7770|12386,7892|12401,9051|12401,9173|12404,521|12416,12672|12416,12794|12458,996|12470,652|12470,667|12475,985|12475,1138|12493,1076|12497,911|12497,1025|12499,11700|12499,11822|12521,521|12535,1035|12539,521|12542,9317|12542,9439|12546,951|12551,1270|12551,1366|12553,12612|12553,12734|12561,965|12574,1133|12579,1270|12579,1366|12593,911|12593,1025|12606,890|12618,1269|12618,1365|12632,1161|12634,8210|12634,8332|12638,11767|12638,11889|12663,1037|12670,521|12676,859|12679,684|12688,922|12688,1036|12711,588|12712,1260|12712,1356|12740,12672|12740,12794|12785,895|12821,1014|12821,1271|12876,11362|12876,11484|12886,922|12886,1036|12892,492|12894,1260|12894,1356|12908,554|12922,2198|12922,2262|12922,2386|12929,1270|12929,1366|12975,788|12983,1262|12983,1358|12996,492|13010,588|13018,1134|13021,521|13022,12300|13022,12422|13035,1073|13053,1397|13053,1638|13073,11603|13073,11725|13093,913|13093,1014|13102,1259|13102,1355|13115,911|13115,1025|13131,15102|13131,15224|13134,588|13167,1259|13167,1355|13169,911|13169,1025|13181,13380|13181,13502|13213,1515|13213,1634|13213,2272|13213,2337|13218,9014|13218,9136|13244,521|13260,920|13260,1034|13269,1050|13284,1270|13284,1366|13291,521|13293,951|13330,7920|13330,8042|13331,652|13332,521|13339,10154|13339,10276|13347,8888|13347,9010|13359,15108|13359,15230|13365,12646|13365,12768|13378,993|13396,1035|13402,11842|13402,11964|13425,1258|13425,1354|13484,1134|13496,684|13500,684|13513,920|13513,1034|13525,521|13525,720|13548,1270|13548,1366|13587,10940|13587,11062|13605,12143|13605,12265|13612,1134|13616,10150|13616,10272|13618,521|13620,993|13632,12681|13632,12803|13655,11350|13655,11472|13666,911|13666,1025|13669,11365|13669,11487|13695,573|13707,521|13712,16395|13712,16517|13737,995|13752,1260|13752,1356|13778,1246|13786,993|13794,1052|13794,1067|13794,1200|13825,11844|13825,11966|13863,521|13868,588|13869,922|13869,1036|13895,993|13903,7746|13903,7868|13914,993|13917,957|13961,1035|13976,7911|13976,8033|13991,986|13991,1107|14001,1270|14001,1366|14016,7896|14016,8018|14019,951|14027,1172|14030,9029|14030,9151|14073,7896|14073,8018|14085,8727|14085,8849|14088,12301|14088,12423|14121,684|14151,892|14152,1037|14171,12022|14171,12144|14184,10109|14184,10231|14190,1037|14191,993|14220,10577|14220,10699|14222,13374|14222,13496|14236,521|14264,684|14289,10165|14289,10287|14301,922|14301,1036|14309,492|14324,922|14324,1036|14389,909|14389,1023|14394,12152|14394,12274|14403,521|14424,1182|14430,922|14430,1036|14492,911|14492,1025|14494,911|14494,1025|14500,993|14504,11989|14504,12111|14521,1265|14521,1361|14528,911|14528,1025|14554,1260|14554,1356|14563,859|14576,684|14578,1270|14578,1366|14592,11388|14592,11510|14595,7927|14595,8049|14596,492|14599,521|14644,1024|14661,1262|14661,1358|14694,1260|14694,1356|14705,909|14705,1023|14726,12672|14726,12794|14754,1260|14754,1356|14758,11973|14758,12095|14759,684|14774,1270|14774,1366|14791,909|14791,1023|14795,1265|14795,1361|14818,1260|14818,1356|14842,911|14842,1025|14851,1084|14851,1310|14854,10161|14854,10283|14870,923|14881,12444|14881,12566|14889,788|14912,12905|14912,13027|14935,909|14935,1023|14940,994|14951,1204|14951,1304|14967,956|14967,1018|14977,12019|14977,12141|15029,1098|15069,521|15081,993|15126,993|15172,993|15211,1270|15211,1366|15219,1260|15219,1356|15233,922|15233,1036|15237,1258|15237,1354|15252,920|15252,1034|15282,684|15284,588|15292,1258|15292,1354|15296,492|15335,10134|15335,10256|15337,11877|15337,11999|15356,11773|15356,11895|15368,1064|15414,920|15414,1034|15424,8730|15424,8852|15428,1270|15428,1366|15437,492|15472,1270|15472,1366|15494,1272|15494,1368|15503,10169|15503,10291|15511,11850|15511,11972|15553,11444|15553,11566|15564,995|15598,1258|15598,1354|15600,11805|15600,11927|15636,1270|15636,1366|15642,12387|15642,12509|15667,7893|15667,8015|15671,12277|15671,12399|15707,11388|15707,11510|15731,1270|15731,1366|15745,12385|15745,12507|15747,911|15747,1025|15795,521|15808,12672|15808,12794|15828,1260|15828,1356
2pt 7966,812|8715,42|14210,928
2stori 11194,4303|15607,5451
2taoizonnpo 12501,43119
2team 10618,7283|11937,7099
2thi 9115,901|13078,900|14614,902
2time 8708,844|12280,820
2tlwlc 11724,234451|12501,245656
2type 11194,10787|15607,13482
2up 14497,1275
2use 12672,340
2yearcourseplan 16822,4204
