0
27
79
103
132
161
185
209
295
316
332
349
514
1580
1597
2109
2133
2162
2216
2235
2458
2490
2548
2657
2700
5536
5605
5760
5910
6085
6142
6163
6244
6435
6469
6513
6550
6584
6663
6715
6898
6958
6997
7029
7131
7182
7199
7252
7300
7408
7601
7631
7655
7697
10496
10645
10694
10850
10869
10897
10970
11006
11035
11051
11152
11183
11212
11239
11594
11611
14407
14428
533821
533854
533888
533945
534002
534020
534052
534067
534097
534138
534193
534275
534305
534325
534372
579823
579852
579886
579917
580001
580077
580501
580582
580842
580866
580942
580972
581008
581271
581391
594007
594026
594080
594137
594305
594367
594389
594471
594746
594824
596061
596095
679915
679941
682236
687712
688321
688418
688438
698327
699586
700783
702556
704852
738377
738400
738431
738455
738479
743617
743641
743700
743778
743804
743824
743855
743964
743983
744003
744062
744094
744149
744163
744183
744596
744749
744879
744972
745003
745025
745056
745132
745154
745201
745232
747208
747277
747339
747397
747457
747516
747620
747684
747742
747801
747859
747917
747975
748037
748112
748170
748227
748285
748345
748406
748464
748532
748601
748661
748736
748795
748847
748905
748962
749017
749075
749127
749181
749238
749295
749351
749420
749478
749538
749705
757183
757203
757229
757267
757298
757355
757388
757423
757443
757476
767273
767306
767327
767346
767444
767628
767647
767678
767696
769936
769996
770066
770124
770182
770248
770306
770380
770441
770531
770594
770655
770722
770782
770834
770909
770972
771029
771087
771145
771202
771261
771320
771404
771463
771521
771580
771641
771701
771759
771815
771871
771923
771979
772037
772090
772151
773127
773157
773185
773222
773254
773284
773316
773364
773392
773408
773489
773533
773559
773578
773597
773707
773751
773884
773903
773981
774002
774977
775229
775256
775288
775330
775359
775388
775432
775563
775589
775716
775779
775913
775931
776693
776727
776751
776810
776846
777055
777083
778139
816224
816299
831734
831848
833040
833074
833102
833127
833155
833276
833774
833829
833878
833929
833981
834002
834112
834130
834161
834215
834233
834352
834628
834659
834692
834748
834805
835360
835411
835454
835533
835838
835870
835901
836395
836453
837253
837350
837402
837433
837482
837564
837604
837647
837680
837700
837714
837741
837800
837882
837901
837959
837977
838019
838097
838149
838454
838528
838589
838642
838753
838848
838892
838952
838998
839036
839074
839233
839283
839307
839364
839395
839429
839515
839581
839613
839645
839728
839761
839791
839816
839842
839861
839911
840288
840342
840372
840431
840464
840507
846869
846907
846949
847085
847161
847180
847207
847352
847384
847407
847425
847459
847474
847491
847523
847556
847644
847932
847953
848067
848113
848246
848270
