0
271041
511279
517546
519759
520908
523314
523427
523539
525118
525403
525422
525452
525675
525692
525976
526030
526065
526098
526152
526187
526220
526273
526301
526323
526343
526380
526433
526486
526539
526557
526610
526638
526703
526749
526793
526846
526900
526935
526968
527021
527074
527089
527142
527243
530486
530539
530592
530645
530698
530751
530804
530857
530910
531090
531143
531228
531268
531304
531337
531368
531418
531471
531486
531503
531535
531565
531636
531652
531671
531708
531744
531782
531821
531846
531884
531909
531994
532061
532523
532551
534997
652796
653546
653703
653770
653799
653821
653841
653941
653999
654038
654075
654250
654288
654305
654358
654434
654461
654585
654638
654659
654678
654783
654835
654850
654882
654919
654935
654949
654976
731397
731423
731460
731513
731550
731588
731607
731645
731675
731728
731797
731814
731844
731880
965325
965425
965472
965510
965540
965570
965607
965644
965674
965713
965743
965782
965811
965841
965871
965901
965938
965976
966017
966035
966056
966121
1107876
1107902
1107941
1107970
1108072
1108099
1108165
1108204
1108269
1108317
1201580
1201681
1201697
1201734
1201761
1201797
1201835
1201864
1201887
1201908
1201979
1202032
1202069
1202107
1202173
1202215
1202252
1202301
1202328
1263306
1263373
1263440
1263507
1263574
1263619
1263656
1263783
1263828
1263853
1263971
1263989
1264027
1264271
1264311
1264346
1322451
1322488
1322682
1322749
1322801
1322868
1322935
1322973
1323018
1323063
1323100
1323137
1323156
1323196
1323255
1323295
1323335
1323373
1323425
1323464
1323486
1323508
1323546
1323616
1323638
1323676
1323724
1372463
1372500
1372522
1372589
1372656
1372694
1372732
1372800
1372838
1428251
1428321
1428388
1428426
1428471
1428508
1428574
1428614
1428653
1428689
1428727
1428754
1428819
1428886
1428945
1429012
1429065
1429086
1429134
1429262
1429285
1429308
