0
1850
1879
1908
1924
1962
2058
2133
2215
2247
2307
2806
2912
2935
2974
3009
3041
3505
3542
3593
3893
3954
3996
4039
6839
6889
6949
6984
7042
7069
7095
7122
7154
7184
17340
19197
19220
19236
19292
19373
19534
19566
19589
19613
19636
19858
19965
19982
20016
20050
20916
20963
21000
21250
21276
21324
21359
21424
21471
21502
21540
21572
29594
40864
40889
40934
44862
44891
45033
45221
45259
45393
45420
45472
45515
45810
45841
47835
48079
50776
50879
62367
62407
62453
62506
62538
62556
65353
65464
65499
65534
65713
65734
66603
256889
256961
257015
257048
257358
257883
260266
260386
260501
263805
264208
266631
294149
296796
299358
299414
299576
299604
299633
299666
299714
299762
299795
299827
299859
299878
299963
300002
300025
300082
300116
300146
300180
300214
300243
300300
381893
387298
387358
387394
392666
393140
393212
393292
393311
393327
395831
395901
396814
396871
396901
396938
396977
397022
397083
397311
397352
397383
397659
397699
397719
397781
397811
401042
401070
401123
401149
401224
401281
401317
401444
401492
405118
405358
405607
405644
405673
405699
405738
405761
405797
405828
405858
406173
406266
406315
409721
409751
409974
410006
412421
412526
412584
412700
412737
412755
412778
412835
413456
414351
414384
414425
414457
414506
414526
414567
414931
414957
416187
416220
416238
416270
416304
416488
416914
416946
416965
416988
417011
417040
417419
418615
418654
418760
418796
418847
419555
419586
419621
419638
419724
419741
419769
419803
419833
419852
419902
419920
420064
420122
420149
420182
420218
420328
420382
420439
420474
420499
420531
420588
420716
420808
420837
420931
420963
421027
421065
421098
421176
421205
421240
421271
421303
421338
421370
421399
421414
421431
421465
421502
421534
421585
467938
470141
470157
470977
475141
475208
475429
475509
475541
477271
477663
477682
477711
477740
477900
477941
478040
478077
478134
478321
478369
478646
485378
485412
486516
486549
486630
486713
486737
486778
486814
487213
488040
488073
488132
560848
560867
561730
561761
561875
561904
561937
562109
562126
562347
563880
563939
563998
564059
564129
564202
564262
564350
564407
564470
564529
564597
564651
564709
564763
564817
564872
564934
564969
565118
565150
565183
565475
565507
565552
565815
568742
568795
568824
568840
570934
570982
570998
571015
571637
578556
578589
578883
579361
579403
579460
579534
579591
584681
605654
605675
605696
605728
605757
605780
609793
609904
615101
615221
616418
616487
616521
616555
616586
616604
623013
623980
624247
624280
624313
624337
624396
624424
624457
637514
637718
637959
693467
695124
699061
699109
699143
699180
699213
699245
699275
699315
699344
699373
700295
700494
700773
700933
700968
700988
701089
701120
701887
701966
711718
711932
712047
712080
712114
712150
712181
712224
712346
712365
720036
720068
720470
737143
775072
775099
775132
775283
776867
776895
776945
785097
786009
786035
859341
859540
859560
859722
859880
859916
859962
860037
860062
860110
860171
860195
860260
860327
860658
860682
860705
860729
