300301creat 10390,16134
3007315close 16495,11975
300k 16149,337|16149,657
300m 8029,3290|8029,3402|8038,4685|8038,4797|8175,4130|8175,4242|8322,4393|8322,4505|8389,3318|8389,3430|8442,4401|8442,4513|8448,4356|8448,4468|8455,4405|8455,4517|8465,3655|8465,3767|8480,4130|8480,4242|8517,4689|8517,4801|8617,4126|8617,4238|8685,3655|8685,3767|8825,4401|8825,4513|8874,3808|8874,3920|9033,4401|9033,4513|9040,3606|9040,3718|9040,3963|9040,4075|9110,3290|9110,3402|9122,3655|9122,3767|9369,3808|9369,3920|9383,4188|9383,4300|9486,3290|9486,3402|9500,3684|9500,3796|9618,4405|9618,4517|9746,3808|9746,3920|9889,4408|9889,4520|9912,4130|9912,4242|9947,1631|9947,1743|10066,4126|10066,4238|10083,4405|10083,4517|10333,4126|10333,4238|10419,3318|10419,3430|10483,4286|10483,4398|10517,3318|10517,3430|10644,3684|10644,3796|10848,4130|10848,4242|10868,3318|10868,3430|10884,4128|10884,4240|10897,4359|10897,4471|11089,4389|11089,4501|11106,4188|11106,4300|11170,4402|11170,4514|11251,4405|11251,4517|11278,4404|11278,4516|11342,4404|11342,4516|11498,4407|11498,4519|11498,4764|11498,4876|11534,3683|11534,3795|11547,3308|11547,3420|11578,3684|11578,3796|11594,3808|11594,3920|11692,4126|11692,4238|11712,4396|11712,4508|11835,4277|11835,4389|11953,4753|11953,4865|12036,3318|12036,3430|12040,4174|12040,4286|12186,4655|12186,4767|12214,4126|12214,4238|12240,4404|12240,4516|12348,3808|12348,3920|12425,4078|12425,4190|12512,4673|12512,4785|12727,4067|12727,4179|12826,3357|12826,3469|12974,4561|12974,4673|12978,3673|12978,3785|13089,4689|13089,4801|13117,3808|13117,3920|13205,4408|13205,4520|13209,4667|13209,4779|13239,4191|13239,4303|13294,3318|13294,3430|13303,3808|13303,3920|13398,3655|13398,3767|13405,4408|13405,4520|13459,4405|13459,4517|13466,4652|13466,4764|13474,3655|13474,3767|13523,4126|13523,4238|13593,4689|13593,4801|13619,4404|13619,4516|13690,5093|13690,5205|13711,4126|13711,4238|13817,4188|13817,4300|13952,4126|13952,4238|14048,4175|14048,4287|14056,4190|14056,4302|14083,4406|14083,4518|14098,4369|14098,4481|14266,4126|14266,4238|14292,4673|14292,4785|14356,3692|14356,3804|14703,3290|14703,3402|14947,3684|14947,3796|15071,4401|15071,4513|15074,4403|15074,4515|15258,3290|15258,3402|15264,4126|15264,4238|15395,3575|15395,3687|15404,3318|15404,3430|15411,3800|15411,3912|15566,4405|15566,4517|15597,4130|15597,4242|15620,4389|15620,4501|15810,4673|15810,4785|15831,3683|15831,3795
300px 10318,596|10318,2217|13345,596|13345,2217|15244,592|15244,2213|15316,595|15316,2216
300void 7954,22084|8523,22158
300while 9371,22104
301while 7954,22119|8523,22193
302303creat 14747,16197
3026now 10214,1244
3027apach 15147,2282
3029thi 10985,897
302yo392 11724,220971|12501,232281
3030bi 10077,977|10180,969
3030futur 8324,1459|9119,773|9418,2187|15746,2068
3031creat 11979,1302|15300,891
3031futur 14162,2339
3031mysql 9330,1106|10030,1085|10332,1484|10514,1505|10586,1120|11309,1133|11524,1117|12351,1470|14242,1501|14837,1084
3034we 9076,1718
3039here 10475,3294
303bsmtfintype1 15607,10041
3044window 12615,3230
304instead 15772,22195
304px 10318,967|10318,1212|10318,1458|10318,1726|10318,1993|10318,2579|10318,2824|10318,3092|10318,3364|13345,967|13345,1212|13345,1458|13345,1726|13345,1993|13345,2579|13345,2824|13345,3092|13345,3364|15244,963|15244,1208|15244,1454|15244,1722|15244,1989|15244,2575|15244,2820|15244,3088|15244,3360|15316,966|15316,1211|15316,1457|15316,1725|15316,1992|15316,2578|15316,2823|15316,3091|15316,3363
3073e2e 9952,56741|10618,63928|11937,63744|14730,56886
307instead 9371,22257
3080545close 16495,7543
3080545doi 16495,7516
3082j0j4 8040,1310|8128,4613|8133,11016|8151,3376|8166,1310|8184,3376|8227,3376|8316,3761|8351,12657|8502,4016|8650,3376|8653,3761|8667,11080|8746,11080|8784,10047|9068,10782|9476,2180|9545,10066|9704,1607|9721,3376|9856,3763|9940,11016|9956,10864|10095,1155|10151,10066|10208,3749|10239,3749|10304,3376|10316,4605|10413,3768|10458,10762|10467,3749|10510,10036|10680,3440|10746,11016|10757,10024|10799,4523|10847,4042|10957,10039|11128,4694|11243,1310|11299,11394|11314,3472|11381,1310|11403,4693|11624,4042|11960,3376|12127,1311|12155,3409|12331,11080|12518,12392|12661,4314|12776,10066|12951,11392|13060,11016|13062,3763|13137,4501|13170,10728|13246,2333|13338,3626|13391,10890|13401,1310|13408,3427|13488,10047|13541,11016|13571,3749|13599,3409|13775,3462|13905,3409|13922,3761|13990,11016|14028,10036|14038,3376|14063,11394|14117,1310|14125,1230|14138,4017|14148,3376|14169,3749|14180,10036|14277,4690|14287,3376|14323,3763|14368,3409|14378,3749|14386,10815|14467,10852|14668,3626|14725,10066|14741,10047|14769,3626|14773,11392|14845,3761|14857,2778|14943,11394|14948,3763|15084,3409|15199,4523|15366,1630|15366,1876|15520,10066|15522,4523|15534,11097|15596,11394|15844,11394
308instead 7954,22272|8523,22346|10628,1580
309sudo 15772,23121
30am 7963,1057|7963,1067|7964,1119|7964,1129|8013,1053|8013,1063|8077,679|8077,689|8095,608|8095,618|8113,1121|8113,1131|8146,1057|8146,1067|8182,679|8182,689|8214,1119|8214,1129|8295,910|8295,920|8432,1119|8432,1129|8460,599|8460,609|8486,1055|8486,1065|8603,1119|8603,1129|8620,679|8620,689|8732,608|8732,618|8751,1120|8751,1130|8850,1047|8850,1057|8893,1119|8893,1129|8922,1119|8922,1129|8950,969|8950,979|9016,1119|9016,1129|9052,679|9052,689|9059,605|9059,615|9080,1119|9080,1129|9160,1120|9160,1130|9186,679|9186,689|9205,679|9205,689|9257,1119|9257,1129|9260,679|9260,689|9303,679|9303,689|9350,608|9350,618|9359,1055|9359,1065|9386,679|9386,689|9420,1118|9420,1128|9420,1308|9420,1318|9449,1221|9449,1231|9468,1044|9468,1054|9468,1232|9468,1242|9492,1119|9492,1129|9548,1119|9548,1129|9612,679|9612,689|9740,679|9740,689|9786,679|9786,689|9837,1055|9837,1065|9843,1119|9843,1129|9853,1119|9853,1129|9903,1119|9903,1129|9951,679|9951,689|9975,605|9975,615|10173,679|10173,689|10205,679|10205,689|10320,1120|10320,1130|10331,1120|10331,1130|10360,679|10360,689|10560,1113|10560,1123|10561,608|10561,618|10570,681|10570,691|10609,679|10609,689|10619,1119|10619,1129|10641,679|10641,689|10751,1119|10751,1129|10760,679|10760,689|10774,681|10774,691|10863,1172|10863,1182|10960,1009|10960,1019|10968,679|10968,689|11015,1052|11015,1062|11029,1041|11029,1051|11029,1160|11029,1170|11067,1119|11067,1129|11105,1119|11105,1129|11142,1119|11142,1129|11209,1119|11209,1129|11245,1055|11245,1065|11285,1119|11285,1129|11347,679|11347,689|11398,1119|11398,1129|11442,1119|11442,1129|11556,1119|11556,1129|11557,1057|11557,1067|11572,608|11572,618|11573,1119|11573,1129|11589,679|11589,689|11615,1120|11615,1130|11668,679|11668,689|11678,679|11678,689|11714,1119|11714,1129|11715,679|11715,689|11722,1119|11722,1129|11824,679|11824,689|11867,608|11867,618|11870,679|11870,689|12066,679|12066,689|12083,1119|12083,1129|12093,1119|12093,1129|12120,608|12120,618|12182,675|12182,685|12355,679|12355,689|12375,675|12375,685|12423,679|12423,689|12435,679|12435,689|12535,1055|12535,1065|12540,679|12540,689|12568,681|12568,691|12624,1120|12624,1130|12654,679|12654,689|12663,1113|12663,1123|12711,608|12711,618|12953,1119|12953,1129|12967,1119|12967,1129|12995,679|12995,689|13010,608|13010,618|13121,679|13121,689|13134,608|13134,618|13216,679|13216,689|13329,1119|13329,1129|13340,679|13340,689|13396,1055|13396,1065|13491,679|13491,689|13652,1119|13652,1129|13714,1119|13714,1129|13868,608|13868,618|13938,1120|13938,1130|13961,1055|13961,1065|13982,1119|13982,1129|13998,1119|13998,1129|14004,1119|14004,1129|14024,679|14024,689|14037,679|14037,689|14103,1119|14103,1129|14152,1057|14152,1067|14190,1057|14190,1067|14200,679|14200,689|14217,679|14217,689|14333,679|14333,689|14362,679|14362,689|14410,679|14410,689|14493,679|14493,689|14509,1119|14509,1129|14644,1215|14644,1225|14651,679|14651,689|14719,1119|14719,1129|14765,1120|14765,1130|14859,1119|14859,1129|14870,1112|14870,1122|14931,679|14931,689|14965,679|14965,689|14991,679|14991,689|14996,1151|14996,1161|15051,1119|15051,1129|15097,1120|15097,1130|15128,1119|15128,1129|15284,608|15284,618|15331,1119|15331,1129|15361,679|15361,689|15474,679|15474,689|15510,679|15510,689|15513,1119|15513,1129|15845,679|15845,689
30bi 12451,912|13519,895
30buffer 11576,1298
30class 9241,4484
30here 9625,4535
30improv 13193,2304
30it 8860,2691
30look 11451,1095
30m 11724,10124
30notic 9640,1927|14534,2508
30now 13649,4524
30otherwis 8649,5002|15318,3191
30p 8154,493|8254,966|8280,998|8392,1021|8647,1047|8647,1209|8715,454|8754,409|8858,1020|9582,427|9610,378|9648,436|10109,1020|10391,999|10397,1020|10798,526|10964,1027|11019,493|11233,1020|11264,1021|11370,378|11401,1021|11559,378|11778,526|11817,1157|12029,422|12095,400|12096,966|12417,493|12626,1278|12687,1020|12710,493|12750,422|12827,398|12854,422|12937,1020|13011,378|13054,1020|13292,966|13373,966|13415,1020|13465,1021|13557,380|13574,1030|13667,966|13725,966|13851,409|13852,400|13870,1019|13968,398|14223,1020|14427,409|14539,378|14721,493|14865,1084|15096,378|15248,1027|15288,1020|15613,1020|15629,493|15631,1020
30pm 7961,1145|7961,1154|7961,1307|7961,1316|7964,1039|7964,1048|8013,1029|8013,1038|8140,772|8140,781|8140,967|8140,976|8245,1197|8245,1206|8245,1254|8245,1263|8258,1015|8259,779|8259,788|8259,976|8259,985|8281,12898|8295,817|8295,826|8312,772|8312,781|8312,967|8312,976|8323,1153|8323,1162|8323,1317|8323,1326|8338,584|8338,593|8361,525|8361,559|8398,1000|8398,1009|8398,1225|8398,1234|8422,1225|8430,15440|8439,781|8439,790|8439,978|8439,987|8461,772|8461,781|8461,967|8461,976|8472,770|8472,779|8472,965|8472,974|8475,525|8475,559|8485,13176|8510,779|8510,788|8510,976|8510,985|8568,1143|8568,1152|8568,1305|8568,1314|8634,779|8634,788|8634,976|8634,985|8656,972|8656,1006|8679,525|8679,559|8692,781|8692,790|8692,978|8692,987|8729,16091|8847,525|8847,559|8852,1144|8852,1153|8852,1306|8852,1315|8855,525|8855,559|8863,702|8863,711|8875,1153|8875,1162|8875,1317|8875,1326|8893,1039|8893,1048|8922,1039|8922,1048|8929,770|8929,779|8929,965|8929,974|8951,772|8951,781|8951,967|8951,976|8974,13068|9004,770|9004,779|9004,965|9004,974|9034,525|9034,559|9052,588|9052,597|9056,779|9056,788|9056,976|9056,985|9059,581|9059,590|9064,1145|9064,1154|9064,1307|9064,1316|9071,990|9071,999|9072,772|9072,781|9072,967|9072,976|9080,1039|9080,1048|9094,779|9094,788|9094,976|9094,985|9186,588|9186,597|9205,588|9205,597|9239,992|9239,1026|9250,1699|9250,1708|9260,588|9260,597|9262,16945|9313,15536|9327,15844|9365,772|9365,781|9365,967|9365,976|9368,1153|9368,1162|9368,1317|9368,1326|9390,1145|9390,1154|9390,1307|9390,1316|9420,1025|9420,1034|9420,1215|9420,1224|9447,13679|9449,1026|9449,1035|9458,990|9458,999|9475,14955|9492,1039|9492,1048|9536,16336|9564,13890|9568,772|9568,781|9568,967|9568,976|9583,1145|9583,1154|9583,1307|9583,1316|9613,772|9613,781|9613,967|9613,976|9633,781|9633,790|9633,978|9633,987|9695,753|9724,990|9724,999|9758,1145|9758,1154|9758,1307|9758,1316|9791,1153|9791,1162|9791,1317|9791,1326|9805,1199|9885,14894|9930,13364|9936,772|9936,781|9936,967|9936,976|9951,588|9951,597|9975,581|9975,590|9984,1155|9984,1164|9984,1319|9984,1328|10010,770|10010,779|10010,965|10010,974|10014,972|10014,1006|10034,1151|10034,1160|10161,13496|10205,588|10205,597|10228,772|10228,781|10228,967|10228,976|10266,992|10266,1026|10274,772|10274,781|10274,967|10274,976|10282,14904|10291,772|10291,781|10291,967|10291,976|10297,13068|10326,779|10326,788|10326,976|10326,985|10349,1145|10349,1154|10349,1307|10349,1316|10405,13175|10417,1155|10417,1164|10417,1319|10417,1328|10449,770|10449,779|10449,965|10449,974|10454,974|10454,1008|10494,753|10570,590|10570,599|10674,12898|10751,1039|10751,1048|10752,15718|10760,588|10760,597|10774,590|10774,599|10780,584|10780,593|10803,772|10803,781|10803,967|10803,976|10824,1201|10829,525|10829,559|10836,845|10836,879|10906,772|10906,781|10906,967|10906,976|10941,14373|10951,992|10951,1026|10994,1144|10994,1153|10994,1306|10994,1315|11000,15099|11015,1028|11015,1037|11029,1017|11029,1026|11049,770|11049,779|11049,965|11049,974|11066,16518|11075,772|11075,781|11075,967|11075,976|11109,1007|11109,1016|11109,1115|11109,1124|11119,770|11119,779|11119,965|11119,974|11124,13432|11142,1039|11142,1048|11177,1143|11177,1152|11177,1305|11177,1314|11183,16517|11184,1153|11184,1162|11184,1317|11184,1326|11203,1145|11203,1154|11203,1307|11203,1316|11209,1039|11209,1048|11218,14870|11235,584|11235,593|11235,708|11235,717|11241,990|11241,1024|11265,1143|11265,1152|11265,1305|11265,1314|11267,955|11267,989|11282,1147|11282,1156|11282,1309|11282,1318|11312,13575|11335,1144|11335,1153|11335,1306|11335,1315|11349,1151|11349,1160|11393,525|11393,559|11400,14955|11436,16945|11442,1039|11442,1048|11556,1039|11556,1048|11573,1039|11573,1048|11589,588|11589,597|11615,1040|11615,1049|11617,1201|11682,781|11682,790|11682,978|11682,987|11704,935|11704,944|11704,1146|11704,1155|11707,525|11707,559|11714,1039|11714,1048|11715,588|11715,597|11722,1039|11722,1048|11762,525|11762,559|11767,993|11767,1002|11781,781|11781,790|11781,978|11781,987|11805,525|11805,559|11810,1145|11810,1154|11810,1307|11810,1316|11836,584|11836,593|11836,708|11836,717|11840,772|11840,781|11840,967|11840,976|11916,13125|11969,1153|11969,1162|11969,1317|11969,1326|11978,779|11978,788|11978,976|11978,985|12065,13798|12083,1039|12083,1048|12117,1143|12117,1152|12117,1305|12117,1314|12131,12898|12201,1037|12201,1046|12201,1199|12201,1208|12203,1143|12203,1152|12203,1305|12203,1314|12216,14036|12222,13938|12227,525|12227,559|12242,974|12242,1008|12305,550|12310,972|12310,1006|12342,15100|12355,588|12355,597|12392,525|12392,559|12408,525|12408,559|12435,588|12435,597|12448,16945|12497,772|12497,781|12497,967|12497,976|12524,15959|12526,13383|12540,588|12540,597|12550,15647|12551,1153|12551,1162|12551,1317|12551,1326|12568,590|12568,599|12579,1153|12579,1162|12579,1317|12579,1326|12593,772|12593,781|12593,967|12593,976|12618,1152|12618,1161|12618,1316|12618,1325|12673,13070|12688,781|12688,790|12688,978|12688,987|12712,1145|12712,1154|12712,1307|12712,1316|12737,953|12737,987|12785,928|12785,1053|12785,1087|12818,15958|12844,525|12844,559|12886,781|12886,790|12886,978|12886,987|12890,13575|12894,1145|12894,1154|12894,1307|12894,1316|12922,2048|12922,2057|12922,2324|12922,2333|12927,846|12929,1153|12929,1162|12929,1317|12929,1326|12953,1039|12953,1048|12967,1039|12967,1048|12975,584|12975,593|12983,1147|12983,1156|12983,1309|12983,1318|12991,13115|13006,16653|13070,525|13070,559|13075,990|13075,1024|13093,931|13093,940|13102,1144|13102,1153|13102,1306|13102,1315|13113,14862|13115,772|13115,781|13115,967|13115,976|13167,1144|13167,1153|13167,1306|13167,1315|13169,772|13169,781|13169,967|13169,976|13180,14821|13213,1277|13213,1286|13213,1403|13213,1412|13213,2142|13213,2151|13213,2211|13213,2220|13216,588|13216,597|13260,779|13260,788|13260,976|13260,985|13284,1153|13284,1162|13284,1317|13284,1326|13310,13802|13329,1039|13329,1048|13340,588|13340,597|13392,16091|13403,838|13425,1143|13425,1152|13425,1305|13425,1314|13467,16230|13486,992|13486,1026|13506,525|13506,559|13513,779|13513,788|13513,976|13513,985|13525,753|13548,1153|13548,1162|13548,1317|13548,1326|13549,974|13549,1008|13589,14161|13666,772|13666,781|13666,967|13666,976|13680,994|13680,1028|13710,1150|13731,15373|13752,1145|13752,1154|13752,1307|13752,1316|13760,14606|13827,992|13827,1026|13869,781|13869,790|13869,978|13869,987|13890,972|13890,1006|13938,1040|13938,1049|13991,874|13991,883|14001,1153|14001,1162|14001,1317|14001,1326|14027,1000|14027,1009|14051,525|14051,559|14095,525|14095,559|14103,1039|14103,1048|14166,13028|14200,588|14200,597|14212,992|14212,1026|14217,588|14217,597|14260,13115|14301,781|14301,790|14301,978|14301,987|14320,1287|14320,1321|14324,781|14324,790|14324,978|14324,987|14333,588|14333,597|14337,992|14337,1026|14358,15028|14389,770|14389,779|14389,965|14389,974|14430,781|14430,790|14430,978|14430,987|14463,525|14463,559|14468,14037|14492,772|14492,781|14492,967|14492,976|14494,772|14494,781|14494,967|14494,976|14503,14606|14509,1039|14509,1048|14521,1150|14521,1159|14521,1312|14521,1321|14528,772|14528,781|14528,967|14528,976|14554,1145|14554,1154|14554,1307|14554,1316|14570,972|14570,1006|14578,1153|14578,1162|14578,1317|14578,1326|14617,13179|14644,1120|14644,1129|14661,1147|14661,1156|14661,1309|14661,1318|14694,1145|14694,1154|14694,1307|14694,1316|14705,770|14705,779|14705,965|14705,974|14754,1145|14754,1154|14754,1307|14754,1316|14759,702|14759,711|14765,1040|14765,1049|14774,1153|14774,1162|14774,1317|14774,1326|14784,15844|14791,770|14791,779|14791,965|14791,974|14795,1150|14795,1159|14795,1312|14795,1321|14818,1145|14818,1154|14818,1307|14818,1316|14842,772|14842,781|14842,967|14842,976|14851,1343|14870,1088|14870,1097|14889,584|14889,593|14891,13500|14931,588|14931,597|14935,770|14935,779|14935,965|14935,974|14945,992|14945,1026|14951,1002|14951,1011|14951,1110|14951,1119|14965,588|14965,597|14967,832|14967,841|14967,898|14967,907|14991,588|14991,597|15017,1078|15017,1087|15051,1039|15051,1048|15129,15228|15211,1153|15211,1162|15211,1317|15211,1326|15219,1145|15219,1154|15219,1307|15219,1316|15233,781|15233,790|15233,978|15233,987|15237,1143|15237,1152|15237,1305|15237,1314|15252,779|15252,788|15252,976|15252,985|15292,1143|15292,1152|15292,1305|15292,1314|15323,1323|15323,1357|15331,1039|15331,1048|15368,854|15368,863|15382,14259|15408,525|15408,559|15414,779|15414,788|15414,976|15414,985|15428,1153|15428,1162|15428,1317|15428,1326|15472,1153|15472,1162|15472,1317|15472,1326|15474,588|15474,597|15494,1155|15494,1164|15494,1319|15494,1328|15586,838|15595,13246|15598,1143|15598,1152|15598,1305|15598,1314|15636,1153|15636,1162|15636,1317|15636,1326|15660,525|15660,559|15677,584|15677,593|15731,1153|15731,1162|15731,1317|15731,1326|15747,772|15747,781|15747,967|15747,976|15784,14606|15794,13678|15828,1145|15828,1154|15828,1307|15828,1316|15833,14372|15858,203|15858,210|16806,2111|16855,1425|16874,1425
30rc 10618,27060|11937,26876
30remot 12576,6237
30rmtest_create_t 10618,23981|11937,23797
30see 14832,3188
30segment 8917,1965
30student 14938,3274
30the 9251,3638|11193,3640|12439,2079|13532,2586|13699,3612
30thi 9079,2422
30valu 9299,1835|10905,1819|12787,1833|14077,1821
30void 10618,17996|11937,17812
30we 11688,2821|13819,2187
30window 11068,3116
31014citi 9698,17591|12914,17591|13138,17590|14355,17587
31037the 9698,18047|12914,18047|13138,18046|14355,18043
31040the 9698,18099|12914,18099|13138,18098|14355,18095
31134_trailer_001_lo 11724,27995
3123375close 16495,8354
3123375doi 16495,8327
312sudo 9371,23184
3131eclips 9809,801|12963,805
3131futur 8289,2193|8313,1938|9413,1829|11160,2143|12775,1828|13999,1541|14483,1643
3131go 11901,1342
3131the 8437,764|13351,761|13913,1075|13949,764
3132051close 16495,9427
3132051doi 16495,9400
3134futur 12426,1441
3134go 10777,2240
3135the 15271,2635
3137156close166 16475,49721|16551,49721
3137156doi 16475,49694|16551,49694
3137814close 16475,33333|16475,39884|16551,33333|16551,39884
3137__ 15044,3108
313bsmtfinsf1 15607,10367
313sudo 7954,23198|8523,23273
3140043close 16475,37973|16551,37973
3140043doi 16475,37946|16551,37946
314315insert 10390,16624
31497birth1498scarface1499snatch1500catch 9698,26395|12914,26395|13138,26394|14355,26391
3152887close 16475,47565|16551,47565
3152887doi 16475,47538|16551,47538
3154410close 16475,22854|16551,22854
3154410doi 16475,22835|16551,22835
316317insert 14747,16687
316below 15772,23439
316rc 10618,43899|11937,43715
316values317 10390,16785
31707the 9698,30242|12914,30242|13138,30241|14355,30238
3183761close 16475,11828|16551,11828
3183761doi 16475,11801|16551,11801
31881jurass 9698,33526|12914,33526|13138,33525|14355,33522
318values319 14747,16848
3193571close 16475,26983|16551,26983
3193571doi 16475,26956|16551,26956
31954men 9698,34872|12914,34872|13138,34871|14355,34868
3196936close 16475,12779|16551,12779
3196936doi 16475,12752|16551,12752
319below 9371,23502
319struct 15772,23905
31__ 10379,3389|10740,3392|15645,3564
31a 8189,3675
31after 11881,2163
31an 10420,3411|11255,3412|15133,3407
31insert 10602,1751|13099,1745|14265,1750
31lotfrontag 15607,1601
31m 11724,8421|11724,30203
31privat 14507,3710
31project 11451,1223
31remot 12576,6287
31rmtest_delete_t 10618,24029|11937,23845
31set 9036,2237|12769,7095
31shell 10399,1133
31st 8097,1411|8163,1129|8222,1235|8264,905|8293,903|8345,903|8367,905|8499,905|8561,905|8609,903|8655,905|8792,903|8879,903|8904,1237|8908,903|8918,1239|8920,903|9008,905|9128,1237|9212,1707|9246,1236|9333,1236|9394,905|9730,1237|9761,1237|9804,1222|9833,1222|9850,1237|9913,903|9986,1239|10020,1236|10068,1239|10263,903|10311,825|10553,905|10687,903|10785,1237|10801,1237|10885,1237|11045,1237|11083,903|11108,1239|11115,1239|11195,1237|11247,903|11445,903|11490,1237|11717,1222|11915,903|12046,1237|12217,930|12223,903|12274,1237|12276,1237|12315,903|12354,903|12479,1237|12630,1239|12765,1239|12767,905|12801,903|12809,903|12887,903|12990,1237|13146,905|13155,903|13194,903|13229,1237|13255,903|13381,1239|13542,1239|13572,903|13617,1237|13674,1237|13723,2291|13762,903|13844,1237|13875,1237|14075,905|14110,905|14186,903|14470,1237|14532,1237|14535,905|14607,903|14610,1221|14695,1237|14715,806|14838,905|14910,903|14928,903|15038,905|15048,1237|15075,903|15289,1237|15537,903|15571,1222|15604,1239|15662,905|15768,1239
31tabl 10476,3471|15789,3352
31the 9779,2669|10574,2092|10822,2404|14428,1376
31void 10618,33182|11937,32998
31you 8094,3404
3209894close 16475,10863|16551,10863
3209894doi 16475,10836|16551,10836
320below 7954,23516|8523,23662
3227we 13872,2426
3228the 8697,5925
322struct 9371,23968
3232the 9477,792|12224,1259|13511,795|15178,1544
3232valgrind 15358,7112
32330alien32331mast 9698,41814|12914,41814|13138,41813|14355,41810
3233the 8834,1466
32364alien2365th 9698,42457|12914,42457|13138,42456|14355,42453
32384blast 9698,42765|12914,42765|13138,42764|14355,42761
323struct 7954,23982|8523,24128
32433the 9698,43681|12914,43681|13138,43680|14355,43677
3243931close 16475,31562|16551,31562
3243931doi 16475,31535|16551,31535
3243specif 10475,3449
32510the 9698,45104|12914,45104|13138,45103|14355,45100
32621ani 9698,47019|12914,47019|13138,47018|14355,47015
3265000close 16475,30597|16551,30597
3265000doi 16475,30570|16551,30570
3267684close 16475,29612|16551,29612
3267684doi 16475,29585|16551,29585
3274830close 16475,21074|16551,21074
3274830doi 16475,21047|16551,21047
328329creat 10390,17563
3284025close 16475,19933|16551,19933
3284025doi 16475,19906|16551,19906
328class 15772,24392
32close 16508,10429
32column 15789,3425
32doi 16508,10405
32from 13649,4574
32if 10618,5156|11937,5149
32m 11724,29979|11724,66954
32mysql 10332,1515|10399,1161|10514,1536|12351,1501|14242,1532
32nd 11724,216159|12501,227507|16495,16093|16495,16583|16589,7769|16596,7769
32now 8649,5052|15318,3236
32onc 10822,2518
32project 11938,2923
32protect 10694,3315|13083,3312|14276,3313
32remot 12576,6340
32shell 15188,1173
32specif 9625,4674
32step 14832,3331
32the 8860,2732|9148,3648|9376,2519|9553,2411|11495,1201
32thi 9437,2528
32valgrind 10978,4420
3302384b 16475,2714|16551,2714
330331creat 14747,17626
3303759close 16475,6955|16551,6955
3303759doi 16475,6927|16551,6927
330tablescan 15772,24438
3316we 11488,3700
331class 9371,24455
331void 15772,24542
332class 7954,24469|8523,24615
332rc 15772,24647
3330bi 13097,1027
3331__ 14603,1802
3333a 14057,1104
3333bi 10077,1199|10180,1184
3333the 9271,2048|9337,1824|10509,1904|11329,3003|15635,762
3338you 12113,2012
333tablescan 9371,24501
333void 15772,24771
334tablescan 7954,24515|8523,24661
334void 9371,24605
335rc 9371,24710
335void 7954,24619|8523,24765
336337insert 10390,17839
336rc 7954,24724|8523,24870
336void 9371,24834
337void 7954,24848|8523,24994
338339insert 14747,17902
338class 15772,25017
338values339 10390,17888
33a00c1 9952,7205|10618,8442|11937,8258|14730,7350
33alter 8268,1218|14227,1227|15160,1221|15778,1217
33bi 13097,1206|13519,1023
33download 8697,6759
33env 10958,2318|14588,2322|15203,2320|15224,924
33instal 13597,3173
33kkd3 11724,243348|12501,254491
33m 11724,49709
33mysql 10399,1203
33note 12615,2123
33onc 8860,2843
33public 13532,2796
33rd 15956,1867|15957,3181|15962,2258|15965,2592|15967,2532|15971,2978|15978,498|15980,3346|15981,5313|15985,2577|15986,2869|15996,2470|15999,2258|16004,2214|16006,2022|16007,2214|16012,2470|16015,2651|16018,2914|16019,2532|16020,935|16022,771|16023,2277|16028,2022|16031,1867|16034,3181|16037,2651|16039,2413|16044,498|16045,3346|16055,2978|16059,2914|16064,5313|16067,2277|16072,2592|16079,2869|16080,2413|16085,2577|16475,36167|16475,36646|16495,1351|16495,1809|16495,2236|16495,2679|16495,3113|16495,3569|16551,36167|16551,36646|16589,2519|16596,2519
33segment 8917,2049
33select 10602,1829|13099,1823|14265,1828
33set 11903,809|13822,808|13877,807|14352,806
33slave 9115,3001|13078,2983|14614,3002
33the 11212,2092|12661,3198
33thi 10142,807|11435,810|12768,898|14650,887
33unpack 12576,6407
33url 12999,3846
33valgrind 12769,7143
33xmx 9036,2283
33you 9779,2889|13819,2866
340heatingqc 15607,11208
340indexscan 15772,25063
340values341 14747,17951
341class 9371,25080
341void 15772,25190
342class 7954,25094|8523,25240
342rc 15772,25342
3430gener 16806,1768
3434prerequisit 15358,7433
3434slave 8417,1308
3434thi 11901,1779
3435thi 9089,840
3436for 13352,2175
3437thi 10777,2670
343indexscan 9371,25126
343void 15772,25500
3446the 10475,3609
344indexscan 7954,25140|8523,25286
344void 9371,25253
345rc 9371,25405
345void 7954,25267|8523,25413
346rc 7954,25419|8523,25565
346void 9371,25563
347void 7954,25577|8523,25723
348centralair 15607,11404
34a 11131,1654|13690,2646
34creat 11932,810|14914,813
34download 12723,1076
34each 10822,2614
34from 8649,5239|15318,3286
34git 10363,2652
34insert 8268,1254|14227,1263|15160,1257|15778,1253
34merg 13649,4686
34prepar 9330,404|10030,383|10586,418|11309,431|11524,415|14837,382
34prerequisit 10978,4732
34project 12162,901|13352,2077|13823,897
34rc 10618,27158|11937,26974
34rmtest_create_t 10618,24108|11937,23924
34shell 7980,2794|9329,3189|10853,2787|12299,2795|13409,3157|13464,3250
34slave 9115,3038|13078,3020|14614,3039
34tabl 10420,3533|11255,3534|15133,3529
34the 9148,3927|9477,1559|9625,4823|11495,1973|13511,1567|15422,3275
34thi 9437,3266|13237,1697
34url 14916,3614|15044,2991
34we 9911,1116
352mon 16806,2093
352the 15772,26284
3533slave 15612,3656
3534the 12963,1198
3535a 13847,3235
3535download 8101,799|12060,799
3535improv 9301,797|15114,794
3535thi 10640,770
3535xmx 15224,972
3536creat 9502,1044
3536in 15482,892
3537it 12483,3883
353electr 15607,11508
353pleas 8523,26053|10893,2387
3548the 10475,3692
355the 9371,26347
356the 7954,26361|8523,26517
35__ 8094,3991
35a 11953,2884|13145,1204
35alter 8268,1383|14227,1392|15160,1386|15778,1382
35an 15789,3546
35each 8860,2930
35git 10363,2841
35improv 13602,2617
35it 10822,2675
35pm 7959,1799|8012,1799|8281,1824|8310,1799|8420,1799|8430,1657|8485,1820|8622,1170|8729,1657|8819,1656|8854,903|8946,1657|8974,1824|9262,1792|9313,1657|9323,1637|9327,1657|9411,1799|9447,1820|9475,1657|9536,1657|9564,1820|9626,1637|9631,1799|9781,1799|9885,1657|9891,1637|9930,1820|10140,1799|10161,1820|10282,1657|10295,1799|10297,1824|10405,1820|10466,1637|10674,1824|10712,1637|10752,1657|10842,903|10941,1948|11000,1657|11066,1657|11079,1637|11091,1823|11124,1820|11153,980|11183,1657|11206,1799|11218,1657|11312,1820|11400,1657|11436,1792|11830,1824|11916,1820|12065,1820|12086,1637|12131,1824|12216,1820|12222,1820|12342,1657|12448,1792|12480,1637|12524,1657|12526,1820|12550,1657|12665,1799|12673,1824|12786,1637|12818,1657|12890,1820|12991,1820|13006,1792|13113,1657|13173,1637|13180,1657|13282,1637|13310,1824|13316,1820|13360,1657|13392,1657|13467,1657|13556,1637|13589,1944|13676,1637|13731,1657|13760,1657|13840,1799|14091,1799|14166,1820|14260,1820|14358,1657|14468,1820|14499,1799|14503,1657|14523,1637|14594,1637|14617,1824|14716,903|14784,1657|14891,1824|15012,1799|15028,1637|15063,1799|15129,1657|15164,1799|15171,1637|15382,1834|15595,1820|15784,1657|15794,1820|15833,1947
35prerequisit 12769,7455
35public 13532,2848
35queri 8917,2095
35rmtest_delete_t 10618,24190|11937,24006
35shell 7980,2990|9329,3284|10853,2983|12299,2991|13409,3251|13464,3446
35slave 13503,2989|14383,2990
35sudo 9001,899|14832,3525
35tbl_ 10618,3253|11937,3246
35th 16475,5372|16475,5834|16475,5952|16551,5372|16551,5834|16551,5952|16589,4915|16596,4915
35the 9625,4896
35valgrind 10985,1240
35we 10344,4077
35xmx 10958,2364|14588,2368|15203,2366
3611stflrsf 15607,11849
362void 10618,45448|11937,45264
3632ndflrsf 15607,11889
3635download 10669,5700
3636bi 10077,1450|10180,1428|15251,1151
3636for 10031,765|12162,1014|13823,995
3636in 12698,947|15090,972
3636project 11466,767
3636see 10394,1449|11344,805|12302,2084|13843,1457|15625,2080
3636the 11012,2093|12460,773|13654,2258
3636you 9477,2046|11228,1103|11495,2455|13511,2052
3637creat 10390,1390|14747,1406
3637you 9611,3031
3638a 9495,1162
3650your 10475,3973
366367grlivarea 15607,11991
366the 15772,27875
369the 9371,27938
36__ 12999,3961
36a 9640,2708|12506,5006
36bi 13519,1176|15103,1021
36column 10476,3578
36df3ef374e784efeebab8f5592db78c 10197,32711|11626,432614|12225,32735
36download 9251,4111|9911,1214|11193,4113|13699,4085|13754,992
36host 9036,2532
36in 11318,4735|15761,5155
36it 8860,2991
36m 11724,42303
36merg 8649,5350|15318,3397
36mkdir 10363,3018
36mysql 10332,1582|10514,1603|12351,1568|14242,1599
36project 13819,3559
36protect 10519,3378
36rmtest_00 10618,24272|11937,24088
36see 8347,3373|14100,3399
36shell 7980,3174|10853,3167|12299,3175|13464,3630
36slave 13503,3026|14383,3027
36tabl 10618,3263|11937,3256
36th 16495,18613|16495,19154|16589,7084|16596,7084
36the 10822,2789
36thi 12769,969|14507,3835
36you 9148,4412|12615,2441
36your 9625,5167
370the 7954,27952
371the 8523,28319|10893,5532
3737bi 8058,765|11531,765|12195,763|13228,765
3737shell 8566,805
3737to 8516,805
3738the 10137,1915
3752click 10475,4413
3765man 9698,13339|12914,13339|13138,13338|14355,13335
377378creat 10390,19202
378379kitchen 15607,12290
37__ 8200,1213|9608,1026|14916,3729
37a1a9a8908c9140dfc13acd0968b353 10197,23282|11626,437947|12225,23306
37cd 10363,3038
37click 9625,5597
37column 10618,3274|11937,3267
37in 8189,4575
37mysql 9330,1293|10586,1307|11309,1320|11524,1304
37number 8917,2170
37prerequisit 10985,1552
37public 13532,2877
37rmtest_01 10618,24332|11937,24148
37shell 7980,3201|10853,3194|12299,3202|13464,3657
37step 9001,1179|14832,3619
37student 9437,4079
37th 16475,43053|16475,43573|16475,44082|16475,44612|16475,45308|16475,46057|16551,43053|16551,43573|16551,44082|16551,44612|16551,45308|16551,46057|16589,4091|16596,4091
37the 8860,3124
37these 12661,3650
37thi 10783,2642|13633,2428
37to 8101,1343|10669,6252|12060,1403
37we 10475,3086
37xcode 12769,7478
380void 10618,46203|11937,46019
3829befor 14685,2050
383384creat 14747,19434
3834for 11938,3029
3838a 11842,1155
3838befor 14672,1706
3838shell 15201,807
3838the 14736,762
3838we 10640,1486
3838write 13754,1135
3839for 8516,875
3839instal 15358,8005
3840rbftest_10 10618,9367|11937,9183
3842you 9076,2467
3853if 10475,4547
3891the 9698,15494|12914,15494|13138,15493|14355,15490
389totrmsabvgrd 15607,12504
38befor 13665,2822
38echo 10363,3055
38for 8101,1438|11466,1070|12060,1463|13819,3665
38host 10958,2613|14588,2617|15203,2615
38if 9625,5730
38instal 12769,7586
38int 10618,77418|11937,77234
38java 13237,2190
38m 11724,4470|11724,11313|11724,37443|11724,43520|11724,47573|11724,49588|11724,54262|11724,54872|11724,55199|11724,56357|11724,57829|11724,58065|11724,58185|11724,58305|11724,58425|11724,58548|11724,58668|11724,59146|11724,63030|11724,63599|11724,65160|11724,65397|11724,65636|11724,67799|11724,68042|11724,68285|11724,68525|11724,73780|11724,79124|11724,79248|11724,81183|11724,82986|11724,83104|11724,84142
38mysql 8566,965|12555,1006
38rc 10618,27289|11937,27105
38rmtest_02 10618,24392|11937,24208
38shell 7980,3225|10853,3218|12299,3226|13464,3681
38step 8347,3516|10394,1776|11344,1136|12302,2408|13843,1789|14100,3542|15625,2407
38tabl 15789,3668
38th 16475,14813|16475,15288|16551,14813|16551,15288|16589,3575|16596,3575
38these 8860,3221|15422,3727
38thi 11059,3250
38to 9036,2744|9911,1532
38we 9417,1526|10593,1753|15021,1324|15406,1411
38when 10822,2894
38write 9251,4268|11193,4254|13699,4226
390391function 15607,12573
390391insert 10390,19694
392values393 10390,19779
3939see 10134,800|11735,800
3939shell 11677,808|15201,866
3940creat 11979,1586|15300,1073
3940the 15482,988
3941for 8516,928
3941pay 10518,1114
3941rbftest_11 10618,9431|11937,9247
3941we 8800,1863
3942thi 8101,1640
3954if 10475,4594
396397insert 14747,19926
396void 10618,46830|11937,46646
398values399 14747,20011
39apach 12723,1889
39column 10420,3640|11255,3641|15133,3636
39compar 9089,1530|10402,1102|15089,940|15698,1063
39df83188f2f1b60bbd85feffeedfee1 10197,8154|11626,433909|12225,8178
39dkei3 11724,222581|12501,233880
39document 8917,2217
39drop 8268,1463|14227,1472|15160,1466|15778,1462
39for 9911,1588|12060,1506
39git 10363,3106
39if 9625,5776
39instal 10978,5042|12769,7733
39mysql 8566,1041|9330,1387|10030,1326|10586,1401|11309,1414|11524,1398|14837,1325
39pay 10399,1399
39privat 10694,3446|13083,3443|14276,3444
39public 13532,2931
39rmtest_03 10618,24452|11937,24268
39select 9299,2141|10905,2125|12787,2139|14077,2127
39set 12615,2597
39shell 7980,3283|10853,3276|12299,3284|13464,3739
39slave 9115,3353|13078,3318|14614,3354
39suppos 15309,2293
39these 14013,1629
39thi 8708,2854|10783,3442|13633,3228|14507,4041
39time 9025,2843
39we 9079,3912|10897,2355|11953,3218
39you 10344,4854
3a 12501,18227|12501,28133|12501,31575|12501,33502|12501,34296|12501,39499|12501,41176|12501,48234|12501,50743|12501,53525|12501,55709|16793,2403|16807,2403
3a558cf 9952,71044|10618,83307|11937,83123|14730,71189
3a9c299898766adec147f0a90bf39c2d 10197,19285|11626,436883|12225,19309
3all 10618,8751|10618,22872|11937,8567|11937,22688
3b7c7a0de9a315c101b5bb0af2cbd49d 10197,33997|11626,433238|12225,34021
3baf943a 11724,37898
3batteri 13005,1696
3c 16148,32368|16148,32687|16151,32368|16151,32687|16154,26195|16154,26514|16158,26195|16158,26514|16162,14423
3creat 10390,405|12672,413|14747,421
3d 13790,2912|13790,3245|15858,805|15859,411|15859,6278|15859,6497|15859,20467|15859,27956|15859,28137|15859,28525|15859,28604|15859,28779|15859,30832|15859,37170|15859,38085|15859,40397|15859,49090|15859,52231|15859,59421|15859,60352|15859,72848|15859,73700|15859,77393|15859,82109|15859,87559|15859,90904|15859,91620|15859,104433|15859,105534|15859,105832|15859,106497|15859,106580|15859,106733|15859,106797|15859,106893|15859,107635|15859,107780|15859,107844|15859,107948|15859,108002|15859,120374|15859,129193|15859,133453|15859,135806|15860,7726|15860,9488|15860,9596|15860,14845|15862,330|15862,2694|15862,11105|15862,11500|15862,11612|15862,14838|16145,5210|16145,5539|16145,5906|16145,6228|16145,6555|16145,6835|16146,12686|16146,13122|16155,5210|16155,5539|16155,5906|16155,6228|16155,6555|16155,6835|16168,12686|16168,13122
3d2571913c366c3f45e7f120e6053362 10197,13361|11626,435366|12225,13385
3d3w_lhonhe8o 12501,53561
3d_9i55rbqzv8 12501,31611
3dblh0jjhbe8g 12501,34332
3dfeba2s4ldu4 12501,50779
3dfo 12501,28169
3dm3geyja9ngc 12501,48270
3dni4tetutccc 12501,39535
3doym80ubtiy0 12501,41212
3drb9a00bxf 12501,18263
3drop 9502,363
3dtv 15859,6427|15859,6507|15861,306|15862,2643|15862,2776
3due 9376,868
3dui 15862,12574
3dwgw2qmlcwyg 12501,33538
3dwn0aow 8246,561|13317,1390|15234,561
3dy39epzddev 12501,55745
3e1c7af 9952,6089|10618,7152|11937,6968|14730,6234
3e7e4d2 7947,5292|8010,5637|8195,5731|8277,5579|8529,5649|8649,9139|9197,5731|9366,5650|9813,5637|10147,5414|10296,5994|10598,5637|11134,5983|11269,5986|11276,5413|11592,5413|11659,5583|11940,5984|12324,5413|12334,5984|12576,7077|12729,5982|12941,5733|13000,5731|13095,5982|13343,5731|13517,5413|13566,5531|13649,8364|13658,5909|13935,5731|14084,5306|14379,5323|14757,5733|14885,5413|15318,7073|15560,5148|15614,5638
3ewd 10390,4297|11439,3652|14747,4313|15763,3652
3fv 12501,18259|12501,28165|12501,31607|12501,33534|12501,34328|12501,39531|12501,41208|12501,48266|12501,50775|12501,53557|12501,55741
3g 11768,9556|11768,10399|15300,9987|15300,10842|16148,84177|16148,84563|16151,84177|16151,84563|16154,78004|16154,78390|16158,78004|16158,78390|16162,43456
3in 10476,852|14507,854
3int 10618,94717|10618,96564|11937,94533|11937,96380
3jbfwltrxjw 12501,40289
3kmtg 11724,30513
3locat 10973,1050|12280,981
3mzq5cgey9a 12501,9331
3p 8234,519|8381,992|8403,1079|8451,992|8468,991|8610,1078|8610,1292|8881,519|9884,991|10027,992|10382,519|10892,519|11301,519|11510,991|11511,519|11593,992|11669,519|12121,519|12319,991|12344,519|12407,519|12639,519|12681,519|12831,519|12997,992|13147,991|13318,519|13544,1078|13544,1252|13867,519|14452,991|14551,991|14732,991|14860,991|14865,1239|15108,992|15721,1078|15721,1293
3pm 7963,1043|8008,630|8095,594|8099,998|8146,1043|8460,585|8486,1041|8500,1095|8732,594|8850,1033|8950,955|9158,999|9201,533|9234,575|9328,654|9350,594|9359,1041|9468,1030|9468,1149|9837,1041|10210,1015|10210,1142|10560,1043|10561,594|10577,559|10668,1054|10668,1202|10737,575|10863,1158|11029,1146|11245,1041|11557,1043|11572,594|11806,949|11815,968|11867,594|12120,594|12182,594|12375,594|12458,1000|12470,671|12475,989|12475,1142|12535,1041|12561,969|12632,1165|12663,1043|12711,594|12821,1018|12821,1275|12908,558|13010,594|13035,1077|13134,594|13269,1054|13396,1041|13695,577|13794,1071|13868,594|13961,1041|14152,1043|14190,1043|14424,1186|14644,1030|15029,1102|15284,594|16121,1275
3rc 10618,48458|10618,49607|10618,52399|10618,55127|10618,58394|10618,61006|10618,64068|10618,66887|10618,68910|10618,70941|10618,73286|10618,76118|10618,77836|10618,80491|10618,83447|10618,88578|10618,91581|10618,97883|10618,101783|11937,48274|11937,49423|11937,52215|11937,54943|11937,58210|11937,60822|11937,63884|11937,66703|11937,68726|11937,70757|11937,73102|11937,75934|11937,77652|11937,80307|11937,83263|11937,88394|11937,91397|11937,97699|11937,101599
3rd 7951,3854|7953,3707|7959,4883|7967,9552|7967,9865|7972,11739|7972,12107|7972,12253|7972,12300|7976,4638|7986,16862|7986,17230|7986,17376|7986,17423|7988,3389|7990,3246|7997,6082|8003,3856|8006,5055|8008,4677|8011,5951|8012,4672|8017,3223|8023,4161|8025,3330|8026,3244|8043,5903|8044,7163|8047,3389|8048,5792|8051,3329|8052,4142|8053,3389|8054,4920|8074,3789|8081,4748|8090,3854|8091,3329|8098,5662|8099,4325|8102,3223|8103,5189|8105,16014|8105,16334|8105,16480|8105,16527|8108,5539|8114,6271|8117,5611|8121,5599|8122,5252|8125,5755|8127,3233|8147,4874|8148,3246|8152,5333|8154,4767|8167,3937|8177,3323|8185,4545|8186,3232|8188,4740|8201,3223|8204,4084|8206,4156|8213,7549|8233,5715|8234,4975|8252,3232|8254,4658|8258,5685|8263,3791|8270,5094|8280,4689|8281,5288|8287,3232|8292,4844|8296,5454|8303,3057|8307,3329|8310,4549|8311,3329|8321,4968|8325,4810|8327,5659|8330,9493|8330,9813|8330,9959|8330,10006|8332,5321|8334,7818|8335,4714|8336,4445|8337,11733|8337,12101|8337,12247|8337,12294|8339,9568|8339,9888|8339,10034|8339,10081|8350,11848|8350,12216|8350,12362|8350,12409|8352,5626|8357,3854|8358,4867|8361,7217|8363,3249|8370,4172|8372,5951|8374,12113|8374,12433|8374,12579|8374,12626|8377,5415|8378,6035|8379,3389|8381,4989|8383,13194|8383,13562|8383,13708|8383,13755|8390,3263|8392,4643|8394,5650|8399,5485|8406,4611|8418,3855|8419,5798|8420,4617|8429,6424|8430,7367|8443,5497|8446,3233|8449,3246|8451,4827|8452,4914|8457,4949|8468,5040|8469,4299|8471,3680|8475,7280|8485,5593|8487,5918|8497,3787|8500,4422|8522,11828|8522,12148|8522,12294|8522,12341|8537,4195|8538,6515|8540,3680|8542,4122|8546,5627|8547,4262|8552,5289|8559,5727|8578,6420|8585,10419|8585,10787|8585,10933|8585,10980|8591,3698|8604,3223|8606,3323|8608,6122|8615,3787|8616,3246|8623,3789|8626,5373|8628,11700|8628,12068|8628,12214|8628,12261|8629,4505|8645,4810|8656,5941|8664,4160|8671,5715|8673,5035|8674,5549|8678,5406|8679,7280|8687,5583|8689,5351|8698,16862|8698,17230|8698,17376|8698,17423|8701,3788|8703,3705|8705,4753|8706,3329|8712,5393|8713,4477|8715,4658|8716,4820|8719,4336|8728,5306|8729,8018|8731,11705|8731,12073|8731,12219|8731,12266|8738,3329|8739,4195|8743,4721|8754,4613|8759,4968|8773,2802|8778,3329|8787,10614|8787,10975|8788,839|8788,1065|8789,3247|8806,3790|8809,5263|8811,12297|8811,12617|8811,12763|8811,12810|8815,5445|8816,4707|8819,6335|8824,7685|8829,3788|8847,7059|8855,7200|8857,4130|8858,4642|8862,4248|8873,5020|8881,5305|8891,4879|8896,4584|8897,5704|8898,4968|8900,4749|8902,4110|8903,3323|8905,6424|8907,3707|8909,5017|8911,5117|8915,5094|8916,4207|8921,10814|8921,11182|8921,11328|8921,11375|8931,3251|8932,3789|8934,3249|8938,3790|8941,10460|8941,10828|8941,10974|8941,11021|8943,5360|8944,5192|8946,6336|8947,6286|8957,5035|8969,5784|8971,3329|8974,5458|8976,5578|8982,5244|8988,10453|8988,10821|8988,10967|8988,11014|8995,4534|9006,3856|9015,5903|9019,3688|9030,3246|9031,3323|9034,7200|9035,3789|9037,3688|9057,11596|9057,11964|9057,12110|9057,12157|9060,4886|9062,3329|9067,6193|9070,3389|9074,10422|9074,10790|9074,10936|9074,10983|9075,4447|9083,9727|9083,10047|9083,10193|9083,10240|9087,3631|9093,5901|9098,9650|9098,9970|9098,10116|9098,10163|9104,7656|9114,6050|9121,5425|9127,4529|9129,5435|9132,5512|9134,5950|9138,3263|9141,10824|9141,11144|9141,11290|9141,11337|9145,4238|9154,5122|9158,4326|9164,5039|9168,4721|9172,3277|9175,5181|9183,5665|9185,3323|9189,5568|9190,5221|9191,8431|9193,3688|9194,3329|9201,4320|9208,3788|9210,5181|9215,16001|9215,16321|9215,16467|9215,16514|9217,10569|9217,10937|9217,11083|9217,11130|9218,3389|9219,3790|9221,12101|9221,12421|9221,12567|9221,12614|9224,3856|9226,4516|9234,4622|9239,5869|9252,5530|9253,5721|9255,4159|9262,8872|9265,4961|9267,3789|9268,3223|9273,8431|9278,5081|9281,5397|9295,3213|9297,5829|9302,4429|9304,3791|9307,3789|9313,7463|9322,3039|9323,5330|9327,7771|9328,4701|9334,12465|9334,12833|9334,12979|9334,13026|9339,3698|9351,3244|9352,5569|9363,5830|9374,13171|9374,13539|9374,13685|9374,13732|9385,10569|9385,10937|9385,11083|9385,11130|9389,3329|9392,3337|9403,4292|9405,5509|9411,4685|9414,4369|9433,7818|9435,4130|9437,4213|9439,6797|9443,3791|9445,3791|9447,6077|9448,3329|9450,4306|9459,6147|9467,3233|9470,839|9470,1042|9474,5902|9475,6889|9484,3019|9489,4195|9491,13475|9491,13843|9491,13989|9491,14036|9505,5813|9513,3799|9514,4613|9523,5039|9528,10410|9528,10778|9528,10924|9528,10971|9534,3727|9536,8263|9540,6012|9549,4148|9563,4157|9564,6288|9571,6488|9582,4702|9584,10321|9584,10641|9584,10787|9584,10834|9585,5890|9589,2809|9590,4831|9594,3791|9596,4884|9599,6290|9603,11596|9603,11964|9603,12110|9603,12157|9604,4730|9609,3223|9610,4653|9626,5686|9628,6901|9631,4862|9639,6417|9644,3789|9648,4711|9652,5599|9654,3329|9660,4984|9664,12489|9664,12809|9664,12955|9664,13002|9672,10743|9672,11111|9672,11257|9672,11304|9676,3707|9678,3389|9683,3217|9692,2775|9695,6829|9700,3249|9702,3707|9705,3707|9706,5509|9709,4476|9710,3791|9711,5599|9712,3856|9714,5039|9715,5584|9719,5477|9722,5295|9726,5345|9727,5902|9729,3233|9731,5349|9734,3389|9735,3855|9744,4694|9753,9534|9753,9854|9753,10000|9753,10047|9755,3223|9756,3707|9763,7125|9765,3233|9769,3389|9772,3679|9781,4883|9782,3790|9784,3246|9794,3389|9805,5869|9812,4201|9816,3244|9821,3789|9822,4709|9826,4984|9827,5998|9835,5506|9838,3223|9844,3316|9855,4278|9869,4576|9870,5127|9872,3389|9874,4287|9879,4370|9883,5227|9884,4780|9885,6889|9886,6800|9891,6316|9893,5665|9898,5044|9899,3730|9900,5717|9901,4020|9902,4478|9904,4766|9907,3688|9915,7666|9917,5787|9927,4710|9930,5781|9931,7301|9934,4840|9948,3249|9954,5340|9959,3329|9969,4492|9972,3620|9977,3323|9997,3788|10008,6121|10012,6063|10014,5941|10021,5378|10023,6398|10025,4542|10027,4821|10049,4107|10050,3238|10055,4244|10065,3329|10067,5345|10070,4207|10073,3329|10081,3337|10109,4642|10119,3619|10135,10462|10135,10830|10135,10976|10135,11023|10136,4644|10140,4945|10145,6682|10155,4948|10158,5430|10161,5894|10163,4848|10176,3707|10190,3680|10193,5492|10195,4674|10199,5385|10202,3223|10206,3389|10221,4617|10224,6065|10237,4161|10238,9553|10238,9866|10241,6269|10250,3698|10253,4774|10256,10569|10256,10937|10256,11083|10256,11130|10258,7055|10259,3323|10262,3232|10266,5929|10271,10502|10271,10870|10271,11016|10271,11063|10273,4156|10276,6426|10279,4195|10281,4506|10282,6797|10286,3856|10289,6017|10295,4862|10297,5458|10307,5314|10336,4771|10340,3329|10345,9960|10345,10328|10345,10474|10345,10521|10358,5160|10365,4663|10370,5627|10373,5784|10378,5537|10380,16847|10380,17215|10380,17361|10380,17408|10381,5397|10382,4982|10383,5901|10387,10613|10387,10974|10391,4690|10397,4642|10404,6800|10405,5593|10407,5376|10414,6984|10421,5714|10424,4663|10427,13437|10427,13805|10427,13951|10427,13998|10430,6983|10432,3233|10435,5830|10438,4157|10439,3233|10444,4693|10448,9558|10448,9878|10448,10024|10448,10071|10454,5943|10456,4373|10461,4712|10462,3329|10466,6336|10470,3788|10480,3329|10493,5908|10494,6949|10496,3389|10499,4598|10501,10765|10501,11085|10501,11231|10501,11278|10507,5062|10508,3698|10513,5755|10515,3329|10516,5276|10522,4369|10526,4926|10549,7400|10556,5066|10557,5436|10559,7467|10562,6306|10568,3246|10574,5301|10575,3233|10576,4707|10577,4321|10578,12837|10578,13217|10578,13363|10578,13410|10589,12295|10589,12615|10589,12761|10589,12808|10595,12243|10595,12563|10595,12709|10595,12756|10599,3791|10604,3389|10614,3389|10616,3789|10626,6035|10642,5530|10648,12318|10648,12638|10648,12784|10648,12831|10651,3223|10659,5835|10664,3698|10666,10572|10666,10940|10666,11086|10666,11133|10673,3329|10674,5288|10684,5605|10686,5003|10712,5969|10729,3836|10732,4524|10735,3223|10737,4622|10738,3262|10742,6200|10743,3854|10744,4886|10748,3329|10752,7645|10758,6682|10770,4255|10772,2779|10783,4402|10784,3745|10791,8431|10792,3389|10798,4799|10808,3249|10811,3389|10816,5020|10824,5784|10826,3389|10828,4156|10829,7217|10836,5643|10838,3323|10843,3389|10851,4674|10874,4158|10892,5206|10903,6582|10909,4110|10914,4664|10915,5004|10920,4984|10921,5072|10930,4860|10941,6771|10943,5372|10949,3680|10951,5870|10954,6202|10959,5894|10961,5151|10964,4649|10966,5619|10971,5951|10972,9727|10972,10047|10972,10193|10972,10240|10975,3791|10988,6118|10995,5017|10998,6122|11000,7094|11001,3745|11014,9221|11014,9541|11014,9687|11014,9734|11016,6117|11018,4506|11019,4766|11025,3329|11030,5606|11035,4492|11042,3389|11043,5375|11048,3679|11051,13089|11051,13457|11051,13603|11051,13650|11052,4810|11061,3223|11066,8445|11069,6152|11071,4823|11079,5214|11084,5213|11091,5173|11092,4250|11099,4810|11111,4617|11114,2903|11124,5830|11127,3249|11133,3790|11135,4732|11143,6488|11162,5627|11172,6912|11174,6056|11176,3856|11178,4871|11183,8444|11200,13173|11200,13541|11200,13687|11200,13734|11201,3854|11206,4863|11207,4971|11208,4333|11215,3249|11218,6763|11221,5763|11231,5393|11233,4643|11240,4795|11241,5730|11249,7285|11257,4773|11261,6901|11264,4643|11267,5753|11272,3730|11277,9591|11277,9911|11277,10057|11277,10104|11281,3500|11283,4774|11286,6742|11297,3698|11301,4974|11305,3272|11312,5973|11325,3329|11336,3855|11338,3854|11345,3856|11353,5833|11367,4725|11369,4195|11370,4586|11375,3329|11393,6837|11400,6889|11401,4643|11406,6011|11409,4517|11411,3707|11415,3323|11421,6720|11422,5135|11433,5143|11434,3837|11436,8872|11440,5252|11448,3778|11452,3329|11455,5351|11457,7054|11458,5351|11462,5402|11464,16028|11464,16348|11464,16494|11464,16541|11469,4820|11477,5384|11496,4772|11501,3249|11505,5506|11509,7399|11510,5017|11511,4934|11514,5362|11519,4925|11521,9532|11521,9845|11525,5464|11528,3244|11533,3787|11536,13001|11536,13369|11536,13515|11536,13562|11537,5901|11542,3223|11554,4853|11558,4820|11559,4582|11567,16969|11567,17337|11567,17483|11567,17530|11580,3789|11590,5457|11591,3946|11593,4821|11600,4820|11604,11132|11604,11500|11604,11646|11604,11693|11606,3303|11610,6509|11616,3244|11617,5799|11629,5930|11637,3253|11638,5173|11643,3787|11645,5406|11646,4527|11649,4289|11656,7684|11657,3730|11658,4161|11669,5441|11676,3788|11684,4853|11686,9475|11686,9795|11686,9941|11686,9988|11694,6741|11703,5914|11705,5578|11706,3389|11707,6925|11708,5178|11709,5377|11709,5710|11709,6098|11709,6244|11709,6291|11724,196341|11736,5436|11737,3707|11743,4872|11762,7180|11771,7818|11772,3389|11776,3389|11777,3854|11778,4799|11784,3389|11785,3619|11790,3789|11799,3730|11805,7217|11806,4137|11814,3688|11815,4137|11819,4969|11830,5174|11831,5664|11844,3789|11859,5659|11874,3856|11883,3688|11890,5173|11896,6800|11909,4820|11916,5543|11922,3233|11926,5069|11943,4984|11950,3253|11954,4547|11956,3687|11964,10614|11964,10975|11965,5450|11966,3787|11967,6702|11982,6580|11985,6216|11987,18169|11987,18549|11987,18695|11987,18742|12004,4576|12005,3688|12021,10569|12021,10937|12021,11083|12021,11130|12024,5159|12027,3791|12029,4626|12032,3262|12035,4777|12049,7399|12053,5488|12056,3705|12062,5951|12065,6196|12069,3337|12075,3329|12076,9967|12076,10335|12076,10481|12076,10528|12079,3375|12080,5117|12086,5394|12091,1608|12095,4604|12096,4659|12103,5462|12109,3329|12110,3798|12121,4982|12122,5181|12125,4849|12131,5288|12132,5114|12138,10646|12138,10966|12138,11112|12138,11159|12141,9566|12141,9886|12141,10032|12141,10079|12143,4739|12154,16854|12154,17222|12154,17368|12154,17415|12161,3265|12164,5659|12169,6119|12181,7686|12183,5477|12191,3707|12192,4803|12198,5784|12199,5901|12200,6582|12202,3799|12209,4881|12210,10784|12210,11104|12210,11250|12210,11297|12216,6434|12221,5462|12222,6336|12227,7565|12235,3789|12237,5872|12241,6100|12242,5943|12246,3787|12248,3323|12277,3705|12282,3726|12296,4916|12301,3246|12305,6746|12308,11711|12308,12091|12308,12237|12308,12284|12309,3329|12310,6097|12313,5423|12314,4130|12319,5016|12320,12477|12320,12845|12320,12991|12320,13038|12328,3329|12330,10614|12330,10975|12338,3787|12340,4169|12342,7094|12344,5333|12345,5114|12349,3948|12364,4848|12370,4849|12374,4207|12377,3389|12387,3498|12388,4891|12392,7447|12400,3226|12403,4631|12404,5575|12407,4811|12408,7200|12417,4768|12419,5627|12420,3282|12433,3787|12442,3680|12445,3680|12447,3705|12448,8872|12453,4148|12458,4327|12462,4630|12468,6793|12469,3730|12470,4718|12480,5777|12487,4675|12488,3790|12493,4505|12501,207840|12502,3688|12505,4944|12511,4190|12521,5549|12524,7886|12525,6680|12526,5781|12531,3329|12539,5558|12543,6112|12547,4914|12548,3679|12549,5467|12550,7574|12558,5455|12561,4138|12580,11624|12580,11992|12580,12138|12580,12185|12581,6122|12582,4017|12592,3854|12594,3856|12595,3856|12605,6111|12612,4089|12639,5332|12645,5620|12648,11849|12648,12217|12648,12363|12648,12410|12650,3329|12665,4672|12670,6091|12673,5460|12681,5235|12683,4776|12687,4715|12689,4741|12694,4564|12697,3223|12699,3329|12701,3263|12706,3791|12708,3680|12710,4768|12713,3246|12716,2780|12717,3705|12724,5351|12726,3223|12730,4590|12733,3856|12736,4845|12737,5745|12743,9688|12743,10008|12743,10154|12743,10201|12748,6058|12750,4626|12754,5950|12772,3707|12784,5272|12786,5462|12791,5477|12793,4289|12796,13474|12796,13842|12796,13988|12796,14035|12805,3790|12814,3246|12816,3679|12817,9494|12817,9814|12817,9960|12817,10007|12818,7885|12823,3707|12827,4602|12829,5553|12831,5111|12843,4544|12844,7280|12846,4721|12847,8345|12854,4626|12856,5297|12857,9230|12857,9550|12857,9696|12857,9743|12860,3788|12862,3896|12863,5181|12869,4289|12872,12989|12872,13357|12872,13503|12872,13550|12880,3329|12889,3680|12890,5973|12898,3837|12906,3707|12908,4320|12913,6527|12916,2976|12925,3787|12937,4713|12938,5114|12940,3730|12942,3856|12954,5569|12955,5950|12959,4477|12960,5591|12961,3798|12968,4643|12972,3337|12976,3791|12982,3233|12984,3854|12987,4959|12988,6122|12991,5543|12997,4827|13001,6073|13002,4262|13006,8580|13011,4585|13012,9591|13012,9911|13012,10057|13012,10104|13014,9960|13014,10328|13014,10474|13014,10521|13020,4709|13021,6091|13027,2990|13035,4404|13045,6488|13049,7065|13051,3329|13054,4642|13063,10857|13063,11177|13063,11323|13063,11370|13068,3223|13069,3742|13070,7128|13075,5765|13091,3854|13101,10579|13101,10899|13101,11045|13101,11092|13113,6755|13123,5477|13135,3688|13139,3329|13141,3329|13143,10579|13143,10899|13143,11045|13143,11092|13147,5041|13171,12988|13171,13368|13171,13514|13171,13561|13173,5706|13180,6755|13184,4724|13195,4722|13204,4739|13222,8620|13224,3233|13235,3680|13238,6209|13244,6100|13249,3679|13256,3232|13265,13080|13265,13448|13265,13594|13265,13641|13269,4381|13276,6680|13277,4945|13278,16833|13278,17201|13278,17347|13278,17394|13280,11829|13280,12149|13280,12295|13280,12342|13282,5407|13285,4577|13288,3856|13289,3246|13291,5493|13292,4659|13296,5314|13302,11264|13302,11584|13302,11730|13302,11777|13306,9494|13306,9814|13306,9960|13306,10007|13310,6200|13312,3854|13313,3246|13315,3733|13316,5284|13318,5491|13321,5344|13322,6420|13325,11833|13325,12201|13325,12347|13325,12394|13327,3329|13331,4859|13332,6613|13360,6499|13366,5954|13368,4631|13373,4658|13374,3232|13378,5090|13382,6074|13386,6424|13392,8018|13407,5714|13412,3631|13415,4714|13431,10814|13431,11182|13431,11328|13431,11375|13442,7468|13447,4915|13448,4207|13456,3832|13465,4643|13467,8157|13470,10767|13470,11087|13470,11233|13470,11280|13485,3233|13486,5928|13493,3233|13495,4345|13499,7652|13502,5833|13506,7280|13508,6044|13509,10501|13509,10862|13516,3698|13522,3855|13524,3620|13525,6775|13526,9494|13526,9814|13526,9960|13526,10007|13527,5509|13528,5527|13533,5951|13535,5003|13549,5943|13555,9534|13555,9854|13555,10000|13555,10047|13556,5849|13557,4584|13564,6112|13574,4652|13583,3687|13586,6115|13588,4631|13589,6559|13592,3329|13604,5832|13606,4442|13611,4242|13614,4774|13618,6515|13620,5460|13633,4188|13637,3244|13638,832|13642,12491|13642,12811|13642,12957|13642,13004|13643,4577|13659,4611|13660,7695|13664,5393|13667,4659|13676,5686|13680,5784|13695,4624|13707,6515|13716,3854|13717,4847|13725,4657|13731,7367|13737,5598|13741,3329|13742,3329|13744,6682|13748,6420|13756,5579|13760,6499|13767,3329|13768,5382|13784,3329|13786,5359|13789,6030|13796,12152|13796,12472|13796,12618|13796,12665|13801,5833|13805,3707|13807,6983|13813,4156|13814,3854|13827,5928|13828,4333|13838,5314|13840,5170|13842,7355|13850,6144|13851,4613|13852,4604|13856,5491|13857,4019|13859,4986|13863,6511|13867,5436|13870,4641|13881,5665|13884,5039|13887,10579|13887,10899|13887,11045|13887,11092|13890,6026|13895,5236|13898,3791|13901,5547|13906,4883|13914,5397|13919,3791|13953,3389|13956,962|13957,3232|13962,4169|13966,4840|13968,4602|13978,3680|13985,4872|13995,5714|14005,3329|14017,5332|14018,4156|14034,3680|14047,3853|14051,6755|14054,6602|14078,5628|14090,3389|14091,5016|14095,7148|14101,3216|14102,9385|14102,9705|14102,9851|14102,9898|14104,5168|14106,9958|14106,10326|14106,10472|14106,10519|14109,16028|14109,16348|14109,16494|14109,16541|14130,10676|14130,10996|14130,11142|14130,11189|14131,10407|14131,10775|14131,10921|14131,10968|14136,3329|14140,7502|14142,5495|14146,3790|14149,4848|14150,3688|14164,7661|14166,5456|14172,999|14172,1145|14172,1192|14172,1418|14174,4123|14177,3687|14187,3389|14189,6339|14191,5107|14193,4757|14194,5715|14197,3698|14198,6420|14201,7125|14208,3389|14211,7565|14212,5928|14214,2997|14215,16000|14215,16320|14215,16466|14215,16513|14216,5404|14223,4642|14225,6064|14229,5070|14232,3329|14236,6042|14243,3389|14249,5506|14260,5543|14263,5344|14267,9967|14267,10335|14267,10481|14267,10528|14280,4831|14283,4935|14294,3765|14298,6783|14304,5763|14307,9514|14307,9834|14307,9980|14307,10027|14311,3249|14315,9553|14315,9866|14319,3855|14325,16910|14325,17278|14325,17424|14325,17471|14327,7284|14335,5225|14337,5696|14339,3263|14341,3787|14358,7023|14374,3791|14388,6112|14395,4810|14398,4160|14402,3329|14403,5616|14405,3209|14406,3389|14409,6603|14418,6811|14423,7402|14427,4613|14432,4152|14433,3619|14434,5233|14439,4753|14440,5436|14447,4195|14449,3389|14450,7661|14451,4368|14452,4959|14461,9531|14461,9851|14461,9997|14461,10044|14462,3389|14463,7201|14464,3232|14468,6435|14471,7502|14482,3204|14487,11681|14487,12049|14487,12195|14487,12242|14499,4883|14500,5530|14501,3787|14502,3183|14503,6499|14513,3680|14519,3389|14523,5394|14525,6404|14533,3246|14536,3329|14539,4656|14540,4543|14541,4255|14551,4909|14556,5426|14566,6984|14567,4885|14568,5901|14569,3389|14570,5888|14573,5298|14581,11739|14581,12107|14581,12253|14581,12300|14582,6154|14589,5007|14593,3705|14594,6089|14599,5843|14609,11827|14609,12147|14609,12293|14609,12340|14611,3358|14617,5597|14623,2992|14624,3687|14625,3679|14633,2996|14636,9221|14636,9541|14636,9687|14636,9734|14638,11743|14638,12111|14638,12257|14638,12304|14649,3232|14655,5914|14658,4250|14662,6202|14665,3707|14671,9233|14671,9553|14671,9699|14671,9746|14684,4256|14700,3687|14704,3791|14709,4674|14713,4699|14714,3262|14721,4768|14722,4246|14729,4738|14732,5035|14739,3389|14763,5017|14775,3223|14784,7771|14787,3329|14789,3855|14797,5099|14798,5008|14820,6306|14821,4373|14836,3791|14841,5454|14844,4775|14856,5714|14860,4988|14869,6286|14873,3223|14874,3899|14875,11596|14875,11964|14875,12110|14875,12157|14883,3791|14891,5898|14896,3232|14897,5497|14901,5036|14902,3232|14909,4251|14917,4820|14918,3389|14921,4803|14923,3358|14927,11278|14927,11598|14927,11744|14927,11791|14929,5701|14940,5649|14942,3688|14945,5889|14950,5627|14962,5351|14969,4825|14976,5344|14985,9122|14985,9442|14985,9588|14985,9635|14986,6068|14988,10364|14988,10732|14988,10878|14988,10925|14995,3233|14998,3246|14999,3688|15005,3855|15010,4157|15012,5149|15016,5112|15028,5394|15030,4299|15031,5584|15034,4858|15036,3698|15050,5066|15052,2917|15053,3389|15063,4672|15065,16027|15065,16347|15065,16493|15065,16540|15067,3233|15068,3329|15069,5843|15081,5112|15082,4456|15087,4148|15096,4659|15102,6274|15108,4702|15112,3837|15123,3789|15126,5062|15129,7222|15130,3233|15134,4608|15144,4248|15145,3389|15156,3856|15162,9220|15162,9540|15162,9686|15162,9733|15164,4699|15171,5685|15172,5282|15173,3289|15174,4709|15177,3223|15179,9475|15179,9795|15179,9941|15179,9988|15183,5424|15187,3791|15194,3698|15197,3329|15206,3854|15225,3329|15228,5181|15231,11723|15231,12091|15231,12237|15231,12284|15235,10826|15235,11146|15235,11292|15235,11339|15245,6400|15248,4649|15254,5341|15272,10380|15272,10748|15272,10894|15272,10941|15273,3854|15279,4433|15285,3246|15287,3232|15288,4713|15291,16028|15291,16348|15291,16494|15291,16541|15293,3247|15297,4612|15323,8198|15325,4986|15329,5223|15334,5409|15338,6490|15339,6783|15340,4169|15364,5533|15375,5787|15378,10379|15378,10747|15378,10893|15378,10940|15382,6657|15391,4949|15397,4201|15398,4017|15402,3855|15407,12492|15407,12812|15407,12958|15407,13005|15408,7280|15412,4707|15413,3897|15417,6417|15420,4777|15421,10659|15421,10979|15421,11125|15421,11172|15426,4863|15438,3265|15444,5579|15446,9445|15446,9758|15449,5492|15450,5493|15454,7565|15456,3789|15473,5201|15483,4546|15484,6736|15486,3791|15497,10775|15497,11095|15497,11241|15497,11288|15498,4156|15500,3628|15504,5787|15512,3856|15531,10828|15531,11148|15531,11294|15531,11341|15562,5510|15564,5600|15567,4645|15570,9969|15570,10337|15570,10483|15570,10530|15584,12477|15584,12845|15584,12991|15584,13038|15588,7702|15590,4084|15595,5663|15613,4642|15615,3687|15616,6269|15619,4122|15622,4950|15628,3329|15629,4767|15631,4713|15647,3698|15649,5125|15653,5384|15654,3287|15659,3856|15660,6871|15666,4206|15669,5704|15675,4954|15676,18171|15676,18551|15676,18697|15676,18744|15691,4828|15700,2992|15702,4289|15706,3254|15714,3389|15716,5714|15718,4522|15729,3854|15732,4547|15733,3698|15739,5263|15748,3308|15751,3791|15756,4676|15765,5384|15766,5578|15769,4015|15770,3791|15774,3389|15782,5661|15784,6499|15785,5718|15787,3679|15792,11743|15792,12111|15792,12257|15792,12304|15794,6076|15795,5616|15797,3247|15806,10501|15806,10869|15806,11015|15806,11062|15814,3389|15815,4803|15817,5262|15819,4773|15822,5288|15823,5151|15833,6770|15848,3252|15851,3702|15855,3233|15858,2271|15859,84991|15873,4465|15873,5842|15878,966|15883,4476|15883,5853|15891,966|15909,769|15909,1067|15909,1384|15909,1725|15909,2450|15909,2707|15909,3291|15909,3623|15909,3903|15909,5409|15909,5703|15909,6207|15909,7022|15909,7666|15909,8027|15917,535|15920,4465|15920,5842|15921,4608|15921,5985|15926,535|15931,769|15931,1067|15931,1384|15931,1725|15931,2450|15931,2707|15931,3291|15931,3623|15931,3903|15931,5409|15931,5703|15931,6207|15931,7022|15931,7666|15931,8027|15944,4608|15944,5985|15947,4476|15947,5853|15953,21108|15953,21361|16475,23960|16475,24500|16475,29757|16475,30253|16526,498|16541,509|16551,23960|16551,24500|16551,29757|16551,30253
3recaptcha 8106,1435|8459,1427|8515,1433|8868,1365|8918,1558|9120,1300|9341,1428|9656,1421|9690,1421|9787,1433|9804,1542|9833,1541|9986,1558|10068,1558|10082,1421|10451,1314|10540,1450|10571,1317|10726,1450|10796,1421|10895,1433|11008,1422|11108,1558|11115,1558|11441,1421|11717,1541|11804,1428|12003,1421|12430,1421|12617,1300|12630,1558|12765,1558|13324,1421|13381,1558|13418,1433|13439,1317|13450,1433|13542,1558|13546,1433|13650,1450|13939,1421|13988,1421|14050,1300|14363,1428|14610,1540|15212,1428|15571,1541|15604,1558|15768,1558
3relationmanag 10618,26253|11937,26069
3set 7980,949|10363,951|10853,943|12299,950
3ssnporch 11194,11827
3thi 8235,918|8458,900|10591,896|11721,849|13665,896|14448,902|14670,899|15708,848
3to 12104,875
3use 8268,412|11932,373|14227,421|14914,376|15160,415|15778,411
3w_lhonhe8o 12501,53502
3ycmmj6rxa8 12501,5931
3yxjs7bukyc 12501,48828
