0
23
91
129
152
174
3859
3882
3911
3976
3996
4051
4084
4124
4143
4221
4249
4306
4521
33021
33070
41044
41068
41227
41267
41320
41395
41454
41488
168842
168871
168900
168931
169432
169460
169663
169681
169702
169736
169795
169830
172510
172543
172574
172648
177292
177306
178049
178729
178747
178777
178794
181822
191623
194564
194579
196635
196677
196698
196720
196749
196764
247984
248000
250809
250834
251007
251023
251089
251326
251345
251364
251381
270577
271060
271093
271112
271149
271193
271957
272020
272080
272140
272204
272266
272330
272395
272456
272517
272580
272638
272696
272767
272831
272900
272965
1846163
1846222
1846338
1870737
1870846
1871045
1871078
1922491
2024679
2051730
2051781
2051936
2060248
2060369
2060390
2060489
2065825
2065863
2065893
2065915
2066575
2066589
2066800
2068174
2072033
2072148
2072165
2072182
2072214
2072246
2072278
2072311
2072683
2072716
2072764
2075631
2075647
2091781
2091814
2091982
2092010
2092034
2092057
2092078
2092097
2092130
2097007
2104129
2104172
2104218
2104261
2104304
2104337
2104370
2104404
2104442
2106648
2106666
2106683
2106712
2106743
2106782
2106835
2106852
2106877
2106916
2106952
2107132
2107359
2107390
2107407
2107437
2121642
2121672
2126590
2126659
2126695
2126727
2126778
2127545
2127563
2127611
2128640
2128712
3198457
3228801
3230530
3230548
3230568
3400593
3400767
3400800
3400952
3400977
3401199
3401995
3534598
3610552
3610612
3610679
3610741
3610809
3610864
3610937
3610999
3611057
3611148
3611206
3611226
3611281
3611299
3611358
3611411
3611626
3612107
3612125
3612157
3617626
3617645
3617690
3617723
3617772
3617845
3617875
3617908
3617926
3617944
3617975
3617999
3629388
3629406
3629464
3791891
3802923
3802943
3803025
3803048
3803151
3812701
3812812
3812835
3812867
3907691
3908220
3908317
3908371
3908424
3908483
3908544
3908606
3908666
3908726
3908788
3908842
3908909
3909085
3909121
3909158
3909254
3910322
3910340
3910370
3910402
3910430
3931524
3931644
3931753
3931941
3931988
3946743
3946851
3976081
4044374
4044407
4045545
4519584
4525297
4533700
4533729
4535323
4535382
4535445
4535509
4535572
4535633
4535694
4535764
4535831
4535889
4535959
4536022
4536080
4536112
4536136
4536176
4536983
4537069
4537089
4589370
4589476
4589497
4589534
4589597
4589656
4589782
4589927
4590724
4590763
4714629
4751711
4752458
4752512
4752778
4752806
4752836
4752888
4752906
4766185
4766218
4766256
4766276
4790094
4790147
4790178
4790446
4790492
4790631
4790679
4790721
4790739
4791214
4791235
4791258
4806807
4806834
4806856
4815405
4815548
4815571
4815591
4815610
4815633
4815735
4816317
4816512
4816539
5011226
5011246
5011266
5011287
5011308
5011367
5011390
5011445
5011467
5034877
5034905
5034932
5034970
5035025
5035110
5035124
5035261
5035317
5035353
5035935
5035952
5115050
5115124
5115254
5207539
5207557
5207695
5207727
5207828
5209775
5209795
5209813
5216620
5216640
5216660
5216813
5216833
5216874
5216907
5231466
5231942
5231968
5232061
5232081
5234604
5234797
5234892
5234927
5235024
5248155
5277698
5277720
5277740
5277762
5277809
5278076
5284681
5284701
5284747
5284794
5284815
5285195
5285298
5293933
5294020
5294050
5294093
5294166
5294318
5294336
5294367
5294388
5294420
5294483
5294506
5294526
5294561
5294611
5294633
5294654
5392888
5392914
5393045
5397657
5397710
5397960
5398031
5456016
5456222
5456245
5456298
5459066
5459576
5461058
5462009
5462032
5462057
5462078
