0
55
200
229
332
387
442
460
515
6667
7589
13237
13254
14500
17740
19543
19572
19604
21398
21418
21472
21489
21539
21559
21580
21636
21678
21713
21729
21758
21802
21831
23836
23851
23868
23961
24014
24077
24097
24330
25026
25044
25063
26783
26879
26933
26981
27013
27075
27097
27115
29895
32688
35204
35234
35254
35403
35450
35552
35572
35591
35617
35764
35792
43275
43801
44786
44927
45538
45568
45692
45716
45739
45762
45784
45807
45909
46292
46335
46391
46716
50000
50567
50643
50672
50726
55115
55328
55433
55449
76232
76252
76275
76295
76315
76436
77172
77195
79703
81421
81449
81502
81587
81607
81625
81648
81668
82308
82369
82433
82497
82569
82632
82690
82758
82819
82878
82940
82999
83070
83224
83256
83573
83606
83807
84224
84847
84904
84935
84954
86411
86508
157520
158166
158222
158329
160415
160447
160527
160546
160579
243391
243633
252064
253053
254047
256299
256992
257872
258758
258876
258954
258995
259156
273783
274641
274701
274749
274780
274953
274988
275161
275193
275261
275570
275618
275663
275697
275923
275963
275995
276029
276178
276199
276235
276371
276421
276441
276470
277399
277592
277757
288958
288974
289003
289045
289064
289123
289161
289190
289815
289833
290605
290640
290672
290690
291133
291302
313364
314165
314563
314649
314668
315067
315376
315396
315474
315635
315654
315679
315706
315748
315778
315939
316141
316159
320781
321139
321188
321208
331740
331789
331818
331880
331901
331931
345969
346541
350202
350261
389888
389908
390323
390450
390506
390534
390596
390653
390669
390698
390735
390775
390979
392508
392580
392634
402426
402446
440885
440916
440987
441045
441087
441107
468455
468502
468919
468982
469007
469606
469627
470556
470586
470614
470642
470676
470709
470802
470817
472511
473032
473078
473110
473143
508193
508226
547805
548409
550871
550931
550962
551127
551153
551174
551220
551278
551300
556256
556291
556313
556523
556544
556581
556747
556771
558829
558882
558961
559042
559086
562574
562635
565000
565247
566229
567504
568823
569004
603355
603382
603407
603429
603456
603481
603507
603529
603556
603583
603608
603632
603655
603681
603704
604262
604525
604544
605968
605989
606674
606730
608190
663030
663062
663105
663136
663249
663635
663671
663806
663824
663846
663866
664006
669878
669901
669974
669999
670523
670748
670772
681410
681427
770713
770766
770818
771045
771182
771201
771223
771687
771722
771904
775472
775498
775525
775678
775727
776068
777081
777098
777161
777201
777253
777427
777446
777521
777565
777670
778021
778055
778086
781094
1039528
1042325
1043160
1043994
1044429
1045559
1046421
1047217
1047249
1047584
1047701
1047754
1047783
1051551
1051571
1051591
1052288
1094185
1094411
1098480
1098558
1098636
1098705
1098767
1098823
1098878
1098942
1099030
1099166
1099187
1105478
1106793
1106825
1106873
1107051
1142262
1142674
1174656
1174734
1174763
1175308
1175346
1175378
1175411
1175431
1326906
1332443
1332514
1332573
1332643
1332722
1332780
1332841
1332900
1332958
1333020
1333078
1333135
1333196
1333254
1333314
1333367
1333423
1333481
1333533
1333602
1333702
1333802
1341811
1341846
1347922
1347948
1347977
1378096
1379787
1381456
1381648
1386159
1386187
1386411
1386430
1394948
1395072
1466145
1466477
1469571
1469594
1469704
1469725
1469927
1482354
1487865
1487925
1487955
1487973
1487992
1489238
1489260
1489279
1489479
1493917
1493947
1494781
1494802
1501088
1501105
1501134
1501217
1501259
1533356
1534106
1534247
1534563
1540397
1551365
1551450
1551510
1551571
1551629
1551679
1551741
1551814
1551868
1552376
1556528
1559459
1559647
1575947
1576248
1576386
1576627
1576649
1576954
1577232
1577627
1582563
1582591
1582637
1582682
1604965
1609579
1609602
1610180
1628093
1630371
1630400
1630437
1630642
1630847
1630867
1646532
1648372
1648398
1648457
1648476
1648493
1648729
1648756
1650423
1650839
1651167
1652390
1652462
1652498
1660582
1660987
1661051
1661116
1661180
1661240
1661304
1661373
1661432
1661491
1661552
1661619
1661678
1661737
1661804
1661868
1661932
1661989
1662047
1662109
1762515
1762587
1762639
1762752
1766105
1767773
1768028
1768094
1826543
1826603
1826661
1826770
1826795
1826815
1937789
1938791
1938836
1939223
1945304
1945323
1945476
1945502
2048013
2048048
2048079
2052313
2052390
2052454
2052498
2052529
2157841
2157887
2157918
2157962
2158006
2158028
2158190
2158330
2158833
2159627
2159657
2160547
2160597
2160620
2279530
2280309
2291006
2291056
2299890
2300751
2300814
2300877
2300935
2300999
2301087
2309647
2309669
2309696
2309858
2309876
2309903
2309938
2310528
2310557
2310584
2310610
2310640
2342375
2343590
2343656
2343688
2343706
2345764
2345806
2345825
2345900
2346513
2346581
2346627
2346648
2346777
2346809
2346842
2350543
2350566
2350726
2350749
2351891
2351929
2352075
2352137
2352212
2352254
2352312
2352359
2352436
2352538
2352619
2352638
2353118
2353158
2353196
2354561
2364859
2365242
2374095
2376411
2376444
2376475
2376509
2376533
2376559
2376585
2376610
2376647
2376670
2376693
2376727
2376753
2376804
2376824
2376860
2376883
2376929
2376954
2376996
2377033
2421604
2421624
2421653
2421687
2421726
2422026
2422167
2422712
2422795
2422863
2425296
2425345
2425377
2425467
2425525
2425559
2425592
2425649
2425667
2425715
2425731
2458050
2458105
2458204
2458223
2458243
2533631
2533650
2533668
2533750
2533789
2588409
2588457
2588491
2588594
2588613
2588664
2588704
2588843
2588904
2588929
2589040
2589073
2589088
2589359
2589671
2589753
2589817
2589836
2589856
2590047
2590104
2590127
2591687
2591742
2591761
2591973
2592092
2592111
2592206
2592228
2592251
2592274
2592297
2592320
2592343
2592366
2592389
2592411
2592448
2592482
2592685
2592732
2592894
2593013
2593116
2593228
2593246
2603395
2654813
2654864
2655040
2655194
2655405
2655566
2655600
2655661
2656064
2656097
2656112
2656261
2656342
2696477
2696605
2709209
2709253
2709596
2709617
2709671
2709846
2710184
2710334
2710808
3167589
3167611
3175838
3312581
3315786
3315806
3315959
3315988
3321030
3336440
3345505
3346323
3346345
3348044
3348162
3348304
3348324
3348387
3348448
3348467
3348493
3348593
3348625
3348665
3349774
3349847
3349921
3349977
3350038
3350101
3350161
3350235
3350293
3350350
3350412
3350472
3350541
3353485
3353543
3353573
3353607
3353623
3353692
3353709
3353740
3353770
3353887
3353910
3353969
3354779
3354844
3354909
3354974
3445616
3445634
3446032
3446055
3446076
3446097
3446118
3446139
3446160
3446181
3446216
3450032
3450060
3451950
3452167
3452457
3452501
3453250
3453274
3453298
3453322
3453346
3453370
3453394
3453418
3453442
3453466
3453490
3453514
3453538
3453562
3453586
3453610
3453634
3453658
3453682
3453706
3453730
3453754
3453778
3453802
3453826
3453850
3453874
3453898
3453922
3453946
3453970
3453994
3454018
3454042
3454066
3454090
3454114
3454138
3454162
3454186
3454210
3454234
3454258
3454282
3454306
3454330
3454354
3454378
3454402
3454426
3454453
3454483
3481893
3498022
3498041
3499768
3521914
3523566
3523899
3554051
3554194
3586135
3586169
3586384
3586489
3586521
3586978
3587358
3587484
3587681
3587731
3587888
3587909
3588031
3588076
3588157
3589272
3590299
3590356
3625327
3625352
3625385
3626370
3635826
3635848
3635880
3636098
3636175
3636199
3636232
3649192
3649214
3649234
3649901
3649962
3657516
3658655
3659373
3670618
3670638
3670797
3670858
3672846
3672978
3672993
3673728
3712188
3712518
3712657
3712738
3712854
3712882
3713009
3714036
3714062
3714095
3714127
3714149
3714189
3780089
3780114
3780173
3781808
3781854
3781944
3781965
3781987
3782016
3782058
3782082
3782165
3793482
3793502
3793520
3793824
3793903
3795199
3795225
3795255
3795478
3799481
3799501
3799549
3800424
3832932
3833260
3833283
3834593
3835911
3835940
3835968
3835996
3837030
3837084
3837143
3837219
3837293
3837351
3837413
3837476
3837546
3837604
3837659
3837719
3837777
3837839
3837895
3837955
3838009
3838075
3838128
3838186
3838243
3838304
3838364
3838383
3838420
3839160
3839189
3839217
3839245
3839472
3839493
3839592
3840200
3894571
3897116
3897314
3897793
3898165
3898196
3898235
3898435
3898641
3899391
3900057
3900160
3900627
3926947
3926997
3927261
3944645
3944673
3944693
3944724
3945489
3945546
3945606
3945666
3945723
3945780
3945838
3945894
3945936
3945965
3946003
3946022
3954709
3954730
3954758
3954789
3997031
3997666
3999276
3999307
3999323
3999968
4000492
4000515
4000545
4000564
4000582
4000662
4000984
4001065
4085245
4085555
4085604
4085628
4085733
4085753
4085771
4085802
4085909
4085928
4085947
4086005
4092166
4092550
4092568
4092589
4098673
4098989
4099029
4099172
4099418
4099445
4099479
4099519
4099545
4099571
4108282
4110754
4110917
4111505
4111536
4114811
4115035
4115068
4115138
4116114
4116147
4117822
4119841
4120001
4120117
4120133
4121000
4121036
4121070
4121089
4122912
4122946
4122979
4123007
4123170
4123287
4123309
4123346
4123365
4123409
4163374
4163609
4164779
4164992
4165210
4169231
4170077
4170171
4170203
4170220
4170428
4170491
4170551
4170611
4170669
4170697
4170727
4171161
4171194
4171209
4171246
4171264
4401610
4401631
4401653
4401807
4401824
4401942
4401988
4402040
4402069
4402730
4414649
4414687
4415514
4415580
4415599
4415633
4415664
4415795
4415823
4415864
4415915
4416000
4512455
4512504
4512535
4512564
4512678
4512743
4512763
4512784
4512935
4513072
4513182
4513294
4513474
4513535
4513582
4513599
4514605
4545750
4546230
4831888
4834559
4835864
4837169
4840546
4840562
4840597
4840635
4927435
4927546
4930748
4930801
4930821
4930844
4930874
4930935
4937526
4944258
4944370
4944478
4944531
4945680
4945723
4945772
4945990
4947852
4947909
4948335
4948354
4948392
4948430
4948449
4948495
4948553
4948588
4957751
4957925
4957957
4957975
4957993
4958023
4958064
4958122
4958448
4958938
4958997
4984450
4984469
4984498
4984532
4984604
4984635
4984929
4984991
4985049
4985145
4985409
4985427
4985458
5143382
5143779
5144959
5145598
5146512
5146697
5146731
5146793
5146817
5146847
5146886
5146905
5146920
5202334
5202377
5202398
5202430
5202661
5202691
5202716
5243392
5243472
5243490
5243690
5244001
5244033
5244323
5244342
5254092
5254194
5254243
5254260
5255635
5256589
5256650
5264348
5264381
5264512
5288477
5316329
5316457
5316490
5316993
5317113
5317133
5317166
5317553
5321977
5322021
5322044
5322131
5322191
5328832
5328877
5336860
5339080
5339210
5339243
5339935
5339964
5341547
5341583
5342345
5342377
5342407
5342485
5342661
5342797
5351874
5351917
5352576
5352613
5352927
5358125
5358159
5358188
5358208
5358268
5358290
5358425
5382606
5382634
5382651
5382745
5382777
5383326
5383540
5383563
5383599
5385978
5386001
5386053
5388460
5389822
5389843
5389866
5389900
5389938
5390188
5392531
5392567
5392586
5393856
5446539
5563774
5565702
5567645
5571354
5574281
5574336
5577969
5580016
5580062
5580905
5580963
5581080
5581276
5581308
5581337
5581501
5581521
5581539
5581558
5581584
5581675
5582100
5766476
5767372
5767416
5767458
5767500
5767539
5767585
5769040
5770812
5772225
5773075
5773098
5773229
5773305
5779841
5780011
5781092
5781230
5781357
5781899
5781949
5781981
5782003
5782025
5782048
5782084
5782138
5783920
5784582
5784609
5806228
5807086
5809176
5824952
5827616
5828429
5829559
5831688
5832884
5832917
5834055
5834087
5835606
5835638
5838051
5838100
5838513
5838542
5838576
5838604
5838744
5844076
5894745
5898052
5902664
5902685
5902782
5903099
5903134
5903160
5903182
5903214
5903248
5903278
5903308
5903365
5914296
5928342
5936424
5936501
5936546
5936566
5936583
6061755
6061846
6062583
6062638
6062765
6062839
6062908
6062938
6062970
6065463
6091186
6091357
6091490
6092031
6182712
6182769
6183040
6183237
6183270
6184116
6187861
6193777
6193806
6193824
6193866
6193907
6196457
6206756
6206798
6212957
6213015
6213074
6213133
6213194
6213268
6213327
6213387
6213451
6213512
6213586
6213648
6213711
6213768
6213821
6213890
6213911
6255935
6255955
6255999
6271752
6271846
6272368
6281971
6282004
6282057
6282078
6282109
6282168
6283115
6284561
6291690
6295136
6296871
6296889
6324857
6324935
6325345
6326111
6327389
6327404
6352551
6352609
6353011
6353034
6353085
6353368
6353416
6353779
6353817
6353926
6353954
6353980
6354001
6355005
6355050
6355082
6364675
6364707
6375497
6377867
6513514
6513575
6518070
6519591
6519613
6519793
6519823
6520166
6520220
6520240
6520586
6520620
6520653
6520689
6521980
6522015
6522049
6522108
6522148
6522191
6522264
6522324
6522357
6522407
6525198
6527030
6527061
6527082
6527124
6567783
6567817
6567948
6567978
6568008
6568066
6568110
6568130
6569802
6569983
6572205
6572237
6572320
6572363
6572382
6572401
6572455
6572471
6572739
6572759
6572779
6572799
6572819
6572849
6601963
6602150
6602169
6609926
6609985
6610004
6610751
6629322
6737038
6738638
6738822
6738885
6738944
6739007
6739027
6739047
6739106
6739163
6739222
6739289
6739352
6739411
6739492
6739572
6739646
6739703
6739772
6739830
6739901
6739934
6739976
6739996
6740014
6740035
6740076
6740503
6740531
6741132
6741164
6741193
6741380
6741621
6741671
6741693
6741716
6741760
6743496
6743527
6743573
6743592
6743642
6743665
6745157
6745278
6745298
6745329
6748862
6748896
6748917
6748938
6748998
6749058
6749120
6749180
6749243
6749305
6749364
6749423
6749457
6756366
6756446
6756471
6756507
6757273
6757654
6757872
6757895
6767603
6767624
6767761
6767785
6854419
6854438
6854458
6855697
6857126
6857198
6857266
6857327
6857389
6857450
6857511
6857573
6857636
6857715
6857776
6857838
6857906
6857971
6858031
6858099
6858162
6858227
6858288
6858349
6858413
6858476
6858548
6858602
6858673
6858736
6858805
6858864
6858924
6858986
6859048
6859146
6859301
6859415
6859435
6859497
6864304
6864391
6864414
6887286
6887472
6887874
6953028
6953150
6953283
6953502
6953520
6953542
6953637
6953658
6953679
6953700
6953721
6953749
7451283
7451325
7456964
7456990
7474750
7474770
7489308
7489328
7489411
7494031
7494051
7494071
7494205
7494248
7494274
7494295
7511625
7511643
7511674
7511698
7512142
7512169
7512248
7512271
7512294
7512375
7513916
7514297
7542025
7542046
7542078
7542117
7658987
7742384
7742749
7742780
7742798
7742839
7742908
7745245
7759573
7760577
7762690
7762710
7762782
7762830
7766704
7767033
7773146
7773180
7775019
7775300
7775328
7775348
7779060
7782428
7782450
7818051
7818074
7818096
7937863
7937892
7937957
7938080
7938294
7938345
7969292
7969450
7969675
7969720
7970085
7974219
7975335
7975359
7977287
8019239
8019282
8019302
8019321
8026774
8030002
8030210
8030230
8030921
8030994
8031053
8031081
8032249
8032575
8033440
8033603
8033725
8033782
8041295
8046162
8046226
8046288
8046360
8046419
8046488
8046564
8046628
8046688
8046745
8046805
8046860
8046931
8046991
8047045
8047075
8047124
8047173
8047192
8047414
8047471
8048421
8048483
8048546
8048615
8048679
8048740
8048810
8048894
8048955
8049016
8049072
8049137
8049200
8049265
8049339
8049403
8049463
8049518
8049574
8049635
8049704
8052046
8052067
8052139
8052274
8052753
8052787
8052833
8052958
8053009
8053309
8053331
8053351
8053370
8053405
8053425
8053462
8053488
8053522
8053544
8053576
8053852
8053885
8053919
8054068
8054086
8054173
8054644
8054665
8101875
8101905
8101942
8109385
8109457
8112731
8112806
8112851
8112882
8286894
8286913
8287384
8288797
8288817
8288862
8288884
8288899
8288930
8295657
8295680
8295761
8296013
8297192
8297361
8297383
8297545
8297579
8297614
8297649
8297685
8297726
8297747
8297847
8298097
8298152
8298179
8298558
8298624
8298680
8298753
8298774
8298847
8298946
8298987
8299165
8299488
8299506
8299553
8299571
8299602
8299632
8299713
8299743
8299780
8299892
8299910
8299927
8300494
8300665
8300681
8300702
8301331
8301350
8301381
8301411
8301466
8301520
8301538
8301574
8301591
8301726
8301766
8301794
8301823
8301842
8301902
8301938
8302537
8302584
8302617
8302661
8302775
8302807
8303075
8303107
8303167
8303195
8303992
8304074
8304200
8304228
8304532
8304734
8304770
8313848
8313927
8314012
8364463
8364493
8364525
8364542
8364611
8373878
8373899
8382759
8396961
8396984
8397004
8399879
8400038
8403867
8405148
8405168
8405190
8405211
8405231
8405252
8405293
8405406
8405458
8405641
8405691
8432335
8751969
8751994
8752102
8752135
8752172
8752241
8752275
8752301
8752339
8752365
8752402
8752443
8752496
8752509
