0
27
54
153
759
1130
1811
1869
1889
1908
1936
2069
2104
2159
11711
11739
11798
11829
19033
19166
19268
19288
19327
19347
19459
22446
22484
22502
22534
22588
22614
22632
22664
22693
23720
23740
23758
23962
23978
24023
24050
27087
27105
27133
27469
27491
27513
27535
27560
27582
27604
27626
27648
27669
27691
27715
27735
27756
27779
29817
32244
33352
33373
34718
35114
35337
35388
35416
35456
35488
35521
35561
35580
35607
35660
35687
35796
35829
36023
37072
37091
37250
37268
37385
37513
38249
38289
38428
38447
38463
38492
38520
38534
38567
38601
38622
38660
38938
38961
38984
39007
39030
39066
65798
65955
65985
66008
73570
73585
73851
95113
95431
96199
96228
96256
96318
96400
96436
96488
96504
96528
96581
111454
111488
111514
111702
111726
111745
111773
111930
111950
111977
164554
165782
166897
166934
166962
166998
167053
167098
167151
167270
167326
169550
169584
170236
231442
231531
232245
234663
259892
259938
260082
260709
261205
261227
261252
261269
261302
261330
261371
261424
261693
261727
261746
261795
261843
261876
261927
262839
263278
263297
263858
263878
263911
263948
264003
264187
264392
264525
264557
264614
264643
264671
264702
264724
264753
264795
264822
264838
264857
264880
264912
264930
265573
265627
267573
267603
267704
412661
412763
413690
420602
420981
421852
422385
423205
426716
432946
434829
435183
435878
436426
441077
441131
441506
441526
441583
441954
442044
442058
442081
442108
442138
442160
442308
442360
442572
442602
442633
442689
442729
451282
454906
454959
455102
455123
455147
455917
455977
456005
456062
456173
456368
456640
456670
456721
489651
489670
489847
489903
495904
498853
498870
498890
498930
499059
499080
499113
499179
499221
499247
499321
499351
499400
499475
499499
499527
499559
499746
499777
499873
499901
501184
501211
501454
501497
502553
616701
619155
802506
802789
825916
825933
894072
941077
941105
941327
941350
941380
941464
941930
941950
942227
942375
942491
942607
942628
942647
942675
942910
942970
943343
943399
943441
943471
943549
943687
943712
943800
943887
947353
947613
947630
949597
950266
950311
950344
950389
950416
950546
950613
950653
950709
950732
950780
952457
952484
952499
955551
955578
955603
955883
955929
955944
957401
1038660
1053673
1053694
1053744
1053825
1056917
1057393
1057456
1057519
1057582
1057646
1057712
1057773
1057835
1057901
1057963
1058873
1058902
1074101
1074499
1074515
1074569
1074587
1074751
1074794
1074825
1075387
1076271
1076296
1076330
1077145
1077170
1078294
1079360
1079400
1079526
1079566
1080975
1081019
1081098
1151944
1151963
1151982
1152001
1152020
1152039
1152058
1152077
1152097
1152117
1152137
1152157
1152177
1152196
1153904
1157858
1157931
1157961
1290402
1291177
1291243
1291309
1291370
1291431
1291501
1291568
1291624
1291688
1291750
1291810
1291873
1291929
1291984
1292044
1292108
1292171
1293112
1293137
1293156
1293184
1293229
1293355
1293374
1293437
1294907
1294927
1312289
1312458
1312509
1312540
1312567
1312612
1312718
1312852
1313030
1313061
1313091
1313211
1313398
1313532
1313556
1313653
1313682
1421475
1421604
1422186
1422244
1422307
1422371
1422436
1422514
1422572
1422638
1422701
1422769
1422838
1422897
1422964
1423076
1423110
1424271
1424519
1775569
1775601
1775632
1775665
1780185
1796337
1796368
1796426
1796496
1798087
1823064
1823087
1835261
1835282
1835390
1835437
1836341
1836406
1836481
1836541
1836607
1836667
1836726
1836787
1836850
1836917
1836989
1837052
1837117
1837178
1837234
1837291
1837365
1837427
1837497
1837563
1837689
1837734
1837992
1838077
1838109
1843422
1843483
1843506
1843537
1844113
1848574
1849552
1849573
1849626
1921356
1925548
1927391
1927497
1927560
1927752
1929017
1929099
1929785
1929804
1930175
1930195
1930487
1930805
1930824
1930892
1930925
1930952
1931173
1931281
1931301
1931323
1931509
1931591
1940203
1940259
1940642
1949628
1959718
1959997
1960185
1960442
1960510
1960527
1963526
1963578
1963612
1963643
1963721
1963742
1963794
1964022
1964202
1964233
1964298
1964418
1964455
1964487
1964528
1964824
1964857
1964961
1964988
1974878
1974923
1975135
1975170
1975217
1975239
1975295
1975316
1975735
1975756
1975782
1975835
1975889
1975910
1975938
1976330
1976408
1976430
1976459
1976495
1976525
1977612
1977645
2211751
2211782
2211801
2212583
2212877
2223600
2223993
2224158
2224237
2224259
2227101
2227168
2227244
2227318
2227343
2227390
2227405
2227455
2227501
2227554
2228036
2228092
2237445
2237470
2237489
2237512
2237557
2237574
2237596
2237618
2237653
2237808
2240669
2240890
2240925
2240977
2240997
2241150
2242328
2242361
2242381
2248501
2372290
2372645
2379085
2379117
2379162
2379766
2379786
2379859
2379877
2379894
2379912
2380530
2380590
2380648
2380705
2380766
2380826
2380884
2380944
2381002
2381049
2381105
2381166
2381222
2381286
2381589
2381668
2381728
2381785
2381874
2381934
2381986
2385468
2385608
2385854
2386044
2386084
2386117
2386166
2386206
2386233
2386262
2387404
2387424
2387455
2387500
2387555
2388831
2388862
2389034
2389079
2397642
2397832
2397862
2401298
2401321
2401352
2401412
2401564
2401584
2405817
2405855
2405878
2405909
2405958
2405981
