0
274670
296507
296594
296623
296679
296746
296846
296981
296998
297013
297030
297236
297326
297402
297524
297635
297711
297726
297745
298991
299008
299024
299040
299056
299102
299178
372004
372101
372123
372149
372168
372183
372201
372216
372231
372249
372275
372364
372413
372449
372488
372539
372555
372577
372593
372618
372634
372656
372676
372703
372761
372779
380665
380781
380828
380966
381022
381078
381097
381189
381287
381417
381432
381484
381560
381598
381722
381737
381846
381968
381984
382000
382036
382061
384777
384802
385005
385029
385049
385068
385089
385127
385174
385200
385215
385230
385244
385260
385360
385374
385392
385424
385442
385463
385493
385514
385540
385592
385626
385640
385666
385715
385764
385802
385828
385844
391800
391876
391891
391979
392019
392095
392133
392244
392297
392887
392996
393052
393089
393124
393180
393217
393252
393308
393345
393380
393447
393554
393569
393596
393611
393697
393736
393756
393772
393812
393828
393844
393860
393896
394020
394068
394083
394410
394440
394461
394508
394558
394595
394611
394629
394655
394669
394684
394709
394785
394803
394819
394836
394887
394923
394941
394986
395001
395033
395085
395108
395124
395139
395165
395183
400475
400631
400683
400790
400866
400922
400959
400994
401032
401108
401148
401259
401416
401525
401645
401660
401736
401766
401782
401798
401835
402010
402049
402075
402096
402122
402436
402466
402516
402572
402587
402603
402617
402632
402708
402723
402959
403048
403063
403091
403119
403146
403178
403195
403212
403235
403264
403325
403342
403368
411051
411160
411213
411269
411306
411341
411397
411434
411469
411558
411739
411758
411844
411873
411949
411987
412013
412113
426297
426335
426411
426428
426456
426494
427183
427294
427486
427503
427540
427560
427575
427651
427666
427722
427759
427794
427820
427857
427882
428139
428159
428178
428197
428253
428290
428325
428371
428419
428435
428511
428526
428545
428561
428610
428677
428696
428714
428753
428771
428786
428815
428835
428896
428945
428961
428979
429004
429023
446762
446955
446985
447096
447135
447173
447321
447361
448598
448614
448631
448671
448861
448878
448987
449026
449082
449147
449177
449356
449587
449818
450073
450244
450366
450573
450792
450963
451039
451115
451190
451302
451354
451453
451660
451916
452027
452174
452297
452384
452436
452465
452482
453245
453360
453415
453470
453525
453580
453635
453690
453745
453800
453855
453910
453965
454020
454075
454130
454185
454240
454295
454350
454405
454460
454515
454570
454625
454680
454735
454790
454845
454900
454955
455010
455065
455120
455175
455230
455285
455340
455395
455450
455505
455560
457771
457786
457826
457947
457963
457980
458006
458104
458119
458134
458160
458948
458967
458993
459015
459041
459352
459370
459390
459416
459462
459477
459493
459673
459699
459779
459794
459810
459825
459842
459863
459900
459915
459946
459973
459992
460011
460072
460119
460134
460161
465921
466215
466241
466371
466416
466483
466559
466679
466835
466944
467031
467118
467227
467259
467335
467373
467388
467499
467515
467543
467630
467668
467683
467750
467766
468088
468107
468126
468162
468212
468227
468272
468297
468373
468389
468404
468419
468436
468455
468505
468541
468572
468590
468629
468647
468666
468694
468731
468747
499974
500083
500121
500228
500246
500297
500408
500746
501082
501862
502293
502748
503455
503814
504281
504772
505239
505550
506081
506184
506287
506390
506493
506596
506699
506802
506905
506934
508606
512596
512611
512676
512811
512887
512916
513017
513032
513260
513276
513352
513368
513383
513409
513463
513485
513811
513830
513877
513896
513922
514029
514048
514063
514078
514131
514148
514210
514239
514265
514296
514319
514350
514367
514396
514445
514481
514498
534789
534865
535005
535021
535132
535208
535253
535329
535405
537764
537875
537951
538002
538018
538167
538415
538441
538498
538527
538592
539008
539028
539045
539251
539300
539315
539360
539375
539572
539638
539735
539755
539783
539804
539820
539843
539892
539924
539950
539998
540013
540042
540059
547271
547551
547607
547705
547735
547787
547863
547902
548035
548142
548180
548219
548329
548367
548384
550169
550199
550237
552352
552367
552412
552448
552464
552485
552501
553497
553548
553611
553662
553713
553739
553888
554182
554224
554241
554266
555931
555947
555962
555998
556013
556028
556042
556057
556087
556105
556124
556145
556186
556217
556234
556256
556272
556335
556362
556379
556397
556441
556458
556474
556502
556523
556542
556649
556701
556766
556781
556803
556870
556916
556983
557026
557072
557113
557129
557195
557260
557309
557334
558943
558963
558987
559016
559033
559051
564415
564431
564465
564510
564525
