0
67
790
840
867
1247
1314
1518
1544
1594
1647
1714
1737
1790
1857
1924
1942
1991
2041
2405
2470
2485
2522
2537
2552
2982
3004
3130
3183
3216
3427
3456
3505
3656
3679
3735
3762
3790
3850
4101
4148
5987
6036
6100
6163
6228
6288
6349
6408
6845
7216
7243
8393
8418
8512
8530
8570
9461
9488
9525
10289
10319
15778
15798
16538
16753
16791
16865
16911
17156
17216
17275
17332
17389
17593
17652
17708
17773
17852
17870
17902
17996
18115
18186
18231
18249
18269
18297
18315
18364
18391
18470
32418
32470
410540
410579
410815
851136
851169
851189
851222
854102
854157
855253
858470
866349
867826
867870
1076056
1076090
1076612
1076672
1076731
1076803
1076865
1076926
1076987
1077048
1077110
1077169
1077223
1077285
1077339
1077389
1077474
1077541
1077596
1077653
1077713
1078919
1080654
1080677
1080730
1080934
1082663
1082696
1082742
1082784
1082813
1082850
1082869
1083575
1083595
1225038
1225102
1225161
1225213
1225270
1225327
1225396
1225457
1225528
1225596
1225652
1225715
1225774
1225832
1225889
1225946
1226006
1226063
1226132
1226189
1226260
1226357
1226416
1226477
1226530
1226584
1226641
1226702
1226766
1226831
1226889
1226945
1227005
1227498
1227566
1227634
1227700
1227768
1227833
1227899
1227971
1228035
1228100
1228159
1228675
1229701
1231402
1236675
1236694
1257829
1261904
1261920
1261950
1307542
1307559
1307597
1311260
1374147
1374220
1374836
1374903
1374932
1375818
1375833
1375849
1375877
1375897
1375924
1375943
1375973
1376021
1376138
1376160
1376183
1376236
1377562
1377632
1377652
1377684
1441948
1442003
1442036
1454573
1454590
1463206
1465261
1465489
1465534
1465667
1465697
1465815
1465907
1466116
1466132
1501110
1502898
1503287
1503315
1516318
1517485
1517505
1517573
1517619
1517651
1517918
1532046
1532079
1532125
1532145
1532178
1532195
1562878
1562939
1563290
1584592
1584721
1584760
1584858
1604214
1604331
1606838
1606860
1607255
1607801
1607829
1607901
1607964
1608773
1608847
1608877
1638533
1638559
1638679
1638712
1638789
1639205
1639257
1639303
1639337
1639408
1669344
1670631
1671920
1685692
1685928
1685974
1686033
1686084
1686273
1686341
1686388
1686495
1713913
1719034
1720023
1720111
1720165
1720186
1720231
1722265
1722310
1722353
1722409
1722455
1722503
1722600
1722645
1723112
1723170
1723270
1728796
1729154
1773423
1775044
1775607
1777409
1778116
1781108
1782846
1784211
1784265
1784293
1784392
1784474
1784626
1784646
1785596
1785740
1785857
1791770
1791908
1791960
1792001
1792038
1795592
1796425
1796456
1802754
1803459
1803478
1803498
1803516
1803542
1803590
1803631
1803658
1803685
1895483
1895689
1898800
1951083
1951363
1951396
1951425
1951453
1951485
1951527
1951580
1951802
1951897
1951915
1951965
1952006
1952170
1952414
1952434
1952477
1952506
1952796
1952817
1952838
1952859
1952982
1953011
1956716
1956814
1957051
1957098
1969125
1969154
2059604
2059829
2064557
2064640
2064660
2064698
2064718
2064739
2068148
2068172
2068231
2068251
2069424
2070203
2070233
2071710
2073261
2073275
2073316
2073636
2073684
2073716
2073966
2074048
2074064
2074120
2074150
2074173
2074231
2074256
2074273
2074295
2077846
2077893
2092771
2131682
2139483
2139575
2139864
2139888
2139943
2139970
2265454
2265474
2265498
2273731
2273758
2283424
2284256
2284365
2284749
2284807
2284839
2284960
2288924
2288945
2288966
2289553
2289595
2289617
2294288
2299245
2299358
2300215
2300536
2315838
2315941
2392872
2392970
2393000
2396419
2396438
2396469
2408724
2408794
2408864
2408896
2408974
2409006
2428850
2428912
2428934
2428969
2428995
2430511
2596390
2596484
2596530
2596621
2596641
2596713
2597828
2597993
2598048
2598109
2598169
2598238
2598286
2598326
2598358
2598410
2598463
2598480
2598551
2598580
2607134
2607151
2607166
2607217
2607247
2610651
2610667
2610681
2610981
2611035
2611280
2611312
2611343
2611464
2613902
2613921
2613954
2626491
2626735
2626760
2626796
2626832
2627853
2627908
2628686
2628711
2628746
2628807
2628861
2629045
2629084
2629328
2629404
2629435
2629451
2629519
2629538
2629591
2629666
2629748
2629788
2629830
2629879
2629900
2629931
2629949
2630380
2630403
2635812
2635861
2644252
2647148
2647176
2648862
2648919
2648991
2649050
2649112
2649172
2649231
2649293
2649350
2649428
2649497
2649558
2649630
2649696
2649749
2649804
2649861
2649927
2649973
2651559
2651586
2651644
2651703
2651732
2654222
2654238
2654277
2699094
2782192
2782904
2785782
2790235
2790320
2790476
2790871
2803147
2807050
2807097
2807170
2807191
2809160
2809195
2809320
2809361
2809436
2809585
2809780
2809880
2809901
2810445
2810485
2811087
2811207
2811235
2811262
2811317
2811347
2811922
2815986
2833137
2862687
2865098
2901129
2901157
2901178
2902086
2902138
2902193
2902225
2908854
2908994
2909014
2936267
2937835
2937880
2937898
2939107
2939208
2939231
2939250
2939361
2939384
2939919
2940005
2940117
2940192
2940237
2940368
2940400
2940487
2940536
2940586
2940634
2941054
2941086
2941112
2941149
2942185
2943045
2943169
2943677
2944018
2944054
2944103
2944471
2944582
3141136
3141261
3141423
3141470
3141725
3141784
3141907
3142196
3142222
3142249
3142307
3142331
3142354
3142378
3142414
3142629
3142660
3142692
3142877
3142922
3142968
3143045
3143122
3143185
3143248
3143297
3143348
3143375
3143394
3165439
3165459
3165888
3165909
3165929
3165989
3166031
3166065
3166087
3166195
3166253
3166273
3166294
3166357
3166379
3209886
3209909
3209983
3210072
3210345
3210685
3211485
3211507
3211529
3211552
3211602
3211632
3211694
3211716
3211912
3211941
3212089
3212112
3212132
3212153
3212187
3212280
3223524
3223629
3223665
3223913
3224030
3225654
3226106
3226187
3226213
3226677
3226741
3241760
3241785
3241846
3241919
3241947
3274900
3284077
3284504
3284791
3284814
3284872
3286131
3286580
3288482
3288499
3288517
3288567
3288614
3288629
3289385
3298116
3298135
3298183
3298204
3298307
3298335
3298350
3298378
3298468
3298509
3299153
3299754
3303688
3303741
3303775
3303798
3304073
3311036
3311080
3311103
3592921
3601309
3601385
3602289
3711360
3711413
3717173
3717222
3717271
3718635
3720099
3720145
3796813
3796849
3797650
3799225
3800077
3800189
3800819
3834539
3834565
3834690
3834739
3876174
3897283
3897302
3897392
3904892
3905624
3905651
3906046
3906472
3928710
3928755
3928881
3928906
3928924
3928974
3929027
3930974
3930995
3931048
3944607
4015274
4015657
4015837
4015973
4016246
4016319
4016447
4017006
4020538
4118847
4119676
4119955
4150770
4150809
4150848
4150919
4151033
4151110
4151139
4151343
4151397
4151416
4151435
4151477
4151613
4151638
4151989
4152047
4152112
4152170
4152231
4152290
4152342
4152400
4152430
4153513
4153538
4153563
4153588
4153613
4153638
4153663
4153688
4153713
4153738
4153763
4153788
4153813
4153838
4153863
4153888
4153913
4153938
4153963
4153988
4154013
4154038
4154063
4154088
4154113
4154138
4154163
4154188
4154213
4154238
4154263
4154288
4154313
4154338
4154363
4154388
4154413
4154438
4154463
4154488
4154513
4154538
4154563
4154588
4154613
4154638
4154663
4154688
4154713
4154738
4154761
4154782
4154800
4154877
4154954
4154983
4155030
4155048
4155067
4200919
4201966
4202012
4205240
4205260
4205923
4205947
4205983
4206013
4206130
4206377
4206405
4206436
4206470
4206491
4215550
4215611
4215671
4215729
4215787
4215855
4215917
4215970
4216029
4216082
4216137
4216196
4216254
4216312
4216375
4216434
4216492
4216557
4216613
4216633
4349076
4350089
4350110
4350510
4350579
4350650
4350670
4350698
4350728
4353339
4353367
4353909
4353983
4354046
4354111
4354174
4354229
4354289
4354349
4354421
4354484
4354543
4354602
4354656
4354693
4354747
4355182
4355221
4355254
4359408
4359429
4359663
4368339
4368453
4368530
4368861
4369584
4369659
4369720
4369780
4369855
4369904
4370020
4370051
4370361
4370608
4370626
4370652
4370682
4370702
4370734
4372043
4375575
4375682
4376983
4384696
4384764
4384791
4384831
4384852
4384927
4384946
4396006
4397296
4398878
4401788
4401828
4401886
4401907
4402056
4402078
4402214
4402243
4402272
4403652
4403733
4403774
4403807
4403831
4403944
4403970
4403998
4404013
4404029
4404058
4404142
4404195
4413646
4413752
4413769
4413784
4413798
4413906
4414014
4414098
4414219
4414307
4414328
4414358
4414386
4414405
4414482
4414537
4562964
4562982
4562999
4563026
4563043
4563100
4563129
4563150
4563181
4563906
4564623
4564684
4564744
4564816
4564879
4564938
4564998
4565058
4565120
4565199
4565258
4565308
4565367
4565425
4565493
4565547
4567271
4569690
4570114
4570145
4570184
4570222
4570253
4570397
4570418
4574453
4574480
4574498
4574537
4574555
4574598
4628784
4628825
4628853
4633841
4634103
4634136
4634168
4634185
4634447
4635021
4635047
4635081
4635114
4638189
4638209
4638234
4638260
4638286
4638301
4638472
4638495
4638518
4638541
4638612
4647169
4647192
4647222
4677010
4677028
4677059
4677091
