0
54
81
104
131
628
676
747
1273
1292
13247
15651
16249
16650
16903
16923
16954
17006
17023
17061
17080
17097
17150
17167
20636
21191
21221
21240
21412
21608
21641
22169
22341
22650
22669
22706
22725
22742
23815
23846
23884
23900
23928
24150
24179
24328
24357
24495
24606
24625
24654
24683
24715
24736
24765
25510
25537
25559
25592
25627
25646
25666
25685
26815
28050
28126
28156
66403
66428
66449
66493
66511
66564
66584
66634
66652
66670
66745
77040
77092
77112
117499
117519
117694
118723
118777
118810
119012
119045
119100
119141
119185
119321
119338
119387
119429
162324
162625
166704
166732
167391
174591
174619
302852
303774
327474
382656
383035
383216
383234
383270
383300
383878
384248
384270
384320
384347
384367
384858
384894
384914
384948
413953
413993
414057
414077
414130
414163
414204
414252
414296
414314
414829
414912
414979
415019
415037
415255
415383
430628
430659
431200
431280
431322
431352
436387
436410
438112
438163
438194
438222
438615
450406
450520
450553
452099
452173
456215
456244
456342
553933
557393
557455
557491
557528
557565
557603
557791
557808
612536
646467
884506
893607
901197
908668
915812
922483
929765
936062
942095
947735
953234
958714
963974
969066
973005
975985
978785
980358
981366
982374
983946
985516
987090
988664
991775
993343
994926
996609
997065
1001294
1003341
1003374
1003406
1003449
1003525
1016833
1017233
1017633
1021450
1021492
1021512
1021637
1021654
1044859
1044880
1045280
1045313
1045356
1045408
1045457
1045583
1045782
1045800
1045830
1045930
1046135
1046174
1046359
1046414
1046456
1046475
1062492
1062521
1062575
1062596
1062638
1062653
1062726
1063945
1063965
1063999
1064043
1064083
1064115
1064169
1079418
1079502
1079623
1079729
1079770
1118385
1118415
1126759
1126782
1126813
1126840
1126870
1126894
1126933
1153763
1153781
1153801
1153822
1153857
1155971
1156156
1180766
1180783
1180951
1180968
1180982
1181007
1181029
1181098
1181113
1181158
1181175
1182341
1211547
1211615
1211671
1211723
1211750
1212815
1212854
1212878
1228073
1228115
1228177
1228261
1228394
1228505
1230771
1230787
1230908
1283416
1283462
1285287
1286070
1287314
1288378
1290645
1290705
1291183
1291210
1292163
1292184
1292300
1292333
1292362
1293472
1293504
1293651
1293685
1293738
1293795
1293898
1293919
1293956
1299738
1299795
1299855
1299916
1299987
1300046
1300110
1300168
1300227
1300284
1300342
1300398
1300455
1300511
1300562
1300619
1308412
1308446
1308474
1308505
1308568
1309220
1309411
1310940
1311001
1311072
1311137
1311215
1311277
1311352
1311424
1311504
1311571
1311631
1311692
1311766
1311823
1311883
1313646
1313666
1316074
1316144
1316337
1316356
1402328
1404674
1404900
1404939
1404969
1404999
1405042
1405919
1406091
1406302
1406352
1406469
1414730
1414752
1414771
1415090
1415119
1415175
1415204
1415305
1415325
1415399
1415455
1514920
1514963
1528483
1528528
1528544
1528564
1528621
1528638
1528669
1595584
1595778
1595972
1596166
1596219
1599547
1602075
1602104
1602135
1602153
1602183
1603295
1603326
1663859
1663999
1664026
1664127
1664247
1664277
1664363
1664393
1838586
1839237
1839307
1841485
1841805
1841866
1842044
1842286
1842308
1842324
1842399
1854879
1854913
1867799
1871238
1871264
1871283
1877165
1877190
1877209
1877268
1877317
1877350
1877429
1877528
1877555
1877689
1877787
1877817
1877834
1879082
1879096
1879129
1879152
1879211
1914921
1914945
1915104
1915146
1915176
1915230
1915254
1915633
1915700
1915714
1919957
1954186
1954548
1956161
1956201
1956240
1956268
1956288
1956307
1956525
1988189
1988376
2019671
2019734
2019894
2019912
2069970
2069994
2070019
2070270
2070321
2070420
2070527
2070790
2070809
2143836
2143878
2143896
2143953
2145158
2145860
2146012
2146440
2149813
2149835
2164885
2223858
2268747
2269203
2269365
2269470
2269791
2269995
2270019
2270850
2271197
2271230
2271256
2271308
2271334
2271464
2271489
2271687
2272518
2303674
2304515
2305661
2311891
2311913
2312014
2312337
2312365
2312398
2350046
2350089
2350120
2353737
2356291
2358624
2358713
2358810
2358865
2364536
2364556
2364582
2364611
2364783
2364993
2380670
2380713
2392752
2392781
2392861
2397244
2402389
2402406
2402423
2402452
2402472
2402504
2402542
2402575
2402610
2402628
2402675
2402738
2402758
2402791
2402866
2402947
2403065
2403110
2403428
2403468
2403528
2403546
2408650
2408709
2408787
2408856
2408917
2408987
2409044
2409101
2409159
2409216
2409284
2409342
2409416
2409476
2409535
2409601
2409669
2409727
2409791
2409852
2409909
2409976
2410035
2410068
2410091
2410256
2418595
2418688
2419993
2420012
2420031
2420104
2424247
2426146
2426169
2426282
2427139
2427153
2427697
2427724
2427978
2436323
2438511
2438650
2438821
2438836
2438974
2439001
2439217
2439294
2439323
2439349
2440366
2440538
2440559
2441936
2441965
2442006
2442063
2442146
2442168
2442228
2442250
2442278
2442351
2442429
2442472
2442503
2442529
2442582
2442635
2442989
2443010
2443061
2444476
2444784
2449508
2449530
2449568
2449584
2472843
2472871
2472889
2472908
2472925
2472975
2473031
2473057
2473088
2473131
2473169
2473189
2473203
2473228
2473314
2473362
2473385
2473417
2473464
2478502
2480718
2480762
2480788
2480980
