_25 15953,27671
_9i55rbqzv8 12501,31552
__ 7982,2505|7982,2531|8094,4019|8141,2505|8141,2531|8200,1051|8200,1077|8200,1241|8228,2785|8228,2811|8236,3300|8236,3326|8242,2505|8242,2531|8291,17120|8291,17143|8410,3048|8410,3074|8414,17120|8414,17143|8424,17118|8424,17141|8440,2808|8440,2834|8464,3092|8464,3118|8534,18586|8534,18594|8534,18849|8534,20553|8534,20576|8563,18201|8563,18209|8563,18464|8595,2509|8595,2535|8598,2785|8598,2811|8612,3045|8612,3071|8660,2785|8660,2811|8670,17291|8670,17317|8670,20360|8670,20368|8670,20623|8745,18201|8745,18209|8745,18464|8798,17204|8798,17227|8884,17117|8884,17140|8919,18254|8919,18262|8919,18517|9013,18581|9013,18604|9041,19162|9041,19185|9118,3045|9118,3071|9153,3248|9153,3274|9171,3230|9171,3256|9188,2505|9188,2531|9199,17118|9199,17141|9410,2637|9410,2663|9424,3099|9424,3125|9483,3049|9483,3075|9512,3248|9512,3274|9608,817|9608,843|9608,1054|9636,2483|9636,2509|9657,2505|9657,2531|9713,18579|9713,18602|9778,1324|9778,1332|9778,1819|9778,1827|9778,2090|9800,2808|9800,2834|9815,17204|9815,17227|9865,17118|9865,17141|9920,17550|9920,17576|9920,20619|9920,20627|9920,20882|9922,3244|9922,3270|10312,3049|10312,3075|10314,18135|10314,18143|10314,18398|10314,20102|10314,20125|10341,18544|10341,18552|10341,18807|10341,20511|10341,20534|10356,2939|10356,2965|10379,3417|10447,2808|10447,2834|10468,3049|10468,3075|10630,3092|10630,3118|10703,20644|10703,20667|10706,3230|10706,3256|10734,19166|10734,19189|10740,3420|10835,3045|10835,3071|10997,3244|10997,3270|11096,17120|11096,17143|11205,2785|11205,2811|11210,17612|11210,17638|11210,20681|11210,20689|11210,20944|11346,3242|11346,3268|11376,3048|11376,3074|11485,2483|11485,2509|11679,3092|11679,3118|11693,2509|11693,2535|11756,2505|11756,2531|11838,2704|11838,2730|11865,2637|11865,2663|11990,2785|11990,2811|12074,2808|12074,2834|12119,3057|12119,3083|12288,19167|12288,19190|12291,2507|12291,2533|12325,3092|12325,3118|12378,4482|12378,8063|12378,8071|12378,8330|12399,2507|12399,2533|12424,3049|12424,3075|12437,2808|12437,2834|12439,18983|12439,22258|12439,22266|12439,22525|12601,19162|12601,19185|12658,13197|12658,13205|12658,13464|12658,17516|12658,17539|12757,2509|12757,2535|12804,2505|12804,2531|12873,2785|12873,2811|12973,3231|12973,3257|12999,3989|13279,17010|13279,17033|13286,2505|13286,2531|13305,3099|13305,3125|13320,18586|13320,18594|13320,18849|13320,20553|13320,20576|13375,19166|13375,19189|13410,18201|13410,18209|13410,18464|13440,2784|13440,2810|13458,2303|13458,2329|13460,2505|13460,2531|13529,2507|13529,2533|13591,2509|13591,2535|13755,3092|13755,3118|14012,2505|14012,2531|14031,2509|14031,2535|14099,18310|14099,18318|14099,18573|14373,2507|14373,2533|14393,3048|14393,3074|14484,2507|14484,2533|14531,11438|14531,11461|14584,3205|14584,3231|14600,3045|14600,3071|14603,1832|14652,3099|14652,3125|14693,17118|14693,17141|14697,17708|14697,17734|14697,20782|14697,20790|14697,21045|14697,22749|14697,22772|14879,5248|14879,5256|14879,5515|14916,3757|14978,2785|14978,2811|15044,3138|15213,3057|15213,3083|15278,2303|15278,2329|15286,2505|15286,2531|15359,2505|15359,2531|15372,17118|15372,17141|15559,2507|15559,2533|15565,17118|15565,17141|15592,5209|15592,5217|15592,5704|15592,5712|15592,5975|15603,3057|15603,3083|15645,3410|15645,3436|15645,3592|15704,2785|15704,2811|15744,2509|15744,2535|15791,3057|15791,3083|15804,17584|15804,17610|15804,20653|15804,20661|15804,20916|15826,17117|15826,17140|16852,3491|16852,7086|16852,7091|16852,7358|16852,7363|16852,7497|16852,7502
______________ 16838,12881
______________________________________________________________________________ 13974,3190|13974,3982
_______________________________________________________________________________ 13974,7225
________________________________________________________________________________ 13974,6994
__a 16852,5525
__all 8189,9750|9572,1143|9632,8824|12158,2528|12486,8823|12731,8820|13449,8693|13964,1072|14068,1254|14435,8668
__c 16852,3407
__dependent__ 16852,5658
__do 8534,19385|8563,19000|8670,21159|8745,19000|8919,19053|9041,18230|9920,21418|10314,18934|10341,19343|10703,19688|10734,18234|11210,21480|12288,18235|12378,6167|12378,8902|12439,23097|12601,18230|12658,14036|12658,16086|13320,19385|13375,18234|13410,19000|14099,19109|14697,21581|14879,6087|15804,21452
__http 9041,17548|10703,18994|10734,17552|12288,17553|12378,5473|12601,17548|12658,15392|13375,17552
__independent__ 16852,5787
__log__ 7982,10460|8094,12938|8141,10461|8228,10925|8242,10440|8410,11641|8440,11120|8464,10648|8595,10600|8598,10919|8612,11357|8660,10801|9118,11357|9153,11560|9171,11542|9188,10428|9410,10606|9424,11513|9483,11361|9512,11560|9636,10318|9657,10435|9800,11120|9922,11556|10312,11361|10379,11957|10447,11089|10468,11361|10630,10751|10638,1219|10638,1857|10706,11542|10740,12284|10835,11357|10997,11556|11205,10925|11346,11554|11376,11360|11485,10324|11679,10927|11693,10410|11756,10406|11838,10539|11865,10606|11990,10925|12074,11120|12119,11914|12291,10492|12325,10648|12399,10870|12424,11361|12437,11089|12757,10872|12804,10406|12873,10801|12973,11543|12999,12755|13286,10460|13305,10758|13440,10753|13458,10272|13460,10460|13529,10383|13591,10872|13755,10927|14012,10406|14031,10872|14373,11050|14393,11641|14484,10378|14584,11517|14600,11357|14652,11525|14916,12524|14978,10919|15213,11650|15278,10272|15286,10428|15359,10461|15509,1772|15559,10550|15603,11928|15704,11066|15744,10872|15791,11928
__make 8534,18602|8563,18217|8670,20376|8745,18217|8919,18270|9778,1843|9920,20635|10314,18151|10341,18560|11210,20697|12378,8083|12439,22278|12658,13217|13320,18602|13410,18217|14099,18326|14697,20798|14879,5268|15592,5728|15804,20669
__search 7982,10183|8094,12653|8141,10184|8228,10648|8242,10163|8410,11190|8440,10669|8464,10371|8595,10323|8598,10642|8612,10906|8660,10524|9118,10906|9153,11109|9171,11091|9188,10151|9410,10329|9424,11236|9483,10910|9512,11109|9636,10041|9657,10158|9800,10669|9922,11105|10312,10910|10379,11672|10447,10665|10468,10910|10630,10474|10638,930|10706,11091|10740,11999|10835,10906|10997,11105|11205,10648|11346,11103|11376,10909|11485,10047|11679,10650|11693,10133|11756,10129|11838,10262|11865,10329|11990,10648|12074,10669|12119,11463|12291,10215|12325,10371|12399,10593|12424,10910|12437,10665|12757,10595|12804,10129|12873,10524|12973,11092|12999,12296|13286,10183|13305,10481|13440,10476|13458,9995|13460,10183|13529,10106|13591,10595|13755,10650|14012,10129|14031,10595|14373,10773|14393,11190|14484,10101|14584,11066|14600,10906|14652,11248|14916,12065|14978,10642|15213,11199|15278,9995|15286,10151|15359,10184|15509,1007|15509,1307|15559,10273|15603,11477|15704,10642|15744,10595|15791,11477
__ssh 9041,17529|10703,18975|10734,17533|12288,17534|12378,5454|12601,17529|12658,15373|13375,17533
_a 14497,596249
_accident_ 14497,253386
_advantages_ 14497,321505
_affect_ 14497,379815
_all_ 14497,60735|14497,67192|14497,213228|14497,470798
_am_ 14497,10790
_anoth 14497,588221
_any_ 14497,66215
_anybodi 14497,587980
_appearance_ 14497,406378|14497,423897|14497,424756
_are_ 14497,10646|14497,646742
_be 14497,166398
_be_ 14497,678542
_begin_ 14497,33987
_binari 11626,45886|11626,45957|11626,46025|11626,46096|11626,46164|11626,46236|11626,46304|11626,46376|11626,46445|11626,46518|11626,46586|11626,46657|11626,46725|11626,46796|11626,46864|11626,46935|11626,47004|11626,47077|11626,47146|11626,47219|11626,47288|11626,47360|11626,47429|11626,47501|11626,47569|11626,47641|11626,47708|11626,47779|11626,47848|11626,47920|11626,47988|11626,48059|11626,48127|11626,48198|11626,48266|11626,48337|11626,48406|11626,48479|11626,48547|11626,48618|11626,48686|11626,48758|11626,48826|11626,48898|11626,48967|11626,49040|11626,49108|11626,49180|11626,49248|11626,49320|11626,49389|11626,49461|11626,49529|11626,49601|11626,49670|11626,49742|11626,49810|11626,49881|11626,49949|11626,50021|11626,50089|11626,50161|11626,50229|11626,50300|11626,50368|11626,50440|11626,50508|11626,50579|11626,50647|11626,50719|11626,50788|11626,50861|11626,50929|11626,51001|11626,51069|11626,51141|11626,51209|11626,51281|11626,51349|11626,51421|11626,51489|11626,51560|11626,51629|11626,51702|11626,51770|11626,51841|11626,51909|11626,51981|11626,52049|11626,52121|11626,52189|11626,52261|11626,52329|11626,52401|11626,52469|11626,52541|11626,52609|11626,52681|11626,52749|11626,52821|11626,52889|11626,52960|11626,53029|11626,53101|11626,53169|11626,53240|11626,53308|11626,53379|11626,53447|11626,53519|11626,53587|11626,53659|11626,53728|11626,53801|11626,53869|11626,53941|11626,54010|11626,54083|11626,54151|11626,54223|11626,54291|11626,54363|11626,54432|11626,54505|11626,54573|11626,54644|11626,54713|11626,54785|11626,54854|11626,54926|11626,54994|11626,55066|11626,55134|11626,55205|11626,55273|11626,55345|11626,55414|11626,55487|11626,55556|11626,55629|11626,55697|11626,55769|11626,55837|11626,55909|11626,55977|11626,56049|11626,56117|11626,56188|11626,56256|11626,56327|11626,56395|11626,56467|11626,56535|11626,56606|11626,56674|11626,56746|11626,56815|11626,56888|11626,56956|11626,57027|11626,57096|11626,57169|11626,57237|11626,57308|11626,57377|11626,57450|11626,57519|11626,57591|11626,57659|11626,57731|11626,57800|11626,57873|11626,57941|11626,58013|11626,58082|11626,58154|11626,58223|11626,58296|11626,58364|11626,58435|11626,58503|11626,58574|11626,58642|11626,58713|11626,58781|11626,58853|11626,58921|11626,58993|11626,59062|11626,59134|11626,59202|11626,59273|11626,59341|11626,59413|11626,59482|11626,59555|11626,59623|11626,59694|11626,59762|11626,59833|11626,59901|11626,59973|11626,60042|11626,60114|11626,60182|11626,60254|11626,60323|11626,60395|11626,60463|11626,60535|11626,60603|11626,60674|11626,60743|11626,60815|11626,60883|11626,60954|11626,61022|11626,61094|11626,61162|11626,61233|11626,61301|11626,61373|11626,61441|11626,61512|11626,61580|11626,61652|11626,61720|11626,61792|11626,61860|11626,61931|11626,61999|11626,62070|11626,62139|11626,62212|11626,62280|11626,62352|11626,62421|11626,62493|11626,62562|11626,62634|11626,62702|11626,62773|11626,62841|11626,62913|11626,62981|11626,63053|11626,63121|11626,63193|11626,63261|11626,63333|11626,63401|11626,63473|11626,63541|11626,63612|11626,63680|11626,63752|11626,63820|11626,63892|11626,63960|11626,64032|11626,64100|11626,64172|11626,64240|11626,64311|11626,64380|11626,64453|11626,64522|11626,64594|11626,64662|11626,64733|11626,64802|11626,64875|11626,64943|11626,65014|11626,65081|11626,65152|11626,65220|11626,65292|11626,65360|11626,65431|11626,65500|11626,65573|11626,65641|11626,65713|11626,65781|11626,65853|11626,65921|11626,65993|11626,66062|11626,66135|11626,66204|11626,66277|11626,66345|11626,66416|11626,66485|11626,66557|11626,66626|11626,66698|11626,66767|11626,66839|11626,66907|11626,66979|11626,67047|11626,67119|11626,67187|11626,67258|11626,67326|11626,67398|11626,67466|11626,67538|11626,67606|11626,67678|11626,67746|11626,67818|11626,67887|11626,67960|11626,68028|11626,68099|11626,68168|11626,68240|11626,68308|11626,68380|11626,68449|11626,68521|11626,68589|11626,68660|11626,68729|11626,68801|11626,68869|11626,68941|11626,69010|11626,69083|11626,69151|11626,69222|11626,69290|11626,69362|11626,69430|11626,69501|11626,69569|11626,69640|11626,69708|11626,69780|11626,69848|11626,69920|11626,69988|11626,70059|11626,70127|11626,70198|11626,70266|11626,70338|11626,70406|11626,70478|11626,70546|11626,70618|11626,70686|11626,70757|11626,70825|11626,70896|11626,70964|11626,71035|11626,71103|11626,71174|11626,71242|11626,71314|11626,71383|11626,71456|11626,71524|11626,71595|11626,71663|11626,71735|11626,71804|11626,71876|11626,71944|11626,72016|11626,72085|11626,72157|11626,72225|11626,72297|11626,72365|11626,72436|11626,72504|11626,72575|11626,72644|11626,72717|11626,72785|11626,72857|11626,72926|11626,72998|11626,73066|11626,73138|11626,73206|11626,73277|11626,73346|11626,73419|11626,73488|11626,73561|11626,73628|11626,73698|11626,73766|11626,73838|11626,73906|11626,73978|11626,74047|11626,74119|11626,74188|11626,74261|11626,74329|11626,74401|11626,74469|11626,74540|11626,74608|11626,74679|11626,74747|11626,74818|11626,74886|11626,74958|11626,75026|11626,75098|11626,75167|11626,75239|11626,75308|11626,75380|11626,75448|11626,75519|11626,75587|11626,75658|11626,75726|11626,75797|11626,75866|11626,75938|11626,76006|11626,76077|11626,76145|11626,76217|11626,76284|11626,76355|11626,76423|11626,76494|11626,76562|11626,76633|11626,76701|11626,76772|11626,76841|11626,76914|11626,76982|11626,77054|11626,77122|11626,77194|11626,77262|11626,77333|11626,77402|11626,77474|11626,77543|11626,77615|11626,77684|11626,77756|11626,77824|11626,77895|11626,77963|11626,78034|11626,78102|11626,78173|11626,78241|11626,78313|11626,78381|11626,78452|11626,78520|11626,78591|11626,78659|11626,78730|11626,78799|11626,78871|11626,78940|11626,79012|11626,79080|11626,79152|11626,79220|11626,79292|11626,79360|11626,79432|11626,79500|11626,79572|11626,79641|11626,79713|11626,79781|11626,79852|11626,79920|11626,79991|11626,80059|11626,80130|11626,80199|11626,80272|11626,80340|11626,80411|11626,80480|11626,80552|11626,80620|11626,80691|11626,80759|11626,80830|11626,80897|11626,80967|11626,81036|11626,81109|11626,81177|11626,81249|11626,81317|11626,81389|11626,81457|11626,81528|11626,81596|11626,81668|11626,81736|11626,81808|11626,81877|11626,81950|11626,82019|11626,82092|11626,82160|11626,82232|11626,82300|11626,82371|11626,82439|11626,82511|11626,82580|11626,82653|11626,82721|11626,82792|11626,82860|11626,82932|11626,83000|11626,83071|11626,83139|11626,83211|11626,83280|11626,83353|11626,83421|11626,83493|11626,83562|11626,83634|11626,83702|11626,83774|11626,83842|11626,83913|11626,83981|11626,84053|11626,84122|11626,84194|11626,84262|11626,84333|11626,84401|11626,84472|11626,84540|11626,84612|11626,84681|11626,84754|11626,84823|11626,84896|11626,84964|11626,85035|11626,85104|11626,85177|11626,85245|11626,85316|11626,85384|11626,85455|11626,85523|11626,85595|11626,85663|11626,85735|11626,85803|11626,85874|11626,85943|11626,86015|11626,86083|11626,86154|11626,86222|11626,86294|11626,86362|11626,86434|11626,86502|11626,86573|11626,86641|11626,86713|11626,86781|11626,86853|11626,86922|11626,86994|11626,87062|11626,87134|11626,87202|11626,87273|11626,87341|11626,87413|11626,87482|11626,87555|11626,87623|11626,87695|11626,87763|11626,87835|11626,87903|11626,87974|11626,88042|11626,88114|11626,88182|11626,88254|11626,88322|11626,88394|11626,88463|11626,88535|11626,88604|11626,88676|11626,88744|11626,88815|11626,88883|11626,88954|11626,89023|11626,89096|11626,89164|11626,89236|11626,89303|11626,89374|11626,89442|11626,89514|11626,89582|11626,89654|11626,89723|11626,89795|11626,89863|11626,89934|11626,90001|11626,90072|11626,90140|11626,90212|11626,90281|11626,90353|11626,90421|11626,90493|11626,90561|11626,90633|11626,90701|11626,90772|11626,90840|11626,90911|11626,90979|11626,91050|11626,91118|11626,91190|11626,91259|11626,91331|11626,91400|11626,91472|11626,91540|11626,91611|11626,91680|11626,91753|11626,91821|11626,91892|11626,91961|11626,92034|11626,92102|11626,92174|11626,92242|11626,92314|11626,92382|11626,92453|11626,92521|11626,92592|11626,92660|11626,92731|11626,92798|11626,92868|11626,92936|11626,93007|11626,93075|11626,93146|11626,93214|11626,93285|11626,93353|11626,93425|11626,93494|11626,93567|11626,93635|11626,93706|11626,93775|11626,93847|11626,93915|11626,93987|11626,94055|11626,94127|11626,94196|11626,94269|11626,94337|11626,94409|11626,94477|11626,94548|11626,94616|11626,94688|11626,94756|11626,94827|11626,94895|11626,94967|11626,95035|11626,95106|11626,95174|11626,95245|11626,95314|11626,95386|11626,95455|11626,95528|11626,95596|11626,95668|11626,95737|11626,95809|11626,95877|11626,95949|11626,96018|11626,96091|11626,96159|11626,96230|11626,96298|11626,96370|11626,96438|11626,96510|11626,96578|11626,96650|11626,96718|11626,96790|11626,96858|11626,96929|11626,96997|11626,97069|11626,97137|11626,97209|11626,97277|11626,97349|11626,97418|11626,97490|11626,97559|11626,97632|11626,97701|11626,97773|11626,97842|11626,97915|11626,97983|11626,98055|11626,98124|11626,98197|11626,98265|11626,98337|11626,98405|11626,98476|11626,98545|11626,98617|11626,98686|11626,98758|11626,98826|11626,98898|11626,98967|11626,99040|11626,99108|11626,99179|11626,99247|11626,99318|11626,99386|11626,99457|11626,99526|11626,99599|11626,99667|11626,99739|11626,99807|11626,99878|11626,99946|11626,100018|11626,100086|11626,100158|11626,100226|11626,100298|11626,100366|11626,100438|11626,100506|11626,100578|11626,100647|11626,100719|11626,100788|11626,100860|11626,100928|11626,100999|11626,101068|11626,101140|11626,101209|11626,101282|11626,101351|11626,101423|11626,101492|11626,101564|11626,101632|11626,101703|11626,101771|11626,101843|11626,101912|11626,101984|11626,102052|11626,102123|11626,102191|11626,102262|11626,102330|11626,102401|11626,102470|11626,102543|11626,102611|11626,102682|11626,102750|11626,102822|11626,102891|11626,102963|11626,103032|11626,103105|11626,103173|11626,103244|11626,103312|11626,103383|11626,103452|11626,103525|11626,103594|11626,103666|11626,103735|11626,103807|11626,103875|11626,103946|11626,104014|11626,104085|11626,104154|11626,104227|11626,104295|11626,104366|11626,104434|11626,104505|11626,104573|11626,104645|11626,104713|11626,104785|11626,104853|11626,104924|11626,104992|11626,105064|11626,105132|11626,105204|11626,105272|11626,105344|11626,105412|11626,105484|11626,105552|11626,105624|11626,105692|11626,105763|11626,105831|11626,105902|11626,105971|11626,106043|11626,106111|11626,106183|11626,106252|11626,106324|11626,106392|11626,106463|11626,106531|11626,106602|11626,106670|11626,106741|11626,106810|11626,106883|11626,106952|11626,107024|11626,107093|11626,107166|11626,107234|11626,107305|11626,107373|11626,107445|11626,107513|11626,107585|11626,107654|11626,107727|11626,107796|11626,107869|11626,107937|11626,108009|11626,108077|11626,108148|11626,108216|11626,108287|11626,108356|11626,108429|11626,108496|11626,108567|11626,108635|11626,108707|11626,108775|11626,108847|11626,108915|11626,108986|11626,109054|11626,109125|11626,109193|11626,109265|11626,109332|11626,109403|11626,109471|11626,109543|11626,109611|11626,109683|11626,109751|11626,109823|11626,109892|11626,109965|11626,110033|11626,110105|11626,110174|11626,110246|11626,110315|11626,110387|11626,110455|11626,110527|11626,110595|11626,110667|11626,110735|11626,110806|11626,110874|11626,110946|11626,111014|11626,111085|11626,111153|11626,111225|11626,111293|11626,111364|11626,111432|11626,111503|11626,111571|11626,111643|11626,111711|11626,111782|11626,111850|11626,111921|11626,111990|11626,112063|11626,112132|11626,112205|11626,112273|11626,112344|11626,112412|11626,112483|11626,112552|11626,112624|11626,112692|11626,112763|11626,112831|11626,112903|11626,112972|11626,113044|11626,113113|11626,113186|11626,113254|11626,113326|11626,113394|11626,113465|11626,113533|11626,113604|11626,113672|11626,113744|11626,113812|11626,113883|11626,113951|11626,114023|11626,114092|11626,114165|11626,114234|11626,114306|11626,114374|11626,114445|11626,114513|11626,114585|11626,114654|11626,114727|11626,114795|11626,114867|11626,114935|11626,115006|11626,115074|11626,115146|11626,115214|11626,115286|11626,115354|11626,115425|11626,115493|11626,115565|11626,115634|11626,115707|11626,115775|11626,115847|11626,115915|11626,115987|11626,116055|11626,116127|11626,116196|11626,116268|11626,116336|11626,116408|11626,116476|11626,116547|11626,116614|11626,116684|11626,116753|11626,116825|11626,116893|11626,116964|11626,117032|11626,117104|11626,117173|11626,117246|11626,117314|11626,117386|11626,117455|11626,117528|11626,117597|11626,117670|11626,117738|11626,117809|11626,117877|11626,117948|11626,118016|11626,118087|11626,118156|11626,118229|11626,118297|11626,118368|11626,118436|11626,118507|11626,118575|11626,118646|11626,118714|11626,118786|11626,118854|11626,118926|11626,118994|11626,119065|11626,119133|11626,119204|11626,119272|11626,119343|11626,119411|11626,119483|11626,119551|11626,119623|11626,119692|11626,119765|11626,119833|11626,119904|11626,119972|11626,120043|11626,120111|11626,120183|11626,120251|11626,120323|11626,120391|11626,120462|11626,120530|11626,120602|11626,120670|11626,120741|11626,120809|11626,120881|11626,120949|11626,121021|11626,121089|11626,121160|11626,121228|11626,121299|11626,121368|11626,121440|11626,121509|11626,121582|11626,121651|11626,121724|11626,121792|11626,121863|11626,121931|11626,122002|11626,122070|11626,122141|11626,122209|11626,122281|11626,122349|11626,122420|11626,122488|11626,122560|11626,122629|11626,122701|11626,122770|11626,122842|11626,122910|11626,122982|11626,123050|11626,123121|11626,123189|11626,123260|11626,123328|11626,123399|11626,123467|11626,123539|11626,123607|11626,123679|11626,123747|11626,123819|11626,123888|11626,123960|11626,124028|11626,124099|11626,124167|11626,124238|11626,124306|11626,124378|11626,124447|11626,124520|11626,124589|11626,124661|11626,124729|11626,124800|11626,124868|11626,124940|11626,125009|11626,125082|11626,125150|11626,125221|11626,125289|11626,125360|11626,125428|11626,125500|11626,125569|11626,125642|11626,125710|11626,125781|11626,125849|11626,125921|11626,125989|11626,126061|11626,126129|11626,126201|11626,126269|11626,126341|11626,126409|11626,126481|11626,126549|11626,126621|11626,126689|11626,126761|11626,126829|11626,126901|11626,126969|11626,127040|11626,127109|11626,127182|11626,127251|11626,127323|11626,127392|11626,127465|11626,127533|11626,127604|11626,127673|11626,127746|11626,127814|11626,127886|11626,127954|11626,128026|11626,128094|11626,128165|11626,128233|11626,128305|11626,128374|11626,128447|11626,128516|11626,128589|11626,128657|11626,128729|11626,128798|11626,128871|11626,128939|11626,129010|11626,129078|11626,129150|11626,129218|11626,129290|11626,129358|11626,129429|11626,129497|11626,129568|11626,129636|11626,129708|11626,129776|11626,129848|11626,129917|11626,129989|11626,130058|11626,130130|11626,130198|11626,130269|11626,130337|11626,130408|11626,130477|11626,130549|11626,130618|11626,130691|11626,130760|11626,130833|11626,130900|11626,130971|11626,131039|11626,131110|11626,131178|11626,131249|11626,131317|11626,131388|11626,131457|11626,131530|11626,131599|11626,131672|11626,131740|11626,131812|11626,131880|11626,131952|11626,132020|11626,132091|11626,132159|11626,132230|11626,132298|11626,132369|11626,132438|11626,132510|11626,132578|11626,132649|11626,132718|11626,132790|11626,132858|11626,132929|11626,132998|11626,133071|11626,133139|11626,133211|11626,133279|11626,133351|11626,133419|11626,133490|11626,133558|11626,133629|11626,133696|11626,133767|11626,133836|11626,133908|11626,133976|11626,134047|11626,134115|11626,134187|11626,134255|11626,134327|11626,134396|11626,134469|11626,134537|11626,134609|11626,134678|11626,134751|11626,134819|11626,134890|11626,134958|11626,135030|11626,135098|11626,135169|11626,135237|11626,135309|11626,135377|11626,135449|11626,135517|11626,135588|11626,135656|11626,135727|11626,135795|11626,135867|11626,135936|11626,136008|11626,136076|11626,136148|11626,136217|11626,136290|11626,136358|11626,136429|11626,136498|11626,136571|11626,136639|11626,136711|11626,136779|11626,136851|11626,136919|11626,136990|11626,137058|11626,137130|11626,137198|11626,137270|11626,137338|11626,137410|11626,137478|11626,137550|11626,137617|11626,137687|11626,137756|11626,137828|11626,137896|11626,137967|11626,138036|11626,138108|11626,138176|11626,138248|11626,138316|11626,138387|11626,138456|11626,138529|11626,138597|11626,138668|11626,138736|11626,138807|11626,138876|11626,138948|11626,139016|11626,139088|11626,139156|11626,139228|11626,139296|11626,139367|11626,139435|11626,139507|11626,139575|11626,139646|11626,139714|11626,139785|11626,139853|11626,139925|11626,139994|11626,140066|11626,140134|11626,140206|11626,140274|11626,140345|11626,140413|11626,140484|11626,140552|11626,140623|11626,140691|11626,140762|11626,140830|11626,140901|11626,140969|11626,141041|11626,141109|11626,141180|11626,141248|11626,141319|11626,141388|11626,141461|11626,141529|11626,141601|11626,141669|11626,141741|11626,141809|11626,141881|11626,141949|11626,142021|11626,142089|11626,142160|11626,142228|11626,142299|11626,142367|11626,142439|11626,142507|11626,142578|11626,142646|11626,142717|11626,142786|11626,142859|11626,142927|11626,142999|11626,143067|11626,143139|11626,143207|11626,143279|11626,143348|11626,143421|11626,143489|11626,143561|11626,143629|11626,143700|11626,143768|11626,143840|11626,143908|11626,143979|11626,144047|11626,144118|11626,144186|11626,144258|11626,144326|11626,144397|11626,144466|11626,144538|11626,144606|11626,144677|11626,144745|11626,144816|11626,144884|11626,144955|11626,145023|11626,145095|11626,145164|11626,145237|11626,145305|11626,145376|11626,145444|11626,145516|11626,145584|11626,145656|11626,145724|11626,145796|11626,145864|11626,145935|11626,146003|11626,146074|11626,146142|11626,146213|11626,146282|11626,146355|11626,146423|11626,146495|11626,146564|11626,146637|11626,146705|11626,146777|11626,146845|11626,146916|11626,146984|11626,147055|11626,147123|11626,147195|11626,147263|11626,147334|11626,147402|11626,147473|11626,147542|11626,147614|11626,147682|11626,147753|11626,147821|11626,147892|11626,147960|11626,148031|11626,148099|11626,148170|11626,148238|11626,148310|11626,148379|11626,148452|11626,148520|11626,148591|11626,148659|11626,148731|11626,148799|11626,148870|11626,148938|11626,149010|11626,149078|11626,149149|11626,149216|11626,149287|11626,149355|11626,149427|11626,149495|11626,149567|11626,149636|11626,149709|11626,149777|11626,149849|11626,149917|11626,149989|11626,150058|11626,150130|11626,150198|11626,150270|11626,150339|11626,150412|11626,150480|11626,150552|11626,150621|11626,150693|11626,150761|11626,150832|11626,150900|11626,150972|11626,151040|11626,151111|11626,151179|11626,151251|11626,151319|11626,151390|11626,151458|11626,151529|11626,151597|11626,151669|11626,151737|11626,151809|11626,151877|11626,151949|11626,152017|11626,152089|11626,152157|11626,152228|11626,152296|11626,152367|11626,152435|11626,152507|11626,152576|11626,152649|11626,152717|11626,152788|11626,152857|11626,152930|11626,152998|11626,153070|11626,153138|11626,153210|11626,153278|11626,153350|11626,153419|11626,153491|11626,153559|11626,153631|11626,153699|11626,153771|11626,153839|11626,153910|11626,153979|11626,154052|11626,154120|11626,154191|11626,154259|11626,154331|11626,154399|11626,154471|11626,154539|11626,154611|11626,154679|11626,154751|11626,154820|11626,154893|11626,154961|11626,155032|11626,155101|11626,155173|11626,155241|11626,155312|11626,155381|11626,155453|11626,155522|11626,155594|11626,155663|11626,155736|11626,155805|11626,155877|11626,155945|11626,156016|11626,156085|11626,156158|11626,156226|11626,156298|11626,156366|11626,156437|11626,156505|11626,156576|11626,156645|11626,156718|11626,156787|11626,156860|11626,156928|11626,157000|11626,157069|11626,157141|11626,157209|11626,157280|11626,157349|11626,157422|11626,157491|11626,157563|11626,157631|11626,157702|11626,157770|11626,157841|11626,157910|11626,157982|11626,158051|11626,158123|11626,158191|11626,158262|11626,158331|11626,158404|11626,158473|11626,158546|11626,158614|11626,158685|11626,158753|11626,158824|11626,158893|11626,158965|11626,159034|11626,159107|11626,159176|11626,159248|11626,159316|11626,159387|11626,159456|11626,159529|11626,159597|11626,159668|11626,159736|11626,159808|11626,159876|11626,159948|11626,160016|11626,160087|11626,160155|11626,160227|11626,160295|11626,160366|11626,160435|11626,160507|11626,160575|11626,160646|11626,160715|11626,160788|11626,160856|11626,160927|11626,160995|11626,161067|11626,161135|11626,161207|11626,161276|11626,161348|11626,161417|11626,161489|11626,161558|11626,161631|11626,161699|11626,161770|11626,161838|11626,161909|11626,161977|11626,162048|11626,162116|11626,162188|11626,162256|11626,162327|11626,162395|11626,162467|11626,162536|11626,162608|11626,162676|11626,162748|11626,162816|11626,162887|11626,162955|11626,163027|11626,163095|11626,163167|11626,163236|11626,163309|11626,163377|11626,163448|11626,163516|11626,163587|11626,163655|11626,163727|11626,163795|11626,163866|11626,163934|11626,164006|11626,164074|11626,164146|11626,164214|11626,164286|11626,164354|11626,164426|11626,164495|11626,164567|11626,164635|11626,164706|11626,164774|11626,164846|11626,164915|11626,164988|11626,165057|11626,165129|11626,165198|11626,165271|11626,165340|11626,165413|11626,165482|11626,165554|11626,165622|11626,165693|11626,165761|11626,165832|11626,165900|11626,165972|11626,166040|11626,166111|11626,166179|11626,166250|11626,166318|11626,166390|11626,166458|11626,166529|11626,166597|11626,166668|11626,166736|11626,166807|11626,166876|11626,166949|11626,167017|11626,167089|11626,167156|11626,167227|11626,167295|11626,167367|11626,167435|11626,167507|11626,167575|11626,167647|11626,167716|11626,167789|11626,167857|11626,167929|11626,167997|11626,168068|11626,168136|11626,168207|11626,168276|11626,168349|11626,168417|11626,168489|11626,168557|11626,168629|11626,168697|11626,168768|11626,168837|11626,168909|11626,168977|11626,169049|11626,169117|11626,169189|11626,169257|11626,169329|11626,169397|11626,169468|11626,169536|11626,169608|11626,169676|11626,169747|11626,169816|11626,169888|11626,169957|11626,170030|11626,170099|11626,170171|11626,170239|11626,170310|11626,170379|11626,170452|11626,170521|11626,170594|11626,170662|11626,170733|11626,170801|11626,170873|11626,170941|11626,171012|11626,171080|11626,171152|11626,171220|11626,171292|11626,171360|11626,171431|11626,171499|11626,171570|11626,171639|11626,171711|11626,171779|11626,171850|11626,171918|11626,171989|11626,172057|11626,172129|11626,172197|11626,172269|11626,172338|11626,172411|11626,172479|11626,172550|11626,172618|11626,172689|11626,172757|11626,172828|11626,172896|11626,172967|11626,173035|11626,173107|11626,173175|11626,173247|11626,173315|11626,173387|11626,173455|11626,173527|11626,173595|11626,173667|11626,173735|11626,173806|11626,173875|11626,173948|11626,174016|11626,174087|11626,174155|11626,174226|11626,174295|11626,174367|11626,174435|11626,174506|11626,174574|11626,174645|11626,174713|11626,174784|11626,174852|11626,174923|11626,174991|11626,175062|11626,175130|11626,175202|11626,175270|11626,175341|11626,175409|11626,175481|11626,175548|11626,175619|11626,175687|11626,175759|11626,175827|11626,175898|11626,175966|11626,176038|11626,176106|11626,176178|11626,176246|11626,176317|11626,176385|11626,176456|11626,176525|11626,176598|11626,176666|11626,176738|11626,176806|11626,176877|11626,176945|11626,177017|11626,177085|11626,177157|11626,177225|11626,177296|11626,177364|11626,177436|11626,177504|11626,177575|11626,177644|11626,177717|11626,177786|11626,177858|11626,177927|11626,177999|11626,178068|11626,178141|11626,178209|11626,178281|11626,178349|11626,178420|11626,178488|11626,178559|11626,178627|11626,178698|11626,178767|11626,178839|11626,178907|11626,178979|11626,179048|11626,179121|11626,179189|11626,179260|11626,179328|11626,179400|11626,179469|11626,179542|11626,179610|11626,179682|11626,179750|11626,179822|11626,179890|11626,179962|11626,180030|11626,180102|11626,180170|11626,180242|11626,180310|11626,180381|11626,180449|11626,180520|11626,180588|11626,180659|11626,180727|11626,180799|11626,180867|11626,180938|11626,181007|11626,181079|11626,181147|11626,181219|11626,181287|11626,181358|11626,181427|11626,181500|11626,181569|11626,181642|11626,181710|11626,181781|11626,181850|11626,181922|11626,181990|11626,182062|11626,182131|11626,182204|11626,182271|11626,182341|11626,182410|11626,182482|11626,182551|11626,182624|11626,182692|11626,182763|11626,182832|11626,182904|11626,182973|11626,183046|11626,183115|11626,183187|11626,183256|11626,183328|11626,183396|11626,183468|11626,183536|11626,183608|11626,183677|11626,183749|11626,183817|11626,183889|11626,183957|11626,184028|11626,184097|11626,184170|11626,184238|11626,184309|11626,184377|11626,184449|11626,184518|11626,184590|11626,184659|11626,184731|11626,184799|11626,184871|11626,184940|11626,185013|11626,185081|11626,185152|11626,185221|11626,185294|11626,185363|11626,185435|11626,185503|11626,185575|11626,185644|11626,185716|11626,185784|11626,185856|11626,185924|11626,186014|11626,186100|11626,186189|11626,186278|11626,186374|11626,186467|11626,186567|11626,186660|11626,186749
_brotherly_ 14497,144330
_cb522736367_ 12501,73460
_child_ 14497,670329
_come 14497,222107
_conditionally_ 14497,171397
_could_ 14497,397317
_cr21 12501,27331
_dashboard 8004,8476|8057,7107|8065,5283|8110,7471|8119,7054|8132,5526|8183,8435|8202,4943|8237,4749|8251,4958|8269,8368|8347,6366|8360,4750|8411,4750|8536,8632|8584,4497|8627,1704|8677,4626|8734,8651|8782,8092|8818,7837|8845,5284|8848,5117|8864,5284|8867,8482|8892,5281|8927,5283|8985,8592|9069,5289|9082,4762|9270,8621|9285,4749|9292,4626|9324,8366|9336,8605|9342,4748|9529,8482|9561,8424|9566,8201|9602,5198|9617,5098|9642,7837|9677,4747|9745,8440|9798,5213|9926,5271|10011,4762|10038,5554|10098,4441|10149,8111|10220,4671|10235,1699|10235,2167|10246,8440|10267,8421|10346,4762|10386,4743|10401,5283|10418,8158|10425,8447|10479,8116|10486,4494|10525,5503|10564,4749|10565,5509|10645,4762|10719,8506|10759,8464|10771,5287|10830,8201|10854,7811|10890,4962|10923,5273|10993,8200|11055,5526|11100,8494|11219,8157|11253,4758|11258,5263|11293,4674|11334,5202|11366,4958|11386,7562|11387,4762|11431,8626|11529,5181|11541,4750|11561,8620|11602,5162|11619,8591|11621,8620|11683,4749|11702,4748|11716,8447|11734,8447|11795,8373|11826,5519|11841,8153|11944,8573|11947,5372|11986,7837|11992,8464|12006,5267|12015,8433|12077,8111|12101,8201|12229,7054|12275,8201|12283,7231|12292,8116|12302,4211|12302,4382|12321,5280|12482,8435|12509,8201|12520,5220|12530,4560|12532,8592|12536,1196|12571,4943|12590,8496|12669,8161|12720,7837|12721,8599|12824,4748|12832,4943|12858,8645|12870,7837|13055,5006|13058,5288|13065,5372|13079,8603|13094,5372|13156,7837|13157,8482|13193,6929|13220,7561|13290,5394|13326,4762|13361,4943|13383,4401|13416,5283|13443,8464|13483,8651|13521,8606|13534,8620|13558,8633|13580,4943|13600,8370|13602,10224|13673,8620|13684,5312|13709,8423|13727,5393|13735,8116|13785,8465|13830,5288|13923,5281|13959,5007|14022,8423|14025,5098|14039,8620|14062,4441|14067,4750|14093,8464|14100,6375|14284,7811|14291,8201|14321,8447|14340,4943|14365,5372|14411,5258|14413,8454|14415,4654|14438,5260|14441,5103|14517,8473|14608,8506|14630,5372|14680,5284|14777,4441|14785,5282|14796,5257|14812,4749|14832,6001|14886,7458|14919,5851|14924,4762|14946,8593|14968,5260|15098,6826|15215,5007|15230,8277|15247,5394|15276,5283|15277,4740|15319,5209|15400,4770|15403,3000|15403,3173|15458,4766|15471,5000|15519,8464|15573,7113|15601,5100|15625,3888|15625,4061|15638,8173|15648,5252|15651,5162|15728,5412|15743,8370|15762,4943
_dblg_fn8 8005,2365|8017,15518|8091,16774|8738,17213|8971,17213|9172,17333|9950,900|9959,16737|10073,16660|10340,16737|10515,16737|10663,2614|10748,17385|11325,16660|11452,16774|11612,1369|12309,16737|12699,16737|12979,1719|13051,16737|13633,18590|13741,16774|13767,16679|13784,17385|14136,17213|14456,900|14536,16747|14787,16747|15173,17345|15177,17279|15209,901|15654,17343|15783,1368|15803,1690|15803,1985
_denze_11283a 11724,77442
_did_ 14497,28470|14497,28531|14497,32974|14497,596448|14497,609532|14497,665674|14497,697873
_dined_ 14497,35793
_dislike_ 14497,676565
_do_ 14497,98132|14497,141741|14497,201746|14497,246540|14497,278857|14497,407274
_does_ 14497,313292|14497,332148
_eldest_ 14497,122845
_endeavour_ 14497,342470
_engrav 14497,1841
_eu0x3b6om 12501,18501
_expression_ 14497,397450
_family_ 14497,664111
_feel_ 14497,341410
_felt_ 14497,676285
_file 9952,2835|9952,3343|10618,3289|10618,3883|11937,3282|11937,3876|14730,2836|14730,3344
_filial_ 14497,144090
_fine 14497,78228
_fjhkpnqyzkazaf8_frvu6c11acbl5egxc1hcq 8341,1194|8740,3287|8766,1194|8913,3287|9049,1396|9283,887|9315,3287|9349,3287|9538,3287|9665,1194|9733,3287|10071,3287|10106,3287|10299,3287|10329,3287|10471,1193|10530,3287|10733,3293|11254,3293|11288,3613|11463,3287|11711,3287|11788,3287|11818,3287|11930,3287|11959,3287|11974,3287|12273,3293|12353,3287|12356,3287|12436,3287|12591,1193|12675,3287|12836,3287|13130,3838|13130,4573|13424,3287|13743,3287|13904,3287|13955,3287|14342,3287|14543,3287|14612,3287|14620,3613|14723,3613|14743,3287|14930,3287|15481,1395|15481,1585|15580,3287
_food_ 14497,75509
_foundation_ 14497,642265
_frankness_ 14497,666551
_ga 8654,952|9943,1563|10142,2720|11721,1802|12484,1143|12903,953|15032,1143
_group_photo 11724,61927
_had 14497,152165|14497,582019
_had_ 14497,208757|14497,577182|14497,690014
_half_ 14497,322432
_have_ 14497,4048|14497,596204|14497,658183
_he_ 14497,115025|14497,137343|14497,178740|14497,238467|14497,277509|14497,335216|14497,374391|14497,493881|14497,509390|14497,588776|14497,653371|14497,656582
_heard_ 14497,137112|14497,255408
_her 14497,628062
_her_ 14497,5220|14497,6276|14497,8261|14497,33000|14497,39215|14497,70528|14497,73751|14497,78175|14497,102139|14497,156462|14497,187021|14497,200337|14497,235732|14497,237646|14497,277336|14497,317541|14497,389045|14497,402364|14497,513448|14497,587552|14497,588914|14497,648876|14497,652500|14497,699621
_here_ 14497,136273|14497,322233
_him_ 14497,30565|14497,124576|14497,136656|14497,137497|14497,140750|14497,143253|14497,259295|14497,271244|14497,277374|14497,344198|14497,523287|14497,703273
_his_ 14497,20384|14497,31044|14497,93140|14497,207601|14497,310645|14497,397245|14497,459527|14497,584105|14497,587962|14497,643706|14497,648327|14497,652451|14497,660575|14497,699599
_how_do_i_use_external_data_files_to_define_var 8094,16399|8141,13810|8242,13789|8464,13997|8595,13949|9188,13777|9424,14862|9615,1601|9636,13667|9657,13784|10379,15418|10630,14100|10740,15745|11485,13673|11679,14276|11693,13759|11756,13755|11838,13888|12291,13841|12325,13997|12399,14219|12757,14221|12804,13755|13305,14107|13529,13732|13591,14221|13755,14276|14012,13755|14031,14221|14373,14399|14484,13727|14652,14874|15286,13777|15559,13899|15645,15708|15744,14221
_hunsford 14497,106990
_i_ 14497,21370|14497,34400|14497,66311|14497,66339|14497,74263|14497,74509|14497,141972|14497,161717|14497,204510|14497,237811|14497,242790|14497,355060|14497,398570|14497,412322|14497,441837|14497,461839|14497,498201|14497,498231|14497,541713|14497,586139|14497,599786|14497,642387
_index_manag 8168,4954|8319,5807|8964,5728|9139,4835|9241,5946|9554,5699|9685,4926|9771,4835|9832,5700|10653,4872|11129,5743|11388,5636|11587,5742|11625,4951|11642,5811|11650,5807|11665,4835|11861,5592|12253,5695|12411,5741|12635,4954|12728,5742|12780,5743|12878,4872|13057,4835|13553,5728|13646,4954|13792,4835|14469,5802|14490,4870|14565,5803|14640,4926|14834,4834|14980,5701|15022,4872|15229,5807|15697,5851|15713,4951
_insist_ 14497,188521|14497,202033
_invent 14497,1776
_is_ 14497,99429|14497,143544|14497,461631
_italics_ 14497,1357
_knew_ 14497,676252
_knitting_ 16839,2397
_know_ 14497,122810|14497,641363
_laugh_ 14497,99513
_little_ 14497,580199|14497,661540
_make_ 14497,199225|14497,519050
_making_ 14497,163719
_manner_ 14497,207254
_may_ 14497,3687|14497,599912
_me_ 14497,17057|14497,19599|14497,21480|14497,30714|14497,97653|14497,136051|14497,137303|14497,137372|14497,140686|14497,193879|14497,367550|14497,401746|14497,413672|14497,415003|14497,457871|14497,598108|14497,622867|14497,631992|14497,640900|14497,645886|14497,669932
_meant_ 14497,528243
_mi 14497,643360
_mine_ 14497,31081|14497,162951|14497,413417|14497,643136|14497,671759
_missish_ 14497,660230
_month_ 14497,382614
_more_ 14497,34189|14497,671907|14497,678342
_most_ 14497,71734
_mr 14497,658127
_much_ 14497,661577|14497,702162
_must_ 14497,138917|14497,499583|14497,547871
_my_ 14497,29179|14497,74317|14497,81362|14497,104610|14497,135867|14497,136876|14497,142644|14497,190818|14497,276912|14497,316428|14497,367567|14497,457894|14497,499160|14497,602735|14497,634708|14497,647915|14497,664410
_myself_ 14497,601153
_near_ 14497,321603|14497,322398
_nephew_ 14497,173290
_never_ 14497,30636|14497,647635
_not_ 14497,62100|14497,80664|14497,97199|14497,105124|14497,189163|14497,201682|14497,277597|14497,415051
_now_ 14497,102268|14497,162076|14497,374025|14497,410372|14497,649060|14497,694608
_of_ 14497,140413
_one_ 14497,215665|14497,475801|14497,520400|14497,560303|14497,653753
_only_ 14497,66147
_ought_ 14497,139059
_our_ 14497,279243
_own_ 14497,190842
_particularly_ 14497,359982
_persuasion_ 14497,84095
_pf_manag 8190,1977|8190,2604|8276,2280|8276,2884|8362,1980|8362,2607|8426,2210|8426,2814|8495,1980|8495,2607|8555,2210|8555,2814|8592,2207|8592,2811|8663,1992|8663,2838|8686,2212|8686,2816|8733,2176|8733,2780|8780,2278|8780,3110|8832,2208|8832,2812|9058,2170|9058,3002|9204,2210|9204,2814|9238,1971|9238,2598|9269,2208|9269,2812|9498,2280|9498,2884|9629,1922|9629,2549|9909,2096|9909,2723|9949,2280|9949,2884|10186,1922|10186,2549|10213,2212|10213,2816|10223,1922|10223,2549|10347,2094|10347,2721|10388,1922|10388,2549|10519,2857|10519,3553|10597,2104|10597,2708|10629,2094|10629,2721|10694,2794|10694,3490|10864,1971|10864,2598|11348,2283|11348,2887|11474,1922|11474,2549|11552,1922|11552,2549|11820,2094|11820,2721|11832,2281|11832,2885|11984,2102|11984,2706|12064,1922|12064,2549|12099,2209|12099,2813|12233,1922|12233,2549|12243,2284|12243,2888|12611,2285|12611,2889|12789,1992|12789,2838|12915,1980|12915,2607|13015,2094|13015,2721|13083,2791|13083,3487|13274,2046|13274,2673|13547,2094|13547,2721|13569,2280|13569,2884|13625,2256|13625,2860|13697,2280|13697,2884|13721,2102|13721,2706|13724,2207|13724,2811|13730,2280|13730,2884|13758,1980|13758,2607|13808,2210|13808,2814|13826,2001|13826,2628|13937,2094|13937,2721|14157,2094|14157,2721|14221,2096|14221,2723|14259,1992|14259,2838|14272,1992|14272,2838|14276,2792|14276,3488|14507,2866|14507,3754|14779,2281|14779,2885|14899,2209|14899,2813|15080,2096|15080,2723|15263,2278|15263,3110|15315,2096|15315,2723|15431,2281|15431,2885|15548,2279|15548,3111|15838,1971|15838,2598
_present_ 14497,165965
_prudently_ 14497,590140
_rbf_manag 8190,9261|8190,11676|8276,9304|8276,11750|8362,9636|8362,12051|8426,9598|8426,12044|8495,9636|8495,12051|8555,9601|8555,12047|8592,9231|8592,11677|8663,10294|8663,13175|8686,9600|8686,12046|8733,9780|8733,12226|8780,10318|8780,13231|8832,9596|8832,12042|9058,10210|9058,13123|9204,9598|9204,12044|9238,9627|9238,12042|9269,9232|9269,11678|9498,9304|9498,11750|9629,9578|9629,11993|9909,9973|9909,12388|9949,9304|9949,11750|10186,9206|10186,11621|10213,9600|10213,12046|10223,9578|10223,11993|10347,9378|10347,11793|10388,9206|10388,11621|10519,11077|10519,13793|10597,9492|10597,11938|10629,9968|10629,12383|10694,10638|10694,13354|10864,9627|10864,12042|11348,9887|11348,12333|11474,9578|11474,11993|11552,9206|11552,11621|11820,9971|11820,12386|11832,9889|11832,12335|11984,9490|11984,11936|12064,9578|12064,11993|12099,9597|12099,12043|12233,9580|12233,11995|12243,9888|12243,12334|12611,9889|12611,12335|12789,10121|12789,13002|12915,9636|12915,12051|13015,9378|13015,11793|13083,10635|13083,13351|13274,9330|13274,11745|13547,9974|13547,12389|13569,9888|13569,12334|13625,9280|13625,11726|13697,9888|13697,12334|13721,9490|13721,11936|13724,9231|13724,11677|13730,9304|13730,11750|13758,9636|13758,12051|13808,9598|13808,12044|13826,9285|13826,11700|13937,9969|13937,12384|14157,9975|14157,12390|14221,9973|14221,12388|14259,10121|14259,12869|14272,10294|14272,13175|14276,11008|14276,13724|14507,11472|14507,14517|14779,9889|14779,12335|14899,9597|14899,12043|15080,9973|15080,12388|15263,10160|15263,12940|15315,9973|15315,12388|15431,9886|15431,12332|15548,10161|15548,13074|15838,9627|15838,12042
_relation_manag 9347,7463|9952,23182|9952,23289|9952,23340|9952,23459|9952,28197|10618,26288|10618,26401|10618,26454|10618,26586|10618,31934|11259,7471|11937,26104|11937,26217|11937,26270|11937,26402|11937,31750|13133,7578|14730,23327|14730,23434|14730,23485|14730,23604|14730,28342|15150,4400|15722,7463
_remind_ 14497,261167
_retaining_ 14497,163774
_right_ 14497,30949|14497,670149
_rm_h_ 9952,25561|9952,25577|10618,29025|10618,29043|11937,28841|11937,28859|14730,25706|14730,25722
_scheme_ 14497,526718
_sentiment_ 14497,397494
_shall_ 14497,579161
_she_ 14497,58899|14497,122254|14497,155887|14497,255735|14497,270302|14497,277284|14497,277539|14497,298889|14497,472746|14497,487797|14497,512735|14497,526597|14497,568533|14497,570287|14497,625293|14497,635886|14497,652981|14497,653664|14497,666092|14497,682593
_should_ 14497,213120|14497,284582|14497,600940
_some_ 14497,144361|14497,162303|14497,376172|14497,610856
_soon_ 14497,668327
_spoke_ 14497,340977
_such_ 14497,299242|14497,398961|14497,547895|14497,648833
_surprised_ 14497,456661
_sy1000_cr0 12501,32908
_talk_ 14497,703612
_test_util_h_ 9952,28418|9952,28441|10618,32244|10618,32269|11937,32060|11937,32085|14730,28563|14730,28586
_that 14497,245006
_that_ 14497,9384|14497,18956|14497,22156|14497,50310|14497,72200|14497,73982|14497,97262|14497,99358|14497,139635|14497,160590|14497,169229|14497,242039|14497,255184|14497,260262|14497,261326|14497,262640|14497,395936|14497,399600|14497,443172|14497,452752|14497,463408|14497,488028|14497,505512|14497,523452|14497,529884|14497,539630|14497,590120|14497,594599|14497,596384|14497,638033|14497,645786|14497,652929|14497,659993|14497,660477|14497,666588|14497,671444|14497,677272|14497,691132|14497,694165
_their_ 14497,411646|14497,628020|14497,647833|14497,673142
_them_ 14497,30044|14497,32533|14497,98029|14497,151116|14497,585315|14497,690668
_then_ 14497,618018|14497,671942
_there_ 14497,9037|14497,327700|14497,336268|14497,343434|14497,377465
_they_ 14497,132804|14497,411770|14497,411821|14497,603331
_this_ 14497,214437|14497,512835|14497,517327|14497,549234|14497,586449|14497,587931
_three_ 14497,414413
_to_ 14497,140427
_tolerable_ 14497,29359
_too 14497,692389
_tsuzbkyny8 12501,5388
_two_ 14497,244902|14497,334896|14497,414465|14497,655919
_us_ 14497,4716|14497,253360
_usdk5jagek 12501,22871
_v1 12501,27327|12501,32903
_v1_ 12501,1074|12501,1301|12501,4028|12501,5344|12501,7539|12501,7760|12501,7992|12501,8771|12501,9287|12501,10087|12501,11177|12501,11702|12501,11942|12501,12169|12501,12406|12501,12625|12501,12874|12501,13136|12501,13947|12501,14436|12501,16111|12501,17148|12501,17415|12501,17879|12501,18456|12501,18687|12501,18921|12501,19152|12501,20444|12501,20687|12501,21674|12501,22827|12501,23053|12501,23870|12501,24376|12501,24903|12501,26308|12501,26543|12501,27837|12501,28066|12501,28375|12501,28918|12501,29446|12501,29680|12501,30506|12501,31021|12501,31508|12501,32679|12501,33435|12501,33743|12501,34229|12501,34541|12501,35035|12501,35565|12501,37211|12501,38267|12501,39743|12501,39961|12501,41719|12501,42515|12501,42779|12501,43948|12501,44180|12501,45838|12501,46393|12501,46618|12501,47115|12501,47625|12501,48167|12501,48481|12501,50381|12501,51023|12501,53458|12501,55413|12501,55642|12501,55988|12501,56220|12501,56714|12501,57230|12501,57446|12501,57719|12501,58489|12501,58713|12501,59093|12501,59263|12501,60262|12501,60439|12501,60619|12501,60791|12501,60966|12501,61550|12501,61731|12501,61903|12501,62075|12501,62656|12501,63031|12501,63208|12501,63385|12501,63557|12501,63734|12501,64119|12501,64508|12501,64890|12501,65063|12501,65240|12501,65413|12501,66207|12501,66379|12501,66962|12501,67139|12501,67316|12501,67901|12501,68478|12501,68655|12501,68831|12501,69010|12501,69184|12501,69357|12501,69935|12501,70114|12501,70286|12501,70664|12501,71249|12501,71421|12501,71594|12501,71976|12501,72155|12501,72536|12501,72713|12501,72893|12501,73642|12501,73818|12501,73996|12501,74173|12501,74350|12501,74527|12501,74702|12501,75081|12501,75250|12501,75427|12501,75801|12501,76181|12501,76356|12501,76737|12501,76910|12501,77084|12501,77263|12501,77444|12501,77626|12501,78206|12501,78788|12501,78967|12501,79139|12501,79313|12501,79898|12501,80470|12501,80644|12501,81025|12501,81404|12501,81778|12501,81951|12501,82541|12501,82915|12501,83088|12501,83467|12501,83649|12501,83825|12501,84000|12501,84372|12501,84552|12501,85140|12501,85318|12501,85702|12501,85881|12501,86056|12501,86229|12501,86404|12501,86580|12501,86757|12501,86931|12501,87107|12501,87285|12501,87463|12501,87843|12501,88017|12501,88192|12501,88369|12501,88548|12501,89314|12501,89887|12501,90063|12501,90241|12501,90616|12501,90792|12501,90970|12501,91149|12501,91335|12501,91922|12501,92099|12501,92278|12501,92654|12501,93639|12501,93817|12501,93996|12501,94379|12501,94788|12501,94962|12501,95138|12501,95315|12501,95496|12501,95871|12501,96048|12501,96225|12501,96408|12501,96581|12501,96797|12501,96969|12501,97347|12501,97525|12501,97700|12501,98282|12501,98462|12501,98835|12501,99012|12501,99185|12501,99361|12501,99538|12501,99715|12501,99890|12501,100063|12501,100245|12501,100420|12501,100595
_v1_sx672_cr0 12501,38839
_v1_sx705_cr0 12501,51306
_v1_sx738_cr0 12501,89694
_v1_sy1000_cr0 12501,202|12501,795|12501,1558|12501,1847|12501,2110|12501,2663|12501,2916|12501,3168|12501,3448|12501,3730|12501,4258|12501,4511|12501,4800|12501,5089|12501,5606|12501,5862|12501,6451|12501,7286|12501,8517|12501,9036|12501,9830|12501,10628|12501,10916|12501,11435|12501,13407|12501,14175|12501,14710|12501,14997|12501,15285|12501,15548|12501,16365|12501,16653|12501,16903|12501,17638|12501,18135|12501,19385|12501,19675|12501,19940|12501,20193|12501,20909|12501,21164|12501,21417|12501,21969|12501,22261|12501,22549|12501,23276|12501,23583|12501,24647|12501,25172|12501,25485|12501,25768|12501,26053|12501,26778|12501,27072|12501,27578|12501,28634|12501,29919|12501,30201|12501,30734|12501,31255|12501,31821|12501,32125|12501,32420|12501,33179|12501,33974|12501,34786|12501,35308|12501,35788|12501,36077|12501,36383|12501,36958|12501,37467|12501,37760|12501,38018|12501,38553|12501,39136|12501,40220|12501,40515|12501,41084|12501,41419|12501,41957|12501,42245|12501,43050|12501,43340|12501,43652|12501,44410|12501,44669|12501,44929|12501,46104|12501,46863|12501,47358|12501,47899|12501,48759|12501,49050|12501,49309|12501,49578|12501,49841|12501,50132|12501,50651|12501,51568|12501,51825|12501,52084|12501,52342|12501,52603|12501,52903|12501,53170|12501,53764|12501,54047|12501,54315|12501,54602|12501,54906|12501,55158|12501,56456|12501,56975|12501,57957|12501,58890|12501,59440|12501,59641|12501,59845|12501,60051|12501,61144|12501,61349|12501,62253|12501,62452|12501,62836|12501,63913|12501,64298|12501,64688|12501,65592|12501,65798|12501,66003|12501,66558|12501,66761|12501,67493|12501,67700|12501,68280|12501,69533|12501,69734|12501,70461|12501,70843|12501,71046|12501,71772|12501,72334|12501,73071|12501,73275|12501,74879|12501,75600|12501,75981|12501,76534|12501,77806|12501,78010|12501,78381|12501,78586|12501,79489|12501,79695|12501,80071|12501,80271|12501,80824|12501,81202|12501,81581|12501,82132|12501,82334|12501,82719|12501,83263|12501,84174|12501,84732|12501,84938|12501,85496|12501,87640|12501,88724|12501,89118|12501,89491|12501,90417|12501,91515|12501,91724|12501,92457|12501,92830|12501,93033|12501,93235|12501,93436|12501,94179|12501,94586|12501,95671|12501,97148|12501,97874|12501,98079|12501,98637
_v1_sy1000_sx650_al_ 12501,2416|12501,7023
_v1_sy1000_sx652_al_ 12501,58247
_v1_sy1000_sx668_al_ 12501,15838|12501,45566
_v1_sy1000_sx672_al_ 12501,10347
_v1_sy1000_sx674_al_ 12501,36669
_v1_sy1000_sx675_al_ 12501,501|12501,9552|12501,13695|12501,29197
_v1_sy1000_sx680_al_ 12501,6160
_v1_sy1000_sx684_al_ 12501,39416|12501,45254
_v1_sy1000_sx700_al_ 12501,8232|12501,24134
_v1_sy1000_sx746_al_ 12501,88929
_v1_sy1000_sx750_al_ 12501,40799|12501,68083
_v1_sy999_sx750_al_ 12501,6742
_very_ 14497,74533|14497,321420
_violent 14497,253850
_was_ 14497,342813|14497,522926
_we_ 14497,8540|14497,213402|14497,225147|14497,267845|14497,277325|14497,582229|14497,593865
_were_ 14497,635426|14497,650350
_what_ 14497,7045
_when_ 14497,318825
_which_ 14497,28868
_will_ 14497,140652|14497,213237|14497,278972|14497,279008|14497,404260|14497,601727|14497,663909
_wish_ 14497,670626
_wished_ 14497,262231
_with_ 14497,601495
_would_ 14497,686039|14497,692183|14497,692258
_you_ 14497,2698|14497,16533|14497,21457|14497,28192|14497,28292|14497,59425|14497,112565|14497,142204|14497,161750|14497,162985|14497,193965|14497,213324|14497,242701|14497,242814|14497,254504|14497,322524|14497,322589|14497,355025|14497,383915|14497,497965|14497,541785|14497,575261|14497,580349|14497,635401|14497,640856|14497,641225|14497,642355|14497,646996|14497,649780|14497,658469|14497,664190|14497,684416|14497,684858|14497,690107|14497,693284
_younger_ 14497,122704
_your 14497,59546|14497,581070
_your_ 14497,22192|14497,63267|14497,77766|14497,99709|14497,161671|14497,163849|14497,166729|14497,216029|14497,248715|14497,259563|14497,483426|14497,580490|14497,642683|14497,656457|14497,660607|14497,669760|14497,689487|14497,690587
_yours_ 14497,29227
