0
16
40
3517
3544
3645
3736
3828
3843
3956
3971
3996
4303
4404
4431
5432
5668
6667
6767
6783
6807
6833
6855
6911
6928
6948
6966
6988
7040
7071
7088
7106
7126
32491
32516
32542
32563
32582
32611
32632
32650
34959
35368
35394
35488
35508
35531
35613
35646
35668
35693
35712
35735
35761
35783
35803
35823
35915
35937
35955
36532
36551
36577
36602
36679
36704
36735
36780
36800
36844
37005
37039
37057
37364
37397
37558
37743
38212
38235
38519
38941
38976
38995
39038
39059
39079
39101
39134
39154
39189
39222
39244
39266
39296
39569
39590
39607
39678
39701
39722
39767
39786
39803
39836
39882
40105
40127
40160
40182
40215
40322
40406
40424
40495
40514
40535
40554
40573
40601
40626
42158
42181
42206
43823
44128
44150
44175
44208
44309
44331
44356
44377
44642
44690
44749
44769
44790
44849
44874
44898
44918
45026
45045
45550
45610
45692
45725
45796
45855
45940
45961
45979
46003
46021
46044
46102
46131
46155
46183
48979
49005
49031
49057
51293
51336
51369
51414
51447
51480
51546
51578
51623
51667
51700
51745
51776
51808
51830
51862
51956
51989
52007
52027
52047
52145
52165
52187
52207
52254
52708
52731
52762
52999
