0
157
178
225
248
405
434
484
599
634
666
719
758
792
828
859
904
934
952
971
1007
1029
1048
1064
1081
1110
1143
1270
1300
1352
1423
1452
1497
6329
6388
6448
6508
6572
6626
6664
6702
6718
6789
10512
10544
10565
10587
10610
10647
10686
10709
10733
10772
10932
10973
11002
11022
11053
11067
11086
12102
12124
13427
13481
13508
13596
14721
14749
15851
17343
17623
17644
17677
17710
17744
17759
17801
17818
17849
17865
17896
17925
17946
18347
75537
75576
75623
75641
75667
76345
77369
77397
78520
78543
78566
78589
78893
78926
80382
80403
80483
80787
80957
80985
81045
81260
81314
89018
89047
89062
89329
89352
89380
89605
89622
89664
89841
89869
138775
149439
149457
149485
149515
149548
149574
149625
149645
150737
153885
153908
153940
153974
