0
66
103
153
169
236
273
301
319
335
396
411
478
527
597
664
731
754
769
836
854
995
16525
16578
16627
16642
16659
16675
16911
16959
34640
36417
36446
36474
36505
36526
36655
36704
37425
37452
38115
38141
38938
49058
61283
61314
61435
61463
61581
61611
79670
79700
80347
80367
80395
85994
86220
86248
163794
163816
164793
164837
166655
169721
169842
169862
169979
170086
170115
170171
170286
170303
170324
172966
175297
175374
175406
178942
178964
178985
179177
179217
179890
179920
186529
186696
186717
186754
186785
662382
662441
662499
662556
662616
662674
662731
662791
662863
662933
662994
663051
663107
663166
663221
663277
663335
672567
673100
673171
673214
673546
673621
673655
673689
673743
673777
673823
673877
673900
674013
720876
721201
721219
721372
721403
723640
723686
723735
723797
723858
726631
727502
727539
727708
727727
728199
728256
729113
729168
729270
729306
729333
729686
733270
733426
733443
733477
748330
748466
748586
748967
749002
749308
749338
751016
751036
751083
751121
763363
769327
769359
769421
769479
769509
769579
777672
777691
777713
777730
777793
778176
778226
778330
778381
778423
778499
778517
778537
778567
778621
778879
778932
779084
779102
779122
779153
779206
781949
781968
782008
789017
789669
789905
789940
790235
790290
832421
833670
833732
833795
833869
833929
833992
834054
834117
834177
834234
834318
834381
834442
834503
834560
834617
834685
834752
834813
834882
834943
834976
835006
835029
835047
835102
835128
837511
838023
838054
838433
1013036
1013138
1013169
1013204
1013330
1013350
1013370
1013401
1013430
1013462
1013536
1013611
1013632
1015060
1021894
1023775
1023857
1038537
1038570
1038589
1038860
1039802
1060922
1061074
1080055
1080137
1080190
1080249
1080620
1081484
1081647
1081685
1081725
1085063
1092146
1092172
1105369
1105398
1107144
1107174
1107262
1107282
1107317
1107356
1107390
1107416
1107924
1108071
1111827
1111844
1111861
1111934
1111993
1112015
1112140
1112238
1112263
1112282
1112568
1112596
1112687
1112736
1155853
1155879
1155907
1155935
1155971
1156024
1156140
1156851
1156881
1156899
1156915
1156929
1159322
1159437
1170284
1170518
1179747
1179812
1179968
1179983
1182424
1183836
1183915
1183982
1184023
1184145
1184168
1184215
1184231
1184302
1191738
1192963
1192981
1193565
1193891
1193919
1194306
1194565
1194594
1194643
1194693
1194736
1194753
1194861
1194879
1197553
1197592
1197735
1197756
1204260
1204278
1204386
1204418
1204444
1204473
1204723
1204742
1205602
1206819
1226275
1228830
1228944
1232953
1233126
1233338
1233374
1233394
1233513
1233546
1233966
1233994
1234070
1235692
1241893
1379195
1379235
1379276
1379297
1379598
1380065
1380209
1380243
1380267
1380304
1380334
1401981
1402010
1402044
1402078
1402103
1419646
1419684
1419763
1419797
1419829
1419940
1420066
1434225
1434247
1434304
1434339
1434371
1705875
1709329
1709424
1732422
1732479
1732514
1732542
1734439
1734527
1734549
1734601
1734662
1741641
1749873
1782314
1782392
1782906
1782948
1783142
1783303
1786796
1786870
1786917
1787309
1787343
1787561
1787638
1788471
1788516
1788552
1789755
1790215
1790251
1791674
1791692
1791734
1791828
1792056
1792080
1792100
1792138
1792161
1792194
1792210
1793055
1793084
1793134
1793167
1793201
1963219
1963263
2050329
2051467
2051486
2051680
2078686
2078849
2110430
2110463
2110493
2110546
2110579
2110637
2110671
2111229
2111342
2111852
2111970
2112000
2112029
2112055
2174028
2174058
2174091
2174126
2174804
2174839
2175999
2176034
2176068
2176110
2176147
2176182
2176202
2450788
2450921
2450941
2450960
2450980
2451010
2451033
2451079
2451114
2451185
2451473
2451494
2451752
2451787
2452911
2452932
2452959
2453014
2456597
2456627
2456728
2457576
2457610
2457777
2457988
2459165
2459225
2459293
2459364
2459425
2459451
2459769
2459906
2459957
2461470
2461493
2461525
2461589
2464040
2464072
2464103
2464135
2464153
2464309
2464330
2464394
2465192
2467859
2468052
2468074
2468107
2468159
2468288
2468363
2468394
2468424
2468885
2468908
2468929
2469224
2469253
2469309
2469329
2469354
2469392
2469442
2469513
2469546
2469599
2470215
2470645
2473533
2473633
2475258
2475517
2489441
2489472
2489500
2489518
2489546
2489564
2535447
2535640
2535789
2543903
2545699
2545839
2545866
2546487
2546521
2546589
2546622
2546678
2546759
2547212
2548105
2548140
2548205
2548227
2548386
2548432
2548483
2548579
2548603
2548630
2548662
2548688
2548775
2551501
2551532
2551552
2555475
2555522
2555579
2555633
2555719
2555750
2555778
2555919
2555957
2555984
2556022
2556070
2556207
2556381
2556419
2556690
2556721
2557581
2558581
2558599
2558618
2558734
2558754
2558807
2558844
2558872
2558963
2559512
2559549
2559578
2559750
2559770
2559792
2560200
2560254
2560312
2560361
2561740
2561778
2562239
2562331
2562363
2563153
2563178
2563196
2570120
2570154
2570206
2570224
2571104
2571122
2571169
2571220
2571237
2571267
2571281
2571321
2571385
2571757
2571809
2571829
2573547
2573607
2573700
2573718
2573772
2573815
2573864
2573892
2582674
2582766
2583063
2869363
2869407
2879783
2881137
2881319
2902846
2903117
2906739
2906795
2906832
2906878
2927063
2931180
2931195
2931213
2934100
2934126
2934551
2934636
2947282
2947310
2947341
2952333
2952362
2952383
2979158
2979542
2979571
2979599
2979655
2979675
2979789
2979809
2979827
2979875
2980150
2990083
2990294
2990505
2992006
3083065
3083099
3113976
3114028
3114096
3114170
3114219
3114274
3114553
3114582
3114964
3114988
3115038
3115178
3115330
3116969
3116985
3117190
3117379
3117461
3118588
3118606
3118645
3129934
3130093
3130145
3205167
3205188
3205209
3210313
3212769
3213198
3213256
3213297
3213318
3213376
3213582
3271241
3271698
3271722
3271923
3271942
3271978
3272038
3272099
3272163
3272225
3272284
3272347
3272409
3272480
3272540
3272592
3272647
3272893
3272916
3272945
3273623
3273652
3273671
3274511
3282795
3319357
3337273
3337323
3338969
3340616
3340644
3341059
3341247
3341265
3341288
3341306
3341329
3341493
3341512
3341531
3341591
3341635
3341692
3341789
3341849
3341932
3342830
3342866
3356829
3356858
3356909
3357131
3357357
3357372
3357605
3359321
3359335
3361916
3361955
3364905
3366066
3366087
3366122
3366964
3367042
3367060
3367128
3367149
3367225
3367243
3368113
3368150
3368203
3368849
3368882
3368909
3369075
3369102
3572798
3637965
3638124
3638212
3638484
3640940
3640960
3640981
3641007
3641690
3643081
3646802
3647486
3648334
3648366
3648417
3648434
3648468
3648511
3648538
3648608
3648825
3648844
3648864
3648991
3652456
3652487
3652559
3652798
3652869
3652887
3652933
3652953
3653088
3653461
3653834
3653878
3653907
3654243
3654268
3654297
3654317
3654349
3654391
3654411
3654578
3654602
3654696
3678632
3678713
3679792
3680370
3680595
3680615
3680781
3680992
3681020
3681059
3681101
3692457
3696332
3696826
3696884
3696949
3697012
3697075
3697139
3697218
3697280
3697346
3697410
3697467
3698098
3698127
3698271
3700665
3700751
3700783
3701962
3702809
3702827
3713684
3713713
3713734
3713787
3713810
3714240
3714408
3714456
3715175
3715240
3715303
3715365
3715432
3715490
3715553
3715616
3715679
3715742
3715807
3715872
3715935
3716002
3716060
3716118
3716246
3752426
3758902
3758933
3759054
3759234
4117629
4117688
4117708
4126423
4126476
4126499
4126563
4126628
4126748
4157703
4157734
4157770
4157787
4159400
4159425
4159455
4159472
4159500
4159567
4236400
4236478
4236545
4236608
4236671
4236734
4236797
4236860
4236922
4237047
4237067
4237112
4237274
4284605
4284667
4284766
4284790
4284809
4284831
4284853
4284978
4336036
4336178
4336218
4336562
4336725
4345496
4345517
4345538
4345559
4345582
4345695
4394216
4394233
4394350
4397608
4397630
4402375
4402833
4402868
4402944
4403008
4403075
4403139
4403197
4403260
4403321
4403382
4403448
4403509
4403565
4403638
4403699
4403760
4403824
4403887
4403948
4404024
4404101
4404157
4404212
4404283
4404344
4404404
4404466
4404526
4440351
4440382
4441203
4446614
4446634
4446831
4446867
4448084
4449578
4451112
4451141
4451261
4451335
4451808
4488146
4488177
4488208
4488278
4488365
4488461
4488547
4488579
4538741
4547510
4547610
4547649
4547689
4548028
4548174
4548244
4549938
4550473
4550509
4582859
4582886
4590505
4590708
4590758
4591856
4592071
4592093
4592119
4592425
4622067
4636457
4639251
4639346
4639427
4650523
4650564
4650584
4650613
4650643
4650709
4708861
4708885
4709526
4709592
4709619
4709647
4709702
4709731
4709759
4709819
4711906
4711924
4712242
4712388
4712434
4712467
4749424
4749467
4756805
4756835
4756856
4756909
4756943
4756969
4757025
4757450
4757657
4757948
4760091
4762234
4762250
4762323
4762424
4762453
4762555
4762585
4795977
4795998
4796019
4796047
4796075
4800874
4800905
4800930
4800959
4801005
4801661
4849621
4849690
4849715
4870982
4871289
4871765
4871801
4874014
4877819
4878140
4926802
4926831
4926915
4936581
4937233
4937300
4938566
4938597
4941764
4943397
4943439
4944630
4944658
4944758
4945741
4945774
4946202
4946231
4946260
4946289
4946362
5013882
5014041
5014330
5015438
5028469
5028500
5028541
5028564
5028710
5028756
5028790
5028810
5031574
5031592
5031613
5031660
5031708
5031783
5031820
5031867
5032035
5033328
5033574
5038043
5038092
5076971
5080289
5080332
5080366
5099884
5123851
5123876
5123897
5224320
5224366
5227266
5227287
5227337
5227359
5227390
5227446
5228172
5244278
5244312
5246754
5246776
5263907
5264270
5264926
5264978
5268188
5280600
5280625
5280651
5280674
5339154
5339239
5339266
5339313
5339476
5339499
5377896
5378075
5378101
5378144
5461234
5461259
5461313
5461385
5461412
5476779
5476835
5477047
5477110
5477141
5477278
5477303
5477328
5477969
5477998
5478021
5502533
5505974
5506109
5513998
5514041
5514065
5514082
5518298
5519227
5519255
5519701
5520943
5525474
5525687
5525727
5525810
5526025
5533791
5533833
5533864
5533916
5533948
5533977
5534030
5534051
5548431
5549212
5549993
5550116
5551082
5551140
5551181
5555732
5557069
5557481
5557540
5585490
5585525
5585545
5585597
5585654
5589078
5589100
5589128
5589172
5589189
5589217
5589258
5589395
5602107
5602140
5602157
5602188
5602337
5602369
5602388
5602455
5602488
5602704
5602783
5602899
5603094
5604844
5632729
5662723
5662742
5664089
5732612
5732659
5734237
5734269
5734310
5734363
5734394
5734426
5735740
5735795
5735823
5740007
5740465
5744373
5744438
5744456
5744476
5748403
5748454
5785280
5785329
5785346
5785503
5785522
5785739
5785767
5785796
5797919
5797944
5797969
5797994
5798033
5798425
5807179
5807229
5807253
5807278
5807303
5807777
5808502
5808533
5812631
5814018
5814528
5814549
6180957
6181010
6181051
6181248
6181325
6181626
6181647
6181668
6181723
6181745
6181781
6182567
6189340
6295944
6307293
6307342
6307372
6307390
6307445
6313762
6314483
6314689
6314761
6314804
6314925
6316347
6316524
6316612
6316627
6327493
6331966
6341341
6350715
6350757
6351819
6351854
6351873
6351888
6351965
6352046
6352359
6352400
6352430
6352827
6352855
6352873
6352933
6352949
6353067
6353180
6353206
6353227
6353254
6357246
6357287
6357314
6357343
6357362
6357384
6362676
6362696
6362822
6363418
6539143
6542588
6542946
6543339
6547442
6547568
6549530
6549552
6549621
6549960
6556572
6556682
6557538
6557618
6557693
6558129
6558242
6565334
6565613
6571070
6572067
6573071
6573128
6589087
6590104
6590155
6590381
6590412
6681173
6681332
6681375
6681436
6702565
6702600
6702616
6702646
6702786
6702805
6702824
6702857
6703007
6703121
6703137
6703161
6704587
6704822
6704864
6704902
6704931
6705461
6705480
6705554
6705593
6705640
6705749
6713812
6713842
6749547
6749803
6749824
6749920
6749940
6750107
6750331
6750371
6757109
6758606
6759148
6759173
6759198
6759230
6759381
6759472
6759506
6759529
6759560
6759590
6761442
6761499
6761546
6762180
6762242
6762303
6762379
6762453
6762516
6762578
6762639
6762701
6762786
6762842
6762904
6762974
6763020
6763059
6763726
6763788
6763851
6763912
6763978
6764040
6764097
6764166
6764237
6764302
6764363
6764418
6764486
6764565
6764644
6764684
6764800
6764831
6765126
6765203
6765281
6791290
6982844
6984542
6984586
6984707
6992252
6993304
6994363
6995416
6996476
6996544
6996612
6996730
6998878
7001029
7003180
7005331
7007482
7009633
7011784
7013935
7016086
7018237
7020388
7022536
7024687
7026838
7031263
7033414
7034567
7035720
7038869
7041017
7043167
7045317
7047467
7049617
7051767
7053917
7056809
7062613
7065517
7068421
7073645
7073744
7075369
7077062
7079648
7080937
7082226
7084392
7087277
7089443
7089528
7091570
7091637
7091705
7093752
7095916
7098090
7100247
7102413
7104443
7106479
7108372
7110272
7112072
7113880
7115712
7118847
7120701
7122562
7124407
7126259
7128096
7129939
7130067
7389830
7415260
7416706
7416723
7421206
7423505
7423522
7423539
7449338
7449845
7588822
7588876
7594887
7703943
7718899
7727541
7727558
7727575
7727603
7728066
7728083
7728112
7737483
7738190
7738206
7738245
7738295
7738388
7738416
7738444
7738492
7738520
7739925
7739962
7739979
7740258
7740285
7740335
7740351
7740405
7740557
7749567
7751132
7751206
7751258
7760972
7761133
7761165
7761193
7761221
7761269
7761327
7761370
7761399
7761712
7761733
7761778
7761796
7761816
7761890
7761984
7762039
7762065
7763257
7763278
7763306
7763331
7763360
7763389
7763419
7763448
7763469
7763500
7763779
7763871
7763921
7763942
7763969
7764041
7764057
7764120
7764169
7764274
7764289
7764617
7771979
7772019
7772259
7772396
7772413
7806771
7806809
7806861
7806895
7806967
7807881
7809255
7809294
7811022
7811075
7811096
7811117
7811212
7811247
7811307
7816072
7816221
7816251
7816272
7878304
7878342
7878464
7879181
7879367
7879413
7879460
7879538
7879616
7882065
7882179
7885167
7885196
7885809
7885828
7885853
7886180
7886254
7887062
7887163
7887193
7887222
7887249
7887281
7887304
7887992
7888242
7888283
7888303
7888346
7888482
7888718
7888963
7889006
7889110
7889140
7889196
7889530
7889549
7889663
7889736
7889755
7889772
7889804
