0
2242
2266
2289
2309
2379
2400
2421
9873
9986
10005
10028
10461
10489
10573
10634
10653
10672
10711
10752
10783
10814
10844
10864
10882
10903
10932
10953
10971
10992
11014
11033
11061
11103
11129
11160
11226
11247
11281
11302
11324
11353
11374
11405
11432
11453
11476
11510
11539
11558
11576
11594
11613
11630
11651
11682
11702
11725
11746
11777
11797
11821
11844
11864
11898
11932
11971
11999
12020
12042
12059
12077
12121
12151
12170
12200
12240
12280
12298
12336
12359
12380
12399
12420
12438
12459
12480
12499
12531
12548
12586
12604
12624
12645
12664
12683
12725
12745
12762
12790
12812
12844
12879
12900
12921
12944
12964
12983
13017
13035
13065
13105
13124
13147
13166
13217
13256
13278
13296
13315
13343
13365
13388
13412
13438
13465
13482
13503
13526
13546
13569
13620
13643
13663
13703
13725
13745
13764
13787
13808
13830
13860
13880
13901
13924
13945
13962
13992
14013
14032
14051
14075
14098
14121
14141
14160
14222
14252
14270
14291
14320
14347
14368
14389
14410
14443
14462
14484
14501
14520
14555
14575
14603
14654
14673
14691
14715
14749
14769
14802
14871
14892
14912
14931
14959
14990
15010
15035
15053
15072
15092
15113
15164
15184
15226
15267
15287
15349
15418
15444
15460
15477
15517
15545
15646
15717
15764
15802
16055
16080
16100
16142
16166
16185
16229
16252
16281
16298
16318
16338
16357
16376
16394
16414
16444
16483
16504
16575
16607
16628
16650
16685
16710
16732
16760
16779
16862
16892
16910
16929
16950
16970
16989
17008
17070
17089
17109
17142
17172
17192
17213
17247
17266
17347
17406
17469
17486
17510
17529
17548
17618
17658
17678
17697
17716
17799
17819
17844
17865
17901
17944
17964
17991
18015
18035
18056
18127
18144
18161
18194
18229
18772
18791
18811
18835
18855
18895
18912
18947
18967
18987
19032
19056
19079
19103
19124
19147
19168
19189
19208
19224
19253
19272
19291
19332
19356
19386
19408
19428
19451
19470
19498
19549
19568
19595
19618
19670
19691
19732
19752
19773
19795
19813
19836
19865
19884
19916
19935
19965
19997
20037
20089
20152
20170
20187
20205
20224
20243
20264
20289
20308
20342
20364
20387
20413
20437
20457
20477
20493
20514
20533
20555
20579
20599
20637
20654
20674
20710
20731
20751
20772
20790
20807
20828
20849
20868
20909
20927
20945
20986
21037
21065
21086
21106
21128
21149
21171
21192
21224
21254
21307
21325
21349
21380
21398
21417
21447
21464
21485
21506
21528
21552
21578
21648
21667
21690
21709
21733
21753
21772
21793
21822
21864
24599
24618
24634
24665
24689
24716
24757
24772
24808
24945
24973
24991
25052
25073
25094
25121
25142
25182
25211
25234
25255
25297
25337
25361
25381
25465
25482
25499
25517
25579
25597
25622
25643
25659
25679
25700
25719
25735
25760
26007
26027
26049
26090
26110
26130
26149
26168
26209
26227
26288
26307
26329
34923
40165
44273
44658
44679
44701
44720
44739
44756
44780
44800
44819
44838
44879
44899
44917
44939
44959
44982
45003
45080
45101
45122
45139
45160
45178
45197
45223
45243
45273
45293
45342
45360
45421
45439
45461
45481
45504
45535
45560
45581
45601
45622
45639
45658
45699
45716
45734
45766
45786
45897
45939
45968
45987
46010
46040
46060
46116
46148
46169
46194
46215
46241
46262
46282
46303
46323
46341
46360
46380
46397
46439
46460
46480
46510
46569
46591
46612
46632
46654
46724
46741
46764
46806
46836
46857
46878
46945
46975
46997
47029
47059
47079
47101
47125
47169
47201
47232
47249
47271
47292
47312
47342
47360
47382
47411
47430
47451
47474
47507
47549
47569
47590
47621
47639
47661
47690
47709
47728
47746
47767
47787
47806
47824
47842
47866
47887
47905
47926
47946
47974
48006
48031
48054
48074
48092
48112
48132
48151
48169
48224
48251
48292
48328
48346
48378
48421
48437
48476
48506
49096
49137
49165
49182
49842
50519
51169
51209
51245
52965
53040
53071
53186
53246
53269
53290
53311
53332
53363
53387
53407
53439
53458
53477
53495
53525
53548
53569
53589
53609
53666
53688
53748
53808
53840
53871
53892
53950
54020
54079
54100
54157
54178
54241
54264
54316
54335
54356
54377
54398
54425
54445
54465
54484
54503
54522
54540
54557
54576
54605
54628
54664
54689
54712
54734
54764
54783
54804
54825
54846
54903
54943
54964
54981
55000
55021
55041
55059
55078
55174
55192
55211
55228
55258
55275
55297
55329
55351
55372
55395
55413
55434
55461
55484
55514
55545
55577
55596
55615
55633
55656
55674
55693
55714
55735
55760
55780
55809
55826
55858
55878
55919
55940
55961
55983
56002
56042
56062
56096
56124
56147
56168
56187
56204
56224
56244
56267
56288
56307
56362
56380
56398
56438
56459
56493
56549
56605
56623
56640
56660
56681
56698
56720
56736
56754
56774
56791
56821
56839
56870
56892
56914
56934
56955
56987
57006
57023
57039
57059
57080
57100
57130
57161
57179
57203
57223
57242
57271
58112
58139
58161
58181
58203
58223
58248
58265
58296
58314
58374
58392
58411
58431
58450
58469
58512
58530
58552
58571
58590
58609
58631
58650
58672
58689
58705
58725
58743
58762
58780
58808
58828
58848
58870
58899
58919
58961
58980
58997
59014
59034
59052
59067
59259
59298
59368
59387
59416
59436
59495
59526
59559
59595
59612
59662
59713
59752
59769
59800
59820
59843
59869
59895
59915
59932
59952
59970
60004
60037
60064
60083
60103
60121
60142
60168
60192
60213
60251
60326
60394
60411
60427
60447
60464
60481
60497
60516
60540
60558
60586
60607
60717
60759
60776
60806
60830
60852
60874
60908
60933
60956
60972
60993
61015
61035
61052
61072
61104
61148
61168
61187
61208
61225
61247
61270
61291
61312
61334
62069
62086
62117
62148
62168
62199
62230
62248
62269
62320
62343
62373
62395
62416
62438
62457
62488
62512
62532
62552
62572
62614
62631
62653
62677
62699
62722
62743
62767
62812
62835
62855
62911
62942
62972
62990
63011
63031
63065
63086
63105
63130
63148
63165
63193
63235
63253
63283
63307
63323
63352
63371
63399
63445
63472
63492
63509
63551
63570
63590
63615
63635
63651
63671
63689
63717
63737
63756
63774
63819
63837
63862
63883
63903
63923
63942
63957
64008
64056
64097
64116
64162
64214
64245
64293
64309
64339
64379
64415
64445
64464
64492
66424
66441
66467
66486
66508
66533
66557
66577
66594
66638
66669
66701
66721
66750
66768
66788
66805
66843
66906
66923
66962
67006
67026
67076
67097
67115
67144
67184
67204
67226
67270
67333
67354
67372
67392
67411
67435
67457
67475
67493
67511
67535
67580
67612
67642
67662
67694
67712
67733
67752
67777
67798
67825
67874
67893
67922
67950
67973
67996
68013
68046
68063
68094
68114
68142
68206
68224
68243
68264
68288
68312
68334
68358
68380
68404
68426
68443
68474
68506
68533
68555
68575
68592
68613
68638
68655
68674
68694
68717
68738
68779
68846
68880
68910
68929
68948
68966
69006
69026
69044
69062
69083
69105
69136
69154
69174
69220
69250
69280
69299
69319
69340
69381
69400
69418
69437
69458
69480
69510
69538
69557
69578
69612
69631
69690
69705
69731
69757
69862
69880
71980
72016
72038
72077
72128
72201
72240
72273
72323
72350
72410
72495
72518
72550
72585
72607
72627
72646
72663
72682
72700
72720
72742
72779
72821
72849
72900
72919
72935
72954
72975
72996
73014
73031
73058
73076
73097
73141
73158
73180
73200
73241
73263
73282
73311
73330
73365
73390
73413
73433
73457
73476
73498
73519
73538
73566
73587
73618
73638
73655
73681
73701
73720
73738
73756
73774
73793
73812
73832
73864
73889
73912
73937
73960
73977
73994
74011
74032
74071
74100
74126
74145
74177
74217
74246
74265
74285
74310
74330
74349
74368
74399
74431
74451
74481
74500
74528
74553
74570
74592
74621
74640
74661
74679
74701
74721
74740
74759
74802
74833
74852
74917
74936
74973
75009
75046
75061
75080
75097
75155
75191
75261
75301
75330
76139
76192
76232
76268
76284
76335
76363
77068
77205
77221
77237
77255
77399
77469
77490
77511
77534
79066
80937
82663
82680
82916
82937
82956
82998
83016
83036
83066
83085
83105
83134
83153
83172
83227
83248
83267
83284
83305
83343
83395
83432
83528
83547
83565
83581
83599
83620
83641
83662
83686
83705
83722
83742
83761
83790
83812
83834
83852
83869
83904
83923
83942
83962
83992
84012
84035
84057
84097
84116
84141
84166
84189
84243
84296
84360
84415
84434
84456
84476
84496
84536
84559
84579
84610
84629
84653
84673
84702
84717
84734
84755
84800
84819
84838
84854
84871
84902
84943
85017
85042
85063
85081
85102
85122
85140
85172
85200
85220
85242
85267
86195
86212
86229
86248
86267
86286
86316
86335
86364
86384
86427
86446
86469
86489
86519
86539
86579
86600
86624
86644
86665
86694
86717
86735
86766
86787
86816
86835
86852
86899
86930
87050
87094
87123
87139
87165
87180
87221
87272
87320
87339
87386
87422
87448
87499
87518
87546
87629
87721
87740
87787
87803
87822
87845
87870
87893
87918
87941
87965
87988
88005
88021
88043
88063
88082
88100
88120
88140
88169
88195
88220
88237
88259
88290
88308
88340
88367
88398
88415
88465
88486
88504
88526
88554
88574
88593
88624
88643
88661
88682
88701
88724
88740
88758
88776
88826
88845
88870
88890
88921
88940
88968
88988
89007
89030
89076
89097
89113
89132
89175
89193
89214
89235
89264
89283
89307
89325
89350
89367
89388
89407
89428
89449
89467
89486
89503
89522
89547
89570
89592
89610
89655
89674
89690
89709
89732
89754
89774
89792
89823
89848
89871
89896
89914
89930
89947
89966
89985
90031
90052
90077
90096
90119
90145
90176
90194
90211
90238
90253
90278
90294
90320
90368
90663
90692
90712
90748
90799
91665
91715
91731
91749
91780
91797
91817
91848
91867
91887
91911
91947
91968
91990
92054
92076
92103
92123
92165
92188
92204
92225
92246
92274
92297
92317
92347
92366
92391
92422
92441
92463
92484
92501
92523
92543
92562
92579
92600
92621
92652
92684
92727
92749
92772
92788
92805
92826
92848
92869
92892
92910
92940
92962
92987
93011
93028
93058
93077
93124
93144
93163
93192
93220
93276
93292
93332
93353
93371
93391
93409
93432
93451
93480
93500
93519
93537
93557
93573
93589
93610
93628
93649
93670
93696
93717
93740
93769
93789
93814
93837
93863
93879
93895
93912
93932
93952
93971
94038
94056
94074
94088
94105
94152
94222
94251
94325
94342
94363
94394
94410
94429
94450
94466
94486
94517
94536
94565
94605
94641
94702
94733
94959
94987
95004
95023
95685
95749
95776
96047
96100
96134
96166
96192
96434
96458
98513
98863
99407
99851
100285
100355
100454
100573
100702
100839
100967
101079
101105
101183
101322
101370
101384
101401
101525
105484
106166
106192
107150
107169
107213
107927
107974
108531
108544
108567
109030
109741
109811
110575
110968
110985
111011
111263
111597
118052
118109
118141
118211
118416
118486
118541
119745
119772
119852
119900
120776
120793
120806
122576
122632
123470
126979
128003
128071
128103
128854
129145
129248
129441
129521
130110
130694
130756
132252
132318
132383
132405
132938
140003
140017
140190
140252
143647
143723
143746
143824
143867
146369
146422
147087
150898
150927
150960
151121
151201
151334
151435
151685
152332
152435
152459
153343
153984
154280
154298
154326
154735
155604
156872
156903
156932
156961
157037
157053
157176
157205
160361
160415
161093
161173
161281
161295
161612
162169
162831
166398
166665
166720
166987
167557
167611
168093
168173
168223
168877
169096
170113
170446
171372
171452
