0
19
75
326
5461
6408
6508
6609
6710
6813
6915
7017
7110
7191
7274
7359
8243
8328
8413
8486
8548
8610
8671
8734
8798
8861
8924
9770
9834
9899
9964
10019
10064
10109
10154
10197
10230
10255
11082
11107
11132
11157
11182
11207
11232
11257
11281
11305
11329
12076
12100
12125
12150
12175
12200
12225
12250
12265
12929
13578
14229
14872
15498
18461
22789
23360
23868
24347
24815
25288
25749
26201
26657
27111
27568
27603
27638
29611
30052
30481
30905
31306
31684
32047
32404
32751
33088
33414
34885
35201
35516
35829
36143
36450
36744
37038
37335
37632
37929
39263
39556
39851
40152
40453
40750
41046
41347
41648
41945
42242
43517
43815
44112
44409
44706
45001
45298
45597
45895
46191
46474
46492
47961
49112
49386
49664
49923
50160
50392
50626
50650
50889
51118
51337
51556
53614
53835
54056
54274
54492
54690
54858
55019
55180
55340
55501
56506
56666
56827
56990
57151
57309
57455
57594
57735
57865
57974
58294
58329
58349
58420
60485
60512
60542
60643
60674
60820
61082
61211
61238
61266
61293
61313
61413
61457
61540
62653
62671
72652
90079
90113
90498
90527
493731
504064
504189
504314
504337
504880
504897
505605
505755
515197
515229
515289
515306
515693
515739
515973
527776
527820
617069
625990
640169
640230
640250
640803
641397
655965
656043
656100
656118
656386
656438
656458
657066
657233
657316
657336
657554
659045
659071
659086
659101
669750
704007
705083
705192
705233
705255
705404
705553
705572
706253
706285
706584
706606
706634
706650
706668
706687
706738
706757
706791
707012
707062
707083
709566
709605
709686
709728
710119
710163
710359
710843
710866
710912
711519
711551
711569
711596
711627
711647
711667
711700
774517
774601
785614
787016
787036
787299
787317
787393
787517
787541
787618
787743
787760
788295
788326
939275
939346
944661
947396
950383
951870
975627
975681
999438
999554
999672
1002542
1002576
1002650
1002716
1002735
1002952
1003107
1003255
1003288
1003304
1003332
1003357
1003373
1003458
1052693
1052736
1052753
1052772
1052800
1052821
1053505
1053525
1053544
1053590
1053749
1053783
1053819
1053861
1053985
1054116
1054158
1054178
1059585
1059626
1059800
1059820
1059843
1059874
1059934
1059984
1060153
1060196
1114658
1114679
1114721
1114848
1114874
1114904
1114935
1114954
1114974
1115016
1115059
1115175
1115204
1115235
1115288
1115403
1115420
1115460
1115477
1115496
1116081
1116143
1116207
1116287
1116347
1116411
1116480
1116543
1116605
1116626
1116646
1118750
1118778
1118801
1118831
1119218
1119247
1119266
1119299
1119330
1119361
1119379
1119409
1119459
1119511
1119539
1123665
1123712
1123913
1123942
1123985
1124840
1124976
1132937
1141968
1146747
1146785
1146803
1146820
1156730
1156750
1156801
1157013
1157512
1157547
1157831
1231858
1234141
1234173
1243917
1243938
1245629
1245671
1245704
1246086
1246140
1246178
1246212
1246242
1246269
1246301
1246415
1246496
1246527
1246557
1246689
1246807
1246831
1246939
1256409
1256440
1256467
1262440
1270319
1271161
1272034
1272141
1272229
1272255
1272286
1272303
1273011
1273113
1317480
1321662
1323713
1323815
1323844
1323921
1323950
1324003
1324024
1324054
1324132
1324564
1324584
1330828
1330861
1330891
1331668
1332089
1332179
1332427
1332446
1332477
1332512
1332528
1332572
1332594
1332624
1332714
1332733
1336529
1337513
1337530
1352308
1352325
1352402
1352742
1352807
1352833
1353340
1353374
1353419
1356565
1356592
1356611
1356639
