0
24
49
74
2397
2487
2517
2537
2568
2592
2611
2632
2650
2685
2712
2762
2793
2814
2933
2950
2970
2998
3020
3043
3441
3496
3518
3542
3564
4744
4788
4808
8081
8106
8126
8144
8161
8181
8196
8214
8230
8259
8276
8308
8935
17836
17865
17884
17926
17943
17963
17984
18044
18060
18110
18141
18168
18188
18245
18301
18357
18390
18414
18436
18455
18485
18569
18587
18635
18659
18681
18702
18720
18739
18779
18814
18875
18893
18919
18949
18986
19021
19046
19135
19172
19207
19244
19279
19304
19325
19355
19380
19436
19473
19508
19567
19592
19629
19664
19720
19757
19792
19812
19834
19872
19886
19905
19943
19985
20009
20036
20056
20077
20096
20138
20165
20184
21209
21238
21287
21318
21334
21371
21406
21437
21455
21473
21494
21543
21567
21634
21652
21716
21774
21806
21862
21899
21934
21956
22012
22068
22105
22140
22177
22212
22249
22284
22308
22345
22380
22401
22421
22441
22459
22477
22504
22532
22595
22672
22699
22716
22737
22780
22799
22818
22837
22855
22912
22928
22950
22981
23005
23040
23073
23098
23116
23136
23156
23187
23205
23223
23241
23258
23287
23347
23366
23390
23410
23445
23464
23481
23511
23536
23564
23583
23613
23638
23659
23684
23735
23786
23813
23834
23883
23903
23936
23952
23971
23989
24005
24025
24580
24600
24642
24688
24728
24756
24802
24822
24839
24861
24877
24904
24929
24954
24979
24999
25019
25050
25068
25089
25116
25136
25155
25172
25191
25210
25234
25254
25273
25308
25327
25344
25374
25402
25421
25451
25477
25503
25531
25553
25571
25599
25616
25668
25686
25754
25779
25820
25849
25891
25963
26003
26043
26112
26139
26167
26182
26200
26219
26240
26259
26276
26308
26338
26356
26374
26394
26411
26429
26451
26482
26501
26519
26548
26563
26589
26640
26656
26673
26690
26710
26726
27920
27945
27965
27983
28025
28097
28127
28154
28183
28276
28292
28314
28330
28369
28393
28425
28449
28473
28513
28552
28579
28601
28663
28703
28754
28786
28804
28820
28840
28868
28887
28905
28921
28946
28973
28993
29063
29126
29143
29170
29185
29201
29229
29248
29300
29321
29342
29378
29405
29456
29486
29515
29566
29583
29610
29637
29654
29672
29701
29747
29766
29782
29801
29822
29877
29901
29927
29963
30033
30049
30067
30098
30113
30164
30183
30208
30228
30264
30315
30343
30363
30534
30550
30569
30597
30634
30650
30669
30701
30722
30746
30765
30782
30803
30823
30841
30859
30880
30897
30919
30956
30974
30992
31047
31075
31094
31112
31161
31201
31216
31236
31266
31284
31695
31723
31752
31788
31839
31922
31940
32015
32044
32061
32086
32134
32152
32192
32219
32244
32269
32297
32327
32359
32377
32394
32413
32450
32467
32485
32503
32528
32560
32585
32604
32646
32697
32765
32799
32820
32870
32897
32914
32929
32960
33043
33060
33102
33122
33158
33210
33227
33278
33318
33338
33357
33406
33423
33460
33477
33634
33689
33759
33810
33880
33901
33921
34032
34069
34903
34973
34999
35025
35051
35077
35094
35120
35146
35172
35196
35211
35270
35284
35301
35327
35366
35391
35442
35859
35908
36044
36201
36225
36278
36302
36320
36348
36371
36753
37443
37905
60346
60883
60922
60966
60988
61071
61085
61149
61173
61196
