0
389723
411284
420760
421351
422971
423370
423418
423456
423577
423984
424020
424187
424232
424259
424681
424733
424771
433533
433557
433702
433740
433755
433780
433816
433853
433879
434150
435071
435091
435113
435131
435151
435179
435198
435361
435411
435490
435511
435546
435592
435641
435658
435683
435903
435924
435941
435976
436396
436517
436566
436604
436642
437771
437792
439197
439224
439264
439303
439827
441233
441252
441286
441306
441357
441375
441394
441421
441437
441458
441476
441491
441524
441538
441555
441589
441670
441710
441728
441850
441888
441925
441962
441991
442048
442065
452494
454184
454220
454280
454446
454462
454507
464080
464146
464351
464630
464789
465058
465087
465116
465168
465220
465320
465372
465401
465419
465472
465525
465578
465631
465708
465761
465874
465889
465912
466022
466135
466150
466169
466184
466230
466251
466277
466295
466320
470114
470139
471098
471129
471157
471186
471204
471223
471385
471407
471464
471521
471566
471583
471598
471861
471926
471991
472008
472150
472190
473165
473183
473205
473243
473273
483130
483166
484285
484330
484361
484389
484405
484420
484450
484470
484499
484516
484536
484587
484621
484712
484742
484769
484796
484824
484842
484858
484874
484911
494532
494744
494784
495367
495546
495562
495600
495640
498556
498761
498814
499023
499077
499214
499375
499476
499601
499738
499863
499878
499893
499946
499999
500100
500201
500254
500307
500331
500386
500465
500520
500575
500630
500685
500740
500795
500850
500905
500960
501015
501031
501086
501141
501196
501251
501306
501361
501416
501471
501526
501581
502590
502605
502632
502647
502671
502687
502702
502718
502736
502763
511363
511397
512349
512374
512391
512412
512434
512453
514956
514975
514993
515025
515056
515074
515132
515157
515192
518755
518776
518795
520749
522171
522191
522346
522361
522406
522434
522458
522568
522587
522640
522770
522937
523266
523302
523320
525201
525239
525306
525322
525341
525357
525377
525425
525454
525472
525490
525517
525551
525568
525636
525667
525683
525730
525747
525782
525799
537084
538337
538367
538396
538577
538607
538912
539037
539067
539131
539156
539297
539322
539347
539363
539485
539510
539561
539586
540498
540525
540674
540698
540759
540799
540845
540914
540939
541122
541138
541153
541189
541214
542928
542991
543010
543063
543092
543202
543346
543596
543709
543728
543747
543767
543783
543799
543813
543836
543851
543869
543888
543916
543935
543969
544003
544024
544053
544093
544121
544138
544163
544179
544194
544211
554463
554574
554687
554725
554757
554890
555175
555191
555206
555315
555331
555384
555399
555466
557262
557283
557308
557334
557349
558254
558275
558292
558454
558486
558543
558579
558602
558640
558655
558817
558833
558849
558998
559024
559156
559171
559188
559216
559360
559389
559425
559513
559581
559602
559632
561430
561468
561484
561501
561516
561546
561563
561581
561630
561666
561700
561726
561765
561805
561823
561871
561887
561936
562010
562047
623868
626000
626053
626082
626149
627671
627849
627915
628142
628196
628249
628302
628466
629453
629468
629497
629520
629588
629608
629623
629756
629771
629840
629866
629903
630625
630642
630660
630804
630854
630872
630941
630996
631033
631056
631165
631180
631232
631248
631273
631291
631359
631397
631465
631521
631723
631776
631821
631970
632000
632124
632244
632260
632289
632305
632373
632388
632408
632437
632582
632695
632747
632782
632819
632851
632881
632911
632935
632961
632980
633000
645445
645491
645519
645553
645570
645609
645626
645656
645674
645701
645740
645788
645802
657058
657288
657356
657469
657495
657637
657653
657709
657820
657921
657959
657974
658061
658077
658130
658152
658192
658208
658233
658864
658879
658915
658940
659719
659739
659771
659790
659921
659951
659970
660007
660022
662113
674704
674880
674905
674920
676053
676069
676084
676133
676219
676243
676262
676403
676595
676619
676643
676719
676787
676801
676817
676835
676855
676874
676894
676913
676929
676950
676976
676994
677012
677060
677076
677093
677120
677154
677171
677222
677292
677322
677361
677382
677399
677416
677435
677451
677483
677499
677516
687038
687168
687394
687416
687515
687807
687835
687851
687867
687905
687921
687936
688111
688132
688172
688187
688212
688239
688274
688291
689067
689145
689162
689190
689213
689245
689271
689289
689419
689466
689487
689523
689643
689667
689689
689724
689763
689779
689799
689908
689923
689950
689980
690100
690120
690159
690271
690311
690341
690463
690561
690576
690593
690611
690633
690649
690668
690696
690714
690732
690766
690783
690884
690912
690927
690944
691003
691019
691035
717242
717801
717927
717992
718069
718134
718211
718276
718353
718418
718472
718537
718614
718679
718803
718868
718958
719023
719089
719154
719254
719319
719681
719746
719846
719911
719989
720054
720143
720208
720308
720373
720473
720538
720592
720657
720711
720776
720830
720895
720949
721014
721068
721133
721187
721252
721306
721371
721438
721458
721477
721656
721673
721725
721750
721849
721879
721919
722039
722055
722080
725042
725057
725072
725098
725113
725172
725198
725245
725262
725899
725929
726048
728340
728406
728450
728515
728539
728554
728584
728600
728638
729221
729236
731950
731967
731996
732025
732242
732268
732400
732451
732468
732494
732509
732632
732672
732710
732739
732759
732810
732844
732861
732953
732970
732998
733015
733051
733066
733092
733119
744392
744503
744606
744744
744998
745101
745204
745592
745695
745937
746109
746340
746680
746992
747095
747187
747290
747533
747729
747832
747935
748038
748141
748172
748203
748234
748264
748409
748584
748614
748638
748660
748690
748714
748736
748774
748919
749069
749194
749319
749540
749688
749763
749839
750050
750105
750160
750215
750270
750325
750380
750435
750490
750545
750600
750655
750710
750765
750820
750875
750930
750985
751040
751095
751150
751205
751260
751315
751370
751425
751480
751535
751590
751645
751700
751755
751810
751865
751920
751975
752030
752085
752140
752195
752250
752382
752418
752518
752542
752695
752712
752733
752769
752784
752814
752829
752847
752863
752881
752938
752955
753691
753708
753738
753758
753870
753979
754007
754075
754121
754148
754164
754180
754195
754283
754428
754446
754463
754486
754684
754713
754742
754863
754878
754913
754934
754986
755016
755035
755059
755079
755113
755130
755211
755251
755269
755286
755303
755318
755346
755375
755397
755417
755933
755970
755999
756066
756266
756318
756383
756400
756415
756482
756535
756600
756667
756690
756737
756752
756801
757241
757279
757333
757379
757394
761705
761728
771305
771414
771520
771544
771567
