0
29
99
114
184
213
1142
3636
3706
3776
3929
4346
4692
4762
5322
5337
5407
5477
5501
5711
5744
6003
121839
123733
126536
131772
131791
131809
151577
153057
153173
153194
153250
153313
154101
154120
154139
154158
154335
154400
154516
156007
156771
168552
168569
172571
173441
173502
173558
173631
173692
173753
173813
173868
173931
173990
174055
174112
174175
174232
174295
174371
174438
174484
178473
178506
178846
179000
179026
179628
179733
193017
193038
193089
193107
193142
193168
193203
193590
244693
248990
249009
249043
249064
251220
251239
251258
251277
251296
251316
251336
251356
251376
251396
251418
251439
251476
251512
255707
255739
255797
255833
255868
255962
256019
354832
354850
364816
367908
368073
378168
382733
383150
387675
387721
387753
390158
390259
390275
390293
393161
433849
433886
434288
434313
434944
435013
435073
435134
435194
435254
435316
435385
435407
435488
435548
435609
435668
435724
435934
436322
436339
436366
436413
436446
439954
444446
444477
444531
444562
444881
444928
444956
445010
445072
445127
445159
445427
445446
446016
446469
446610
446640
448513
473901
473923
474255
474279
474306
474419
474439
476365
476384
476416
477016
477057
477131
477307
479296
479450
479695
479741
479764
480145
480164
480542
484461
484970
485289
485320
485344
485400
485470
485503
485551
485566
485636
485660
486478
486505
487854
487876
488017
488051
560212
571665
571687
571709
571741
597844
597868
597891
598762
599751
599821
600082
600102
600759
601767
610665
626573
627032
627083
627106
627156
651318
651341
651417
651827
651856
651891
651923
651949
651969
652004
652039
652070
652104
652140
652172
652206
652237
652266
652295
652342
652369
652396
652632
652653
652682
652713
662839
663448
664746
664935
664988
665009
665029
665300
665328
665410
665441
665622
665643
665672
665742
665773
665816
665880
665914
666057
671906
672326
672480
672513
699155
699218
699247
699263
699295
699321
699435
699501
699527
699544
699564
699618
701065
701083
701102
701121
701187
701233
701266
701288
701319
701443
770405
770435
770505
771125
771209
771235
771390
771432
771542
790957
1346744
1346785
1346826
1346873
1346896
1404776
1408593
1433983
1434025
1434140
1436521
1438075
1438095
1438179
1438210
1438243
1448426
1455366
1455387
1455408
1455427
1455448
1455490
1455511
1455532
1457384
1457404
1457439
1470512
1470540
1470569
1605682
1607073
1607421
1607452
1608791
1608853
1610262
1610315
1679438
1679458
1679488
1684268
1684295
1688321
1688353
1688386
1688497
1688529
1688581
1688597
1706901
1706924
1706947
1706971
1707096
1707290
1707309
1710033
1710093
1710146
1710217
1710280
1710338
1710404
1710480
1710543
1710624
1710683
1710740
1710799
1710857
1710889
1711044
1711065
1711242
1711267
1711292
1711316
1711356
1711468
1711501
1711521
1712397
1874625
1874936
1879158
1879216
1884571
1884596
1888647
1893623
1893653
1894130
1895892
1895949
1895964
1903955
1903971
1904027
1904047
1904540
1904575
1914687
1914725
1919596
1919611
1919635
1920029
1924071
1924090
1926579
1926600
1926661
1926841
1927533
1927734
1927753
1928030
1928057
1928086
1928117
1932946
1932975
1933047
1933391
1933430
1933488
1933546
1933604
1934756
1934979
1935029
1935233
1935284
1935335
1935426
1935517
1935601
1935635
1944150
1944168
1945288
1945331
1945365
1945394
1945479
1945956
1951872
1951931
1951950
1951972
1951991
1952013
1952643
1952681
1952702
1959787
1959860
1959877
1959894
1960051
1961702
1961761
1961791
1961809
1961856
1961872
1961887
1961917
1962598
1962667
1962730
1962791
1962852
1962921
1962984
1963052
1963124
1963190
1963252
1963308
1963368
1963427
1963490
1963520
1987200
1987964
1987989
1988013
1988450
1988560
1988589
1988619
1988637
2062285
2062304
2062331
2062529
2313030
2313098
2313131
2313542
2313561
2313579
2313623
2313834
2313867
2313966
2313986
2314020
2314154
2317462
2317506
2317616
2317673
2318413
2318450
2318470
2318516
2318535
3585392
3585450
3585485
3585505
3585524
3585623
3585694
3585714
3589277
3589337
3589402
3589439
3589459
3589531
3589551
3589586
3589606
3589628
3591274
3591325
3591369
3591390
3591410
3591445
3591534
3591768
3591790
3592544
3592605
3592680
3592743
3592799
3592855
3592918
3592995
3593070
3593130
3593191
3593247
3593303
3593360
3593422
3593485
3593545
3593579
3593599
3593984
3594009
3594184
3594206
3594234
3594972
3595138
3597189
3597210
3658364
3658692
3751214
3751792
3751904
3757941
3758000
3758026
3759335
3759376
3762059
3762156
3762779
3763326
3763357
3763425
3763610
3763629
3763752
3763784
3763817
3763839
3764141
3765394
3765512
3784984
3785759
3785785
3785860
3785878
3843645
3855034
3855059
3855210
3871483
3871534
3873296
3873318
3873381
3873421
3873442
3873475
3873504
3873533
3873589
3873648
3873666
3873686
3873705
3873720
3873744
3873760
3874003
3875423
3875449
3875475
3876273
3876369
3876390
3880136
3880322
3884872
3884889
3885586
3885650
3898331
3898653
3898684
3898741
3898762
3898896
3898954
3898985
3899005
3899062
3899106
3899151
3982658
3983386
3993990
3994165
3994197
3994242
3994763
3994793
3994853
3994875
3999121
3999149
3999678
3999897
3999918
4000034
4000056
4057942
4089554
4089587
4089608
4095128
4095378
4095402
4101415
4101439
4101473
4101882
4102018
4102144
4102162
4102597
4102616
4102666
4102713
4102759
4373183
4373209
4384772
4384824
4420337
4420356
4420449
4420484
4421598
4421615
4421637
4421654
4421828
4421878
4422123
4422175
4422318
4422350
4425373
4427142
4427179
4427210
4427226
4427245
4427276
4427294
4427322
4427354
4430452
4483368
4483392
4483412
4483522
4483543
4488115
4491769
4496323
4496341
4506795
4506851
4599038
4599147
4599176
4599408
4609287
4609668
4609700
4609744
4609777
4609807
4610206
4610262
4610323
4610397
4610469
4610533
4610607
4610668
4610736
4610799
4610822
4610845
4610868
4610940
4611079
4611138
4637315
4640231
4640305
4640334
4640363
4640392
4640421
4640439
4640462
4660079
4660209
4661755
4662039
4677188
4677212
4677247
4677271
4677295
4677312
4677326
4677343
4677772
4677802
4677821
