0
23
46
69
92
115
138
161
184
207
230
253
276
333
361
390
419
471
541
570
594
620
645
715
785
840
895
942
987
1034
1081
1151
1171
1189
1205
2134
2213
2272
2335
2397
2464
2537
2597
2657
2717
2777
2840
2914
2976
3029
3083
3156
3211
3270
3317
3371
3441
3469
3720
17574
75398
78784
78821
100358
100631
100763
100782
107050
107105
107129
109511
111209
111225
111335
111575
111669
111702
113477
113501
124367
128122
129877
131633
131664
131723
131756
131792
132154
132290
132311
132342
132393
160724
162492
162565
164381
171624
171664
171697
171755
171989
172211
172231
172275
172304
172322
172904
172922
173055
173198
173374
173395
173527
173548
173580
174036
174107
174140
174192
174273
174332
174417
174975
175524
175614
177310
177344
177377
182418
182478
182548
183046
183080
183161
183188
183216
183247
183449
183515
183535
183621
183700
183733
183784
183822
183858
183879
183898
183914
183949
184013
184087
184104
184161
184223
184256
346736
347041
347080
347110
347405
347431
347454
347480
347503
347527
347551
347588
347612
347636
347756
351328
351408
366863
426142
426179
426492
426524
426542
426569
426646
427591
431281
441197
441217
441284
441362
441402
441438
441918
441948
441972
442457
442502
442580
442628
442784
442867
442887
443030
443060
443120
443148
443198
443230
443256
443289
443324
443357
444174
444205
444238
444296
444355
444379
444394
444413
444467
453326
453344
1444566
1444587
1444605
1444642
1445114
1445171
1445197
1445280
1445709
1445741
1445774
1445814
1445865
1445884
1445906
1447915
1447941
1448004
1448063
1448132
1448194
1448256
1448322
1448383
1448443
1448499
1448560
1448579
1448615
1448670
1448712
1450043
1483337
1483367
1483396
1483430
1483462
1483501
1501664
1501811
1501829
1501848
1501899
1501917
1501982
1502001
1533327
1533346
1533378
1669082
1669190
1669212
1669766
1670825
1670858
1681692
1688433
1688495
1688558
1688630
1688690
1688761
1688825
1688875
1688934
1688988
1689047
1689065
1689100
1689185
1689244
1691633
1706600
1707332
1707364
1708994
1709171
1709199
1709220
1709293
1709339
1709357
1709749
1711324
1711690
1711719
1711775
1711901
1711935
1711963
1712191
1721531
1721765
1721824
1721844
1721876
1722022
1722232
1722264
1754983
1755444
1755463
1755526
1755557
1755575
1755648
1755677
1755698
1755731
1762695
1762754
1762806
1762838
1762885
1763012
1767270
1767379
1767396
1767633
1767672
1767697
1767733
1767774
1767818
1767840
1767861
1767940
1768024
1768546
1768857
1768888
1768956
1769039
1769072
1769103
1769136
1769322
1769547
1769568
1769611
1769641
1772503
1772543
1772574
1799176
1799196
1799410
1799440
1799457
1799490
1799543
1799641
1805072
1805117
1859395
1859474
1859494
1859514
1859547
1875327
1875446
1875468
1875484
1875514
1875546
1875569
1875592
1875652
1875709
1875758
1877515
1877727
1877807
1877837
1877858
1877900
1877948
1877981
1878040
1878082
1881286
1881313
1881332
1881719
1890828
1890843
1891283
1891310
1891328
1891678
1892468
1892499
1893023
1898440
1898880
1899036
1899982
1900214
1900427
1900783
1900879
1901276
1901364
1901446
1901468
1901500
1901535
1901576
1901591
1916352
1937642
1939975
1940007
1943937
1944159
1944272
1944369
1944517
1944582
1944835
1945100
1945136
1945163
1945203
1945322
1945361
1945383
1945402
1945488
1945547
1945582
1945612
1945694
1945781
1945805
1945820
1945873
1953687
1953721
1954112
1954291
1956879
1957082
1957270
2013141
2013159
2013190
2013286
2013309
2013344
2013398
2013438
2013466
2014398
2014431
2014455
2014496
2014789
2014810
2017799
2017861
2017918
2017981
2018040
2018105
2018174
2018233
2018292
2018355
2018421
2018482
2018544
2018602
2018656
2018715
2018769
2018833
2018894
2018964
2019041
2019092
2019113
2019151
2019309
2019478
2019509
2019544
2019576
2019654
2019701
2019891
2020183
2020205
2020241
2020299
2020454
2020476
2045201
2046186
2046206
2046636
2046663
2046683
2046704
2046762
2046784
2046933
2046955
2046979
2047529
2047555
2047597
2047629
2047659
2048139
2057479
2057499
2057519
2057539
2057559
2058034
2058068
2058102
2062216
2062879
2064747
2064787
2103447
2103477
2103511
2103571
2103588
2103696
2103724
2103743
2103762
2103812
2107445
2107650
2107689
2107718
2107738
2107760
2107921
2108290
2108314
2109572
2109597
2109632
2111154
2111360
2111392
2111418
2111500
2113184
2113603
2113637
2115721
2118604
2120248
2120268
2120288
2120308
2120328
2120512
2121206
2121783
2121810
2146473
2146621
2146666
2146699
2146731
2146762
2146795
2151516
2151586
2151703
2151751
2151831
2151862
2151919
2151935
2152013
2152036
2152067
2152088
2152148
2152178
2152315
2152335
2152395
2152445
2152469
2152487
2152519
2152548
2152615
2152640
2153131
2153169
2153201
2153225
2153271
2153380
2225081
2225100
2232285
2236695
2249342
2259046
2259121
2259170
2261214
2261352
2261474
2261841
2261868
2261896
2261920
2262263
2262321
2262383
2262431
2262468
2262500
2262543
2262560
2280473
2284329
2352834
2352864
2352947
2353004
2353078
2353222
2353263
2353368
2353388
2354856
2354991
2355255
2355789
2355812
2355842
2356356
2356879
2356928
2357151
2358561
2358593
2358624
2358673
2381395
2381702
2381762
2381821
2381894
2381948
2382008
2382068
2382087
2383646
2383706
2383775
2383834
2383893
2383954
2384013
2384072
2384141
2384195
2384257
2384299
2384367
2384425
2384484
2384545
2384606
2384688
2384739
2384802
2384859
2384927
2385004
2385063
2385116
2385174
2385222
2385282
2385339
2385396
2385457
2385531
2385566
2385890
2385922
2385954
2867190
2867206
2867223
2867249
2867270
2867289
2867528
2867549
2867578
2867695
2867857
2867899
2867966
2868301
2868336
2869558
2869585
2869617
2909379
2910524
2910567
2910653
2910688
2910721
2910751
2910771
2910803
2910830
2910850
2910877
2910906
2910935
2911620
2911838
2911895
2911924
2911940
2913068
2914553
2921340
2950315
2950346
2951370
2952028
2952056
2952089
2954145
2954182
2954238
2954342
2954428
2954478
2959451
2959507
2959527
2959568
2959596
2959626
2959647
2963891
2964367
2964400
2964417
2966393
2966787
2966807
2966830
2966849
2966870
2967042
2968592
2968656
2968712
2968770
2968829
2968892
2968950
2969004
2969057
2969111
2969168
2969205
2969229
2969830
2976690
2985379
2985397
2985414
2985733
2985767
2985800
2985848
2986169
2986204
2986224
2986244
3016648
3016680
3016725
3016768
3017182
3017202
3017231
3017283
3017357
3017387
3017416
3017434
3017460
3017691
3017731
3017770
3017867
3017905
3018116
3018203
3018244
3018274
3018332
3020724
3020745
3020886
3020906
3020943
3020963
3020986
3021018
3022135
3022158
3022664
3022693
3023263
3023288
3023360
3023393
3063681
3079014
3079244
3079283
3079317
3079340
3079381
3079452
3079531
3079669
3079803
3080181
3080211
3080333
3084057
3084087
3084117
3084199
3084214
3084246
3084266
3084289
3084311
3084333
3084357
3084381
3084405
3084429
3084449
3084470
3084503
3084532
3084555
3084576
3085935
3086102
3086123
3086155
3086180
3086580
3086721
3086753
3086770
3086790
3086806
3088229
3116924
3117717
3119826
3119842
3119871
3119891
3119915
3207528
3207569
3207591
3207635
3207691
3226575
3226596
3226648
3231081
3231108
3231277
3231320
3231368
3231400
3231418
3231615
3231965
3232075
3232339
3232397
3232425
3232448
3236038
3236080
3236553
3236614
3236632
3236649
3236692
3236726
3236785
3236815
3236834
3236959
3237004
3237059
3237084
3237205
3237239
3237273
3247394
3247440
3247471
3247498
3247517
3375833
3375854
3375898
3376405
3376428
3376455
3376477
3376499
3376521
3376543
3376565
3376587
3376609
3376631
3376653
3376675
3376697
3376719
3376741
3376763
3376785
3376807
3376829
3376851
3376873
3376895
3376917
3376939
3376961
3376983
3377005
3377027
3377049
3377071
3377093
3377115
3377137
3377159
3377181
3377203
3377225
3377247
3377269
3377291
3377313
3377335
3377357
3377379
3377401
3377423
3377445
3377467
3377489
3377511
3377547
3433778
3433833
3433966
3434053
3434445
3434492
3434728
4658445
4658525
4658547
4658588
4733843
4733904
4734151
