2001cto 18057,1778|18137,1778
2001¾tokyo 19222,34320|19222,34522|19231,34320|19231,34522
2002¾frasier 19222,34019|19231,34019
2002¾nara 19222,32861|19231,32861
2002¾orlando 19222,33612|19231,33612
2002¾trento 19222,33778|19231,33778
20030619_1 16946,44908511|16946,44908652|16946,44908800
20030619_2 16946,44907623|16946,44907764|16946,44907912
20030619_3 16946,44908955|16946,44909096|16946,44909244
20030619_4 16946,44908067|16946,44908208|16946,44908356
20030619_5 16946,44909399|16946,44909540|16946,44909688|16946,44909843
20040917_1 16946,45005281|16946,45005428|16946,45005582
20040917_2 16946,45004819|16946,45004966|16946,45005120
2004b 16946,4094322|16946,4094459|16946,4094602|16946,4094752|16946,4094909|16946,4095062|16946,4095205|16946,4095355|16946,4095512
20050913_1 16946,45030000|16946,45030145|16946,45030297
20050913_2 16946,45030912|16946,45031057|16946,45031209
20050913_3 16946,45030456|16946,45030601|16946,45030753
20050913_4 16946,45029544|16946,45029689|16946,45029841
2006a 16946,4095665|16946,4095802|16946,4095945|16946,4096095|16946,4096252|16946,4096405|16946,4096548|16946,4096698|16946,4096855
2007aa01z152 19953,2479
2008addit 19813,5528|19813,5562
2008ajaylearn 19643,4666
2008alexbelief 19643,3732
2008alexexampl 19643,2977
2008alexiniti 19643,2704
2008alexintroduct 19643,2786|19643,3885
2008alexmor 19643,4211
2008alexopen 19643,4485|19643,4907|19643,5097
2008alexvari 19643,3096|19643,3290|19643,3422
2008bayesian 19813,4818|19813,4897
2008bia 19813,4657
2008chaitanya 19643,4947
2008class 19813,4625
2008classif 19813,5201
2008cs274a 19792,1743
2008cs295 19792,1785
2008cse 19546,932|19688,7402|19702,3141
2008dave 19643,3957
2008davemax 19643,4780
2008drew 19643,3601
2008f 19546,304|19546,336|19546,941|19599,17|19599,124|19607,17|19607,122|19619,17|19619,124|19623,17|19623,130|19623,1007|19626,17|19626,172|19626,263|19640,17|19640,130|19640,447|19655,17|19655,120|19659,17|19659,130|19659,447|19667,17|19667,134|19688,1637|19688,1710|19688,7931|19688,8148|19688,8224|19688,8305|19688,8377|19688,8456|19688,8529|19688,8599|19688,8699|19688,8781|19688,8864|19688,9166|19688,9753|19688,9767|19688,9835|19688,9968|19688,10040|19701,17|19701,124|19702,1411|19702,3312|19702,3368|19705,17|19705,172|19705,263|19705,277|19714,17|19714,133|19720,17|19720,123|19741,17|19741,132|19750,17|19750,172|19752,17|19752,125|19754,17|19754,136|19784,17|19784,159|19816,17|19816,132|19850,17|19850,172
2008ianhierarch 19643,4346
2008in 19813,5605
2008introduct 19813,4277
2008kenlearn 19643,4524
2008learn 19813,5396|19813,5460
2008markov 19813,4531
2008midterm 19813,4995
2008mixtur 19813,5255|19813,5324
2008ml 19813,4767
2008more 19813,5152
2008multivari 19813,4420
2008nsf 19541,16|19541,159|19579,16|19579,125|19688,9025|19688,9097|19820,16|19820,125
2008regress 19813,5024|19813,5078
2008scisip 19575,140|19589,16|19589,127|19688,7858|19688,8005|19688,8072|19781,16|19781,124|19794,16|19794,36|19794,137|19794,157|19811,18|19811,121
2008summari 19813,4965
2008todddirichlet 19643,4081
2008w 19546,955|19688,12631|19688,12761|19702,4223|19702,4345
20090211_1 16946,46788019|16946,46788128|16946,46788244|16946,46788367
2009associ 17009,11263|17024,11263
2009final 19600,3591|19612,6204
2009tanenbaum 20008,14655
2009w 19546,969|19688,1574|19688,2136|19702,1356|19702,1794
200k 19789,8696
200kb 18880,1076
200m 17103,2650|17796,2608|18391,856|18684,1305
200px 19644,2791
20100527_1 16946,45225984|16946,45226135|16946,45226293|16946,45226458|16946,45226757|16946,45226907|16946,45227064
20100527_2 16946,45227228|16946,45227378|16946,45227535|16946,45227699
2010a 16946,4097008|16946,4097143|16946,4097284|16946,4097432|16946,4097587|16946,4097738|16946,4097879|16946,4098027|16946,4098182|16946,4098333|16946,4098473|16946,4098619|16946,4098772|16946,4098932|16946,4099088|16946,4099234|16946,4099387|16946,4099547|16946,4101043|16946,4101186|16946,4101335|16946,4101491|16946,4101654|16946,4101813|16946,4101962|16946,4102118|16946,4102281
2010audio 19675,6272|19675,6329|19675,6615
2010author 20008,12854
2010editori 17009,9502|17024,9502
2010final 19675,6766
2010futura 20008,12570
2010hinton 19675,6586
2010invit 17009,9408|17024,9408
2010midterm 19675,5778
2010mixtur 19675,6423
2010mlk 19675,5300
2010no 19675,5740
2010note 19675,6163|19675,6473
2010pdf 19675,4349|19675,4445|19675,4517|19675,5004|19675,5105|19675,5206|19675,5323|19675,5398|19675,5465|19675,5565|19675,5645|19675,5807|19675,5904|19675,5998|19675,6102
2010presid 19675,6068
2010review 19675,5760|19675,6726
2010tanenbaum 20008,13292
2010the 20008,13079
2010w 19546,987|19546,998|19688,1226|19688,1303|19688,1370|19688,2058|19702,1048|19702,1117|19702,1176|19702,1724
2011f 19546,1010|19688,642|19688,721|19702,528|19702,599
2011final 19676,6329|19809,4453|19823,4132
2011invit 17009,8728|17009,8888|17024,8728|17024,8888
2011keynot 17009,9330|17024,9330
2011program 17009,9001|17024,9001
2011w 19527,19|19527,129|19546,1044|19546,1055|19688,1082|19688,1159|19688,5685|19702,920|19702,989|19702,2894
2012a 19524,4429
2012b 19524,4422
2012f 19546,1073|19546,1084|19688,208|19688,285|19688,352|19688,430|19702,142|19702,211|19702,270|19702,340
2012invit 17009,8685|17024,8685
2012program 17009,8521|17024,8521
2012tanenbaum 20008,10980|20008,17833
2012w 19546,1133|19688,498|19688,575|19702,400|19702,469
2013democrat 20008,10553
2013doctor 17009,7855|17024,7855
2013f 19546,1156|19688,3265|19702,2578
2013invit 17009,7510|17024,7510
2013karen 20008,6065
2013steampunk 20008,10811
2013talk 17653,1715|19094,1715
2013three 20008,10352
2013w 19528,26|19528,132|19546,1630|19688,4046|19798,156
2013work 17009,7992|17024,7992
2014altern 20008,17254
2014invit 17009,5193|17009,5531|17009,5842|17009,6050|17009,6139|17009,6689|17009,7433|17009,7595|17009,7715|17024,5193|17024,5531|17024,5842|17024,6050|17024,6139|17024,6689|17024,7433|17024,7595|17024,7715
2014steampunk 20008,5897
2014tanenbaum 20008,17512
2014w 19546,1232|19688,3332|19702,2637
2014workshop 17009,7898|17024,7898
2015area 17009,4723|17024,4723
2015critic 20008,16984
2015editori 17009,4318|17024,4318
2015f 19546,1243|19546,1254|19592,19|19592,135|19688,2639|19688,2773|19702,2096|19702,2214
2015featur 17009,4784|17024,4784
2015inf 20009,1202|20009,1328
2015invit 17009,3993|17009,4073|17009,4432|17009,4518|17009,4877|17009,4986|17024,3993|17024,4073|17024,4432|17024,4518|17024,4877|17024,4986
2015locat 20017,587
2015program 17009,4135|17024,4135
2015rich600338 20311,189
2015tanenbaum 20008,9239
2015tutori 17009,4844|17024,4844
2015w 19546,1278|19546,1289|19688,2706|19688,2933|19702,2155|19702,2286
2016costum 20008,16727
2016design 20008,5789
2016featur 17009,3678|17024,3678
2016furiou 20008,5629
2016ic 20009,1064
2016inf 20009,1141
2016introduct 20008,5558
2016invit 17009,2536|17009,3786|17009,3845|17009,16049|17024,2536|17024,3786|17024,3845|17024,16049
2016penseiv 20008,8739
2016professor 19982,465
2016w 19546,1338|19688,2575|19702,2040
2016whi 20008,9012
2017design 20008,6640
2017digit 20008,16444
2017februari 19998,2928
2017game 19991,469
2017ic 20009,738|20009,907
2017invit 17009,1976|17009,2254|17009,2348|17024,1976|17024,2254|17024,2348
2017januari 19998,612
2017magia 20008,6915
2017professor 19996,505|20001,505
2017program 17009,2458|17024,2458
2017rickman 20008,7163
2017track 17009,2049|17009,2124|17024,2049|17024,2124
2018ic 20009,577
2018keynot 17009,1678|17024,1678
2018octob 19998,2681
2019engitech 16985,7936|16987,7936
2019ic 16985,7805|16987,7805|20009,487
2019januari 19998,483
2019may 19998,1397
2019uci 16985,7856|16985,7892|16985,7970|16987,7856|16987,7892|16987,7970
2019video 17004,2638
2020ic 20009,385
203b 19227,1357|19232,1357
203kb 17387,2610|17855,801|18006,2618|18880,811|18947,2576
203â 20189,2480
2086depart 17017,508|17022,508
20east 18055,2968|18287,2880|18587,948|19102,2838
20em 19856,11602
20embodi 19990,8178
20final 19990,13561
20k 19789,8675
20kb 19789,8960
20m 16887,191|16890,191|16891,232|16898,191|16920,232|16934,191|16941,232|16964,232|16968,191|18921,2260|18921,3407
20m5 16946,47327086|16946,47327193|16946,47327304|16946,47327422|16946,47327547|16946,47327658|16946,47327776|16946,47327901|16946,47328022|16946,47328133|16946,47328251|16946,47328376|16946,47328497|16946,47328608|16946,47328726|16946,47328851|16946,47328972|16946,47329083|16946,47329201|16946,47329326
20mohsen 20164,1483|20192,12089
20ping 18894,1014
20pm 19580,324|19600,374|19995,592
20pmlocat 19996,646|20001,646|20019,572
20prof 19996,22582|20001,22582
20px 19613,6155|19613,6325|19856,9600
20rc0 16946,55665154|16946,55665265|16946,55665383|16946,74656489|16946,74656588|16946,74656694|16946,74688546|16946,74688643|16946,74688747|16946,74700742|16946,74700838|16946,74700941
20rc1 16946,47422604|16946,47422712|16946,47422824|16946,47422943|16946,47423069|16946,47423181|16946,47423300|16946,47423426|16946,47423548|16946,47423660|16946,47423779|16946,47423905|16946,47424027|16946,47424139|16946,47424258|16946,47424384
20rc2 16946,47373532|16946,47373640|16946,47373752|16946,47373871|16946,47373997|16946,47374109|16946,47374228|16946,47374354|16946,47374476|16946,47374588|16946,47374707|16946,47374833|16946,47374955|16946,47375067|16946,47375186|16946,47375312
20rc3 16946,47320859|16946,47320967|16946,47321079|16946,47321198|16946,47321324|16946,47321446|16946,47321558|16946,47321677|16946,47321803|16946,47321925|16946,47322037|16946,47322156|16946,47322282
20stori 17315,1454|17923,1454
20th 17035,757|17127,777|17171,811|17193,1404|17259,1097|17366,761|17380,1270|17419,2524|17612,776|17758,1292|17762,1654|17863,1538|17956,765|18014,751|18061,819|18153,848|18176,757|18221,761|18452,776|18519,1696|18719,1349|18756,1250|18790,749|18826,1696|18954,776|18986,776|19020,749|19107,1654|19145,1270|19186,5452|19190,5452|19222,20551|19222,26344|19222,54588|19223,1815|19226,1815|19231,20551|19231,26344|19231,54588|19503,8490|19503,13062|19503,13331|19626,1715|19705,1729|19750,1719|19850,1683|20003,12660|20019,17372
20thguest 20017,8739
218kb 18880,1353
21check 19996,12929|20001,12929
21final 19996,13306|20001,13306
21st 17116,2589|17204,1156|17221,703|17265,3123|17363,2541|17375,1091|17375,1131|17459,703|17603,1618|17639,1419|17698,2539|17832,1073|17832,1113|17886,11|17886,641|17886,687|17886,1361|17886,1434|17942,2539|17962,766|17962,1856|17963,1419|18014,1137|18081,2547|18116,1594|18160,50742|18208,2541|18219,766|18219,1856|18277,2450|18324,1198|18371,1198|18501,3123|18552,1178|18714,2131|18846,1642|18870,1618|18919,3114|18932,2703|18996,3114|19016,1156|19059,1115|19059,1155|19109,1642|19584,3296|19869,4815|19990,7623|20003,25306|20007,14817|20019,12376|20134,129|20134,315
21stfinal 19966,10322
21stlogist 20014,15779
21stmock 19966,10089
220k 17758,1720|17950,857|18122,834|18756,1678
22_1 16946,44898746|16946,44898893|16946,44899047|16946,45330237|16946,45330384|16946,45330538
22_2 16946,44899208|16946,44899355|16946,44899509|16946,45332085|16946,45332232|16946,45332386
22_3 16946,44894579|16946,44894726|16946,44894880
22_4 16946,44894117|16946,44894264|16946,44894418
22introductiongam 19996,22071|20001,22071
22meet 19996,23036|20001,23036
22nd 19186,1490|19186,7721|19190,1490|19190,7721|19222,42460|19231,42460|19503,9743|19503,25973|19907,6317
22nddrama 20014,17836
22ndfind 20017,8112
22ndmeet 19966,15922
22set 19990,8591
22soln 19539,335
230099ff 19654,404|19670,404
2370222read 20019,19137
2370238find 20019,19344
23_1 16946,45313198|16946,45313339|16946,45313487|16946,45313642
23_2 16946,45312159|16946,45312300|16946,45312448|16946,45312603
23a32929 19654,256|19670,256
23check 19996,12981|20001,12981
23m 16899,506|16921,464|16932,506|16945,222|16950,315|16955,180|16957,180|16961,371|16979,180
23rc0 16946,55375729|16946,55375845|16946,55375968|16946,55405314|16946,55405432|16946,55405557|16946,55645713|16946,55645822|16946,55645938|16946,55657501|16946,55657612|16946,55657730|16946,55671145|16946,55671255|16946,55671372|16946,55833803|16946,55833912|16946,55834028|16946,74617278|16946,74617382|16946,74617493|16946,74626559|16946,74626665|16946,74626778|16946,74638338|16946,74638435|16946,74638539|16946,74649319|16946,74649418|16946,74649524|16946,74661856|16946,74661954|16946,74662059|16946,74681057|16946,74681154|16946,74681258
23rd 19222,20272|19231,20272|19976,2456|20083,4702|20158,1065|20211,1159|20211,1704|20211,1819|20267,20660
23thprofessor 20014,15632
241p 16996,1101|16996,1161|16996,8265|16996,8325|16996,12657|16996,12717
242p 16996,1461|16996,1502|16996,8625|16996,8666|16996,13017|16996,13058
243p 16996,1751|16996,1793|16996,8915|16996,8957|16996,13307|16996,13349
244p 16996,2090|16996,2134|16996,9254|16996,9298|16996,13646|16996,13690
245p 16996,2347|16996,2384|16996,9511|16996,9548|16996,13903|16996,13940
2468740read 20019,15472
246p 16996,2644|16996,2684|16996,9808|16996,9848|16996,14200|16996,14240
247p 16996,2945|16996,2996|16996,10109|16996,10160|16996,14501|16996,14552
2481360find 20019,14720
248a 20019,398
248p 16996,3260|16996,3308|16996,10424|16996,10472|16996,14816|16996,14864
24_1 16946,44897822|16946,44897969|16946,44898123
24_2 16946,44895041|16946,44895188|16946,44895342
24_3 16946,44893655|16946,44893802|16946,44893956
24_4 16946,44895965|16946,44896112|16946,44896266
24check 19996,12555|20001,12555
24designbel 19990,11654
24drive 19980,3514
24inform 19982,10363
24th 17337,700|17819,2010|17835,709|18463,2052|18538,1331|19174,1339|19186,4364|19190,4364|19503,5767|19504,2997|19891,183|19907,3550|19914,184|20003,24081
24thanksgiv 19996,23077|20001,23077
24thteam 19966,9872
24x24 19692,5120
250mloc 16951,1695
256m 17849,2197
256x256 19853,6335|19853,6391|19853,6707|19853,6763
256x384 20263,625
258715read 20019,14400
25_1 16946,45142183|16946,45142323|16946,45142470
25_2 16946,45139387|16946,45139527|16946,45139674
25_3 16946,45141301|16946,45141441|16946,45141588
25anup 20238,11337
25chaitanya 20238,5985
25em 19856,7783|19856,11327|19856,12309|19856,12375|19856,12661|19856,12684|19856,13541|19899,9522|19899,12946|19899,13723|19899,13781|19899,14053|19899,14073|19899,14838
25hartmut 20238,8094
25jan 20238,1019
25larri 20238,3248
25lui 20238,9407
25m 17788,2211|17849,872|18010,2765|18929,2807
25meet 19996,22680|20001,22680
25mib 19664,6202|19789,14892
25pdfintroduct 19819,3527
25podcast 17086,2621|18498,2682|18740,2579
25px 19613,2752|19613,2787
25th 17646,916|17646,1631|17646,1696|19160,3231|19186,2731|19190,2731|19458,2414|19503,18350|19503,20473|19508,5878|19888,54|19907,2177
25thmeet 19966,15613
261p 16996,3633|16996,3685|16996,10797|16996,10849
262p 16996,5283|16996,5323|16996,16520|16996,16560
263p 16996,5778|16996,5831|16996,11536|16996,11589
2648414read 20019,15625
264p 16996,4338|16996,4393|16996,15575|16996,15630
265p 16996,4810|16996,4864|16996,16047|16996,16101
266p 16996,6248|16996,6305|16996,12006|16996,12063
26_1 16946,45141742|16946,45141882|16946,45142029|16946,45332547|16946,45332694|16946,45332848|16946,45333009
26_2 16946,45140860|16946,45141000|16946,45141147
26_3 16946,45139828|16946,45139968|16946,45140115
26_4 16946,45140269|16946,45140409|16946,45140556|16946,45140710
26check 19996,12607|20001,12607
26design 19982,9631
26progress 19990,12091
26rc0 16946,55292370|16946,55292485|16946,55292607|16946,55292736|16946,55312884|16946,55312990|16946,55313103|16946,55313223|16946,55363884|16946,55363988|16946,55364099|16946,55364217|16946,55397109|16946,55397214|16946,55397326|16946,55397445|16946,55413901|16946,55414006|16946,55414118|16946,55414237|16946,55450388|16946,55450494|16946,55450607|16946,55450727|16946,55598716|16946,55598828|16946,55598947|16946,55599073|16946,55606573|16946,55606681|16946,55606796|16946,55606918|16946,55612179|16946,55612295|16946,55612418|16946,55612548|16946,55625394|16946,55625499|16946,55625611|16946,55625730|16946,55631968|16946,55632082|16946,55632203|16946,55632331|16946,55637718|16946,55637825|16946,55637939|16946,55638060|16946,55694849|16946,55694948|16946,55695054|16946,55695167|16946,55738119|16946,55738222|16946,55738332|16946,55738449|16946,55767228|16946,55767335|16946,55767449|16946,55767570|16946,55787684|16946,55787787|16946,55787897|16946,55788014|16946,55812363|16946,55812482|16946,55812608|16946,55812741|16946,55846028|16946,55846139|16946,55846257|16946,55846382|16946,55950528|16946,55950633|16946,55950745|16946,55950864|16946,55992259|16946,55992363|16946,55992474|16946,55992592|16946,55997539|16946,55997638|16946,55997744|16946,55997857|16946,56166313|16946,56166419|16946,56166532|16946,56166652|16946,56179193|16946,56179304|16946,56179422|16946,56179547|16946,56216079|16946,56216186|16946,56216300|16946,56216421|16946,56221205|16946,56221322|16946,56221446|16946,56221577|16946,56239789|16946,56239898|16946,56240014|16946,56240137|16946,56245047|16946,56245158|16946,56245276|16946,56245401|16946,56252424|16946,56252528|16946,56252639|16946,56252757|16946,56258631|16946,56258732|16946,56258840|16946,56258955|16946,56264779|16946,56264885|16946,56264998|16946,56265118|16946,56268994|16946,56269112|16946,56269237|16946,56269369|16946,56333128|16946,56333232|16946,56333343|16946,56333461|16946,56342511|16946,56342621|16946,56342738|16946,56342862|16946,56352992|16946,56353101|16946,56353217|16946,56353340
26th 18086,1309|18287,2339|18593,20026|18973,827|18973,3224|19102,2297|19222,28542|19222,28938|19222,29390|19223,2004|19226,2004|19231,28542|19231,28938|19231,29390|19503,8186|19888,85|19980,6263|20002,4211
26tharlington 20003,2783
26thmicro 20014,20817
26zombi 19982,10449
270final03 19996,13295|20001,13295
270offic 19982,616
271p 16996,7062|16996,7111|16996,15163|16996,15212
272p 16996,7440|16996,7480|16996,17385|16996,17425
273a 19546,1090|19546,1162|19546,1295|19688,358|19688,436|19688,2939|19688,3271|19702,276|19702,346|19702,2292|19702,2584
274a 19546,1004|19546,1038|19675,4673|19676,4751|19688,940|19688,1008|19688,1376|19688,2064|19702,794|19702,854|19702,1182|19702,1730
274b 19546,1102|19546,1114|19546,1201|19546,1213|19546,1307|19546,1319|19651,25|19651,142|19660,25|19660,142|19688,2440|19688,2503|19688,3004|19688,3204|19688,3815|19688,4435|19702,1921|19702,1976|19702,2349|19702,2525|19702,2701|19702,2832
275p 16996,6726|16996,6758|16996,17049|16996,17081
276p 16996,7798|16996,7860|16996,17743|16996,17805
27design 19990,8884
27meet 19996,22116|20001,22116
27team 19996,22721|20001,22721
27th 18031,1146|18416,701|18738,1202|18896,1160|19222,27401|19231,27401|19626,1906|19705,1920|19750,1910|19850,1874|20002,464|20008,14067
27thguest 20017,8829
28cep 19026,3157
28disambigu 19835,7692
28final 19982,9702
28meet 19996,13034|20001,13034
28parenthes 19835,1658
28pdfcsp 19819,3552
28pdflearn 19819,4056
28standard 19773,5635
28th 18973,3272|20003,25393
28thfourth 20014,15826
28thmeet 19966,10147
29cours 19982,8993
29design 19990,9279
29playtestingdbh 19996,23110|20001,23110
29soln 19539,285
29team 19996,22226|20001,22226
29th 17333,693|18031,1503|18738,2546|18896,2504|19222,43101|19231,43101|19503,26554|19856,3566|19856,4121|19968,68|19968,466|19968,520|19985,752|19998,997
29thalpha 20017,8213
29thmicro 20014,18679
29thtissu 19966,16022
2_01 16946,4027261|16946,4027362|16946,4027470|16946,4027585|16946,5911135|16946,5911257|16946,5911386|16946,5911522
2_02 16946,63169046|16946,63169159|16946,63169279|16946,63169406
2_03 16946,63169529|16946,63169642|16946,63169762
2_1 16946,22211968|16946,22212077|16946,22212193|16946,22212316|16946,44883131|16946,44883276|16946,44883428|16946,44885223|16946,44885364|16946,44885512|16946,44901148|16946,44901289|16946,44901437|16946,44904685|16946,44904826|16946,44904974|16946,44914972|16946,44915110|16946,44915255|16946,44926236|16946,44926375|16946,44926521|16946,44926674|16946,44971860|16946,44972001|16946,44972149|16946,44986965|16946,44987103|16946,44987248|16946,45019941|16946,45020087|16946,45020240|16946,45032580|16946,45032726|16946,45032879|16946,45055928|16946,45056076|16946,45056231|16946,45056393|16946,45056549|16946,45056695|16946,45056848|16946,45059962|16946,45060101|16946,45060247|16946,45073525|16946,45073664|16946,45073810|16946,45075277|16946,45075416|16946,45075562|16946,45077738|16946,45077876|16946,45078021|16946,45082292|16946,45082443|16946,45082601|16946,45085113|16946,45085257|16946,45085408|16946,45085566|16946,45088707|16946,45088852|16946,45089004|16946,45089163|16946,45089774|16946,45089919|16946,45090071|16946,45092491|16946,45092631|16946,45092778|16946,45124311|16946,45124449|16946,45124594|16946,45124746|16946,45136653|16946,45136790|16946,45136934|16946,45137085|16946,45143402|16946,45143551|16946,45143707|16946,45150639|16946,45150778|16946,45150924|16946,45154006|16946,45154146|16946,45154293|16946,45154447|16946,45155479|16946,45155619|16946,45155766|16946,45156361|16946,45156501|16946,45156648|16946,45164915|16946,45165054|16946,45165200|16946,45173463|16946,45173606|16946,45173756|16946,45186824|16946,45186969|16946,45187121|16946,45200313|16946,45200460|16946,45200614|16946,45201986|16946,45202126|16946,45202273|16946,45202427|16946,45213036|16946,45213179|16946,45213329|16946,45216792|16946,45216932|16946,45217079|16946,45217233|16946,45235804|16946,45235946|16946,45236095|16946,45242056|16946,45242199|16946,45242349|16946,45261487|16946,45261625|16946,45261770|16946,45273488|16946,45273625|16946,45273769|16946,45275817|16946,45275956|16946,45276102|16946,45276255|16946,45277699|16946,45277842|16946,45277992|16946,45290354|16946,45290492|16946,45290637|16946,45303772|16946,45303915|16946,45304065|16946,45320219|16946,45320359|16946,45320506|16946,45338996|16946,45339141|16946,45339293|16946,46774053|16946,46774166|16946,46774286|16946,46774413|16946,46775834|16946,46775945|16946,46776063|16946,46776188|16946,46776410|16946,46776520|16946,46776637|16946,46776761|16946,46778534|16946,46778645|16946,46778763|16946,46778888|16946,46781348|16946,46781462|16946,46781583|16946,46781711|16946,46781939|16946,46782052|16946,46782172|16946,46782299|16946,46783505|16946,46783620|16946,46783742|16946,46783871|16946,46784123|16946,46784247|16946,46784378|16946,46784516|16946,46785334|16946,46785453|16946,46785579|16946,46785712|16946,46786435|16946,46786542|16946,46786656|16946,46786777|16946,46790164|16946,46790273|16946,46790389|16946,46790512|16946,46790738|16946,46790850|16946,46790969|16946,46791095|16946,46791880|16946,46791990|16946,46792107|16946,46792231|16946,46795606|16946,46795710|16946,46795821|16946,46795939
2_2 16946,44879261|16946,44879397|16946,44879540|16946,44884628|16946,44884769|16946,44884917|16946,44885072|16946,44903797|16946,44903938|16946,44904086|16946,44915407|16946,44915545|16946,44915690|16946,44915842|16946,44970821|16946,44970962|16946,44971110|16946,44986530|16946,44986668|16946,44986813|16946,45031514|16946,45031660|16946,45031813|16946,45060400|16946,45060539|16946,45060685|16946,45073087|16946,45073226|16946,45073372|16946,45076720|16946,45076858|16946,45077003|16946,45081183|16946,45081334|16946,45081492|16946,45135495|16946,45135632|16946,45135776|16946,45135927|16946,45142775|16946,45142924|16946,45143080|16946,45143243|16946,45150052|16946,45150191|16946,45150337|16946,45150490|16946,45152683|16946,45152823|16946,45152970|16946,45173913|16946,45174056|16946,45174206|16946,45186213|16946,45186358|16946,45186510|16946,45186669|16946,45212586|16946,45212729|16946,45212879|16946,45256951|16946,45257091|16946,45257238|16946,45260617|16946,45260755|16946,45260900|16946,45274358|16946,45274495|16946,45274639|16946,45280100|16946,45280243|16946,45280393|16946,45302872|16946,45303015|16946,45303165|16946,45319628|16946,45319768|16946,45319915|16946,45320069
2_20090715 16946,29105892|16946,29106020|16946,29106155|16946,29106297
2_20090715_patch 16946,29105240|16946,29105364|16946,29105495|16946,29105633
2_3 16946,44879690|16946,44879826|16946,44879969|16946,44884043|16946,44884188|16946,44884340|16946,44905129|16946,44905270|16946,44905418|16946,45020400|16946,45020546|16946,45020699|16946,45034863|16946,45035009|16946,45035162|16946,45057467|16946,45057613|16946,45057766|16946,45060838|16946,45060977|16946,45061123|16946,45074401|16946,45074540|16946,45074686|16946,45077155|16946,45077293|16946,45077438|16946,45077590|16946,45084349|16946,45084500|16946,45084658|16946,45084823|16946,45088119|16946,45088263|16946,45088414|16946,45165948|16946,45166087|16946,45166233|16946,45174363|16946,45174506|16946,45174656|16946,45211686|16946,45211829|16946,45211979|16946,45237133|16946,45237275|16946,45237424|16946,45258424|16946,45258564|16946,45258711|16946,45280550|16946,45280693|16946,45280843|16946,45303322|16946,45303465|16946,45303615
2_4 16946,44880119|16946,44880255|16946,44880398|16946,44880696|16946,44880841|16946,44880993|16946,44907056|16946,44907197|16946,44907345|16946,45019023|16946,45019169|16946,45019322|16946,45057926|16946,45058072|16946,45058225|16946,45058509|16946,45058648|16946,45058794|16946,45075715|16946,45075854|16946,45076000|16946,45086766|16946,45086910|16946,45087061|16946,45164039|16946,45164178|16946,45164324|16946,45172410|16946,45172553|16946,45172703|16946,45212136|16946,45212279|16946,45212429|16946,45234319|16946,45234461|16946,45234610|16946,45257983|16946,45258123|16946,45258270|16946,45304222|16946,45304365|16946,45304515
2_5 16946,44882064|16946,44882209|16946,44882361|16946,44906612|16946,44906753|16946,44906901|16946,45019482|16946,45019628|16946,45019781|16946,45033951|16946,45034097|16946,45034250|16946,45057008|16946,45057154|16946,45057307|16946,45087666|16946,45087810|16946,45087961|16946,45164477|16946,45164616|16946,45164762|16946,45172860|16946,45173003|16946,45173153|16946,45173310|16946,45231491|16946,45231633|16946,45231782|16946,45256510|16946,45256650|16946,45256797|16946,45302269|16946,45302412|16946,45302562|16946,45302719
2_6 16946,45035929|16946,45036075|16946,45036228|16946,45233872|16946,45234014|16946,45234163|16946,45257392|16946,45257532|16946,45257679|16946,45257833
2_7 16946,45033039|16946,45033185|16946,45033338
2_cmpn_bootstrap 16946,22444355|16946,22444465|16946,22444594|16946,22444730
2_cmpn_spec 16946,22445505|16946,22445610|16946,22445734|16946,22445865|16946,22446003
2_core_spec 16946,22444873|16946,22444978|16946,22445102|16946,22445233|16946,22445371
2_ga 16946,78310457|16946,78310564|16946,78310678|16946,78310799
2_java1 16946,7125524|16946,7125618|16946,7125719|16946,7125827|16946,7125931|16946,7126025|16946,7126126|16946,7126234
2_jdk5 16946,85750728|16946,85750869|16946,85751017|16946,85751172
2_rc2_java1 16946,7124921|16946,7125019|16946,7125124
2_spec 16946,46657446|16946,46657560|16946,46657680|16946,46657807|16946,46657941|16946,46658071|16946,46658189|16946,46658314|16946,46658446|16946,46673089|16946,46673204|16946,46673323|16946,46673449|16946,46673582|16946,46673711|16946,46673830|16946,46673956|16946,46674089|16946,46695283|16946,46695395|16946,46695513|16946,46695638|16946,46695770|16946,46695898|16946,46696019|16946,46696147|16946,46696282|16946,46696413|16946,46696531|16946,46696656|16946,46696788|16946,46696916|16946,46697032|16946,46697155|16946,46697285|16946,46697411|16946,46697529|16946,46697654|16946,46697786|16946,46699060|16946,46699178|16946,46699300|16946,46699429|16946,46699565|16946,46699697|16946,46699819|16946,46699948|16946,46700084|16946,46719828|16946,46719941|16946,46720058|16946,46720182|16946,46720313|16946,46720440|16946,46720557|16946,46720681|16946,46720812|16946,46728532|16946,46728654|16946,46728780|16946,46728913|16946,46729053|16946,46729179|16946,46729312|16946,46729452
2a 16946,513135|16946,513222|16946,513316|16946,710235|16946,710345|16946,710462|16946,6303397|16946,6303478|16946,6303566|16946,9443562|16946,9443669|16946,9443783|16946,9443904|16946,37243396|16946,37243504|16946,37243619|16946,37243741|16946,37943409|16946,37943524|16946,37943646|16946,37943775|16946,84653197|16946,84653308|16946,84653426|16946,87438961|16946,87439051|16946,87439148
2a3 16946,29472628|16946,29472726|16946,29472831|16946,29472943|16946,29474967|16946,29475075|16946,29475190|16946,29475312|16946,29477334|16946,29477439|16946,29477551|16946,29477670|16946,29486100|16946,29486204|16946,29486315|16946,29486433|16946,29489501|16946,29489611|16946,29489728|16946,29489852
2a4 16946,29472205|16946,29472303|16946,29472408|16946,29472520|16946,29474504|16946,29474612|16946,29474727|16946,29474849|16946,29476883|16946,29476988|16946,29477100|16946,29477219|16946,29485653|16946,29485757|16946,29485868|16946,29485986|16946,29489030|16946,29489140|16946,29489257|16946,29489381
2a_min 16946,6302746|16946,6302831|16946,6302923
2alpha1 16946,5344926|16946,5345017|16946,5345115|16946,5345220
2b 16946,37252492|16946,37252600|16946,37252715|16946,37252837|16946,37941932|16946,37942047|16946,37942169|16946,37942298|16946,37972834|16946,37972953|16946,37973079|16946,37973212|19978,1417
2b1 16946,22456937|16946,22457040|16946,22457150|16946,22457267|16946,22458584|16946,22458701|16946,22458825|16946,22458956|16946,22460828|16946,22460938|16946,22461055|16946,22461179|16946,74797844|16946,74797942|16946,74798047|16946,74800983|16946,74801084|16946,74801192|16946,74803803|16946,74803901|16946,74804006|16946,74805472|16946,74805574|16946,74805683|16946,74808407|16946,74808509|16946,74808618|16946,74810124|16946,74810222|16946,74810327|16946,74812838|16946,74812939|16946,74813047|16946,74814543|16946,74814642|16946,74814748|16946,74816658|16946,74816760|16946,74816869|16946,74818371|16946,74818467|16946,74818570|16946,74819398|16946,74819502|16946,74819613|16946,74825051|16946,74825149|16946,74825254|16946,74828481|16946,74828583|16946,74828692|16946,74830176|16946,74830263|16946,74830357|16946,74836974|16946,74837073|16946,74837179|16946,74838655|16946,74838756|16946,74838864|16946,74840362|16946,74840462|16946,74840569|16946,74842051|16946,74842149|16946,74842254|16946,74845559|16946,74845657|16946,74845762|16946,74847226|16946,74847327|16946,74847435|16946,74850054|16946,74850159|16946,74850271|16946,74852228|16946,74852328|16946,74852435|16946,74853915|16946,74854012|16946,74854116|16946,87409494|16946,87409581|16946,87409675
2b2 16946,22455717|16946,22455820|16946,22455930|16946,22456047|16946,22458085|16946,22458202|16946,22458326|16946,22458457|16946,22459531|16946,22459641|16946,22459758|16946,22459882|16946,74798159|16946,74798257|16946,74798362|16946,74799507|16946,74799606|16946,74799712|16946,74801307|16946,74801408|16946,74801516|16946,74802702|16946,74802808|16946,74802921|16946,74804118|16946,74804216|16946,74804321|16946,74805799|16946,74805901|16946,74806010|16946,74808734|16946,74808836|16946,74808945|16946,74810439|16946,74810537|16946,74810642|16946,74811787|16946,74811886|16946,74811992|16946,74813162|16946,74813263|16946,74813371|16946,74814861|16946,74814960|16946,74815066|16946,74816985|16946,74817087|16946,74817196|16946,74818680|16946,74818776|16946,74818879|16946,74819731|16946,74819835|16946,74819946|16946,74822590|16946,74822692|16946,74822801|16946,74825366|16946,74825464|16946,74825569|16946,74828808|16946,74828910|16946,74829019|16946,74830734|16946,74830821|16946,74830915|16946,74837292|16946,74837391|16946,74837497|16946,74838979|16946,74839080|16946,74839188|16946,74840683|16946,74840783|16946,74840890|16946,74842366|16946,74842464|16946,74842569|16946,74844147|16946,74844251|16946,74844362|16946,74845874|16946,74845972|16946,74846077|16946,74847550|16946,74847651|16946,74847759|16946,74850390|16946,74850495|16946,74850607|16946,74852549|16946,74852649|16946,74852756|16946,74854227|16946,74854324|16946,74854428
2b2b6753 19925,30|19925,68|19927,30|19927,75|19939,78
2b4 16946,9232179|16946,9232281|16946,9232390|16946,74798474|16946,74798572|16946,74798677|16946,74799922|16946,74800023|16946,74800131|16946,74801631|16946,74801732|16946,74801840|16946,74803041|16946,74803147|16946,74803260|16946,74804433|16946,74804531|16946,74804636|16946,74806126|16946,74806228|16946,74806337|16946,74809061|16946,74809163|16946,74809272|16946,74810754|16946,74810852|16946,74810957|16946,74812105|16946,74812204|16946,74812310|16946,74813486|16946,74813587|16946,74813695|16946,74815179|16946,74815278|16946,74815384|16946,74817312|16946,74817414|16946,74817523|16946,74820064|16946,74820168|16946,74820279|16946,74822917|16946,74823019|16946,74823128|16946,74823988|16946,74824090|16946,74824199|16946,74825681|16946,74825779|16946,74825884|16946,74827442|16946,74827540|16946,74827645|16946,74829135|16946,74829237|16946,74829346|16946,74833734|16946,74833821|16946,74833915|16946,74836246|16946,74836346|16946,74836453|16946,74837610|16946,74837709|16946,74837815|16946,74839303|16946,74839404|16946,74839512|16946,74841004|16946,74841104|16946,74841211|16946,74842681|16946,74842779|16946,74842884|16946,74844480|16946,74844584|16946,74844695|16946,74846189|16946,74846287|16946,74846392|16946,74847874|16946,74847975|16946,74848083|16946,74848945|16946,74849051|16946,74849164|16946,74850726|16946,74850831|16946,74850943|16946,74852870|16946,74852970|16946,74853077|16946,74854539|16946,74854636|16946,74854740
2b7 16946,366318|16946,366395|16946,366479|16946,367153|16946,367234|16946,367322
2basic 19600,3035
2bay 19524,3844|19542,3902|19588,4963|19737,4051|19768,3398
2beta4 16946,6961314|16946,6961403|16946,6961499
2beta_1 16946,45265681|16946,45265826|16946,45265978
2beta_2 16946,45266137|16946,45266282|16946,45266434|16946,45266593
2c 16946,37263955|16946,37264063|16946,37264178|16946,37264300
2cell 19573,6842|19581,1041|19581,1337|19581,1356|19581,1631|19581,1650|19581,2148|19581,3390|19581,3626|19581,3812|19581,4273|19581,4606|19581,4942|19581,5500|19581,5965|19581,5984|19581,6323|19581,6342
2d 18919,2139|18996,2139|19601,3135|19601,4625|19601,4663|19754,1422|19772,1814|19772,1914|19826,3562|20000,1220|20000,1266|20031,3166|20032,4641|20032,4664|20044,3166|20084,870|20090,695|20095,561|20095,679|20097,2238|20107,500|20107,878|20107,1166|20152,743|20152,2584|20169,846|20219,398|20256,516|20283,1510|20283,6759
2d3 20116,24
2de 18987,4406
2decis 19524,4143|19542,4213|19588,5002|19737,4362|19768,3856
2dimension 19524,4304|19542,4386|19588,5423|19737,4535|19768,4059
2dl 18987,4411
2em 19856,9382|19856,9729|19856,9747|19856,10192|19856,10229|19856,10325|19856,10368|19856,10454|19856,10464|19856,10589|19856,10908|19856,11038|19856,11184|19856,11239|19856,12076|19856,13273|19856,13354|19899,7063|19899,9430|19899,10911|19899,11195|19899,11210|19899,11584|19899,11612|19899,11696|19899,11730|19899,11814|19899,11918|19899,12074|19899,12086|19899,12127|19899,12267|19899,12273|19899,12279|19899,12285|19899,12367|19899,12373|19899,12379|19899,12385|19899,12679|19899,13529|19899,14619|19899,14685|19899,15819|19899,15873|19899,15885
2f 20039,3587|20039,3635|20039,3683|20061,3587|20061,3635|20061,3683
2factorauth 19483,2368
2gb 19619,772
2gib 19664,6266|19789,14956
2guest 19996,12701|20001,12701
2h 19264,2303|19413,408|19419,1963|19434,3301
2he 18987,4396
2head 19573,6823
2hl 18987,4401
2inform 19809,3632
2k 19925,179|19926,472|19927,195|19929,166|19931,165|19932,503|19934,196|19935,178|19936,256|19937,587|19938,518|19939,156|19941,153|19942,163|19944,141|19946,214|19947,164|19949,185|19950,185
2k3 16946,36195721|16946,36195847|16946,36195979|16946,36196118|16946,36196264
2l 16914,1843|16935,71642|16936,44470|16936,45836
2learn 19771,3003
2lectur 19823,3843
2linear 19524,3925|19542,3983|19588,5099|19737,4132|19768,3544
2m 17045,1222|17253,1904|17264,2627|17571,1180|17989,1038|18551,804
2m1 16946,30445938|16946,30446044|16946,30446157|16946,30446277|16946,30490938|16946,30491044|16946,30491157|16946,30491277|16946,30550975|16946,30551079|16946,30551190|16946,30551308|16946,30614187|16946,30614294|16946,30614408|16946,30614529|16946,30650343|16946,30650445|16946,30650554|16946,30650670|16946,30675106|16946,30675216|16946,30675333|16946,30675457|16946,30725084|16946,30725188|16946,30725299|16946,30725417|16946,30742350|16946,30742455|16946,30742567|16946,30742686|16946,30764711|16946,30764839|16946,30764974|16946,30765116|16946,30791788|16946,30791918|16946,30792055|16946,30792199|16946,30828983|16946,30829085|16946,30829194|16946,30829310|16946,30871968|16946,30872077|16946,30872193|16946,30872316|16946,30928247|16946,30928356|16946,30928472|16946,30928595|16946,31234410|16946,31234516|16946,31234629|16946,31234749|16946,31242297|16946,31242407|16946,31242524|16946,31242648|16946,31265006|16946,31265108|16946,31265217|16946,31265333|16946,31293439|16946,31293551|16946,31293670|16946,31293796|16946,31299903|16946,31300015|16946,31300134|16946,31300260
2m12 16946,22456160|16946,22456264|16946,22456375|16946,22456493|16946,22460002|16946,22460113|16946,22460231|16946,22460356
2m3 16946,23658756|16946,23658874|16946,23658999|16946,23659131|16946,23660373|16946,23660507|16946,23660648|16946,23660796|16946,23662152|16946,23662279|16946,23662413|16946,23662554|16946,23663866|16946,23663999|16946,23664139|16946,23664286|16946,23665618|16946,23665737|16946,23665863|16946,23665996|16946,23667210|16946,23667326|16946,23667449|16946,23667579
2m6 16946,22455387|16946,22455490|16946,22455600|16946,22459180|16946,22459290|16946,22459407
2m9 16946,22456607|16946,22456710|16946,22456820|16946,22460477|16946,22460587|16946,22460704
2mb 19789,12213
2mib 19664,6730
2mock 19996,13075|20001,13075
2more 19676,5075
2multipl 19612,4712
2n 19908,1815
2nd 17009,10365|17009,17476|17009,18726|17024,10365|17024,17476|17024,18726|17387,1338|17549,20244|17812,1583|18006,1346|18150,1625|18160,18990|18160,24508|18160,25087|18160,34059|18748,823|18764,727|18945,1618|18947,1304|19185,10443|19187,7022|19193,7022|19204,10443|19339,12|19339,210|19339,359|19339,555|19353,1643|19353,1792|19353,2008|19370,635|19370,838|19461,3133|19461,3294|19461,3495|19503,3538|19503,10043|19503,29923|19520,3675|19521,6161|19577,9229|19601,13635|19746,3505|19819,3585|19843,9227|19885,1295|19887,3915|19907,3102|19907,6751|19966,4053|20039,1696|20061,1696|20077,50
2ndwelcom 20014,15249
2nearest 19524,3811|19542,3869|19588,4930|19737,4018|19768,3362
2neural 19542,4090|19737,4239|19768,3761
2pm 19580,318|19600,368|19612,696|19612,2019|19646,501|19692,408|19737,421|19768,436|19783,466|19964,1400|19964,2366|19965,1400|19965,2366
2pre0 16946,55306463|16946,55306566|16946,55306676|16946,55306793|16946,55373557|16946,55373673|16946,55373796|16946,55403106|16946,55403224|16946,55403349|16946,55643667|16946,55643776|16946,55643892|16946,55654027|16946,55654138|16946,55654256|16946,55669081|16946,55669191|16946,55669308|16946,55761322|16946,55761427|16946,55761539|16946,55761658|16946,55820286|16946,55820397|16946,55820515|16946,55830728|16946,55830837|16946,55830953|16946,55907682|16946,55907782|16946,55907889|16946,55908003|16946,56097246|16946,56097355|16946,56097471|16946,56097594|16946,56210345|16946,56210446|16946,56210554|16946,56210669|16946,56235117|16946,56235224|16946,56235338|16946,56235459|16946,74615322|16946,74615426|16946,74615537|16946,74624567|16946,74624673|16946,74624786|16946,74636508|16946,74636605|16946,74636709|16946,74646205|16946,74646304|16946,74646410|16946,74660008|16946,74660106|16946,74660211|16946,74670181|16946,74670280|16946,74670386|16946,74678306|16946,74678403|16946,74678507
2pre1 16946,55307776|16946,55307879|16946,55307989|16946,55308106|16946,55764000|16946,55764105|16946,55764217|16946,55764336|16946,55908967|16946,55909067|16946,55909174|16946,55909288|16946,56100020|16946,56100129|16946,56100245|16946,56100368|16946,56212927|16946,56213028|16946,56213136|16946,56213251|16946,56236031|16946,56236138|16946,56236252|16946,56236373
2px 19572,8667|19572,8696|19726,8818|19726,11186|19856,11137|19856,11344|19899,1045|19899,4404|19899,4654|19899,4710|19899,6964|19899,7249|19899,12873|19899,12960
2rc 16946,29471359|16946,29471457|16946,29471562|16946,29471674|16946,29473578|16946,29473686|16946,29473801|16946,29473923|16946,29475981|16946,29476086|16946,29476198|16946,29476317|16946,29484759|16946,29484863|16946,29484974|16946,29485092|16946,29488088|16946,29488198|16946,29488315|16946,29488439
2rc0 16946,55308219|16946,55308321|16946,55308430|16946,55308546|16946,55764886|16946,55764990|16946,55765101|16946,55765219|16946,55909398|16946,55909497|16946,55909603|16946,55909716|16946,56100938|16946,56101046|16946,56101161|16946,56101283|16946,56213781|16946,56213881|16946,56213988|16946,56214102|16946,56236490|16946,56236596|16946,56236709|16946,56236829
2rc1 16946,30430296|16946,30430403|16946,30430517|16946,30430638|16946,30473005|16946,30473112|16946,30473226|16946,30473347|16946,30512427|16946,30512545|16946,30512670|16946,30512802|16946,30534707|16946,30534812|16946,30534924|16946,30535043|16946,30587365|16946,30587473|16946,30587588|16946,30587710|16946,30634363|16946,30634466|16946,30634576|16946,30634693|16946,30660337|16946,30660448|16946,30660566|16946,30660691|16946,30709714|16946,30709819|16946,30709931|16946,30710050|16946,30733270|16946,30733376|16946,30733489|16946,30733609|16946,30750227|16946,30750356|16946,30750492|16946,30750635|16946,30777092|16946,30777223|16946,30777361|16946,30777506|16946,30813003|16946,30813106|16946,30813216|16946,30813333|16946,30855918|16946,30856028|16946,30856145|16946,30856269|16946,30908030|16946,30908140|16946,30908257|16946,30908381|16946,31217854|16946,31217961|16946,31218075|16946,31218196|16946,31241822|16946,31241933|16946,31242051|16946,31242176|16946,31246819|16946,31246922|16946,31247032|16946,31247149|16946,31278062|16946,31278175|16946,31278295|16946,31278422|16946,38094924|16946,38095012|16946,38095107|16946,38115691|16946,38115788|16946,38115892|16946,38159814|16946,38159922|16946,38160037|16946,55304703|16946,55304805|16946,55304914|16946,55305030|16946,55758205|16946,55758309|16946,55758420|16946,55758538|16946,55906401|16946,55906500|16946,55906606|16946,55906719|16946,56094017|16946,56094125|16946,56094240|16946,56094362|16946,56207340|16946,56207440|16946,56207547|16946,56207661|16946,56233293|16946,56233399|16946,56233512|16946,56233632|16946,87439835|16946,87439925|16946,87440022|16946,87443903|16946,87443996|16946,87444096
2rc2 16946,30449123|16946,30449230|16946,30449344|16946,30449465|16946,30495045|16946,30495152|16946,30495266|16946,30495387|16946,30554555|16946,30554660|16946,30554772|16946,30554891|16946,30620979|16946,30621087|16946,30621202|16946,30621324|16946,30653859|16946,30653962|16946,30654072|16946,30654189|16946,30677932|16946,30678043|16946,30678161|16946,30678286|16946,30728213|16946,30728318|16946,30728430|16946,30728549|16946,30768779|16946,30768908|16946,30769044|16946,30769187|16946,30795916|16946,30796047|16946,30796185|16946,30796330|16946,30832499|16946,30832602|16946,30832712|16946,30832829|16946,30875237|16946,30875347|16946,30875464|16946,30875588|16946,30933253|16946,30933363|16946,30933480|16946,30933604|16946,31238054|16946,31238161|16946,31238275|16946,31238396|16946,31269863|16946,31269966|16946,31270076|16946,31270193|16946,31296670|16946,31296783|16946,31296903|16946,31297030|16946,55305581|16946,55305683|16946,55305792|16946,55305908|16946,55759993|16946,55760097|16946,55760208|16946,55760326|16946,55907255|16946,55907354|16946,55907460|16946,55907573|16946,56095869|16946,56095977|16946,56096092|16946,56096214|16946,56209064|16946,56209164|16946,56209271|16946,56209385|16946,56234203|16946,56234309|16946,56234422|16946,56234542|16946,75321094|16946,75321188|16946,75321289
2rc4 16946,55299129|16946,55299231|16946,55299340|16946,55299456|16946,55744318|16946,55744422|16946,55744533|16946,55744651|16946,55900028|16946,55900127|16946,55900233|16946,55900346|16946,56080896|16946,56081004|16946,56081119|16946,56081241|16946,56193953|16946,56194053|16946,56194160|16946,56194274|16946,56226142|16946,56226248|16946,56226361|16946,56226481
2rc5 16946,55300438|16946,55300540|16946,55300649|16946,55300765|16946,55746541|16946,55746645|16946,55746756|16946,55746874|16946,55900870|16946,55900969|16946,55901075|16946,55901188|16946,56082281|16946,56082389|16946,56082504|16946,56082626|16946,56196096|16946,56196196|16946,56196303|16946,56196417|16946,56227499|16946,56227605|16946,56227718|16946,56227838
2resum 17003,2081
2return 20024,1312|20024,1784
2same 19823,3978
2search 19823,3194
2slide 19809,3919
2thursday 19982,9172
2tuesday 19982,9105
2u 20058,409
2workshop 20296,136
2x 20236,1133
2x1 19577,6413|19843,6411
2x10 19757,4946
2x2 19601,4960|19757,997
2π 19853,3396|19853,7416
