0
17
613
707
737
13257
13401
13528
13553
13710
13868
13981
14605
14698
14746
15282
16261
16278
16414
16429
16942
17071
17103
17446
18087
18395
54839
55138
55239
55462
55496
55529
55566
57291
57325
57342
57361
57481
57577
57710
57782
57799
57818
105269
105407
105556
105617
105634
105716
105749
105982
106030
106088
106172
106196
106256
106294
106323
106353
106388
106421
106718
106897
106933
106992
107026
107145
107168
107199
107223
107255
107276
107315
107334
107365
107443
107564
108001
108026
108051
108125
108240
108276
108313
108340
108365
108411
112622
112697
112737
112767
112816
112882
113206
113274
113363
113441
113474
115820
115841
115862
115891
115915
116079
116137
116180
116221
116260
116549
116581
116656
116851
117043
117081
117118
117147
117170
117190
117214
117239
117406
117466
117504
117532
117565
117605
117625
117650
117918
117978
118030
118120
118384
118417
118456
118499
118519
118543
118567
118589
118612
118639
118902
119167
119444
119482
119517
119552
119571
119714
119947
120092
121339
121358
121383
121844
121863
122860
123035
123117
123137
123155
123185
123311
123336
123406
123422
123445
123530
123548
123568
123629
123670
123741
123815
123837
123858
123875
123903
123922
123966
124081
124193
124211
124234
124267
124287
124561
124633
124851
124931
125515
125706
125745
125912
125929
125949
126198
126217
130013
130046
130495
130535
130552
130571
130589
130605
131888
131907
131971
132024
132051
132071
132100
132212
132228
132246
132272
132717
167939
167960
167982
168000
168027
168045
168073
168141
169753
169803
169822
170036
170125
170991
171173
171203
171221
171249
171279
172224
173752
173847
175042
175061
175081
175100
175472
175493
182060
183120
183148
183174
183197
183338
183491
183586
183605
197143
206076
206372
206423
207253
207272
207308
207326
207347
207364
207392
207412
207554
207572
207600
212689
212951
212995
213113
213183
213219
213412
213441
213458
213477
213623
213641
213662
213683
213701
213722
213761
214873
214902
214931
214958
214985
215013
215041
215070
215124
215207
215226
215257
216556
216591
216701
216981
217028
230615
230637
230662
230731
230750
230834
238956
238975
239193
241556
242446
245040
245175
245193
252509
252551
252577
252626
252656
252685
252719
253121
253152
253173
253519
253538
256126
256153
259306
259569
262277
262328
284576
285397
285474
285559
285602
285624
285854
285901
287281
287612
287674
288060
288184
288216
288235
288255
288516
288549
288572
288629
288710
288733
288757
288789
288815
296321
296356
296382
296406
296434
296633
296664
367200
367250
367316
367335
367361
370228
370291
370354
370417
370467
370522
370577
370701
370731
370868
370905
392782
392843
395682
395725
395826
395869
396117
396214
396248
396309
396418
396492
399311
399369
399389
399426
399456
399784
399815
399902
400243
400271
400288
400306
407500
407539
407578
414125
414356
414383
414453
414499
414517
414543
414584
415200
415276
415294
415342
415412
415431
415698
415727
415779
415810
415826
424178
425206
426233
427085
427103
427142
427164
427697
427750
430915
445296
445314
445332
446567
450258
450322
450361
450460
450551
450570
450713
450882
450961
450981
450998
452281
452307
452589
452640
452659
452705
452723
452758
452840
452905
452933
452950
453003
453269
453408
453446
453474
453505
453556
453581
453597
453637
453660
453746
453761
454114
454191
454347
454364
454998
455182
472874
473297
473348
473403
473422
478105
478188
478391
478412
478432
478475
478500
478568
478722
478747
478826
478907
478959
478989
479046
479445
479856
479880
479897
480173
480617
480783
480863
480881
480908
480927
481023
481123
481142
481170
481188
481219
481247
481267
481295
481313
481706
481726
481751
481867
481882
481898
481914
481935
481951
482496
482540
482555
482573
482590
483150
483250
483278
483436
483511
483531
484775
484916
484936
485112
485344
485372
485634
485663
485690
485719
485790
485813
486021
486044
486060
486077
486151
486351
486368
486398
486466
486484
486514
486534
486588
486611
486637
486656
486747
486763
523526
523547
523635
523730
523771
523927
524006
524034
524054
524126
524144
526535
526878
527422
527597
527618
528519
528571
529021
529059
529383
529722
529753
529775
529822
529842
529883
529911
529997
530090
530118
533318
533481
535247
535333
536106
536291
536316
536334
536351
539629
546428
546462
546548
546950
547034
547051
547087
547119
547142
547792
547855
547885
550047
550093
550267
550306
550335
550601
550619
571822
571856
571890
572040
572061
572092
572120
572140
573987
574081
574101
574328
574350
574513
574670
575130
575175
575200
575232
575277
575305
575350
575395
575427
575472
575491
575515
575535
575560
575755
575781
575821
575852
576654
576707
576726
576748
694727
694754
694899
737209
738221
738273
738302
738717
738903
738924
739311
739458
739620
743566
743595
743647
743709
743726
743756
743841
743873
743959
744125
744143
744183
744222
744251
745609
745814
745833
745875
746003
746018
746726
793262
793325
793344
793456
793822
793842
793877
793916
793933
793953
794134
794153
797516
797619
797648
797690
798087
798121
798437
798486
798503
798583
798648
798720
800419
801049
801067
801096
801115
801131
801270
801300
801338
802583
802728
806218
807389
808223
808288
808307
808327
808574
808596
808616
808689
808720
810075
810102
811780
811833
811852
811873
811902
812254
812310
812517
812600
812651
812688
812726
812918
812972
813017
818381
818751
818783
818925
818945
818965
819019
819538
819564
819609
819634
820075
820093
820168
820185
820204
824695
824725
825548
826006
836139
836213
836234
836751
836897
838090
856100
856169
856201
856342
856363
856418
856439
856460
856481
856545
858022
859282
859308
859414
859579
859633
859655
859728
859758
859792
859816
859855
859942
860025
860048
860090
860155
860174
860196
860214
871727
871791
871835
871932
871963
873036
873078
873131
873147
873297
873314
873328
873395
873521
873550
873756
873778
873800
873821
873838
873857
877417
877458
877490
877587
877605
878292
878308
878337
878564
878700
878716
878734
879498
879552
879582
879894
881738
881764
881781
882159
882177
882378
882396
882414
889746
923069
923133
923310
923360
923560
923631
927398
927418
927800
928016
928034
930011
930029
930051
930074
930187
930313
930329
930444
930463
930479
930498
930519
931195
931294
931311
932485
932776
932932
933078
933164
933185
933276
933294
933342
933467
933484
933502
933555
933596
933635
933653
934022
934363
934465
934485
937122
937204
938258
938341
938388
938439
938466
938497
938523
938543
938564
938713
938839
938855
938873
939426
939454
941134
941181
941313
941366
941386
941410
941496
941513
941926
942313
942725
943280
943315
943350
943385
943418
943452
943486
943509
943542
943564
943584
943646
945763
945783
946103
946142
946165
946189
946213
946235
946271
946295
947337
947449
947476
947540
947927
952375
952896
953427
953538
953679
953766
955005
955237
955275
955341
955379
956005
956140
956298
956322
960304
964028
964184
964243
964442
964462
967495
967531
977592
977615
977760
977880
977898
977952
977995
978024
978256
978272
978403
978421
979436
979463
980143
980239
982310
1026333
1026892
1027156
1027926
1028248
1028269
1028303
1028675
1032073
1032093
1032110
1032139
1032555
1032582
1032602
1032641
1032731
1033654
1084825
1084974
1085122
1085820
1085837
1085908
1085928
1085969
1093923
1094334
1094354
1094372
1094885
1094905
1094925
1094946
1096749
1097135
1097158
1097181
1097239
1097259
1109460
1109479
1109578
1109877
1109906
1109933
1109956
1109975
1109996
1110035
1110086
1113242
1113256
1113283
1118223
1118544
1118641
1118675
1118813
1118864
1119289
1119387
1119436
1119510
1119740
1119771
1119813
1308342
1308421
1308440
1308469
1308670
1308733
1308847
1308865
1308886
1310638
1310862
1310885
1311607
1311672
1311687
1315143
1316401
1321422
1321893
1334738
1334947
1335569
2554962
2555376
2555790
2557569
2557659
2557747
2558103
2558154
2558186
2558657
2560213
2577601
2577646
2578085
2578136
2592182
2592263
2593335
2593410
2593482
2593499
2593514
2593887
2603188
2603295
2603614
2604372
2604425
2604535
2604553
2604614
2604629
2604644
2624667
2624708
2624726
2624748
2624778
2624811
2624843
2624895
2624928
2625091
2625124
2625178
2625200
2625302
2625322
2625370
2625401
2625432
2625446
2625467
2626141
2626263
2627424
2627442
2627459
2627538
2627756
2627857
2627876
2627926
2628667
2631291
2631320
2631816
2631833
2631929
2631948
2632086
2632113
2632143
2632161
2632181
2632261
2632319
2645379
2645412
2653674
2653820
2653845
2654711
2654740
2654763
2654789
2654813
2654834
2654857
2654886
2654905
2654936
2654964
2655228
2655255
2655273
2655605
2655634
2655655
2656937
2665855
2666778
2667632
2668044
2668061
2668083
2668129
2668156
2668185
2668204
2668232
2668436
2668456
2668496
2668556
2668811
2689984
2690009
2690095
2690612
2690634
2690668
2691825
2691848
2691955
2692342
2692359
2692382
2693565
2693798
2694255
2694328
2694357
2694801
2694826
2695027
2696281
2696311
2696415
2696436
2696607
2696629
2696648
2696770
2701396
2701415
2702099
2702121
2702385
2702577
2702595
2702618
2703902
2703934
2703954
2703970
2703998
2704031
2704058
2722664
2722839
2722955
2722974
2723033
2723870
2723896
2723968
2724061
2724181
2724714
2724817
2725032
2725236
2725292
2725309
2725338
2725370
2725408
2725426
2726587
2726605
2726624
2733148
2733180
2733371
2733397
2733556
2733590
2733614
2733642
2733658
2736252
2736268
2736294
2736311
2736328
2736344
2744891
2747313
2777580
2777857
2777879
2777901
2777925
2777958
2778030
2778237
2778546
2778665
2779011
2794841
2795049
2795305
2797090
2797308
2797527
2797599
2797808
2798156
2798239
2798405
2798435
2798591
2798632
2798652
2798729
2798854
2801923
2801958
2802031
2803995
2804026
2804044
2804088
2804115
2807258
2807346
2807366
2809802
2809822
2809837
2810012
2817223
2839506
2839529
2839611
2839640
2839858
2840453
2840656
2840702
2840735
2840808
2841584
2841744
2841766
2842523
2844807
2844826
2845149
2845171
2845190
2845231
2845270
2845356
2845375
2845426
2845451
2845558
2845609
2845632
2845655
2845776
2845794
2845821
2846005
2846023
2848571
2848589
2848606
2848668
2848686
2848715
2848777
2848815
2848930
2877712
2877755
2877777
2898857
2898877
2898954
2899020
2905315
2905337
2905354
2909240
2909255
2909272
2909387
2909437
2909489
2909538
2909598
2909741
2909813
2909829
2909849
2909941
2909957
2910008
2914013
2914180
2914215
2914241
2914266
2914296
2914831
2914885
2914917
2914957
2914999
2915063
2915734
2916048
2916162
2916639
2916658
2916697
2916721
2917286
2917506
2917536
2917784
2917812
2917850
2917867
2917886
2917904
2917923
2917962
2918054
2918107
2918126
2918147
2918177
2918194
2918214
2918244
2918262
2918621
2918681
2918776
2918792
2918810
2919988
2920113
2921033
2921384
2921735
2922145
2922495
2923865
2925295
2925645
2925995
2926345
2926695
2926714
2926748
2926807
2926827
2926889
2926909
2927157
2927177
2927293
2927437
2927522
2928888
2928950
2929263
2929330
2929352
2933103
2933160
2933186
2933321
2933341
2933626
2933708
2933750
2933850
2933873
2934830
2934871
2937117
2937192
2937267
2937296
2937375
2937896
2938291
2938613
2938830
2938960
2939094
2939222
2939255
2939443
2939497
2939517
2939548
2939579
2939597
2939683
2939859
2939879
2995386
2995417
2995513
2995569
2995751
2995780
2995899
2995932
2995950
2996048
2996094
2996141
2996171
2996245
2998587
2998765
2998828
2998848
2998868
2998893
2998913
2998943
3000061
3000156
3000179
3000200
3000220
3000292
3000374
3000499
3000531
3000562
3000626
3000967
3001463
3036150
3036191
3036225
3036254
3036319
3036348
3036378
3036443
3036545
3036580
3036615
3037590
3038381
3038444
3038462
3040145
3040169
3040190
3040211
3040234
3040498
3040551
3040605
3040625
3040663
3040704
3043141
3043405
3045215
3047687
3047703
3047722
3048076
3051406
3052387
3087212
3087626
3087658
3087694
3087743
3101024
3101599
3101631
3101650
3101690
3101716
3101830
3103005
3103022
3103358
3103555
3103584
3104610
3105612
3105766
3105824
3106021
3106119
3106353
3106395
3107048
3107125
3107177
3107278
3107413
3108366
3108384
3118019
3118055
3118099
3118154
3118176
3118211
3119604
3119690
3119725
3119749
3120218
3120240
3121492
3121545
3121565
3121827
3121887
3123576
3123661
3123723
3124172
3124443
3124591
3124632
3124650
3124825
3124843
3124893
3124925
3127974
3127998
3132354
3132408
3132820
3132952
3132971
3133344
3133370
3133474
3133489
3134161
3134178
3135008
3136346
3136490
3136517
3136543
3138833
3145056
3145155
3145172
3145193
3158965
3159005
3159026
3159049
3159073
3159091
3159109
3160550
3160612
3160640
3161505
3164899
3164929
3164955
3164983
3165007
3178007
3178042
3178065
3187882
3187925
3187971
3187989
3188009
3188041
3190827
3190877
3195272
3195478
3195684
3195890
3195912
3201910
3201931
3201956
3201982
3202000
3202053
3203658
3203950
3228176
3230594
3230660
3230706
3230816
3230841
3230874
3230897
3230982
3231336
3239398
3239636
3239688
3241532
3241555
3241714
3241766
3241801
3241819
3241848
3241866
3241886
3241904
3258702
3258723
3258761
3259242
3259653
3259677
3259703
3266538
3268900
3273779
3273843
3273881
3333653
3333693
3334648
3363299
3363325
3363350
3363407
3363452
3363539
3363564
3363765
3363817
3364821
3365165
3365242
3365263
3365298
3365339
3365364
3365398
3365803
3365825
3365854
3365916
3365939
3365958
3365978
3366006
3366031
3366053
3366071
3366280
3366600
3367083
3367106
3367128
3368304
3368395
3368437
3380146
3380337
3380943
3381027
3381288
3381434
3381494
3381621
3381663
3381875
3410356
3410418
3411855
3411895
3411936
3411976
3412016
3412064
3412101
3412141
3412189
3412235
3412290
3412333
3412375
3412418
3412470
3412516
3412570
3412615
3417761
3418098
3418205
3419010
3419501
3419674
6200233
6200255
6201545
6201586
6201849
6201889
6201977
6201994
6202054
6202073
6202111
6202151
6202285
6202454
6205436
6205465
6205571
6205593
6205615
6205634
6205693
6205711
6205733
6205761
6205781
6205798
6205817
6209806
6209840
6209982
6210001
6210022
6210131
6210149
6212041
6212229
6212254
6212381
6212445
6212485
6212539
6212664
6214365
6217495
6223440
6223822
6249057
6249147
6249217
6249261
6250243
6250896
6264857
6270963
6270986
6271013
6271061
6271089
6271643
6272053
6272092
6272486
6272671
6272709
6272728
6351856
6351882
6351901
6351921
6354876
6356090
6356196
6356219
6356249
6356700
6356762
6356854
6371586
6372466
6373056
6373290
6373326
6373354
6373392
6373434
6373567
6373603
6373645
6374516
6374562
6374613
6374663
6374724
6374742
6374973
6375000
6375023
6376203
6376242
6376392
6376411
6376494
6376544
6376568
6376594
6376629
6376670
6376702
6376725
6377834
6377849
6377867
6378060
6378085
6378359
6378376
6378460
6378477
6378629
6378651
6378675
6378946
6378970
6379001
6379035
6379071
6379182
6379248
6379263
6379631
6379648
6380267
6380283
6380331
6380667
6380683
6382349
6382635
6382664
6382704
6382722
6382770
6397481
6397572
6397698
6397726
6397753
6397781
6397809
6397828
6397851
6398078
6398103
6416631
6416653
6416689
6417205
6417263
6417633
6417721
6417778
6417793
6417812
6417829
6417844
6417935
6417962
6417978
6417995
6418035
6418052
6419044
6419337
6419353
6419414
6419674
6419737
6419756
6419773
6419821
6419842
6419860
6419879
6419930
6419948
6420211
6420229
6420468
6420596
6420631
6420784
6420815
6420868
6421164
6421182
6421197
6421455
6421472
6422062
6422083
6422100
6423241
6423260
6423282
6423966
6424024
6424042
6424167
6424237
6424365
6424384
6425606
6425626
6426323
6426419
6426619
6426638
6426957
6427258
6427277
6432685
6432710
6432766
6433178
6433356
6433499
6457238
6487301
6491363
6491417
6491448
6491797
6491827
6491845
6491861
6491897
6491917
6491998
6492052
6492109
6492230
6492263
6492293
6493089
6493169
6493312
6493441
6493585
6493616
6494507
6494534
6495468
6495496
6495511
6495548
6495594
6495676
6495695
6495721
6495736
6496055
6496102
6496144
6496181
6496945
6498183
6498527
6498615
6498684
6498700
6498731
6499532
6499591
6500147
6500292
6500309
6503955
6503978
6504449
