0
107
257
461
582
661
867
946
1175
1554
1708
1787
2241
2320
2400
2631
3087
3318
3405
3561
3867
4248
7495
11057
20739
20771
23851
23931
23975
24000
24088
24125
24146
24188
24354
24428
24480
24515
24546
24586
24606
24635
24666
24685
24714
24734
24754
24818
24875
24893
24969
25021
25046
25063
25082
25121
25162
25249
25325
25371
25402
25434
25449
25494
25539
25584
25803
25846
25891
25936
25981
26059
26102
26596
26721
26860
26987
27126
27722
27871
27930
27963
27984
28071
28292
28323
28355
28398
28446
28484
28526
28574
28617
28655
28708
28742
28797
28845
28882
28932
28974
29227
29255
29286
29319
29348
29396
29433
29469
29500
29535
29577
29612
29649
29675
29709
30469
30503
30522
30632
30649
30663
30701
30819
30955
31023
31051
31094
31136
31188
31255
31298
31322
31379
31402
31428
31473
31520
31620
31651
31668
31713
31737
