0
31
52
71
90
109
128
159
178
197
216
235
283
302
333
352
371
390
409
428
459
478
497
515
534
553
572
591
610
641
692
743
794
845
864
883
902
921
952
971
990
1009
1025
1044
1063
1082
1101
1132
1151
1170
1201
1220
1239
1270
1289
1308
1339
1433
1452
1471
1490
1509
1528
1559
1578
1597
1616
1647
1698
1717
1736
1755
1774
1793
1824
1843
1862
1881
1912
1931
1950
1969
1988
2007
2038
2057
2076
2095
2126
2215
2230
2249
2268
2287
2306
2325
2356
2375
2394
2411
2430
2461
2480
2499
2518
2537
2556
2587
2606
2625
2644
2675
3084
3418
3737
3981
4120
4253
4267
4282
4351
4399
4430
4450
4513
4608
4639
4657
4673
4766
4792
4811
4848
4868
4961
4977
5006
5074
5099
5113
5130
5194
5245
5296
5347
5398
5462
5513
5564
5630
5694
6329
6347
6365
6693
6725
6748
6770
6790
6814
6840
6937
