0
75
138
213
227
282
427
639
656
671
801
864
987
1002
4687
4741
4759
5696
6620
6646
6663
6689
6709
6726
6764
6791
7111
10461
23308
23396
23960
23987
24017
24035
24054
25134
25163
25191
25221
25250
25273
25301
25328
25355
25383
25404
25421
25437
25465
25483
25518
25709
25767
25848
25894
26534
26563
26594
26646
26677
26707
26738
26770
26804
27529
27610
27627
27717
27777
27794
29808
29827
29842
29860
29874
32460
32564
46696
46718
46968
46986
47027
47043
47058
47350
47577
47609
47627
47680
47728
47743
47759
47775
47978
48123
48324
48526
48675
48820
48966
49048
49064
50842
52814
52957
53028
53113
54993
55009
55027
55083
55314
55536
55630
55646
56451
56883
56909
56926
57026
57043
57057
57081
57103
57125
57180
57197
57417
57443
57513
57528
57545
57562
57577
62863
63271
63330
63353
64568
64597
64616
64645
64718
64740
67550
67571
67800
67959
68038
68055
68085
68115
68188
68214
69469
69488
69540
130297
130561
130720
130741
130759
131959
132153
132174
132220
170988
171009
171034
171059
171088
171116
171148
171167
171231
171251
171329
172124
172160
172190
172207
172229
172744
172829
172852
172871
172894
172974
173035
173053
173557
173706
176494
176535
176584
176611
176626
176684
176761
176874
176928
177202
177284
177300
177771
178219
178518
178536
178706
178737
178755
178771
180128
180156
180171
180274
180290
180307
182831
182879
184659
184675
184690
184708
184725
184739
184758
184773
184789
184831
184847
186099
186232
186292
186332
186347
186419
186437
186468
186493
186514
186528
