0
138
377
493
928
943
1007
1071
1180
1289
1353
2756
2820
2889
2955
3021
3088
3157
3204
3255
3306
3370
3656
4020
4387
4431
4663
4908
4974
5159
5239
5295
5355
5460
5565
5670
5730
5790
5850
5910
5970
6030
6105
6180
6255
6330
6390
6450
6525
6660
6740
6798
6882
6945
7028
7093
7221
7274
7382
7437
7492
7547
7602
7657
7705
7760
7948
8067
8128
8268
43487
43529
43633
45742
45771
45996
46053
46095
46122
46981
47125
47253
47313
47331
47402
47442
52602
53174
56108
56442
56492
56964
56980
58188
58702
58826
59015
59693
59724
59758
59789
59820
62641
62663
62687
62770
62788
62804
62822
62849
62936
63095
63151
63222
63260
63321
63504
63527
63672
63737
63767
63784
63854
63883
64022
64046
64123
65414
65445
66667
67889
67942
68240
68331
68385
68404
68473
68503
68522
68541
69283
69353
69369
69433
69461
69485
69524
69544
69597
69627
70628
70669
70686
70704
75185
75214
75232
75394
75413
75576
75811
75839
75881
77374
77803
77849
77906
77924
77947
77977
78116
78163
81850
81879
81908
81996
82031
82061
82091
82121
82187
82218
82437
82513
82688
82755
82785
82815
82845
82876
82907
82954
82985
83016
83047
83093
83138
83506
83616
83663
83715
83760
83790
83832
83851
83868
83889
83938
233946
234117
234138
234156
234173
234191
234209
234228
234246
234263
234283
234369
234401
234450
237728
237758
237798
237814
237842
237860
237921
237949
238367
238387
238437
238508
238532
238649
238680
240925
241415
243950
244116
244259
244301
244320
248202
248241
248293
248340
248697
248713
248743
249791
249820
249931
249955
249971
250237
250738
250786
250803
252786
254415
254439
254504
254521
254543
254581
254603
254634
255129
255473
255491
255508
255577
255605
255639
255692
255734
255755
255778
255830
256663
256692
256712
258531
258580
261470
261520
264249
264267
264391
264410
264627
264808
264873
264892
264941
265159
265291
265318
265348
265388
265406
265431
270112
270184
270311
270354
270655
270672
270695
270840
271141
271171
271189
271220
271248
271398
271487
287017
287032
287138
287199
308487
345286
595207
597997
599182
600307
601492
602397
603302
604447
775435
776460
777425
778450
778482
779387
784661
784722
880928
884972
885020
933408
970841
971806
985219
995963
996059
996155
996251
1002038
1004143
1006704
1007060
1007382
1007402
1007916
1007938
1007970
1007994
1010203
1010363
1012512
1012564
1012622
1012642
1012662
1012901
1015436
1018880
1082883
1083579
1145417
1145500
1145529
1145554
1151122
1151839
1151916
1151940
1152183
1152941
1153266
1154050
1218097
1218122
1218144
1218282
1218346
1218367
1218423
1235623
1235655
1235675
1235719
1236748
1236822
1236846
1236871
1236949
1237063
1237088
1237126
1237160
1237191
1237269
1237319
1237357
1238873
1239181
1239215
1239283
1248835
1248965
1248984
1249024
1249336
1251873
1251901
1251924
1251955
1253525
1253542
1273471
1273531
1284570
1284613
1284718
1284762
1284802
1284831
1284873
1284893
1284912
1284996
1285078
1285097
1285196
1285249
1285270
1289702
1289722
1289743
1289774
1289880
1289922
1290082
1290101
1291188
1292172
1297232
1297333
1297433
1297997
1298025
1298045
1298130
1298296
1301660
1301866
1308006
1309393
1309423
1309531
1309561
1309599
1309627
1309656
1309686
1309724
1309776
1309904
1309935
1309975
1310006
1310032
1313467
1313512
1313533
1313556
1313591
1313646
1313859
1313879
1313906
1313986
1314008
1314107
1314127
1316398
1316418
1316449
1345671
1345743
1345776
1345859
1345885
1345970
1346017
1346055
1346096
1346117
1346147
1346212
1346274
1348851
1348878
1348898
1348939
1348962
1349035
1351519
1351599
1351650
1351694
1351791
1352199
1352262
1356494
1366751
1366901
1366942
1366983
1367563
1367583
1368375
1368402
1368429
1368577
1369141
1369180
1369229
1369278
1369497
1369542
1369592
1369622
1369651
1369775
1370177
1370217
1370950
1370967
1501640
1501727
1506774
1506879
1506898
1506988
1509566
1509582
1509633
1509651
1509795
1509848
1509881
1509987
1510027
1510270
1510302
1554244
1554433
1557211
1557231
1557253
1557276
1557330
1559250
1559270
1559293
1559427
1559814
1559833
1560350
1560386
1560474
1568192
1569672
1569688
1572313
1572332
1572505
1574246
1575046
1575078
1575113
1575406
1575516
1575548
1575608
1575656
1575727
1575746
1575798
1575985
1576116
1576143
1576437
1576787
1577859
1577878
1578077
1587664
1587756
1588097
1588122
1588271
1588616
1588888
1588909
1589172
1590139
1596455
1604880
1604966
1605488
1605645
1605754
1625127
1625264
1625339
1625469
1625488
1625507
1625583
1626078
1626116
1626145
1626176
1626217
1626368
1626391
1626453
1626471
1626509
1627541
1627901
1627918
1628008
1628490
1629884
1630090
1631346
1631371
1631388
1631706
1633576
1633614
1634676
1634760
1634785
1694124
1694204
1709115
1709317
1711236
1711275
1711301
1711332
1711372
1711445
1711719
1713095
1713193
1713534
1713872
1714077
1714162
1714342
1714385
1714405
1714542
1714563
1714593
1714642
1714764
1714796
1714826
1714854
1714874
1714948
1714966
1714984
1715252
1715314
1715364
1715381
1715400
1717821
1717873
1717889
1717920
1718061
1718079
1728793
1728859
1731479
1731504
1732812
1733027
1733608
1733624
1733684
1833028
1833173
1833274
1833330
1833387
1833404
1833426
1835952
1836999
1838468
1839214
1840331
1840394
1840423
1840744
1841785
1841877
1841916
1841935
1841953
1842068
1843056
1843149
1843242
1843330
1843346
1845718
1845837
1845865
1846307
1846328
1846368
1846450
1846504
1846532
1848360
1848454
1848534
1848564
1849426
1849566
1849594
1849971
1849991
1898568
1898602
1898673
1899419
1899807
1899926
1899972
1900019
1901131
1901278
1901426
1903176
1906255
1906283
1906305
1906340
1906481
1906509
1906556
1906653
1906750
1906834
1906857
1906951
1907042
1907141
1907239
1907281
1914877
1914895
1915382
1915401
1915745
1916430
1916451
1916478
1923891
1924574
1925256
1925272
1925625
1925652
1925679
1925706
1925733
1925758
1925863
1926003
1926032
1926124
1926142
1926269
1926572
1926603
1926632
1926649
1926667
1926831
1926853
1926894
1926927
1926942
1927009
1993573
1994014
1994038
1994552
1994691
1994842
1994996
1995024
1995057
1995208
1995249
1995268
1999066
1999139
1999166
1999190
1999274
1999333
1999354
2021895
2023645
2023664
2023814
2026430
2068921
2068941
2068974
2070066
2070137
2070496
2070517
2070783
2070817
2070839
2070882
2096489
2096547
2096696
2096713
2096762
2096779
2100907
2100928
2103706
2103726
2103745
2103819
2103851
2103970
2104132
2104154
2104186
2104235
2104295
2104464
2104487
2104641
2104660
2106166
2111449
2111472
2111513
2111549
2111789
2111926
2112251
2112272
2112296
2132011
2132036
2132066
2132118
2132178
2132195
2132213
2132232
2132271
2132289
2132323
2132341
2132485
2132576
2132597
2233009
2233034
2233058
2233079
2233106
2233137
2233155
2233174
2233976
2234116
2234198
2234307
2235336
2235422
2235648
2236190
2236208
2236231
2239268
2239287
2239694
2239713
2241549
2241614
2243109
2257975
2258125
2258205
2258223
2258587
2320540
2321767
2321920
2322009
2322162
2322214
2326182
2326347
2326386
2326413
2326436
2327351
2328896
2328926
2328950
2329447
2329476
2332591
2333053
2333076
2371078
2371163
2371215
2371570
2372389
2372878
2439947
2441949
2442114
2442293
2442466
2442589
2447307
2452282
2452777
2452799
2455744
2455765
2460275
2460839
2460859
2473933
2473970
2474138
2474166
2474479
2474507
2474532
2474551
2474631
2474871
2474895
2475225
2475244
2475262
2475280
2475387
2475408
2475425
2475443
2475461
2475874
2475970
2476141
2479582
2479740
2479829
2479977
2480005
2480080
2480101
2480125
2480180
2481161
2482473
2492238
2492267
2492301
2492339
2492373
2492536
2492904
2492944
2493110
2493795
2494055
2494285
2494515
2494574
2494744
2494914
2495024
2495074
2495124
2495189
2495220
2495307
2495346
2495809
2496024
2498314
2498395
2498725
2499137
2499158
2510033
2510123
2510357
2514718
2514753
2515050
2515072
2515132
2516644
2517034
2517542
2517560
2517937
2518161
2532029
2532129
2533264
2533836
2534539
2534868
2534892
2534921
2534949
2535757
2535776
2535903
2556772
2556804
2556823
2556842
2565653
2565901
2565927
2566131
2566192
2566217
2566233
2566249
2566450
2567335
2567646
2567721
2567744
2567864
2567886
2567953
2568329
2568366
2568645
2568658
2568678
2568697
2568713
2568762
2568802
2568819
2653800
2657164
2657200
2657418
2658757
2658786
2682095
2683630
2683645
2683694
2683708
2683770
2683861
2683881
2767489
2768205
2768224
2768579
2768680
2768789
2769091
2769187
2769265
2769429
2769457
2771892
2773176
2773192
2773219
2773250
2773514
2773529
2773755
2773774
2773803
2773832
2773891
2773918
2774179
2774324
2774366
2774387
2774677
2774800
2774827
2774855
2774965
2775091
2775139
2775188
2775204
2775364
2781128
2781182
2781225
2781288
2781374
2781480
2781700
2782111
2782128
2782264
2785184
2785455
2785670
2785736
2785880
2785960
2786241
2786259
2786749
2786809
2786860
2786919
2786936
2787019
2787654
2787873
2787889
2787990
2788320
2789672
2789689
2789804
2789888
2789908
2791059
2791222
2791239
2791260
2791276
2791305
2791343
2791541
2791560
2793725
2793856
2794191
2794267
2794359
2794777
2794842
2795225
2795238
2795254
2795274
2797911
2797981
2798000
2801834
2801874
2801900
2819946
2820248
2820508
2821039
2821333
2821349
2822360
2822439
2822498
2822634
2822690
2822715
2822960
2822980
2823003
2823140
2823311
2823393
2827993
2828850
2828882
2828900
2828920
2828945
2828964
2829135
2829173
2829254
2829271
2829748
2830385
2830426
2830509
2841567
2841631
2841745
2841905
2841956
2842009
2842028
2842060
2842082
2843336
2844410
2844674
2845254
2846513
2846542
2846573
2846594
2847824
2852228
2852287
2852310
2852331
2853411
2853440
2853538
2853556
2853586
2853647
2853943
2854029
2854057
2855907
2855924
2856098
2856181
2857958
2857977
2858052
2858069
2858087
2858138
2858227
2858258
2858363
2858419
2859072
2859096
2859125
2859162
2859192
2859222
2859253
2859282
2859311
2860278
2860295
2861938
2861955
2861972
2862031
2862071
2862138
2875754
2875774
2875985
2876042
2876214
2876296
2876312
2876330
2876660
2876701
2876731
2876762
2876785
2876803
2879170
2879188
2879437
2879457
2879541
2879691
2879861
2880050
2880066
2880486
2880503
2882100
2882119
2882136
2882155
2885173
2885867
2885971
2885996
2886056
2886074
2886090
2886248
2887065
2887086
2887190
2887311
2887546
2887648
2887751
2888024
2888040
2888092
2888193
2888224
2888357
2888388
2888406
2888435
2888573
2888705
2888837
2888864
2889018
2889041
2889064
2889085
2889107
2889160
2889220
2889476
2889494
2890325
2890393
2890628
2890647
2890664
2890680
2893868
2894897
2895660
2896341
2896361
2896377
2896394
2897810
2897959
2898108
2898125
2898142
2898158
2898198
2898418
2898502
2898577
2898592
2898670
2910749
2911429
2911542
2913694
2913709
2913745
2913781
2913828
2913864
2914363
2914759
2914777
2919623
2919917
2920021
2920036
2920069
2920085
2921621
2928924
2929065
2929091
2929129
2929177
2929194
2929337
2929420
2929449
2929601
2929617
2929634
2930203
2930218
3080434
3080517
3080688
3080725
3081513
3082203
3082340
3082399
3082613
3082661
3082692
3082763
3082903
3084050
3090236
3090288
3090303
3090322
3090341
3090481
3090511
3090538
3090599
3090632
3096063
3096258
3096300
3096317
3096339
3096362
3097526
3097545
3097561
3097580
3097611
3097642
3097694
3097719
3097756
3097772
3154179
3156965
3157103
3157187
3157210
3157242
3159489
3159570
3159772
3159942
3159960
3159975
3165995
3166015
3166513
3166586
3166615
3167116
3167439
3167571
3182987
3183018
3255622
3255730
3255868
3256342
3256519
3256814
3256830
3256924
3256942
3256963
3256992
3257009
3257091
3257158
3257176
3257195
3257222
3257261
3257299
3257359
3257455
3257493
3257548
3257702
3257718
3257733
11196650
11197015
11197151
11197254
11197273
11197299
11197318
11197335
11197354
11197429
