0
215
430
445
570
785
1000
1015
1230
1445
1460
1675
1890
1905
2120
2335
2350
2565
2780
2795
2822
3037
3252
3267
3482
3697
3712
3822
4037
4052
4267
4482
4518
4533
4580
4795
5010
5225
5440
5655
5870
6085
6300
6515
6730
6945
7160
7375
7523
7671
8020
8124
8221
8238
8308
8803
8819
8848
15952
16021
16040
16277
16379
16410
17447
17479
17521
17536
17780
17797
17816
17864
17889
17948
18021
18038
18056
18082
18386
18524
18542
18616
18634
18841
18869
18917
18933
19153
19552
19605
19664
19693
19714
19741
20005
20065
20092
20109
20640
20659
20955
21133
21182
21536
21552
21648
28004
28689
28771
28843
28913
28942
29037
29078
29096
29127
29146
29195
29255
29276
29618
29686
29724
29742
29771
29792
29920
40385
40458
40883
42506
42550
42589
42651
120776
120802
120819
120839
120881
120901
120987
121030
139460
139897
139919
153382
211814
211831
212037
213801
219036
219425
221178
221212
221377
221424
221841
221862
221882
224143
224922
225094
225157
225218
226284
226457
226478
226652
227038
227303
227362
227389
227422
296192
297190
297233
297263
297295
297362
302683
302700
303369
308337
308359
308417
308552
319922
319941
320055
323409
329640
329678
329716
330220
334649
334901
337623
337706
337789
337848
338837
338876
339140
340554
340587
340619
344495
344579
344596
344635
344696
345021
345082
345099
345520
345538
345619
345838
351729
351862
351893
351913
351964
352012
352028
352132
363972
363992
364009
364027
364078
365465
365480
365507
365523
389447
390336
390480
390494
392441
395162
395220
396946
397151
401520
401723
402708
404833
404966
409383
409465
410089
410171
410443
410752
410770
411154
411315
411709
411744
411765
414146
416212
418105
418269
419311
419756
420320
420410
427769
428696
428769
428831
433333
433383
433812
434280
435196
435258
435453
435670
435687
435733
435790
435875
435934
435997
436081
436164
436255
436330
436654
436695
436936
436991
437019
437149
437164
437181
437391
438498
438543
439829
439847
439889
441783
442585
442803
443110
443157
577082
577120
577312
577331
577349
577929
578171
578190
578206
581020
581038
581577
581621
581640
581713
581803
581820
582111
582445
582476
582494
582511
582792
582816
582865
583230
583248
583342
583760
583788
583820
583839
583858
583875
584054
584106
584123
584284
584344
584376
584407
584641
589451
589518
589555
590960
590999
591036
591098
591179
591805
591831
591847
591863
591879
591932
591947
591962
591997
592012
592064
593620
593637
593654
593704
593803
593843
604876
605089
605234
605379
605418
605524
607841
608059
611471
611496
611529
611644
611717
611744
612433
612458
612613
614002
614060
614097
614184
614209
614297
614435
614457
614480
614502
615699
615772
615899
615949
616259
616335
616358
616870
616887
616937
616961
616976
616994
617021
617041
618150
618178
618200
619004
619032
619381
619400
620849
620870
620944
620985
621003
621019
621047
622414
622445
622473
622500
622545
651559
651604
651690
651710
651759
651795
651817
651843
651865
651998
652030
652063
652145
652177
652518
652549
652575
652675
652706
652802
652839
652869
652909
652947
652978
653585
653625
653649
653674
653692
653710
653887
654324
654829
654857
654877
654903
654932
654983
660225
660249
660268
660297
667025
667058
668968
669008
669027
669456
669497
669513
669746
669764
669781
669811
669982
670020
671093
671282
671446
671465
671486
671525
672152
672170
672194
672379
672427
674735
676381
676424
676443
676466
676499
676536
676558
676581
676604
676665
676701
676731
676756
676793
677144
677168
677232
678120
678168
678186
678538
678851
678880
679006
679023
679061
679337
679605
679655
679673
680014
680329
680354
680382
680410
680867
680928
681679
681741
681805
681887
681928
682115
682262
682409
684444
684462
684512
684529
685757
685775
685806
685879
685973
729427
729583
729664
729736
729817
729837
729933
730031
730085
730347
730616
732433
732608
732629
732646
732697
734874
734904
735173
735192
735232
740295
740381
742398
742503
742543
742562
742581
742739
742917
743041
743560
743771
743882
743900
744671
757009
757027
757107
757129
757267
757299
757328
757378
757396
757413
757962
758166
758213
758257
763514
763535
763566
763615
885410
885742
885893
886329
886539
887149
887233
887470
887615
1155973
1156211
1157209
1157477
1157703
1158749
1158780
1158866
1159187
1163463
1163483
1163736
1163776
1163819
1164095
1165101
1165159
1165180
1165201
1165230
1165247
1167775
1176887
1177136
1177389
1177643
1177900
1178155
1178410
1178665
1178923
1179181
1179436
1179694
1179949
1180207
1180465
1181809
1182059
1182144
1182187
1182308
1182568
1182586
1183931
1183961
1184012
1184030
1184055
1184076
1184098
1195293
1205370
1205799
1205865
1205894
1205922
1205951
1205980
1206009
1206038
1206056
1206371
1210381
1210433
1214286
1214312
1214338
1214364
1214388
1214413
1214437
1230993
1231015
1231033
1231063
1231104
1231244
1231331
1231363
1231379
1259601
1259623
1259656
1260611
1260646
1260708
1260731
1260751
1260772
1260796
1262727
1262795
1262938
1263632
1263653
1263702
1263831
1263894
1264325
1264344
1264376
1264395
1264452
1264745
1265489
1265801
1265956
1266132
1266195
1266212
1270807
1270845
1278432
1278523
1278615
1278636
1278719
1278775
1278828
1280385
1280538
1280555
1280584
1280615
1280635
1283542
1283842
1283860
1283901
1284041
1284172
1284187
1284320
1284350
1284396
1284418
1328530
1328591
1328643
1328695
1328747
1328799
1333338
1334065
1334082
1334195
1334213
1334231
1334251
1360120
1360162
1360305
1360344
1360373
1360402
1360427
1360478
1360505
1360527
1360609
1360627
1360701
1360828
1367535
1367555
1367572
1367601
1367663
1367680
1367957
1367988
1368049
1368200
1368313
1368331
1368383
1374346
1375839
1376046
1378529
1378545
1378564
1378643
1378659
1378907
1378994
1379020
1379457
1379477
1380276
1380294
1380309
1380389
1381083
1381162
1381241
1381290
1381332
1381359
1381380
1381398
1381417
1381621
1381648
1383183
1383200
1383913
1383932
1383977
1384007
1385642
1385660
1385680
1386653
1386681
1386746
1386765
1386923
1387470
1387774
1392953
1393015
1394051
1394102
1394235
1394272
1394339
1394361
1394432
1394460
1394497
1394911
1394986
1395119
1395224
1395572
1395611
1395879
1395908
1395951
1395976
1396004
1396031
1396059
1396086
1396115
1396138
1396158
1396263
1396282
1396303
1396383
1396415
1396578
1396683
1396704
1396725
1396744
1397644
1397735
1397754
1397783
1402021
1402038
1402086
1402534
1402561
1402589
1402799
1402817
1404554
1404624
1404643
1404674
1405002
1405021
1405051
1405072
1405443
1405489
1405506
1407684
1407766
1408976
1409149
1409182
1409201
1409226
1409260
1409280
1425196
1425217
1425456
1425481
1425511
1425537
1425677
1425700
1428563
1429603
1429727
1429759
1429785
1429867
1429898
1429924
1429945
1429973
1430013
1430034
1430069
1430099
1430120
1430204
1430237
1430381
1430402
1430422
1430448
1431398
1431603
1431619
1431668
1431689
1431707
1431943
1431975
1432509
1439162
1439181
1439206
1439226
1439332
1439359
1439468
1439484
1439517
1439534
1439595
1439705
1439788
1439868
1439887
1439926
1440126
1440165
1440346
1441601
1442746
1442772
1444076
1444105
1444122
1444175
1444205
1444226
1444279
1444298
1444325
1444386
1444402
1444843
1444862
1444921
1445276
1445463
1445480
1445531
1446439
1446467
1446489
1446506
1446619
1446635
1446653
1446673
1446692
1446745
1446776
1446856
1446976
1447054
1447137
1456077
1456108
1458119
1459367
1564396
1564486
1564522
1564726
1564951
1564971
1565111
1565297
1565336
1565367
1565423
1567385
1567443
1567494
1568328
1569856
1569906
1569984
1570024
1570132
1570322
1570354
1570388
1570529
1570802
1571311
1571338
1571359
1571382
1571402
1571737
1571757
1571848
1571957
1571976
1571993
1573089
1573156
1573660
1573787
1574173
1574201
1574221
1574254
1574287
1574378
1574397
1574594
1574645
1574678
1574842
1575016
1575167
1575984
1576004
1592923
1592944
1592974
1593538
1593558
1593577
1594620
1594673
1595812
1595830
1604414
1604440
1604551
1604576
1604594
1604611
1606028
1606079
1606100
1606119
1606188
1606243
1609277
1609588
1613611
1613640
1613829
1613861
1614943
1615090
1615108
1615155
1615261
1615280
1615332
1615351
1615378
1615801
1627857
1628428
1628446
1628465
1628487
1628506
1628547
1632997
1633091
1633175
1633321
1633350
1635105
1635125
1635154
1635172
1635245
1635275
1635319
1635374
1636374
1636397
1636617
1636943
1639957
1639987
1642773
1642791
1643986
1644079
1644161
1645505
1645541
1645685
1645703
1646063
1647310
1647340
1647603
1647695
1648768
1667753
1667844
1667873
1667896
1667938
1668395
1668479
1668681
1669420
1669620
1669699
1671663
1671680
1671700
1671727
1671757
1671777
1671858
1671896
1672077
1673674
1673728
1673755
1673848
1674330
1674437
1674456
1674479
1674496
1674594
1675091
1675110
1675141
1675731
1675748
1675766
1676359
1676414
1676624
1676653
1676670
1676687
1676760
1676781
1676803
1688796
1689084
1689100
1689119
1689146
1689164
1689179
1697807
1697825
1697919
1698150
1698702
1698828
1698848
1698863
1698892
1699451
1700838
1703047
1704728
1705647
1705664
1705679
1706511
1706699
1706784
1706846
1707501
1727245
1727321
1727380
1727580
1727711
1762334
1766961
1768247
1771463
1771589
1771730
1772366
1772405
1772435
1774786
1774829
1776281
1776814
1778977
1779300
1779383
1779433
1779590
1782130
1782151
1801360
1801382
1801406
1801548
1801578
1801892
1802065
1802333
1802359
1802534
1802559
1802680
1802927
1802964
1803005
1809853
1809869
1809974
1811303
1811332
1811361
1811407
1811424
1811443
1812045
1812084
1812121
1812139
1812198
1812215
1813953
1813983
1814012
1814070
1814096
1814116
1822266
1822608
1822674
1822690
1823019
1823348
1823368
1832132
1832251
1832267
1832306
1832322
1832646
1832670
1832698
1832735
1832754
1832781
1832807
1832867
1833379
1837396
1841471
1841719
1892071
1892757
1892840
1892862
1892943
1896371
1896387
1896745
1896887
1898623
1898645
1898726
1898759
1898778
1898794
1898817
1899395
1904092
1907483
1908169
1911543
1911569
1911587
1913112
1913129
1913157
1913177
1913399
1913510
1914176
1914202
1919744
1919813
1924076
1924201
1924217
1924497
1925220
1925255
1925282
1925317
1925340
1925399
1925596
1925847
1926065
1926082
1926151
1926326
1926550
1926688
1926728
1926745
1926764
1926780
1926821
1926851
1926935
1926975
1927024
1927040
1927057
1927379
1940795
1940833
1940858
1940964
1941063
1942322
1942465
1955567
1955589
1955648
1957478
1957513
1957538
1957627
1957645
1957923
1957941
1957957
1958029
1958513
1958563
1958602
1958619
1960519
1965243
1965268
1965291
1965316
1966011
1966052
1966073
1967033
1967075
1967098
1967173
1967213
1967250
1998182
1998818
1998943
2001671
2001685
2001828
2001888
2002298
2002313
2002393
2002653
2002743
2002771
2003315
2005440
2006564
2006617
2006656
2006689
2006718
2006739
2006806
2006841
2006884
2006906
2006937
2006962
2006989
2008096
2009500
2009573
2013405
2013466
2013570
2013900
2013921
2014016
2014079
2014120
2014139
2014155
2014173
2015225
2015292
2015885
2015923
2016020
2016038
2016121
2016173
2016212
2021034
2021283
2021429
2021678
2021699
2022008
2022048
2022212
2022232
2022544
2024025
2024159
2024187
2024625
2024642
2024661
2026203
2026221
2027827
2055696
2056380
2056398
2057466
2058409
2058479
2061954
2095505
2095569
2095634
2095699
2095764
2095829
2095894
2095958
2096022
2096431
2097260
2097324
2097388
2097452
2097516
2097763
2098025
2098161
2098241
2099720
2099740
2106006
2106022
2106100
2106648
2106701
2106941
2106980
2107006
2107026
2107042
2107077
2107394
2107655
2107693
2107816
2107836
2108035
2108078
2108131
2108164
5346111
5346141
5349323
5349414
5349468
5349484
5349504
5349519
5352748
5354094
5354297
5364933
5364973
5365114
5365280
5367130
5367291
5367344
5367369
5402852
5402939
5403138
5415316
5415341
5415369
5415613
5416515
5417405
5417705
5418034
5418347
5418503
5418605
5418622
5431123
5431245
5432624
5432683
5432852
5432876
5433408
5433514
5433551
5433572
5433665
5433684
5433732
5433783
5434284
5434325
5434347
5434362
5434521
5434537
5435097
5438940
5438956
5438978
5438999
5439016
5443026
5443060
5448395
5448429
5448451
5448481
5448523
5448538
5448564
5448629
5448719
5448748
5448774
5449002
5449333
5464631
5465498
5465522
5466141
5466205
5466482
5466519
5466663
5466713
5466742
5466770
5466786
5466928
5470819
5470839
5470969
5470989
5475041
5475073
5475099
5475131
5475180
5475198
5475259
5475284
5479722
5479804
5479819
5480080
5480095
5480327
5481401
5481443
5481471
5481521
5481538
5483860
5484025
5484104
5484383
5484435
5484513
5484528
5484574
5484657
5484673
5484832
5487045
5487144
5487228
5495316
5495340
5495365
5495390
5495418
5496209
5496645
5496857
5497228
5497449
5501593
5501618
5501666
5501813
5501972
5502096
5502156
5502177
5502342
5502362
5502404
5502697
5502740
5510506
5510669
5511079
5511103
5511120
5511166
5511495
