500m 17597,911|17839,909|17928,867|17964,2689
500mb 18141,2235
50denni 20164,196|20192,1589
50k 19789,1117|19789,8337
50kb 19633,5598|19633,5699
50kri 20164,551|20192,5216
50lui 20164,759|20192,6626
50pct 19825,5785|19825,5845
50piotr 20164,1100|20192,8645
50pm 17901,835|18624,835|19768,481|19819,382|19819,425|19990,587|20003,658|20016,642|20064,4119
50pmlocat 19966,584|19982,598
50px 19613,6271|19613,8019|19613,8036|19613,8139|19613,8195
512k 19789,11469
5130counsel 19990,14352|20017,10040|20019,20206
513m 16899,270|16921,246|16932,270|16945,447|16950,365|16955,423|16957,423|16961,328|16979,423
52_01 16946,76083480|16946,76083583|16946,76083693
52_1 16946,45108005|16946,45108144|16946,45108290|16946,45108443
53m 16905,187|16913,187|16923,187|16930,187|16939,187|16942,187|16952,187|16958,187|16962,187
540mb 19482,2005|19502,2005
54gb 16943,1291
55baback 20238,7696
55hame 20238,1972
55oscar 20238,4352
55pietro 20238,12159
55piotr 20238,76
55ricki 20238,9604
55th 17765,1548|18059,1534|18438,1506
561â 19520,1808
562kb 18880,1596
571â 18160,38714
57m 16899,322|16921,422|16932,322|16945,273|16950,417|16955,373|16957,373|16961,278|16979,373
57tanenbaum 20008,1855
587â 20210,2122
590859â 17714,1580
59e59 19988,872
59k 18465,2499
59pm 20003,12636|20066,4786
5_1 16946,44906017|16946,44906158|16946,44906306|16946,44906461|16946,44938294|16946,44938433|16946,44938579|16946,44961650|16946,44961786|16946,44961929|16946,45094255|16946,45094395|16946,45094542|16946,45121994|16946,45122138|16946,45122289|16946,45160921|16946,45161061|16946,45161208|16946,45177458|16946,45177601|16946,45177751|16946,45177908|16946,45232383|16946,45232523|16946,45232670|16946,45263668|16946,45263805|16946,45263949|16946,46791313|16946,46791421|16946,46791536|16946,46791658|16946,46793896|16946,46794001|16946,46794113|16946,46794232
5_2 16946,44937856|16946,44937995|16946,44938141|16946,44962079|16946,44962215|16946,44962358|16946,45122447|16946,45122591|16946,45122742|16946,45158125|16946,45158265|16946,45158412|16946,45158566|16946,45176855|16946,45176998|16946,45177148|16946,45177305
5_3 16946,44961075|16946,44961211|16946,44961354|16946,44961504|16946,45263236|16946,45263373|16946,45263517
5_4 16946,45264532|16946,45264669|16946,45264813
5_5 16946,45264100|16946,45264237|16946,45264381
5_ga 16946,78303069|16946,78303176|16946,78303290|16946,78303411
5_r3 16946,84897998|16946,84898097|16946,84898203|16946,84898316|16946,84903032|16946,84903136|16946,84903247|16946,84903365
5_r4 16946,84894594|16946,84894693|16946,84894799|16946,84894912|16946,84899468|16946,84899572|16946,84899683|16946,84899801
5_spec 16946,46669780|16946,46669904|16946,46670034|16946,46670171|16946,46670315|16946,46670443|16946,46670578|16946,46670720|16946,46670858|16946,46670988|16946,46671125|16946,46671269|16946,46671409|16946,46671539|16946,46671676|16946,46671820|16946,46720943|16946,46721060|16946,46721181|16946,46721309|16946,46721444|16946,46721575|16946,46721698|16946,46721828|16946,46721965|16946,46722098|16946,46722222|16946,46722353|16946,46722491|16946,46722625|16946,46722746|16946,46722874|16946,46723009|16946,46723140|16946,46723263|16946,46723393
5a 16946,2582243|16946,2582346|16946,2582456|16946,2582573|16946,2598173|16946,2598262|16946,2598358|16946,2598461|20017,3872
5alpha1 16946,32747390|16946,32747499|16946,32747615|16946,32747738|16946,32763009|16946,32763139|16946,32763276|16946,32763420|16946,32769579|16946,32769710|16946,32769848|16946,32769993|16946,32780021|16946,32780154|16946,32780294|16946,32780441|16946,32791140|16946,32791275|16946,32791417|16946,32791566|16946,32845519|16946,32845626|16946,32845740|16946,32845861|16946,32877364|16946,32877488|16946,32877619|16946,32877757|16946,32886130|16946,32886244|16946,32886365|16946,32886493|16946,32892472|16946,32892591|16946,32892717|16946,32892850|16946,32908368|16946,32908479|16946,32908597|16946,32908722|16946,32920922|16946,32921035|16946,32921155|16946,32921282|16946,32940562|16946,32940676|16946,32940797|16946,32940925|16946,32963189|16946,32963308|16946,32963434|16946,32963567|16946,32969361|16946,32969474|16946,32969594|16946,32969721|16946,32976842|16946,32976954|16946,32977073|16946,32977199|16946,32983589|16946,32983718|16946,32983854|16946,32983997|16946,33001231|16946,33001340|16946,33001456|16946,33001579|16946,33017385|16946,33017507|16946,33017636|16946,33017772|16946,33035413|16946,33035524|16946,33035642|16946,33035767|16946,33047442|16946,33047558|16946,33047681|16946,33047811|16946,33056948|16946,33057064|16946,33057187|16946,33057317|16946,33080135|16946,33080256|16946,33080384|16946,33080519|16946,33086900|16946,33087012|16946,33087131|16946,33087257|16946,33095728|16946,33095841|16946,33095961|16946,33096088|16946,33131906|16946,33132020|16946,33132141|16946,33132269|16946,33143066|16946,33143191|16946,33143323|16946,33143462|16946,33153253|16946,33153371|16946,33153496|16946,33153628|16946,33218578|16946,33218695|16946,33218819|16946,33218950|16946,33230085|16946,33230196|16946,33230314|16946,33230439|16946,33247080|16946,33247188|16946,33247303|16946,33247425|16946,33252781|16946,33252900|16946,33253026|16946,33253159|16946,33281080|16946,33281191|16946,33281309|16946,33281434|16946,33290306|16946,33290425|16946,33290551|16946,33290684|16946,33296655|16946,33296774|16946,33296900|16946,33297033|16946,33303964|16946,33304073|16946,33304189|16946,33304312|16946,33326388|16946,33326508|16946,33326635|16946,33326769|16946,33331597|16946,33331708|16946,33331826|16946,33331951|16946,33342821|16946,33342932|16946,33343050|16946,33343175|16946,33351504|16946,33351621|16946,33351745|16946,33351876|16946,33368468|16946,33368578|16946,33368695|16946,33368819|16946,33389991|16946,33390108|16946,33390232|16946,33390363|16946,33399087|16946,33399198|16946,33399316|16946,33399441|16946,33407710|16946,33407828|16946,33407953|16946,33408085|16946,33415679|16946,33415788|16946,33415904|16946,33416027|16946,33433698|16946,33433813|16946,33433935|16946,33434064|16946,33443754|16946,33443876|16946,33444005|16946,33444141|16946,33454427|16946,33454550|16946,33454680|16946,33454817|16946,33476080|16946,33476195|16946,33476317|16946,33476446|16946,33503361|16946,33503471|16946,33503588|16946,33503712|16946,33509207|16946,33509323|16946,33509446|16946,33509576|16946,33513167|16946,33513282|16946,33513404|16946,33513533|16946,33526752|16946,33526861|16946,33526977|16946,33527100|16946,33540491|16946,33540600|16946,33540716|16946,33540839|16946,33547252|16946,33547369|16946,33547493|16946,33547624|16946,33561250|16946,33561358|16946,33561473|16946,33561595|16946,33584051|16946,33584171|16946,33584298|16946,33584432|16946,33590977|16946,33591095|16946,33591220|16946,33591352|16946,33595132|16946,33595248|16946,33595371|16946,33595501|16946,33615061|16946,33615169|16946,33615284|16946,33615406|16946,33636212|16946,33636325|16946,33636445|16946,33636572|16946,33646376|16946,33646494|16946,33646619|16946,33646751|16946,33662396|16946,33662507|16946,33662625|16946,33662750|16946,33669388|16946,33669500|16946,33669619|16946,33669745|16946,33684319|16946,33684431|16946,33684550|16946,33684676
5alpha2 16946,32742900|16946,32743009|16946,32743125|16946,32743248|16946,32760322|16946,32760452|16946,32760589|16946,32760733|16946,32766872|16946,32767003|16946,32767141|16946,32767286|16946,32775110|16946,32775243|16946,32775383|16946,32775530|16946,32786704|16946,32786839|16946,32786981|16946,32787130|16946,32841544|16946,32841651|16946,32841765|16946,32841886|16946,32872266|16946,32872390|16946,32872521|16946,32872659|16946,32884689|16946,32884803|16946,32884924|16946,32885052|16946,32889031|16946,32889150|16946,32889276|16946,32889409|16946,32906061|16946,32906172|16946,32906290|16946,32906415|16946,32917190|16946,32917303|16946,32917423|16946,32917550|16946,32935872|16946,32935986|16946,32936107|16946,32936235|16946,32967014|16946,32967127|16946,32967247|16946,32967374|16946,32974515|16946,32974627|16946,32974746|16946,32974872|16946,32980922|16946,32981051|16946,32981187|16946,32981330|16946,32985706|16946,32985826|16946,32985953|16946,32986087|16946,32997627|16946,32997736|16946,32997852|16946,32997975|16946,33015848|16946,33015970|16946,33016099|16946,33016235|16946,33021176|16946,33021305|16946,33021441|16946,33021584|16946,33032647|16946,33032758|16946,33032876|16946,33033001|16946,33045977|16946,33046093|16946,33046216|16946,33046346|16946,33051699|16946,33051815|16946,33051938|16946,33052068|16946,33068726|16946,33068855|16946,33068991|16946,33069134|16946,33078119|16946,33078240|16946,33078368|16946,33078503|16946,33091537|16946,33091650|16946,33091770|16946,33091897|16946,33101081|16946,33101205|16946,33101336|16946,33101474|16946,33108724|16946,33108842|16946,33108967|16946,33109099|16946,33127679|16946,33127793|16946,33127914|16946,33128042|16946,33137928|16946,33138053|16946,33138185|16946,33138324|16946,33151285|16946,33151403|16946,33151528|16946,33151660|16946,33159382|16946,33159496|16946,33159617|16946,33159745|16946,33203095|16946,33203216|16946,33203344|16946,33203479|16946,33213768|16946,33213885|16946,33214009|16946,33214140|16946,33225515|16946,33225626|16946,33225744|16946,33225869|16946,33235560|16946,33235668|16946,33235783|16946,33235905|16946,33243955|16946,33244063|16946,33244178|16946,33244300|16946,33251280|16946,33251399|16946,33251525|16946,33251658|16946,33277412|16946,33277523|16946,33277641|16946,33277766|16946,33286382|16946,33286501|16946,33286627|16946,33286760|16946,33295154|16946,33295273|16946,33295399|16946,33295532|16946,33300360|16946,33300469|16946,33300585|16946,33300708|16946,33306409|16946,33306526|16946,33306650|16946,33306781|16946,33324388|16946,33324508|16946,33324635|16946,33324769|16946,33329741|16946,33329852|16946,33329970|16946,33330095|16946,33340965|16946,33341076|16946,33341194|16946,33341319|16946,33347644|16946,33347761|16946,33347885|16946,33348016|16946,33363938|16946,33364048|16946,33364165|16946,33364289|16946,33374421|16946,33374543|16946,33374672|16946,33374808|16946,33388997|16946,33389114|16946,33389238|16946,33389369|16946,33396329|16946,33396440|16946,33396558|16946,33396683|16946,33403826|16946,33403944|16946,33404069|16946,33404201|16946,33414298|16946,33414407|16946,33414523|16946,33414646|16946,33428968|16946,33429083|16946,33429205|16946,33429334|16946,33439247|16946,33439369|16946,33439498|16946,33439634|16946,33449884|16946,33450007|16946,33450137|16946,33450274|16946,33471350|16946,33471465|16946,33471587|16946,33471716|16946,33499725|16946,33499835|16946,33499952|16946,33500076|16946,33507742|16946,33507858|16946,33507981|16946,33508111|16946,33511714|16946,33511829|16946,33511951|16946,33512080|16946,33524485|16946,33524594|16946,33524710|16946,33524833|16946,33536887|16946,33536996|16946,33537112|16946,33537235|16946,33545300|16946,33545417|16946,33545541|16946,33545672|16946,33557239|16946,33557347|16946,33557462|16946,33557584|16946,33580582|16946,33580702|16946,33580829|16946,33580963|16946,33589009|16946,33589127|16946,33589252|16946,33589384|16946,33593667|16946,33593783|16946,33593906|16946,33594036|16946,33598697|16946,33598818|16946,33598946|16946,33599081|16946,33610611|16946,33610719|16946,33610834|16946,33610956|16946,33632480|16946,33632593|16946,33632713|16946,33632840|16946,33642484|16946,33642602|16946,33642727|16946,33642859|16946,33657826|16946,33657937|16946,33658055|16946,33658180|16946,33667516|16946,33667628|16946,33667747|16946,33667873|16946,33680619|16946,33680731|16946,33680850|16946,33680976
5april 20017,8206
5b 16946,2583572|16946,2583675|16946,2583785|16946,2583902|16946,2598951|16946,2599040|16946,2599136|16946,2599239|16946,5443495|16946,5443585|16946,5443682
5b3 16946,6171305|16946,6171389|16946,6171480|16946,6173556|16946,6173648|16946,6173747
5b5 16946,6172127|16946,6172211|16946,6172302|16946,6174423|16946,6174515|16946,6174614
5beta 16946,1236404|16946,1236490|16946,1236583|16946,1237945|16946,1238033|16946,1238128|16946,1241272|16946,1241358|16946,1241451|16946,1242807|16946,1242892|16946,1242984|16946,1245226|16946,1245313|16946,1245407|16946,1246778|16946,1246864|16946,1246957
5beta1 16946,32746484|16946,32746592|16946,32746707|16946,32746829|16946,32762462|16946,32762591|16946,32762727|16946,32762870|16946,32769028|16946,32769158|16946,32769295|16946,32769439|16946,32779462|16946,32779594|16946,32779733|16946,32779879|16946,32790573|16946,32790707|16946,32790848|16946,32790996|16946,32827842|16946,32827951|16946,32828067|16946,32828190|16946,32845064|16946,32845170|16946,32845283|16946,32845403|16946,32876841|16946,32876964|16946,32877094|16946,32877231|16946,32885647|16946,32885760|16946,32885880|16946,32886007|16946,32891486|16946,32891604|16946,32891729|16946,32891861|16946,32907897|16946,32908007|16946,32908124|16946,32908248|16946,32920443|16946,32920555|16946,32920674|16946,32920800|16946,32939616|16946,32939729|16946,32939849|16946,32939976|16946,32962686|16946,32962804|16946,32962929|16946,32963061|16946,32968882|16946,32968994|16946,32969113|16946,32969239|16946,32976367|16946,32976478|16946,32976596|16946,32976721|16946,32983046|16946,32983174|16946,32983309|16946,32983451|16946,32986712|16946,32986831|16946,32986957|16946,32987090|16946,33000768|16946,33000876|16946,33000991|16946,33001113|16946,33016870|16946,33016991|16946,33017119|16946,33017254|16946,33024877|16946,33025005|16946,33025140|16946,33025282|16946,33034942|16946,33035052|16946,33035169|16946,33035293|16946,33046951|16946,33047066|16946,33047188|16946,33047317|16946,33055986|16946,33056101|16946,33056223|16946,33056352|16946,33072427|16946,33072555|16946,33072690|16946,33072832|16946,33079624|16946,33079744|16946,33079871|16946,33080005|16946,33086425|16946,33086536|16946,33086654|16946,33086779|16946,33095249|16946,33095361|16946,33095480|16946,33095606|16946,33104642|16946,33104765|16946,33104895|16946,33105032|16946,33109714|16946,33109831|16946,33109955|16946,33110086|16946,33130960|16946,33131073|16946,33131193|16946,33131320|16946,33142539|16946,33142663|16946,33142794|16946,33142932|16946,33152754|16946,33152871|16946,33152995|16946,33153126|16946,33162663|16946,33162776|16946,33162896|16946,33163023|16946,33190048|16946,33190161|16946,33190281|16946,33190408|16946,33204109|16946,33204229|16946,33204356|16946,33204490|16946,33217608|16946,33217724|16946,33217847|16946,33217977|16946,33229163|16946,33229273|16946,33229390|16946,33229514|16946,33238673|16946,33238780|16946,33238894|16946,33239015|16946,33246621|16946,33246728|16946,33246842|16946,33246963|16946,33252278|16946,33252396|16946,33252521|16946,33252653|16946,33280609|16946,33280719|16946,33280836|16946,33280960|16946,33289803|16946,33289921|16946,33290046|16946,33290178|16946,33296152|16946,33296270|16946,33296395|16946,33296527|16946,33303501|16946,33303609|16946,33303724|16946,33303846|16946,33306908|16946,33307024|16946,33307147|16946,33307277|16946,33325881|16946,33326000|16946,33326126|16946,33326259|16946,33331126|16946,33331236|16946,33331353|16946,33331477|16946,33342350|16946,33342460|16946,33342577|16946,33342701|16946,33351009|16946,33351125|16946,33351248|16946,33351378|16946,33367554|16946,33367663|16946,33367779|16946,33367902|16946,33377926|16946,33378047|16946,33378175|16946,33378310|16946,33389496|16946,33389612|16946,33389735|16946,33389865|16946,33398165|16946,33398275|16946,33398392|16946,33398516|16946,33407211|16946,33407328|16946,33407452|16946,33407583|16946,33415216|16946,33415324|16946,33415439|16946,33415561|16946,33424060|16946,33424181|16946,33424309|16946,33424444|16946,33432744|16946,33432858|16946,33432979|16946,33433107|16946,33442744|16946,33442865|16946,33442993|16946,33443128|16946,33453409|16946,33453531|16946,33453660|16946,33453796|16946,33475126|16946,33475240|16946,33475361|16946,33475489|16946,33502894|16946,33503003|16946,33503119|16946,33503242|16946,33508716|16946,33508831|16946,33508953|16946,33509082|16946,33512680|16946,33512794|16946,33512915|16946,33513043|16946,33521204|16946,33521315|16946,33521433|16946,33521558|16946,33525846|16946,33525954|16946,33526069|16946,33526191|16946,33540028|16946,33540136|16946,33540251|16946,33540373|16946,33546757|16946,33546873|16946,33546996|16946,33547126|16946,33560791|16946,33560898|16946,33561012|16946,33561133|16946,33583057|16946,33583176|16946,33583302|16946,33583435|16946,33590478|16946,33590595|16946,33590719|16946,33590850|16946,33594641|16946,33594756|16946,33594878|16946,33595007|16946,33602174|16946,33602294|16946,33602421|16946,33602555|16946,33614163|16946,33614270|16946,33614384|16946,33614505|16946,33635733|16946,33635845|16946,33635964|16946,33636090|16946,33645877|16946,33645994|16946,33646118|16946,33646249|16946,33661474|16946,33661584|16946,33661701|16946,33661825|16946,33668913|16946,33669024|16946,33669142|16946,33669267|16946,33683844|16946,33683955|16946,33684073|16946,33684198
5catch 19600,3266
5condit 19771,3299
5csps3 19809,3949
5d2 16946,87480641|16946,87480734|16946,87480834
5dev 16946,87454341|16946,87454449|16946,87454564|16946,87454686|16946,87454794|16946,87454909|16946,87455588|16946,87455699|16946,87455817|16946,87455942|16946,87456053|16946,87456171|16946,87462906|16946,87463004|16946,87463109|16946,87464379|16946,87464477|16946,87464582|16946,87465294|16946,87465392|16946,87465497|16946,87471094|16946,87471196|16946,87471305|16946,87472627|16946,87472729|16946,87472838|16946,87473866|16946,87473968|16946,87474077
5em 19649,2179|19649,2217|19856,9161|19856,9266|19856,9509|19856,9515|19856,9521|19856,9527|19856,9824|19856,9899|19856,10557|19856,10661|19856,10677|19856,11285|19856,11383|19856,12115|19856,12121|19856,12127|19856,12232|19856,12616|19856,12734|19856,12779|19856,12831|19856,12854|19856,13231|19856,13253|19899,10731|19899,10818|19899,11015|19899,11021|19899,11027|19899,11033|19899,11275|19899,11338|19899,11889|19899,12152|19899,12167|19899,12913|19899,12990|19899,13561|19899,13567|19899,13573|19899,13658|19899,13903|19899,13917|19899,14017|19899,14114|19899,14152|19899,14196|19899,14216|19899,14583|19899,14602|19899,15296|19899,15308|19899,15403|19899,15424|19899,15436
5fu 17162,1591|17162,1635|17294,1143|17953,1115|18230,2070|18268,2028|18408,1157|18415,2429|18415,2473|18770,2387|18770,2431|18876,1166
5gb 17046,838|17358,1817|18333,796|19489,1587
5h3 16946,75301279|16946,75301368|16946,75301464
5inch 17287,1240|17792,1282|19066,1938
5k 19515,335|19731,2714
5m 16889,226|16912,226|16915,226|16925,226|16926,226|16933,226|16944,226|16953,226|16973,226
5m1 16946,30422206|16946,30422310|16946,30422421|16946,30422539|16946,30505140|16946,30505254|16946,30505375|16946,30505503|16946,30609545|16946,30609652|16946,30609766|16946,30609887|16946,30926367|16946,30926476|16946,30926592|16946,30926715|16946,30988684|16946,30988802|16946,30988927|16946,30989059|16946,31010558|16946,31010679|16946,31010807|16946,31010942|16946,31085636|16946,31085756|16946,31085883|16946,31086017|16946,31150400|16946,31150527|16946,31150661|16946,31150802|16946,31152072|16946,31152188|16946,31152311|16946,31152441|16946,31153691|16946,31153811|16946,31153938|16946,31154072|16946,31161019|16946,31161139|16946,31161266|16946,31161400|16946,31166725|16946,31166840|16946,31166962|16946,31167091|16946,31171379|16946,31171501|16946,31171630|16946,31171766
5m2 16946,30418203|16946,30418307|16946,30418418|16946,30418536|16946,30501751|16946,30501865|16946,30501986|16946,30502114|16946,30596146|16946,30596253|16946,30596367|16946,30596488|16946,30915091|16946,30915200|16946,30915316|16946,30915439|16946,30988181|16946,30988299|16946,30988424|16946,30988556|16946,31010043|16946,31010164|16946,31010292|16946,31010427|16946,31085125|16946,31085245|16946,31085372|16946,31085506|16946,31149861|16946,31149988|16946,31150122|16946,31150263|16946,31151577|16946,31151693|16946,31151816|16946,31151946|16946,31153180|16946,31153300|16946,31153427|16946,31153561|16946,31159997|16946,31160117|16946,31160244|16946,31160378|16946,31165743|16946,31165858|16946,31165980|16946,31166109|16946,31170341|16946,31170463|16946,31170592|16946,31170728
5m3 16946,30426111|16946,30426215|16946,30426326|16946,30426444|16946,30507926|16946,30508040|16946,30508161|16946,30508289|16946,30622368|16946,30622475|16946,30622589|16946,30622710|16946,30934199|16946,30934308|16946,30934424|16946,30934547|16946,30989187|16946,30989305|16946,30989430|16946,30989562|16946,31011073|16946,31011194|16946,31011322|16946,31011457|16946,31086147|16946,31086267|16946,31086394|16946,31086528|16946,31150939|16946,31151066|16946,31151200|16946,31151341|16946,31152567|16946,31152683|16946,31152806|16946,31152936|16946,31154202|16946,31154322|16946,31154449|16946,31154583|16946,31163059|16946,31163179|16946,31163306|16946,31163440|16946,31168685|16946,31168800|16946,31168922|16946,31169051|16946,31173451|16946,31173573|16946,31173702|16946,31173838
5markov 19612,5497
5megapixel 18352,1139
5min 19619,1087
5mm66o 19587,137521
5pm 19524,495|19588,572|19588,2744|19627,571|19628,863|19646,512|19646,603|19651,677|19660,677|19687,465|19692,451|19771,400|19783,501|19783,724|19793,575|19809,2210|19823,1956|19980,1810|19984,1679|19991,2181|19996,4026|19996,13397|20001,4026|20001,13397|20134,151
5print 20049,406
5proposit 19823,3549
5px 19613,2735|19613,2771|19825,2836|19825,5069
5r3 16946,87417501|16946,87417581|16946,87417668
5r4 16946,87417142|16946,87417224|16946,87417313|16946,87417409|16946,87418859|16946,87418943|16946,87419034|16946,87420697|16946,87420782|16946,87420874|16946,87420973
5rc0 16946,55379710|16946,55379825|16946,55379947|16946,55409361|16946,55409478|16946,55409602|16946,55620602|16946,55620708|16946,55620821|16946,55620941|16946,55649463|16946,55649571|16946,55649686|16946,55663420|16946,55663530|16946,55663647|16946,55674928|16946,55675037|16946,55675153|16946,55755634|16946,55755738|16946,55755849|16946,55755967|16946,55825485|16946,55825595|16946,55825712|16946,55838927|16946,55839035|16946,55839150|16946,56091702|16946,56091810|16946,56091925|16946,56092047|16946,56204861|16946,56204961|16946,56205068|16946,56205182|16946,74620863|16946,74620966|16946,74621076|16946,74630210|16946,74630315|16946,74630427|16946,74641692|16946,74641788|16946,74641891|16946,74654626|16946,74654724|16946,74654829|16946,74665243|16946,74665340|16946,74665444|16946,74674840|16946,74674938|16946,74675043|16946,74685641|16946,74685737|16946,74685840
5rc1 16946,30416423|16946,30416528|16946,30416640|16946,30416759|16946,30500290|16946,30500405|16946,30500527|16946,30500656|16946,30585517|16946,30585625|16946,30585740|16946,30585862|16946,30907096|16946,30907206|16946,30907323|16946,30907447|16946,55378627|16946,55378742|16946,55378864|16946,55408260|16946,55408377|16946,55408501|16946,55648443|16946,55648551|16946,55648666|16946,55662034|16946,55662144|16946,55662261|16946,55673899|16946,55674008|16946,55674124|16946,55824447|16946,55824557|16946,55824674|16946,55837565|16946,55837673|16946,55837788|16946,74619888|16946,74619991|16946,74620101|16946,74629217|16946,74629322|16946,74629434|16946,74640780|16946,74640876|16946,74640979|16946,74653384|16946,74653482|16946,74653587|16946,74664322|16946,74664419|16946,74664523|16946,74673910|16946,74674008|16946,74674113|16946,74684423|16946,74684519|16946,74684622|16946,77597985|16946,77598094|16946,77598210|16946,77598333|16946,77602762|16946,77602885|16946,77603015|16946,86030872|16946,86030997|16946,86031129|16946,86031268|16946,86034631|16946,86034742|16946,86034860|16946,86034985|16946,86036667|16946,86036784|16946,86036908|16946,86037039|16946,86040252|16946,86040384|16946,86040523|16946,86040669|16946,86042589|16946,86042723|16946,86042864|16946,86043012|16946,86045507|16946,86045639|16946,86045778|16946,86045924|16946,86050618|16946,86050731|16946,86050851|16946,86050978|16946,86051700|16946,86051824|16946,86051955|16946,86052093|16946,86054498|16946,86054630|16946,86054769|16946,86054915
5rc2 16946,6172774|16946,6172871|16946,6172975|16946,6173086|16946,55377178|16946,55377293|16946,55377415|16946,55406787|16946,55406904|16946,55407028|16946,55647078|16946,55647186|16946,55647301|16946,55659250|16946,55659360|16946,55659477|16946,55672522|16946,55672631|16946,55672747|16946,55823403|16946,55823513|16946,55823630|16946,55835168|16946,55835276|16946,55835391|16946,74618583|16946,74618686|16946,74618796|16946,74627888|16946,74627993|16946,74628105|16946,74639559|16946,74639655|16946,74639758|16946,74650888|16946,74650986|16946,74651091|16946,74663089|16946,74663186|16946,74663290|16946,74672974|16946,74673072|16946,74673177|16946,74682278|16946,74682374|16946,74682477|16946,75296538|16946,75296621|16946,75296711
5rc3 16946,55375006|16946,55375121|16946,55375243|16946,55404579|16946,55404696|16946,55404820|16946,55645032|16946,55645140|16946,55645255|16946,55656454|16946,55656564|16946,55656681|16946,55670458|16946,55670567|16946,55670683|16946,55821675|16946,55821785|16946,55821902|16946,55832774|16946,55832882|16946,55832997|16946,74616627|16946,74616730|16946,74616840|16946,74625896|16946,74626001|16946,74626113|16946,74637729|16946,74637825|16946,74637928|16946,74648380|16946,74648478|16946,74648583|16946,74661241|16946,74661338|16946,74661442|16946,74671426|16946,74671524|16946,74671629|16946,74680136|16946,74680232|16946,74680335
5return 20050,891
5starprofittrend 19587,133605
5th 17670,749|17771,1197|18147,749|18260,749|19140,1155|19244,735|19264,976|19384,249|19434,1901|19442,4590|19503,25696|19625,8806|19625,8951|19625,9344|19641,6008|19662,8806|19662,8951|19662,9344|19899,34518|20003,25489|20309,6669|20318,6669
5thmicro 20014,19596
5thursday 19982,9688
5thworkshop 20014,21487
5tuesday 19982,9618
5type 19982,9118
5x 19489,1507|20283,4415
5x1 19577,6387|19843,6385
5x3 19577,6361|19843,6359
5µm 20238,5842|20238,5906
