0
34
56
72
88
105
132
149
167
185
214
232
250
268
284
302
320
338
367
385
404
422
440
458
487
505
523
541
559
577
606
624
642
660
678
696
714
743
761
779
799
828
846
864
882
900
918
936
965
983
1002
1033
1052
1071
1090
1109
1128
1159
1178
1197
1216
1247
1266
1285
1304
1323
1342
1373
1392
1411
1430
1461
1480
1499
1518
1537
1568
1587
1606
1625
1644
2338
2567
2841
2890
2939
3064
3130
3212
3260
3295
3355
3371
3391
3846
3860
3911
3929
4039
4102
4121
4137
4153
4184
4199
4279
4295
4326
4345
4366
4400
4449
4498
4547
4611
4735
4784
5029
5511
5810
5859
5879
5902
5923
5943
