z0 20295,1031|20296,1020|20301,1017|20302,1011|20304,1016|20311,1098
z1 16935,65369|16935,65452|16935,65974|16935,66057
z1000 18368,1215
z2 16935,65401|16935,65456|16935,66006|16935,66061
z5pavx 19587,139384
za 20295,1028|20296,1017|20301,1014|20302,1008|20304,1013|20311,1095
zaaaaa 16929,5209
zac 17745,5268
zachari 19197,422|19210,422|19391,2361|19545,46290|20008,16194
zagalo 20008,2906
zammitto 20008,5067|20008,11137|20008,11415
zander 17935,4061
zap 19785,6823|19785,6840
zaragoza 20247,757
zauber 16946,75884054|16946,75884168|16946,75884284|16946,75884407|16946,75884537
zaubersoftwar 16946,75872373|16946,75872457|16946,75872554|16946,75872662|16946,75872777|16946,75872899|16946,75873017|16946,75873125|16946,75873240|16946,75873362|16946,75873480|16946,75873574|16946,75873690|16946,75873810|16946,75873937|16946,75874071|16946,75874201|16946,75874321|16946,75874448|16946,75874582|16946,75874712|16946,75874827|16946,75874946|16946,75875072|16946,75875205|16946,75875334|16946,75875453|16946,75875579|16946,75875712|16946,75875841|16946,75875960|16946,75876083|16946,75876213|16946,75876350|16946,75876483|16946,75876606|16946,75876736|16946,75876873|16946,75877006|16946,75877114|16946,75877226|16946,75877345|16946,75877471|16946,75877593|16946,75877705|16946,75877824|16946,75877950|16946,75878072|16946,75878185|16946,75878302|16946,75878426|16946,75878557|16946,75878684|16946,75878801|16946,75878925|16946,75879056|16946,75879183|16946,75879278|16946,75879379|16946,75879487|16946,75879602|16946,75879713|16946,75879812|16946,75879918|16946,75880031|16946,75880140|16946,75880228|16946,75880320|16946,75880419|16946,75880525|16946,75880627|16946,75880719|16946,75880818|16946,75880924|16946,75881026|16946,75881120|16946,75881221|16946,75881329|16946,75881433|16946,75881527|16946,75881628|16946,75881736|16946,75881840|16946,75881932|16946,75882031|16946,75882137|16946,75882239|16946,75882331|16946,75882430|16946,75882536|16946,75882638|16946,75882730|16946,75882827|16946,75882930|16946,75883040|16946,75883157|16946,75883270|16946,75883372|16946,75883480|16946,75883595|16946,75883717|16946,75883835|16946,75883925|16946,75884021|16946,75884135|16946,75884251|16946,75884374|16946,75884504|16946,75884630|16946,75884726|16946,75884826|16946,75884933|16946,75885047|16946,75885157|16946,75885259|16946,75885368|16946,75885484|16946,75885596|16946,75885688|16946,75885784|16946,75885907|16946,75886035|16946,75886170|16946,75886312|16946,75886450|16946,75886564|16946,75886683|16946,75886809|16946,75886942|16946,75887071|16946,75887185|16946,75887304|16946,75887430|16946,75887563|16946,75887692|16946,75887808|16946,75887929|16946,75888057|16946,75888192|16946,75888323|16946,75888435|16946,75888552|16946,75888676|16946,75888807|16946,75888934|16946,75889048|16946,75889167|16946,75889293|16946,75889426|16946,75889555|16946,75889659|16946,75889789|16946,75889924|16946,75890066|16946,75890215|16946,75890360|16946,75890488|16946,75890621|16946,75890761|16946,75890908|16946,75891051|16946,75891156|16946,75891266|16946,75891383|16946,75891507|16946,75891627|16946,75891727|16946,75891847|16946,75891972|16946,75892104|16946,75892243|16946,75892378|16946,75892499|16946,75892625|16946,75892758|16946,75892898|16946,75893034|16946,75893148|16946,75893267|16946,75893393|16946,75893526|16946,75893655|16946,75893762|16946,75893874|16946,75893993|16946,75894119|16946,75894241|16946,75894338|16946,75894457|16946,75894581|16946,75894712|16946,75894850|16946,75894984|16946,75895099|16946,75895219|16946,75895346|16946,75895480|16946,75895610|16946,75895724|16946,75895843|16946,75895969|16946,75896102|16946,75896231|16946,75896329|16946,75896445|16946,75896566|16946,75896694|16946,75896829|16946,75896960|16946,75897077|16946,75897199|16946,75897328|16946,75897464|16946,75897596|16946,75897699|16946,75897825|16946,75897956|16946,75898094|16946,75898239|16946,75898380|16946,75898488|16946,75898629|16946,75898775|16946,75898928|16946,75899088|16946,75899244|16946,75899386|16946,75899533|16946,75899687|16946,75899848|16946,75900005|16946,75900096|16946,75900199|16946,75900306|16946,75900420|16946,75900541|16946,75900658|16946,75900765|16946,75900879|16946,75901000|16946,75901117|16946,75901224|16946,75901338|16946,75901459|16946,75901576|16946,75901672|16946,75901790|16946,75901912|16946,75902041|16946,75902177|16946,75902309|16946,75902431|16946,75902560|16946,75902696|16946,75902828|16946,75902950|16946,75903079|16946,75903215|16946,75903347|16946,75903457|16946,75903571|16946,75903692|16946,75903820|16946,75903944|16946,75904047|16946,75904154|16946,75904268|16946,75904389|16946,75904506|16946,75904613|16946,75904727|16946,75904848|16946,75904965|16946,75905072|16946,75905186|16946,75905307|16946,75905424|16946,75905529|16946,75905660|16946,75905795|16946,75905937|16946,75906086|16946,75906221|16946,75906363|16946,75906512|16946,75906647|16946,75906789
zaverucha 19900,618
zawodni 18437,1592
zclasspath 16946,21754374|16946,21754465|16946,21754560|16946,21754662|16946,21754771
zcommon 16946,39533517|16946,39533615|16946,39533719|16946,39533830|16946,39533948|16946,39560575|16946,39560665|16946,39560763|16946,39560868|16946,39560980|16946,39561088|16946,39561184|16946,39561287|16946,39561397|16946,39561503|16946,39561599|16946,39561702|16946,39561812
zcvf 19815,1257
zdblog 17385,1308
zdevra 16946,22351252|16946,22351328|16946,22351418|16946,22351518|16946,22351625|16946,22351739|16946,22351849|16946,22351941|16946,22352043|16946,22352152|16946,22352268|16946,22352380|16946,22352469|16946,22352568|16946,22352674|16946,22352787|16946,22352896|16946,22352977|16946,22353068|16946,22353166|16946,22353271|16946,22353372|16946,22353459|16946,22353553|16946,22353654
zdnet 17313,2539|17379,2775|17385,1263|17505,2721|17511,2145|17633,732|17633,2767|17769,2187|17829,738|17944,717|18048,2652|18209,2497|18621,1152|18632,1715|18653,738|18761,696|18970,727|19034,2733|19112,2679|19115,821|19862,3354|19862,3372
zealand 18414,2801|18739,2585|18739,2649|18739,3214|18739,3278|19221,2186|19233,2186|19571,3377
zeba 20103,348|20103,2601|20103,3057|20142,1495|20142,2467|20210,313|20210,1944|20210,2280|20254,3641|20254,7005|20267,3979|20267,11796
zebo 19961,1262
zebra 19847,4493
zedong 18709,9162
zee 17364,5094|17364,5898|17364,7164|17364,7369
zeetv 17364,1292|17364,3080|17419,651|17419,671|17524,3278|17752,3441|18142,1977|18142,1997|18698,3653|18751,1523|18860,8|18860,625|18860,651|19061,1935|19061,1955
zeichen 19587,58305
zeigermann 16946,87930580|16946,87930659|16946,87930742|16946,87930841|16946,87930944|16946,87931054
zeitouni 19864,2855
zel 16946,39561918|16946,39562004|16946,39562096|16946,39562195|16946,39562301
zelnik 20164,1455|20192,11274
zen 16946,78625635|16946,78625726|16946,78625740|16946,78625831|16946,78625845|16946,78625940|16946,78625954|16946,78626056|16946,78626070|16946,78626179|16946,78626193|19716,1135
zeng 19961,2579
zengin 19503,20179
zenid 19186,1146|19190,1146
zenjava 16946,78625550|16946,78625627|16946,78625718|16946,78625823|16946,78625932|16946,78626048|16946,78626171
zentimestamp 16946,24508517|16946,24508620|16946,24508727|16946,24508841|16946,24508962|16946,24509079|16946,24509186|16946,24509300|16946,24509421|16946,24509538|16946,24509647|16946,24509763|16946,24509886|16946,24510005|16946,24510112|16946,24510226|16946,24510347|16946,24510464|16946,24510571|16946,24510685|16946,24510806
zenuevo 16946,75552627|16946,75552704|16946,75552788|16946,75552889|16946,75552994|16946,75553106|16946,75553225
zeon 17549,7126
zero 16929,6107|16946,87133510|16946,87133604|16946,87133704|16946,87133811|16946,87133925|16946,87134590|16946,87134684|16946,87134784|16946,87134891|16946,87135005|16946,87135115|16946,87135211|16946,87135313|16946,87135422|16946,87135538|16946,87136205|16946,87136299|16946,87136399|16946,87136506|16946,87136620|16946,87136730|16946,87136824|16946,87136924|16946,87137031|16946,87137145|16946,87137820|16946,87137918|16946,87138022|16946,87138133|16946,87138251|16946,87138365|16946,87138461|16946,87138563|16946,87138672|16946,87138788|16946,87138900|16946,87138994|16946,87139094|16946,87139201|16946,87139315|16946,87140590|16946,87140688|16946,87140792|16946,87140903|16946,87141021|17133,892|17149,1949|17406,1339|17421,1381|17596,2310|17684,4690|17700,1780|17804,1091|17814,1304|17913,919|17967,893|18025,867|18084,1388|18109,1331|18136,877|18241,1346|18264,1324|18279,2203|18327,1839|18352,1614|18593,21055|18593,25142|18621,1377|18742,1090|18785,934|18790,1749|18919,5377|18934,1328|18972,1195|18996,5377|19020,1749|19116,893|19132,2641|19254,1473|19532,2218|19556,3166|19556,3382|19556,3746|19556,4527|19569,2119|19569,3766|19570,5619|19577,8569|19577,9947|19577,11308|19577,11392|19601,4810|19601,4857|19617,8644|19625,4410|19632,12930|19639,1423|19652,2951|19652,5302|19658,417|19662,4410|19665,2883|19706,1019|19706,1120|19719,3226|19719,6073|19719,6227|19719,7695|19719,7849|19727,3370|19731,2326|19731,3093|19739,220|19739,379|19739,864|19745,1619|19746,2991|19746,3007|19746,6453|19757,837|19757,888|19757,4568|19757,4801|19757,5701|19773,8265|19773,8492|19782,7439|19789,7226|19789,7590|19789,9021|19789,9337|19790,1311|19814,6248|19818,1185|19826,2139|19826,7812|19827,3800|19832,1326|19832,2779|19832,2986|19842,3633|19842,3870|19842,4173|19842,8998|19843,8567|19843,9945|19843,11306|19843,11390|19847,792|20016,10664|20036,3334|20036,3907|20051,3837|20051,3978|20057,973|20057,1069|20057,1092|20057,4673
zeroconf 16946,36676810|16946,36676913|16946,36677020|16946,36677134|16946,36677255|16946,88431689|16946,88431791|16946,88431897|16946,88432010|16946,88432130|16946,88432236|16946,88432349|16946,88432469|16946,88432580|16946,88432698|16946,88432823|16946,88432929|16946,88433042|16946,88433162|16946,88433268|16946,88433381|16946,88433501|16946,88433607|16946,88433720|16946,88433840|16946,88433946|16946,88434059
zerodivisionerror 20051,3247|20051,3287|20051,3326|20051,3448|20051,3488|20051,3527|20051,3607|20051,3661|20051,3713|20051,3905|20051,4838
zeromq 16946,32947398|16946,32947515|16946,32947636|16946,32947764|16946,32947899|16946,33462125|16946,33462234|16946,33462347|16946,33462467|16946,33462594
zeroth 19826,1304
zeroturnaround 16946,37915094|16946,37915178|16946,37915280|16946,37915389|16946,37915505|16946,37915628|16946,37915736|16946,37915851|16946,37915973|16946,37916079|16946,37916192|16946,37916312|16946,37916412|16946,37916516|16946,37916627|16946,37916745|16946,37916859|16946,37916967|16946,37917082|16946,37917204|16946,37917322|16946,37917428|16946,37917541|16946,37917661|16946,37917777|16946,37917884|16946,37917998|16946,37918119|16946,37918236|16946,37918344|16946,37918459|16946,37918581|16946,37918699|16946,37918805|16946,37918918|16946,37919038|16946,37919154|16946,37919260|16946,37919373|16946,37919493|16946,37919609|16946,37919716|16946,37919830|16946,37919951|16946,37920068|16946,37920172|16946,37920283|16946,37920401|16946,37920515|16946,37920618|16946,37920727|16946,37920843|16946,37920966|16946,37921085|16946,37921183|16946,37921285|16946,37921394|16946,37921510|16946,37921616|16946,37921729|16946,37921849|16946,37921965|16946,37922069|16946,37922180|16946,37922298|16946,37922412|16946,37922517|16946,37922629|16946,37922748|16946,37922863|16946,37922969|16946,37923082|16946,37923202|16946,37923318|16946,37923422|16946,37923533|16946,37923651|16946,37923765|16946,37923869|16946,37923980|16946,37924098|16946,37924212|16946,37924317|16946,37924429|16946,37924548|16946,37924663|16946,37924772|16946,37924885|16946,37925005|16946,37925132|16946,37925255|16946,37925372|16946,37925496|16946,37925627|16946,37925754|16946,37925869|16946,37925991|16946,37926120|16946,37926245|16946,37926361|16946,37926484|16946,37926614|16946,37926740|16946,37926857|16946,37926981|16946,37927112|16946,37927239|16946,37927355|16946,37927478|16946,37927608|16946,37927734|16946,37927850|16946,37927970|16946,37928097|16946,37928231|16946,37928361|16946,37928461|16946,37928567|16946,37928680|16946,37928800|16946,37928916|16946,37929021|16946,37929133|16946,37929252|16946,37929367|16946,37929474|16946,37929588|16946,37929709|16946,37929826|16946,37929932|16946,37930045|16946,37930165|16946,37930281|16946,37930385|16946,37930496|16946,37930614|16946,37930728|16946,37930839|16946,37930954|16946,37931076|16946,37931205|16946,37931330|16946,37931449|16946,37931575|16946,37931708|16946,37931837|16946,37931954|16946,37932078|16946,37932209|16946,37932336|16946,37932454|16946,37932579|16946,37932711|16946,37932839|16946,37932958|16946,37933084|16946,37933217|16946,37933346|16946,37933454|16946,37933568|16946,37933689|16946,37933817|16946,37933941|16946,37934043|16946,37934151|16946,37934266|16946,37934388|16946,37934506|16946,37934613|16946,37934727|16946,37934848|16946,37934965|16946,37935074|16946,37935190|16946,37935313|16946,37935432|16946,37935540|16946,37935655|16946,37935777|16946,37935895|16946,37936001|16946,37936114|16946,37936234|16946,37936350|16946,37936459|16946,37936572|16946,37936692|16946,37936819|16946,37936942|16946,37937059|16946,37937183|16946,37937314|16946,37937441|16946,37937556|16946,37937678|16946,37937807|16946,37937932|16946,37938033|16946,37938140|16946,37938254|16946,37938375|16946,37938492|16946,37938598|16946,37938711|16946,37938831|16946,37938947|16946,37939055|16946,37939170|16946,37939292|16946,37939410|16946,37939517|16946,37939631|16946,37939752|16946,37939869|16946,37939974|16946,37940086|16946,37940205|16946,37940320|16946,37940428|16946,37940540|16946,37940659|16946,37940785|16946,37940907|16946,37941023|16946,37941146|16946,37941276|16946,37941402|16946,37941516|16946,37941637|16946,37941765|16946,37941889|16946,37942004|16946,37942126|16946,37942255|16946,37942380|16946,37942495|16946,37942617|16946,37942746|16946,37942871|16946,37942987|16946,37943110|16946,37943240|16946,37943366|16946,37943481|16946,37943603|16946,37943732|16946,37943857|16946,37943972|16946,37944094|16946,37944223|16946,37944348|16946,37944450|16946,37944559|16946,37944675|16946,37944798|16946,37944906|16946,37945021|16946,37945143|16946,37945249|16946,37945362|16946,37945482|16946,37945589|16946,37945702|16946,37945822|16946,37945949|16946,37946072|16946,37946184|16946,37946303|16946,37946429|16946,37946551|16946,37946665|16946,37946786|16946,37946914|16946,37947038|16946,37947151|16946,37947271|16946,37947398|16946,37947521|16946,37947632|16946,37947750|16946,37947875|16946,37947996|16946,37948100|16946,37948210|16946,37948327|16946,37948451|16946,37948571|16946,37948680|16946,37948796|16946,37948919|16946,37949038|16946,37949149|16946,37949267|16946,37949392|16946,37949513|16946,37949623|16946,37949740|16946,37949864|16946,37949984|16946,37950092|16946,37950207|16946,37950329|16946,37950447|16946,37950546|16946,37950651|16946,37950763|16946,37950882|16946,37950997|16946,37951101|16946,37951212|16946,37951330|16946,37951444|16946,37951550|16946,37951663|16946,37951783|16946,37951899|16946,37952004|16946,37952116|16946,37952235|16946,37952350|16946,37952453|16946,37952563|16946,37952680|16946,37952793|16946,37952899|16946,37953011|16946,37953130|16946,37953256|16946,37953378|16946,37953481|16946,37953590|16946,37953706|16946,37953829|16946,37953948|16946,37954056|16946,37954171|16946,37954293|16946,37954411|16946,37954521|16946,37954638|16946,37954762|16946,37954882|16946,37954991|16946,37955107|16946,37955230|16946,37955349|16946,37955456|16946,37955570|16946,37955691|16946,37955808|16946,37955915|16946,37956026|16946,37956144|16946,37956269|16946,37956390|16946,37956505|16946,37956627|16946,37956756|16946,37956881|16946,37956994|16946,37957114|16946,37957241|16946,37957364|16946,37957478|16946,37957599|16946,37957727|16946,37957851|16946,37957965|16946,37958086|16946,37958214|16946,37958338|16946,37958453|16946,37958575|16946,37958704|16946,37958829|16946,37958933|16946,37959043|16946,37959160|16946,37959284|16946,37959394|16946,37959511|16946,37959635|16946,37959740|16946,37959851|16946,37959969|16946,37960094|16946,37960215|16946,37960325|16946,37960442|16946,37960566|16946,37960686|16946,37960798|16946,37960917|16946,37961043|16946,37961165|16946,37961276|16946,37961394|16946,37961519|16946,37961640|16946,37961749|16946,37961865|16946,37961988|16946,37962107|16946,37962207|16946,37962313|16946,37962426|16946,37962546|16946,37962662|16946,37962767|16946,37962879|16946,37962998|16946,37963113|16946,37963220|16946,37963334|16946,37963455|16946,37963572|16946,37963678|16946,37963791|16946,37963911|16946,37964027|16946,37964131|16946,37964242|16946,37964360|16946,37964474|16946,37964565|16946,37964662|16946,37964766|16946,37964877|16946,37964984|16946,37965080|16946,37965183|16946,37965293|16946,37965399|16946,37965497|16946,37965602|16946,37965714|16946,37965822|16946,37965919|16946,37966023|16946,37966134|16946,37966241|16946,37966336|16946,37966438|16946,37966547|16946,37966652|16946,37966758|16946,37966868|16946,37966985|16946,37967109|16946,37967229|16946,37967343|16946,37967464|16946,37967592|16946,37967716|16946,37967828|16946,37967947|16946,37968073|16946,37968195|16946,37968308|16946,37968428|16946,37968555|16946,37968678|16946,37968792|16946,37968913|16946,37969041|16946,37969165|16946,37969277|16946,37969396|16946,37969522|16946,37969644|16946,37969756|16946,37969875|16946,37970001|16946,37970123|16946,37970236|16946,37970356|16946,37970483|16946,37970606|16946,37970707|16946,37970814|16946,37970928|16946,37971049|16946,37971166|16946,37971278|16946,37971394|16946,37971517|16946,37971647|16946,37971773|16946,37971893|16946,37972020|16946,37972154|16946,37972284|16946,37972402|16946,37972527|16946,37972659|16946,37972787|16946,37972906|16946,37973032|16946,37973165|16946,37973294|16946,37973413|16946,37973539|16946,37973672|16946,37973801|16946,37973921|16946,37974048|16946,37974182|16946,37974312|16946,37974431|16946,37974557|16946,37974690|16946,37974819|16946,37974926|16946,37975039|16946,37975159|16946,37975286|16946,37975399|16946,37975519|16946,37975646|16946,37975759|16946,37975879|16946,37976006|16946,37976119|16946,37976239|16946,37976366|16946,37976477|16946,37976595|16946,37976720|16946,37976833|16946,37976953|16946,37977080|16946,37977181|16946,37977288|16946,37977402|16946,37977523|16946,37977640|16946,37977746|16946,37977859|16946,37977979|16946,37978095|16946,37978203|16946,37978318|16946,37978440|16946,37978558|16946,37978665|16946,37978779|16946,37978900|16946,37979017|16946,37979122|16946,37979234|16946,37979353|16946,37979468|16946,37979575|16946,37979688|16946,37979808|16946,37979935|16946,37980058|16946,37980151|16946,37980250|16946,37980356|16946,37980469|16946,37980578|16946,37980676|16946,37980781|16946,37980893|16946,37981001|16946,37981101|16946,37981208|16946,37981322|16946,37981432|16946,37981531|16946,37981637|16946,37981750|16946,37981859|16946,37981956|16946,37982060|16946,37982171|16946,37982278|16946,37982378|16946,37982484|16946,37982597|16946,37982717|16946,37982833|16946,37982937|16946,37983048
zest 16946,39557401|16946,39557481|16946,39557486|16946,39557566|16946,39557571|16946,39557657|16946,39557662|16946,39557755|16946,39557760|16946,39557860|16946,39557865|18253,1511
zeu 16946,19920199|16946,19920283|16946,19920288|16946,19920372|16946,19920377|16946,19920465|16946,19920470|16946,19920565|16946,19920570
zevent 18426,1776
zeynep 19503,20172
zhai 17182,2493
zhang 18420,1116|19517,278|19520,1497|19520,1928|19520,2980|19520,3934|19521,2494|19521,4164|19521,4383|19521,5457|19521,6423|19528,1099|19864,2239|19865,769|19865,802|19907,6267|19907,7110|19961,2588|19961,2785|19961,4160|19961,4496|19961,4894|19961,5244|20063,2431|20142,1227|20191,1382|20222,250|20222,960|20222,1243|20228,589|20254,3110|20267,3328|20283,10461
zhangzhang 20229,2064
zhao 19186,3425|19190,3425|19221,695|19222,6539|19222,6802|19222,8051|19222,44381|19231,6539|19231,6802|19231,8051|19231,44381|19233,695|19297,748|19327,2091|19338,2061|19338,2228|19353,1267|19395,208|19424,602|19424,769|19458,3893|19458,4094|19461,2785|19616,8724|20015,1782|20055,364|20197,1846
zhaohao 20089,166|20264,1881
zhaoqi 19517,308|19520,3334|19520,3609|19520,3875|19520,4177|19520,5675|19520,6004|19521,2524|19521,5815|19521,6094|19521,6364|19521,6670|19521,8190|19521,8524
zhaounivers 20229,1274
zhe 20160,259|20160,1923|20160,2159|20173,166|20191,1237|20235,903|20254,2965|20264,346|20267,3011
zhejian 18112,1037|19173,3023
zhejiang 19173,1450|19173,2892|19173,2993|19173,3132
zhendong 19221,241|19233,241
zheng 17488,7404|19520,3928|19521,6417|20063,301|20063,2404
zhenshu 20229,1222
zheny 19922,359
zhipe 17488,7384
zhnag 19520,491|19521,3128
zhou 19186,4778|19186,6082|19186,6503|19186,7086|19190,4778|19190,6082|19190,6503|19190,7086|19197,659|19210,659|19528,503|19922,343|19953,1596|19953,2106
zhoum 20089,174|20264,1889
zhtml 16946,39547895|16946,39547979|16946,39548071|16946,39548170|16946,39548276|16946,39548378|16946,39548468|16946,39548565|16946,39548669|16946,39548769|16946,39548859|16946,39548956|16946,39549060
zhu 19245,801|19246,158|19246,775|19246,1044|19246,1872|19246,2128|19246,3378|19246,3664|19246,5378|19247,2870|19249,541|19251,25476|19252,350|19252,1307|19754,1358|20082,1072|20083,1524|20088,1769|20088,1948|20088,4440|20088,4748|20106,203|20106,1528|20106,1735|20153,333|20153,763|20167,240|20167,1167|20167,1396|20193,969|20220,241|20220,1667|20220,1910|20227,230|20227,1098|20227,1359|20230,307|20230,486|20230,696|20230,878|20232,379|20240,379|20254,4846|20254,6715|20267,5990|20267,6322|20267,10640|20267,10948
zhuang 18112,1357|19173,2097
zhuar_cvpr_2014 20227,1328
zhuowen 20082,1226|20116,717|20283,5047|20283,5150|20283,11861
zhuphd 20230,175|20264,1934
zhur_cvpr_2012 20167,1366
zhuuc 20229,117
zhuvfr_ijcv_2015 20106,1703
zhuvrf_bmvc_2012 20220,1878
zhvillim 19587,30667
zichao 19922,794
ziddio 18734,1083
zidillo 17932,1752|18151,1794|18473,1321|18734,870
zigbe 19251,2827|19251,3042|19251,12336
zika 19587,80757
zilei 20088,1405|20174,324|20174,1547|20174,1960|20258,671|20267,4948
zilio 16903,592
ziliv 19922,802
zimbabw 19098,1206
zimmerman 20007,10673|20007,11552|20007,13794|20007,14791
zimmermann 19222,37428|19222,48796|19222,51092|19231,37428|19231,48796|19231,51092
zine 19682,294|19967,4128|20018,4128
zip 16946,16957371|16946,16957457|16946,16957549|16946,16957648|16946,16957754|16946,16957856|16946,16957948|16946,16958047|16946,16958153|16946,50375974|16946,50376089|16946,50376211|16946,50376340|16946,50376476|16946,50376608|16946,50376730|16946,50376859|16946,50376995|16946,50400602|16946,50400715|16946,50400835|16946,50400962|16946,50401096|16946,50401216|16946,50401343|16946,50600879|16946,50601003|16946,50601134|16946,50601272|16946,50601417|16946,50601548|16946,50601686|16946,50655294|16946,50655401|16946,50655515|16946,50655636|16946,50655764|16946,70380047|16946,70380161|16946,70380279|16946,70380404|16946,70380536|16951,1976|16951,1992|16951,3014|16951,3031|16965,1618|16965,1656|16965,2308|16965,2324|16965,3346|16965,3363|16965,4777|16965,4792|16965,4809|16965,4834|16965,4852|16965,4872|16965,4896|16965,4913|16965,4932|16965,4958|16965,4976|16965,4996|16965,5028|16965,5046|16965,5066|19508,3952|19538,901|19538,928|19538,1162|19538,4389|19538,4411|19619,1059|19627,3816|19633,4356|19646,2002|19646,2029|19646,2083|19646,2109|19648,2341|19664,6695|19664,6739|19692,5089|19692,5479|19692,6246|19722,5670|19722,8632|19764,1768|19789,9090|19789,9114|19789,13900|19789,13960|19789,13994|19806,31458|19887,5218|19887,5239
zip05 19823,314
zip1 19793,298
zip2 19793,355
zip2012 16894,208|16902,170|16908,208|16909,170|16910,208|16949,170|16966,208|16969,170|16972,170
zip2015 16887,169|16887,210|16890,169|16890,210|16891,169|16891,210|16898,169|16898,210|16920,169|16920,210|16934,169|16934,210|16941,169|16941,210|16964,169|16964,210|16968,169|16968,210
zip2017 16899,158|16899,198|16921,307|16921,485|16932,158|16932,198|16945,158|16945,333|16950,435|16950,478|16955,442|16955,485|16957,442|16957,485|16961,165|16961,205|16979,442|16979,485
zip2018 16899,442|16921,174|16932,442|16945,474|16950,526|16955,206|16957,206|16961,122|16979,206
zip3 19675,310|19793,391
zip4j 16946,4828093|16946,4828175|16946,4828181|16946,4828263|16946,4828269|16946,4828357|16946,4828363|16946,4828458|16946,4828464|16946,4828566|16946,4828572|16946,4828670|16946,4828676|16946,4828764|16946,4828770|16946,4828865|16946,4828871|16946,4828973|16946,4828979|16946,4829077|16946,4829083|16946,4829171|16946,4829177|16946,4829272|16946,4829278|16946,4829380|16946,4829386|16946,4829484|16946,4829490|16946,4829578|16946,4829584|16946,4829679|16946,4829685|16946,4829787|16946,4829793|16946,4829891|16946,4829897|16946,4829985|16946,4829991|16946,4830086|16946,4830092|16946,4830194|16946,4830200|16946,4830298|16946,4830304|16946,4830392|16946,4830398|16946,4830493|16946,4830499|16946,4830601|16946,4830607|16946,4830705|16946,4830711|16946,4830799|16946,4830805|16946,4830900|16946,4830906|16946,4831008|16946,4831014|16946,4831112|16946,4831118|16946,4831206|16946,4831212|16946,4831307|16946,4831313|16946,4831415|16946,4831421
zip64fil 16946,4102388|16946,4102478|16946,4102488|16946,4102578|16946,4102588|16946,4102683|16946,4102693|16946,4102795|16946,4102805|16946,4102914|16946,4102924
zipdiff 16946,4572274|16946,4572361|16946,4572369|16946,4572456|16946,4572464|16946,4572555|16946,4572563|16946,4572661|16946,4572669|16946,4572774|16946,4572782
ziplock 16946,55059168|16946,55059260|16946,55059365|16946,55059477|16946,55059596
zipper 16946,78628461|16946,78628549|16946,78628641|16946,78628740|16946,78628846|16946,78628948|16946,78629040|16946,78629139|16946,78629245|16946,78629347|16946,78629441|16946,78629542|16946,78629650|16946,78629754|16946,78629848|16946,78629949|16946,78630057|16946,78630161|16946,78630255|16946,78630356|16946,78630464
zisman 19222,54551|19231,54551
zisserman 20185,255|20185,1510|20185,1709|20204,247|20204,749|20204,939|20260,243|20260,1976|20260,2163
zissermancvpr 20074,5170|20083,5296|20088,9782|20088,10120|20267,22363|20267,23286
zissermanpami 20074,4720|20088,9422|20267,20122
zitnick 20163,307|20163,1451|20163,1765
zitnickcomput 20088,2517|20267,6984
ziv 16994,2013
zivi 17169,1793
zj 16946,23602148|16946,23602246|16946,23602350|16946,23602461|16946,23602579|16946,23602693|16946,23602798|16946,23602910|16946,23603029|19746,6909|19746,7005|19746,7084
zk 16946,39532792|16946,39532890|16946,39532994|16946,39533105|16946,39533223|16946,39543072|16946,39543150|16946,39543235|16946,39543328|16946,39543428|16946,39543535|16946,39543638|16946,39543729|16946,39543827|16946,39543932|16946,39544033|16946,39544124|16946,39544222|16946,39544327|16946,39544428|16946,39544510|16946,39544600|16946,39544697|16946,39544801|16946,39544901|16946,39544989|16946,39545084|16946,39545186|16946,39545284|16946,39545372|16946,39545467|16946,39545569|16946,39545667|16946,39545670|16946,39545748|16946,39545751|16946,39545837|16946,39545840|16946,39545933|16946,39545936|16946,39546036|16946,39546039|16946,39546135|16946,39546138|16946,39546222|16946,39546225|16946,39546316|16946,39546319|16946,39546417|16946,39546420|16946,39546514|16946,39546517|16946,39546601|16946,39546604|16946,39546695|16946,39546698|16946,39546796|16946,39546799|16946,39546893|16946,39546989|16946,39547089|16946,39547196|16946,39547310|16946,39547420|16946,39547505|16946,39547594|16946,39547690|16946,39547793|16946,39547892|16946,39547976|16946,39548068|16946,39548167|16946,39548273|16946,39548375|16946,39548465|16946,39548562|16946,39548666|16946,39548766|16946,39548856|16946,39548953|16946,39549057|16946,39549157|16946,39549252|16946,39549351|16946,39549457|16946,39549570|16946,39549679|16946,39549761|16946,39549849|16946,39549944|16946,39550046|16946,39550144|16946,39550232|16946,39550327|16946,39550429|16946,39550527|16946,39550615|16946,39550710|16946,39550812|16946,39550910|16946,39550998|16946,39551093|16946,39551195|16946,39551293|16946,39551381|16946,39551476|16946,39551578|16946,39551676|16946,39551764|16946,39551859|16946,39551961|16946,39552059|16946,39552142|16946,39552231|16946,39552327|16946,39552430|16946,39552529|16946,39552618|16946,39552714|16946,39552817|16946,39552916|16946,39553005|16946,39553101|16946,39553204|16946,39553303|16946,39553392|16946,39553488|16946,39553591|16946,39553690|16946,39553779|16946,39553875|16946,39553978|16946,39554077|16946,39554166|16946,39554262|16946,39554365|16946,39554464|16946,39554548|16946,39554638|16946,39554735|16946,39554839|16946,39554939|16946,39555029|16946,39555126|16946,39555230|16946,39555330|16946,39555420|16946,39555517|16946,39555621|16946,39555721|16946,39555811|16946,39555908|16946,39556012|16946,39556112|16946,39556202|16946,39556299|16946,39556403|16946,39556503|16946,39556593|16946,39556690|16946,39556794|16946,39556894|16946,39556986|16946,39557082|16946,39557185|16946,39557295|16946,39557961|16946,39558056|16946,39558157|16946,39558265|16946,39558380|16946,39558605|16946,39558716|16946,39558833|16946,39558957|16946,39559088|16946,73203581|16946,73203690|16946,73203803|16946,73203923|16946,73204050|16946,73204173|16946,73204288|16946,73204410|16946,73204539|16946,73204664|16946,73204777|16946,73204897|16946,73205024
zkclient 16946,86877513|16946,86877609|16946,86877709|16946,86877816|16946,86877930|16946,86892531|16946,86892623|16946,86892719|16946,86892822|16946,86892932
zkex 16946,39552062|16946,39552145|16946,39552234|16946,39552330|16946,39552433|16946,39552532|16946,39552621|16946,39552717|16946,39552820|16946,39552919|16946,39553008|16946,39553104|16946,39553207|16946,39553306|16946,39553395|16946,39553491|16946,39553594|16946,39553693|16946,39553782|16946,39553878|16946,39553981|16946,39554080|16946,39554169|16946,39554265|16946,39554368
zkforg 16946,39533337|16946,39533420|16946,39533506|16946,39533604|16946,39533708|16946,39533819|16946,39533937|16946,39534051|16946,39534140|16946,39534237|16946,39534341|16946,39534452|16946,39534541|16946,39534638|16946,39534742|16946,39534853|16946,39534960|16946,39535050|16946,39535147|16946,39535251|16946,39535362|16946,39535469|16946,39535562|16946,39535662|16946,39535769|16946,39535883|16946,39535993|16946,39536081|16946,39536177|16946,39536280|16946,39536390|16946,39536496|16946,39536589|16946,39536691|16946,39536800|16946,39536916
zkmax 16946,39554467|16946,39554551|16946,39554641|16946,39554738|16946,39554842|16946,39554942|16946,39555032|16946,39555129|16946,39555233|16946,39555333|16946,39555423|16946,39555520|16946,39555624|16946,39555724|16946,39555814|16946,39555911|16946,39556015|16946,39556115|16946,39556205|16946,39556302|16946,39556406|16946,39556506|16946,39556596|16946,39556693|16946,39556797
zkoss 16946,39532711|16946,39532786|16946,39532884|16946,39532988|16946,39533099|16946,39533217|16946,39533331|16946,39533414|16946,39533500|16946,39533598|16946,39533702|16946,39533813|16946,39533931|16946,39534045|16946,39534134|16946,39534231|16946,39534335|16946,39534446|16946,39534535|16946,39534632|16946,39534736|16946,39534847|16946,39534954|16946,39535044|16946,39535141|16946,39535245|16946,39535356|16946,39535463|16946,39535556|16946,39535656|16946,39535763|16946,39535877|16946,39535987|16946,39536075|16946,39536171|16946,39536274|16946,39536384|16946,39536490|16946,39536583|16946,39536685|16946,39536794|16946,39536910|16946,39537022|16946,39537103|16946,39537192|16946,39537289|16946,39537393|16946,39537504|16946,39537611|16946,39537706|16946,39537808|16946,39537917|16946,39538022|16946,39538117|16946,39538219|16946,39538328|16946,39538433|16946,39538523|16946,39538621|16946,39538726|16946,39538838|16946,39538946|16946,39539042|16946,39539145|16946,39539255|16946,39539361|16946,39539457|16946,39539560|16946,39539670|16946,39539776|16946,39539864|16946,39539960|16946,39540063|16946,39540173|16946,39540279|16946,39540373|16946,39540474|16946,39540582|16946,39540686|16946,39540780|16946,39540881|16946,39540989|16946,39541093|16946,39541185|16946,39541285|16946,39541392|16946,39541506|16946,39541616|16946,39541714|16946,39541819|16946,39541931|16946,39542039|16946,39542137|16946,39542242|16946,39542354|16946,39542462|16946,39542546|16946,39542639|16946,39542738|16946,39542844|16946,39542957|16946,39543066|16946,39543144|16946,39543229|16946,39543322|16946,39543422|16946,39543529|16946,39543632|16946,39543723|16946,39543821|16946,39543926|16946,39544027|16946,39544118|16946,39544216|16946,39544321|16946,39544422|16946,39544504|16946,39544594|16946,39544691|16946,39544795|16946,39544895|16946,39544983|16946,39545078|16946,39545180|16946,39545278|16946,39545366|16946,39545461|16946,39545563|16946,39545661|16946,39545742|16946,39545831|16946,39545927|16946,39546030|16946,39546129|16946,39546216|16946,39546310|16946,39546411|16946,39546508|16946,39546595|16946,39546689|16946,39546790|16946,39546887|16946,39546983|16946,39547083|16946,39547190|16946,39547304|16946,39547414|16946,39547499|16946,39547588|16946,39547684|16946,39547787|16946,39547886|16946,39547970|16946,39548062|16946,39548161|16946,39548267|16946,39548369|16946,39548459|16946,39548556|16946,39548660|16946,39548760|16946,39548850|16946,39548947|16946,39549051|16946,39549151|16946,39549246|16946,39549345|16946,39549451|16946,39549564|16946,39549673|16946,39549755|16946,39549843|16946,39549938|16946,39550040|16946,39550138|16946,39550226|16946,39550321|16946,39550423|16946,39550521|16946,39550609|16946,39550704|16946,39550806|16946,39550904|16946,39550992|16946,39551087|16946,39551189|16946,39551287|16946,39551375|16946,39551470|16946,39551572|16946,39551670|16946,39551758|16946,39551853|16946,39551955|16946,39552053|16946,39552136|16946,39552225|16946,39552321|16946,39552424|16946,39552523|16946,39552612|16946,39552708|16946,39552811|16946,39552910|16946,39552999|16946,39553095|16946,39553198|16946,39553297|16946,39553386|16946,39553482|16946,39553585|16946,39553684|16946,39553773|16946,39553869|16946,39553972|16946,39554071|16946,39554160|16946,39554256|16946,39554359|16946,39554458|16946,39554542|16946,39554632|16946,39554729|16946,39554833|16946,39554933|16946,39555023|16946,39555120|16946,39555224|16946,39555324|16946,39555414|16946,39555511|16946,39555615|16946,39555715|16946,39555805|16946,39555902|16946,39556006|16946,39556106|16946,39556196|16946,39556293|16946,39556397|16946,39556497|16946,39556587|16946,39556684|16946,39556788|16946,39556888|16946,39556980|16946,39557076|16946,39557179|16946,39557289|16946,39557395|16946,39557475|16946,39557560|16946,39557651|16946,39557749|16946,39557854|16946,39557955|16946,39558050|16946,39558151|16946,39558259|16946,39558374|16946,39558485|16946,39558566|16946,39558677|16946,39558794|16946,39558918|16946,39559049|16946,39559176|16946,39559258|16946,39559345|16946,39559440|16946,39559542|16946,39559651|16946,39559756|16946,39559849|16946,39559949|16946,39560056|16946,39560159|16946,39560252|16946,39560352|16946,39560459|16946,39560562|16946,39560652|16946,39560750|16946,39560855|16946,39560967|16946,39561075|16946,39561171|16946,39561274|16946,39561384|16946,39561490|16946,39561586|16946,39561689|16946,39561799|16946,39561905|16946,39561991|16946,39562083|16946,39562182|16946,39562288
zkplu 16946,39543153|16946,39543238|16946,39543331|16946,39543431|16946,39543538|16946,39543641|16946,39543732|16946,39543830|16946,39543935|16946,39544036|16946,39544127|16946,39544225|16946,39544330
zkspring 16946,39546896|16946,39546992|16946,39547092|16946,39547199|16946,39547313|16946,39549160|16946,39549255|16946,39549354|16946,39549460|16946,39549573|16946,39556897|16946,39556989|16946,39557085|16946,39557188|16946,39557298
zktheme 16946,39537115|16946,39537204|16946,39537301|16946,39537405|16946,39537516|16946,39537623|16946,39537718|16946,39537820|16946,39537929|16946,39538034|16946,39538129|16946,39538231|16946,39538340
zler 18755,3528
zmatrix 16936,94976
zml 16946,39549682|16946,39549764|16946,39549852|16946,39549947|16946,39550049|16946,39550147|16946,39550235|16946,39550330|16946,39550432|16946,39550530|16946,39550618|16946,39550713|16946,39550815|16946,39550913|16946,39551001|16946,39551096|16946,39551198|16946,39551296|16946,39551384|16946,39551479|16946,39551581|16946,39551679|16946,39551767|16946,39551862|16946,39551964
znk7cs2tjgg 19978,1143
zo 16946,75421117|16946,75421226|16946,75421341|16946,75421463|16946,75421592|16946,75421707|16946,75421829|18050,8813
zoe 18733,4240
zohar 20164,720|20192,5679
zoie 16946,75780021|16946,75780104|16946,75780109|16946,75780197|16946,75780202|16946,75780296|16946,75780301|16946,75780402|16946,75780407|16946,75780515|16946,75780520|16946,75780624|16946,75780629|16946,75780723|16946,75780728|16946,75780829|16946,75780834|16946,75780942|16946,75780947|16946,75781051|16946,75781056|16946,75781150|16946,75781155|16946,75781256|16946,75781261|16946,75781369|16946,75781374|16946,75781478|16946,75781483|16946,75781577|16946,75781582|16946,75781683|16946,75781688|16946,75781796|16946,75781801|16946,75781905|16946,75781910|16946,75782004|16946,75782009|16946,75782110|16946,75782115|16946,75782223|16946,75782228|16946,75782332|16946,75782337|16946,75782425|16946,75782430|16946,75782524|16946,75782529|16946,75782630|16946,75782635|16946,75782743|16946,75782748|16946,75782852|16946,75782857|16946,75782951|16946,75782956|16946,75783057|16946,75783062|16946,75783170|16946,75783175|16946,75783279|16946,75783284|16946,75783378|16946,75783383|16946,75783484|16946,75783489|16946,75783597|16946,75783602|16946,75783706|16946,75783711|16946,75783805|16946,75783810|16946,75783911|16946,75783916|16946,75784024|16946,75784029|16946,75784133|16946,75784138|16946,75784232|16946,75784237|16946,75784338|16946,75784343|16946,75784451|16946,75784456|16946,75784560|16946,75784565|16946,75784653|16946,75784658|16946,75784752|16946,75784757|16946,75784858|16946,75784863|16946,75784971|16946,75784976|16946,75785080|16946,75785085|16946,75785172|16946,75785177|16946,75785270|16946,75785275|16946,75785375|16946,75785380|16946,75785487|16946,75785492|16946,75785595|16946,75785600|16946,75785693|16946,75785698|16946,75785798|16946,75785803|16946,75785910|16946,75785915|16946,75786018|16946,75786023|16946,75786116|16946,75786121|16946,75786221|16946,75786226|16946,75786333|16946,75786338|16946,75786441|16946,75786446|16946,75786539|16946,75786544|16946,75786644|16946,75786649|16946,75786756|16946,75786761|16946,75786864|16946,75786869|16946,75786962|16946,75786967|16946,75787067|16946,75787072|16946,75787179|16946,75787184|16946,75787287|16946,75787292|16946,75787382|16946,75787387|16946,75787483|16946,75787488|16946,75787591|16946,75787596|16946,75787706|16946,75787711|16946,75787817|16946,75787822|16946,75787918|16946,75787923|16946,75788026|16946,75788031|16946,75788141|16946,75788146|16946,75788252|16946,75788257|16946,75788353|16946,75788358|16946,75788461|16946,75788466|16946,75788576|16946,75788581|16946,75788687|16946,75788692|16946,75788788|16946,75788793|16946,75788896|16946,75788901|16946,75789011|16946,75789016|16946,75789122|16946,75789127|16946,75789223|16946,75789228|16946,75789331|16946,75789336|16946,75789446|16946,75789451
zombi 19969,1376|19982,10486|19982,10604|19982,10695|20007,12468|20008,6438
zonalstat 16946,73095774|16946,73095866|16946,73095964|16946,73096069|16946,73096181|16946,86260167|16946,86260267|16946,86260373|16946,86260486|16946,86260606|16946,86260722|16946,86260828|16946,86260941|16946,86261061|16946,86265308|16946,86265411|16946,86265520|16946,86265636|16946,86265759|16946,86265878|16946,86265987|16946,86266103|16946,86266226
zone 17203,3470|17603,9760|18593,21162|18870,9760|18877,2263|19098,1570|19800,2606|19800,2821|19800,2861|19800,3040
zoneinfo 16946,68969739|16946,68969845|16946,68969957|16946,68970076|16946,68970202|16946,77628125|16946,77628223|16946,77628327|16946,77628438|16946,77628556
zonetransferexcept 16936,23551|16936,24095
zookeep 16946,9766406|16946,9766515|16946,9766630|16946,9766752|16946,9766881|16946,9767006|16946,9767121|16946,9767243|16946,9767372|16946,9767497|16946,9767612|16946,9767734|16946,9767863|16946,9767988|16946,9768103|16946,9768225|16946,9768354|16946,9768479|16946,9768594|16946,9768716|16946,9768845|16946,9768970|16946,9769085|16946,9769207|16946,9769336|16946,9769461|16946,9769576|16946,9769698|16946,9769827|16946,9796739|16946,9796844|16946,9796955|16946,9797073|16946,9797198|16946,9797319|16946,9797430|16946,9797548|16946,9797673|16946,9797794|16946,9797905|16946,9798023|16946,9798148|16946,9798269|16946,9798380|16946,9798498|16946,9798623|16946,9798744|16946,9798855|16946,9798973|16946,9799098|16946,9799219|16946,9799330|16946,9799448|16946,9799573|16946,9799694|16946,9799805|16946,9799923|16946,9800048|16946,12295027|16946,12295118|16946,12295215|16946,12295319|16946,14659078|16946,14659191|16946,14659311|16946,14659438|16946,14659572|16946,14659702|16946,14659822|16946,14659949|16946,14660083|16946,14660213|16946,14660333|16946,14660460|16946,14660594|16946,14660724|16946,14660844|16946,14660971|16946,14661105|16946,14661235|16946,14661355|16946,14661482|16946,14661616|16946,14661746|16946,14661866|16946,14661993|16946,14662127|16946,14662257|16946,14662377|16946,14662504|16946,14662638|16946,14662768|16946,14662888|16946,14663015|16946,14663149|16946,14663279|16946,14663399|16946,14663526|16946,14663660|16946,36648658|16946,36648762|16946,36648870|16946,36648985|16946,36649107|16946,36649225|16946,36649333|16946,36649448|16946,36649570|16946,36656474|16946,36656585|16946,36656700|16946,36656822|16946,36656951|16946,36657076|16946,36657191|16946,36657313|16946,36657442|16946,36657576|16946,36657689|16946,36657806|16946,36657930|16946,36658061|16946,36658178|16946,36658302|16946,36659508|16946,36659621|16946,36659738|16946,36659862|16946,36659993|16946,36660120|16946,36660237|16946,36660361|16946,36660492|16946,36678474|16946,36678592|16946,36678714|16946,36678843|16946,36678979|16946,40296905|16946,40296998|16946,40297097|16946,40297203|16946,40297316|16946,40297425|16946,40297524|16946,40297630|16946,40297743|16946,41570634|16946,41570720|16946,41570730|16946,41570816|16946,41570826|16946,41570918|16946,41570928|16946,41571027|16946,41571037|16946,41571143|16946,41571153|16946,41571255|16946,41571265|16946,41571357|16946,41571367|16946,41571466|16946,41571476|16946,41571582|16946,41571592|16946,41571694|16946,41571704|16946,41571796|16946,41571806|16946,41571905|16946,41571915|16946,41572021|16946,41572031|16946,41572133|16946,41572143|16946,41572235|16946,41572245|16946,41572344|16946,41572354|16946,41572460|16946,41572470|16946,41572572|16946,41572582|16946,41572674|16946,41572684|16946,41572783|16946,41572793|16946,41572899|16946,41572909|16946,41573011|16946,41573021|16946,41573113|16946,41573123|16946,41573222|16946,41573232|16946,41573338|16946,41573348|16946,41573450|16946,41573460|16946,41573552|16946,41573562|16946,41573661|16946,41573671|16946,41573777|16946,41573787|16946,41573889|16946,41573899|16946,41573991|16946,41574001|16946,41574100|16946,41574110|16946,41574216|16946,41574226|16946,41574328|16946,41574338|16946,41574430|16946,41574440|16946,41574539|16946,41574549|16946,41574655|16946,41574665|16946,41574767|16946,41574777|16946,41574869|16946,41574879|16946,41574978|16946,41574988|16946,41575094|16946,41575104|16946,43948227|16946,43948325|16946,43948429|16946,43948540|16946,43948658|16946,43948772|16946,43948876|16946,43948987|16946,43949105|16946,43949219|16946,43949327|16946,43949442|16946,43949564|16946,43949668|16946,43949779|16946,43949897|16946,53185034|16946,53185173|16946,53185316|16946,53185466|16946,53185623|16946,53185766|16946,53185916|16946,53208359|16946,53208497|16946,53208639|16946,53208788|16946,53208944|16946,53209088|16946,53209239|16946,53209397|16946,53209539|16946,53209688|16946,53209844|16946,53209989|16946,53210138|16946,53210294|16946,53210457|16946,53210608|16946,53210766|16946,53210931|16946,53211080|16946,53211236|16946,54845556|16946,54845654|16946,54845758|16946,54845869|16946,54845987|16946,54846101|16946,54846216|16946,54846338|16946,54846467|16946,54846592|16946,54846707|16946,54846829|16946,54846958|16946,54847083|16946,54847187|16946,54847298|16946,54847416|16946,54847530|16946,54847645|16946,54847767|16946,54847896|16946,54848021|16946,54848136|16946,54848258|16946,54848387|16946,54848512|16946,54848627|16946,54848749|16946,54848878|16946,54849003|16946,54849118|16946,54849240|16946,54849369
zoom 16946,745016|16946,745088|16946,745172|16946,745262|16946,745359|16946,745463|16946,745563|16946,745640|16946,745723|16946,745813|16946,745910|16946,746003|16946,746093|16946,746189|16946,746292|16946,746402|16946,746482|16946,746568|16946,746661|16946,746761|16946,746857|16946,746943|16946,747035|16946,747134|16946,747240|16946,747321|16946,747408|16946,747502|16946,747603|16946,747700|16946,747794|16946,747894|16946,748001|16946,748115|16946,748192|16946,748275|16946,748365|16946,748462|16946,748555|16946,748640|16946,748731|16946,748829|16946,748934|17074,1992|17317,2895|17344,1216|17364,1532|17364,1540|17364,5290|17364,5465|17364,6604|17419,680|17419,685|17539,969|17751,1208|18142,2006|18142,2011|18248,1660|18254,725|18368,1370|18468,1702|18860,660|18860,665|18987,5103|19048,1023|19061,1964|19061,1969|19601,10397
zoomer 19856,13787|19899,6688|19899,15044|19899,15107
zoozl 17971,1852
zoran 20008,16556
zosupload 16946,75416766|16946,75416873|16946,75416986|16946,75417106|16946,75417233
zot 20042,2159|20042,2338
zotero 19982,15358|19990,21321|19995,17197|19996,17964|20001,17964|20007,11496|20007,22964|20019,2302|20019,2377|20019,2460|20019,2489|20019,3470|20019,3586|20019,3817|20019,27727
zscore 16982,5542|16982,5694|16982,5731|16982,5919|16982,5968|16983,4451|16984,4451
zsh 19945,3272|19945,3385
zshare 16946,77141297|16946,77141421|16946,77141551|16946,77141688|16946,77141832
ztemplat 16946,21754283|16946,21754363|16946,21754454|16946,21754549|16946,21754651|16946,21754760|16946,21754865|16946,21754876|16946,21754956|16946,21754967|16946,21755053|16946,21755064|16946,21755157|16946,21755168|16946,21755268|16946,21755279|16946,21755375|16946,21755386|16946,21755472|16946,21755483|16946,21755576|16946,21755587|16946,21755687|16946,21755698|16946,21755794|16946,21755805|16946,21755891|16946,21755902|16946,21755995|16946,21756006|16946,21756106|16946,21756117|16946,21756213|16946,21756224|16946,21756310|16946,21756321|16946,21756414|16946,21756425|16946,21756525|16946,21756536|16946,21756632|16946,21756643|16946,21756729|16946,21756740|16946,21756833|16946,21756844|16946,21756944|16946,21756955|16946,21757051|16946,21757062|16946,21757148|16946,21757159|16946,21757252|16946,21757263|16946,21757363|16946,21757374|16946,21757470|16946,21757481|16946,21757567|16946,21757578|16946,21757671|16946,21757682|16946,21757782|16946,21757793|16946,21757889|16946,21757975|16946,21758067|16946,21758166|16946,21758272
ztest 16946,21757900|16946,21757986|16946,21758078|16946,21758177|16946,21758283
ztv 17076,696|17076,809|17624,738|17624,851|18122,1213|18122,1326|18547,718|18547,832|18547,1845|18547,2154
zu 19907,7060
zubek 20017,7578
zucker 20082,1124
zuckerberg 17598,1373|19042,1033
zudeo 18617,1500
zul 16946,39544431|16946,39544513|16946,39544603|16946,39544700|16946,39544804|16946,39544904|16946,39544992|16946,39545087|16946,39545189|16946,39545287|16946,39545375|16946,39545470|16946,39545572
zuljsp 16946,39547423|16946,39547508|16946,39547597|16946,39547693|16946,39547796
zupp 19545,40744
zur 19222,42072|19231,42072
zurich 17226,2734|17925,3715|18160,33935|18160,39278|19134,4744|19222,14372|19222,14761|19231,14372|19231,14761|19503,14312|19503,14549|19503,14884|19856,4905|19873,1341
zvent 17203,1100|18089,853|18473,1809|18833,1777|18909,1819
zweb 16946,39559271|16946,39559358|16946,39559453|16946,39559555|16946,39559664|16946,39559769|16946,39559862|16946,39559962|16946,39560069|16946,39560172|16946,39560265|16946,39560365|16946,39560472
zxing 16946,85274977|16946,85275059|16946,85275146|16946,85275237|16946,85275335|16946,85275440|16946,85275541|16946,85275632|16946,85275730|16946,85275835|16946,85275936|16946,85276025|16946,85276118|16946,85276218|16946,85276325|16946,85276428|16946,85276521|16946,85276621|16946,85276728|16946,85276831|16946,85276933|16946,85277039|16946,85277152|16946,85277272|16946,85277388|16946,85277494|16946,85277607|16946,85277727
zxvf 19538,1116|19815,1419|19815,1818|19815,2111
zy 19978,2927
zynga 19587,59167
zzz 19789,10886
zürich 19222,23606|19231,23606
