0
6258
12794
19450
25326
27542
29766
31450
181372
185643
187233
187503
187773
188043
188313
188583
188909
189235
189300
189364
193853
345366
345692
345792
345851
345910
345965
346020
346075
346205
346531
346857
347183
347509
347891
348273
348655
349037
349419
349483
349547
349611
354100
354334
354482
354626
354781
458935
459317
459699
460081
460463
460845
461227
461609
461991
462373
462755
462819
463139
533451
533833
535349
536109
536491
536873
537255
537637
538019
538401
538448
538498
538548
590994
591376
591758
592140
594034
594416
609998
617204
622640
626854
626906
626927
626950
626970
627024
627887
628223
628354
628374
628395
628412
628443
628500
628528
638010
641702
641730
641985
642266
642297
642324
642397
642508
642527
642548
642569
642585
643121
644484
644735
644769
644790
644911
644981
645147
645199
645875
645915
646237
651381
670468
670497
670516
670591
670676
671772
671819
672714
672746
672799
672819
673557
673574
673625
673771
674755
674796
675256
675504
675566
675618
675664
675907
675924
675942
675969
676042
676087
676170
676200
676239
676308
676393
676649
676718
676751
676781
676800
676818
676849
676886
676905
676971
677207
677227
677253
682210
682227
682257
704651
704668
704685
704702
705014
707899
708222
708285
709493
710152
710312
710376
710903
710933
710963
711308
711422
711450
711474
711501
711548
711579
711605
711637
711668
711718
711748
711784
711811
711841
711881
711975
712005
712035
712074
712104
712160
712184
712347
712379
712718
712897
831030
831061
831081
831209
831228
831400
831428
831730
831761
832061
832148
833780
834799
834819
834842
834874
835153
835183
835206
835245
835331
835347
835365
835403
835434
842065
842084
842101
842129
842163
842179
842196
842216
859494
859518
859550
859641
859660
859685
859755
859795
859830
859928
859968
860004
860048
860086
860289
861553
862072
862268
862306
862385
862429
863553
863578
863600
863632
863663
863684
863703
864956
865106
865179
865211
865241
866828
866849
866869
866887
867300
868576
868654
868698
868742
868903
868994
869085
869198
869254
869300
869347
869460
869478
869817
870071
870093
870236
870297
870327
870347
870375
870669
871474
871507
871543
871592
871609
871627
876174
1005060
1005869
1006197
1006345
1006366
1006389
1006413
1006428
1006448
1006478
1006498
1006657
1006695
1006871
1008093
1008109
1008139
1008168
1008292
1008312
1008328
1008348
1009035
1009056
1009073
1009112
1009136
1009168
1009188
1032517
1036314
1036337
1036413
1036951
1036969
1038578
1038641
1038664
1038682
1039271
1039302
1039321
1039353
1039417
1039452
1039485
1039502
1039521
1039587
1039606
1039689
1041678
1041728
1041757
1042969
1043175
1043193
1043217
1043484
1043502
1043523
1043556
1043572
1043587
1065076
1065093
1065438
1065522
1065540
1065628
1065650
1065721
1065765
1065809
1077747
1085358
1087813
1088036
1088060
1088090
1088146
1088165
1088217
1088237
1089097
1090217
1090285
1091589
1091605
1091621
1091637
1091663
1091688
1091704
1091720
1091746
1091761
1091776
1091791
1091850
1091889
1091920
1091984
1092002
1092152
1092324
1092396
1092796
1102016
1102079
1102096
1102333
1102444
1102748
1102836
1102855
1102876
1104488
1104506
1104585
1104663
1104803
1108097
1108115
1108135
1108298
1108320
1108394
1108415
1108532
1108573
1108603
1108641
1108660
1122066
1122165
1124089
1124975
1126742
1126864
1126916
1129054
1129078
1129346
1129442
1129463
1129542
1129570
1129662
1129693
1130264
1130296
1130356
1130501
1130519
1136728
1136804
1136880
1136938
1136961
1137108
1137141
1137166
1137239
1137263
1137285
1137325
1137419
1137462
1137487
1138383
1144617
1144679
1144707
1144723
1145016
1145639
1145658
1145676
1146091
1166376
1166391
1166410
1166428
1166447
1167303
1167393
1167574
1168684
1168736
1168766
1168796
1168827
1168846
1169033
1169084
1169102
1169664
1169810
1169942
1169960
1170100
1170150
1170178
1170405
1170424
1170831
1171790
1172149
1172171
1172201
1172226
1172472
1173508
1173588
1173662
1173748
1173770
1173800
1173818
1173838
1174914
1174932
1179413
1179467
1179490
1179513
1179534
1179693
1179893
1183900
1183942
1185750
1185785
1186378
1186441
1186508
1186566
1186586
1186610
1186646
1186706
1186748
1186809
1186899
1189247
1189299
1189322
1189347
1189370
1189393
1189419
1189446
1189466
1192162
1192243
1192280
1192716
1192735
1192907
1193616
1193664
1193694
1196187
1196480
1196767
1199391
1199471
1199493
1199641
1199854
1200033
1200051
1201026
1201258
1201283
1201408
1201446
1201499
1201533
1201566
1202608
1203661
1204041
1204059
1204077
1204465
13240375
13240622
13254040
13261607
13261695
13261783
13261975
13262079
13262148
13262440
13262547
13262764
13263368
13263616
13263725
13263764
13263783
13263800
13265228
13265245
13265275
13265311
13265386
13265412
13265497
13265516
13265549
13265634
13265776
13265793
13266635
13266673
13266747
13266775
13267280
13267358
13267388
13267421
13267480
13267501
13267534
13267555
13267604
13267640
13267771
13267913
13295108
13295124
13295150
13295186
13295212
13295228
13295244
13295260
13295276
13295291
13297026
13297046
13297085
13297104
13297122
13297140
13297157
13297195
13297216
13297299
13297362
13297392
13297503
13297532
13297691
13305782
13308326
13309435
13318115
13320135
13320165
13320181
13323179
13323194
13323209
13323259
13323434
13323449
13323478
13323509
13323539
13323570
13323587
13323617
13323638
13323680
13323729
13323761
13323841
13323859
13323881
13323901
13324046
13324065
13324094
13324120
13324161
13324179
13324193
13324251
13324467
13324543
13324669
13324806
13324826
13324846
13324865
13324958
13326314
13326351
13326369
13326386
13326403
13326498
13326530
13326563
13327864
13327986
13328133
13328293
13328419
13328444
13332584
13332612
13332642
13332660
13332782
13332801
13332824
13333514
13333591
13352230
13352259
13352425
13357414
13358428
13359152
13359179
13359407
13359426
13359684
13359787
13359861
13363336
13363357
13363372
13363596
13363683
13363701
13363781
13363844
13366728
13366743
13366852
13366995
13367016
13367433
13367451
13376603
13376621
13376652
13376670
13376751
13376801
13377762
13377794
13378059
13379984
13380005
13380953
13380973
13381002
13381170
13381221
13381251
13381269
13381289
13381329
13382662
13382684
13382723
13382984
13383231
13383633
13383655
13383670
13383710
13383737
13383764
13391708
13391731
13391766
13391790
13392041
13392068
13392723
13392752
13392783
13392811
13392863
13392971
13393086
13393224
13393339
13393367
13393383
13394248
13394277
13394298
13394329
13394346
13394369
13395068
13395112
13395144
13405289
13405337
13405456
13405524
13405543
13405656
13405674
13405692
13405710
13405888
13405938
13406172
13406190
13406211
13406231
13406249
13406267
13406466
13406494
13413771
13413798
13414060
13414080
13414099
13418532
13418795
13423633
13423722
13423805
13424083
13424146
13424173
13424315
13424345
13424371
13424667
13443080
13443138
13443170
13443234
13443296
13443337
13443556
13443617
13445429
13445451
13445597
13445737
13446600
13446956
13446986
13447065
13447081
13447114
13447130
13447146
13447168
13447192
13447517
13447534
13449370
13449475
13449494
13450040
13450679
13450700
13452352
13452838
13452865
13452901
13453104
13453188
13453240
13453324
13453383
13453418
13453454
13453519
13453577
13453601
13456419
13456438
13456458
13457287
13457362
13457685
13457711
13457726
13457745
13457831
13470952
13471123
13471175
13477422
13477574
13477611
13477649
13477866
13478012
13478055
13478070
13479058
13479080
13479098
13479118
13479182
13479201
13479216
13479916
13479935
13480260
13480331
13481195
13520067
13520208
13520548
13520610
13522383
13522906
13528347
13528372
13528405
13528444
13530012
13530097
13530191
13531249
13536549
13536620
13536676
13536695
13536773
13538031
13538157
13598054
13598380
13598625
13599755
13600995
13601061
13601474
13601524
13601582
13601604
13601622
13601658
13652494
13652579
13654605
13654638
13654741
13654848
13654875
13655051
13655106
13655138
13655163
13655553
13655712
13655733
13658096
13658126
13658224
13658283
13658364
13658382
13658422
13658473
13658490
13665709
13665794
13665820
13665842
13666048
13666684
13666712
13666735
13666758
13666789
13666867
13704401
13704683
13738262
13799635
13799669
13799784
13799803
13811648
13813795
13813877
13813895
13813924
13814050
13814471
13814547
13814578
13814596
13814618
13814721
13814936
13815208
13823898
13824210
13824343
13824702
13824788
13825822
13827025
13827159
13827741
13827874
13827953
13829601
13830466
13830546
13830797
13830876
13831013
13831878
13832073
13832324
13833187
13833826
13834558
13835270
13835903
13836433
13836464
13836530
13836554
13837341
13837495
13837703
13837842
13837857
13837879
13837928
13839312
13839363
13839477
13840038
13840073
13841166
13841184
13841296
13841314
13841335
13841383
13841420
13845941
13846038
13846586
13862934
13862958
13863012
13863040
13863260
13863286
13871995
13872410
13872442
13873727
13873750
13873827
13874482
13874597
13874664
13874683
13875039
13875063
13875110
13875150
13875257
13875338
13879909
13880186
13880219
13880241
13880264
13880732
13880764
13881008
13881648
13881677
13881708
13882913
13883448
13883473
13887525
13887564
13887586
13887899
13887920
13888152
13888307
13888345
13888755
13888960
13889009
13889332
13889352
13889401
13889471
13889492
13889514
13889533
13892216
13892236
13895501
13907404
13910824
13911269
13911404
13911554
13911581
13911598
13911985
13912083
13912105
13912461
13912635
13912664
13912684
13912744
13912762
13912802
13912917
13912996
13913014
13913204
13921599
13922570
13924501
13930992
13938563
13946134
13947345
13949516
13952407
13952423
13952474
13952492
13952602
13952652
13952810
13952966
13953045
13953067
13953290
13953340
13954736
13954799
13954822
13954839
13954856
14011627
14012316
14013613
14014180
14014263
14014511
14014552
14015029
14015263
14015313
14015342
14015677
14016413
14016451
14055021
14055162
14055920
14072633
14072926
14074102
14074245
14074882
14075115
14075213
14075243
14075259
14077508
14077524
14077596
14077624
14077663
14077865
14078071
14078341
14078368
14083153
14083172
14083192
14083352
14084032
14084534
14084737
14092093
14092122
14092144
14092162
14093061
14093081
14093177
14093208
14093239
14093265
14093347
14093368
14093437
14093501
14094481
14094531
14094549
14094570
14094588
14094608
14098258
14100070
14100091
14101225
14101248
14101269
14101290
14101310
14101340
14101369
14101396
14101414
14101703
14101722
14101802
14101958
14102412
14102445
14102502
14102615
14102688
14102725
14102754
14104132
14104149
14104248
14104271
14111754
14111840
14111859
14111925
14111980
14112003
14115387
14115435
14115504
14115589
14115617
14115696
14115717
14115733
14115806
14115953
14115982
14115999
14116050
14116071
14117372
14117408
14117932
14117970
14118077
14118144
14118163
14118490
14118533
14118555
14118573
14118601
14119225
14119246
14119297
14119315
14119347
14119372
14119397
14119454
14120750
14120778
14120871
14120888
14120918
14121106
14121310
14121351
14121373
14121439
14121746
14121775
14121793
14121984
14122002
14122023
14123091
14123108
14123280
14127366
14128197
14128242
14128406
14128580
14128594
14128798
14128967
14129006
14129168
14129351
14129443
14129528
14129546
14129812
14129846
14129928
14130598
14130636
14130676
14130705
14130795
14130810
14130829
14130856
14130896
14130960
14130996
14131025
14131143
14131297
14134017
14134117
14134172
14134190
14134226
14134506
14134735
14134823
14137201
14137274
14137290
14137346
14137395
14137442
14137568
14137596
14137641
14138622
14138723
14138738
14146494
14146524
14146546
14146576
14165264
14165347
14165439
14165763
14165783
14165866
14165900
14166165
14166267
14166651
14166682
14166726
14166745
14166786
14166804
14166821
14166838
14166860
14166878
14166960
14181927
14182222
14182356
14183823
14183879
14184965
14191049
14191132
14194135
14194429
14194573
14194706
14195003
14199542
14199646
14219302
14219339
14219538
14219560
14219642
14219673
14219900
14220102
14220726
14221957
14221974
14221995
14296594
14296651
14296686
14296834
14296854
14296879
14297263
14297287
14297354
14297378
14342996
14344446
14344491
14344556
14344601
14344644
14344691
14344737
14344756
14344822
14344871
14345405
14347248
14347277
14347296
14347315
14347333
14347690
14348677
14354732
14355527
14355561
14355823
14355850
14646293
14649575
14649596
14649679
14649720
14649777
14649797
14649877
14650079
14650104
14650178
14650218
14650238
14650261
14650313
14650341
14650368
14650396
14651107
14651208
14651242
14651279
14651311
14651448
14651469
14651486
14651759
14651893
14651908
14651924
14652012
14652042
14652062
14652083
14652099
14654059
14731637
14732800
14732937
14732953
14732994
14733013
14733033
14733545
14737524
14739432
14739455
14739550
14739679
14739698
14739720
14739737
14739882
14739899
14739936
14739955
14740036
14740054
14740637
14741544
14741594
14741614
14743035
14743056
14743076
14743249
14750274
14750359
14766355
14770047
14770192
14770725
14770752
14770769
14771226
14771294
14873024
14873187
14873214
14873276
14873358
14873377
14873415
14873608
14873629
14873779
14873800
14880048
14880583
14880603
14880710
14880751
14880836
14880888
14881070
14881099
14881119
14881232
14881253
14881317
14884417
14884480
14884511
14884647
14884704
14884723
14884754
14884886
14884929
14884969
14885288
14885304
14885548
14885576
14885713
14885756
14885927
14885947
14886027
14886725
14887522
14887538
14887575
14887592
14887642
14887660
14887733
14887753
14972447
14972477
14972547
14972566
14973067
14973085
14973711
14973890
14973915
14973931
14973948
14974003
14974386
14974417
14975280
14975300
14975330
14975388
14975408
14975491
14975511
14975556
14975913
14975967
14976197
14976247
14976278
14976390
14976447
14976474
14976588
14976620
14976641
14976659
14976677
15131950
15132112
15132198
15132378
15132399
15132616
15132631
15132649
15132677
15132695
15132711
15132793
15150785
15150804
15151842
15151861
15151910
15151936
15152005
15152610
15152632
15152684
15153359
15154056
15156610
15156636
15157686
15157704
15157849
15157869
15157889
15157909
15157975
15157994
15158265
15158288
15158305
15158402
15158578
15158600
15158693
15158711
15158728
15159178
15159195
15159213
15159307
15159367
15159465
15159483
15162750
15162780
15162799
15163567
15163616
15163692
15163722
15163796
15166788
15166862
15168630
15168650
15168713
15168801
15168819
15168844
15169659
15169939
15170235
15170497
15170517
15170695
15171687
15171760
15172280
15172309
15172379
15172606
15172636
15172690
15172728
15172745
15172760
15172821
15172993
15173035
15173062
15173111
15173304
15173319
15173336
15173565
15173591
15173618
15173757
15173930
15181886
15181970
15182677
15184319
15184435
15184499
15184563
15187000
15187019
15187174
15187253
15187271
15187498
15187541
15187615
15187686
15187915
15187982
15187997
15188014
15188096
15188127
15188389
15188900
15189178
15191788
15191858
15191874
15191999
15192061
15192123
15192272
15192336
15193109
15193169
15193234
15196403
15198098
15198166
15198181
15198501
15198517
15198533
15198548
15198608
15198689
15198990
15199312
15199889
15205547
15205987
15206985
15207014
15207061
15207098
15207252
15207279
15207358
15207572
15207866
15208081
15208917
15209236
15209273
15209290
15209326
15210261
15217228
15217251
15217465
15217664
15230988
15231223
15231245
15231272
15231289
15231420
15232814
15233141
15233216
15233234
15233341
15233422
15634094
15634163
15637516
15637538
15637558
15637625
15637647
15637729
15642294
15643429
15643559
15643885
15644391
15644423
15650709
15650818
15650839
15650870
15650893
15651008
15651069
15651123
15651142
15651277
15651413
15651457
15651481
15651521
15651542
15651681
15651703
15651832
15651941
15651960
15687137
15687165
15687204
15687230
15687264
15687298
15688037
15688077
15688167
15688236
15688323
15688341
15688485
15694682
15701289
15701310
15701341
15701370
15705776
15705986
15706010
15706065
15706104
15706467
15706644
15706662
15706969
15707014
15707084
15707108
15707130
15707186
15707367
15707388
15707450
15707537
15707555
15707817
15715037
15715080
15715114
15715148
15715199
15715214
15716430
15716451
15716470
15716521
15716869
15716949
15717164
15717439
15717512
15717574
15717598
15717641
15717670
15717696
15717719
15717766
15717783
15717855
15718055
15718073
15718201
15718279
15718465
15718707
15718747
15719167
15719201
15719432
15719452
15720322
15720417
15720446
15725752
15728280
15728331
15728428
15728520
15728538
15729097
15729259
15729427
15729587
15729648
15729848
15729929
15729950
15729968
15729996
15730158
15730287
15730486
15730503
15730527
15730609
15737868
15738116
15744045
15747145
15748971
15749174
15760474
15762265
15762813
15762895
15763154
15763685
15763765
15764149
15764378
15764465
15764480
15765878
15768718
15768736
15768754
15768777
15768794
15768826
15768875
15768901
15768965
15768982
15769121
15769192
15769221
15769247
15769276
15792840
15792922
15792963
15793005
15793024
15800246
15800279
15800301
15831118
15831157
15833432
15833462
15833501
15834998
15835014
15986094
15986494
15986698
15986963
15986985
15987013
15987031
15987059
15987210
15987228
15987279
15987437
15988133
15988219
15988237
15988303
15988323
15988343
15988578
15988594
15988624
15988642
15988664
15988730
15988763
15988781
15988802
15988823
15988845
15988930
15988952
15988982
15989085
15989114
15989381
15989401
15989429
15989460
15989480
15989630
15989705
15989742
15990535
16153457
16153559
16153577
16153594
16154100
16154123
16158947
16159170
16159216
16159236
16159263
16159597
16159949
16160007
16160047
16160400
16160440
16160457
16160510
16160771
16160856
16161117
16161152
16161176
16161200
16161265
16161436
16161465
16161486
16161519
16161537
16161565
