700sec 19501,17639|19501,17842
701million 18165,887
701sec 19501,18050
702sec 19501,18252
703sec 19501,18447
704sec 19501,18647
705sec 19501,18841|19501,19036
706sec 19501,19236
707sec 19501,19430
708sec 19501,19622
709sec 19501,19820
70year 17201,802|17318,817|18571,775|18885,1582
710sec 19501,20006
711sec 19501,20198|19501,20387
712sec 19501,20580
713sec 19501,20778
714sec 19501,20964
715sec 19501,21156
716sec 19501,21345
717sec 19501,21536|19501,21732
718sec 19501,21916
719sec 19501,22106
720p 19587,118641
720sec 19501,22293
721sec 19501,22484
722sec 19501,22680
723sec 19501,22864
724sec 19501,23054
725sec 19501,23241|19501,23433
726_1 16946,45288269|16946,45288420|16946,45288578
726_2 16946,45287795|16946,45287946|16946,45288104
726_3 16946,45288743|16946,45288894|16946,45289052
726_4 16946,45287321|16946,45287472|16946,45287630
726sec 19501,23616
727sec 19501,23813
728sec 19501,24004
729sec 19501,24199
730sec 19501,24385|19501,24585
731sec 19501,24779
732sec 19501,24973
733sec 19501,25158
733t 17290,4157
734sec 19501,25357
735sec 19501,25550
736sec 19501,25728
738sec 19501,25926
739sec 19501,26135|19501,26316
740sec 19501,26499
741sec 19501,26663
742sec 19501,26836|19501,27020
744sec 19501,27212
745sec 19501,27406
746sec 19501,27581|19501,27759
747sec 19501,27954
748sec 19501,28151
749sec 19501,28338|19501,28537
74g 16899,374|16921,148|16932,374|16945,548|16950,231|16955,322|16957,322|16961,465|16979,322
750sec 19501,28734
751sec 19501,28914
752sec 19501,29088
753sec 19501,29279
754sec 19501,29472
755sec 19501,29646|19501,29837
756sec 19501,30030
757sec 19501,30212
758sec 19501,30411
759sec 19501,30612|19501,30794
75em 19856,7578|19856,11561|19899,9269|19899,13139
760sec 19501,30993
761sec 19501,31194
762sec 19501,31406
763sec 19501,31616
764sec 19501,31809
765sec 19501,32002|19501,32212
766sec 19501,32424
767sec 19501,32622
768sec 19501,32837
769sec 19501,33054|19501,33252
770sec 19501,33467
771sec 19501,33684
772sec 19501,33882
773sec 19501,34097
774sec 19501,34314
775sec 19501,34512|19501,34727
776sec 19501,34944
777sec 19501,35143
778sec 19501,35359
779sec 19501,35577|19501,35776
77b 19546,1174|19546,1185|19688,3071|19688,3976|19702,2408|19702,2771|19818,25|19818,133
77â 20097,2692
780sec 19501,35992
781sec 19501,36210
782sec 19501,36409
783sec 19501,36625
784sec 19501,36843
785sec 19501,37042|19501,37258
786sec 19501,37476
787sec 19501,37675
788mb 19489,1512
788sec 19501,37891
789sec 19501,38109|19501,38308
790sec 19501,38524
791sec 19501,38742
792sec 19501,38925
793sec 19501,39125
794sec 19501,39327
795sec 19501,39519|19501,39728
796sec 19501,39939
797sec 19501,40131
798sec 19501,40340
799sec 19501,40551|19501,40743
7_1 16946,45011202|16946,45011340|16946,45011485|16946,45044721|16946,45044863|16946,45045012|16946,45050010|16946,45050150|16946,45050297|16946,45062864|16946,45063001|16946,45063145|16946,45217511|16946,45217649|16946,45217794|16946,45236690|16946,45236830|16946,45236977|16946,45283323|16946,45283460|16946,45283604|16946,45284341|16946,45284483|16946,45284632|16946,45301105|16946,45301244|16946,45301390
7_2 16946,44997363|16946,44997502|16946,44997648|16946,45008436|16946,45008574|16946,45008719|16946,45043824|16946,45043966|16946,45044115|16946,45059528|16946,45059665|16946,45059809|16946,45231048|16946,45231188|16946,45231335|16946,45301543|16946,45301682|16946,45301828|16946,45301981|16946,45340067|16946,45340212|16946,45340364
7_3 16946,44999694|16946,44999833|16946,44999979|16946,45010767|16946,45010905|16946,45011050|16946,45047805|16946,45047945|16946,45048092|16946,45062432|16946,45062569|16946,45062713|16946,45217946|16946,45218084|16946,45218229|16946,45236249|16946,45236389|16946,45236536|16946,45340523|16946,45340668|16946,45340820
7_4 16946,44997801|16946,44997940|16946,44998086|16946,45049128|16946,45049268|16946,45049415|16946,45218964|16946,45219102|16946,45219247|16946,45235211|16946,45235351|16946,45235498|16946,45235652|16946,45340979|16946,45341124|16946,45341276
7_5 16946,44996925|16946,44997064|16946,44997210|16946,45050451|16946,45050591|16946,45050738|16946,45219982|16946,45220120|16946,45220265
7_6 16946,45048687|16946,45048827|16946,45048974|16946,45218381|16946,45218519|16946,45218664|16946,45218816|19222,11717|19231,11717
7a 20017,3925
7am 19716,1772
7bcucumb 16946,74870440|16946,74870558|16946,74870683|16946,74870815
7c 16946,75307505|16946,75307597|16946,75307696
7check 19996,13124|20001,13124
7continu 19612,5704
7d 16946,74870463|16946,74870581|16946,74870706|16946,74870838
7dev 16946,87464694|16946,87464792|16946,87464897|16946,87472954|16946,87473056|16946,87473165
7eherm 19222,29094|19231,29094
7first 19600,3374
7fol 19823,3766
7g 16899,465|16921,197|16932,465|16945,497|16950,549|16955,229|16957,229|16961,145|16979,229
7gb 16943,1343|16943,1832
7latent 19676,6017
7lb 17287,1217|17792,1259|19066,1915
7lr1sq 19587,138934
7m 16899,181|16921,508|16932,181|16945,181|16950,501|16955,508|16957,508|16961,188|16979,508
7may 20017,8594
7mid 19996,12782|20001,12782
7n7lecyeofjsvtv1nlgplb 16946,21672095|16946,21672226|16946,21672364
7p 19826,6087|19826,7866
7pm 19768,475
7prop 19809,4077
7r1 16946,87418157|16946,87418237|16946,87418324|16946,87418418
7r1_1 16946,45295756|16946,45295895|16946,45296041
7r1_2 16946,45294880|16946,45295019|16946,45295165
7r1_3 16946,45295318|16946,45295457|16946,45295603
7r1_4 16946,45293417|16946,45293556|16946,45293702
7r2 16946,87419132|16946,87419212|16946,87419299|16946,87419393
7r2_1 16946,45293855|16946,45293994|16946,45294140
7r2_2 16946,45292979|16946,45293118|16946,45293264
7r2_3 16946,45294293|16946,45294432|16946,45294578|16946,45294731
7r3 16946,72550598|16946,72550687|16946,72550783|16946,72550886
7rc0 16946,55377901|16946,55378016|16946,55378138|16946,55407522|16946,55407639|16946,55407763|16946,55647759|16946,55647867|16946,55647982|16946,55660645|16946,55660755|16946,55660872|16946,55673209|16946,55673318|16946,55673434|16946,55824096|16946,55824206|16946,55824323|16946,55836200|16946,55836308|16946,55836423|16946,74619234|16946,74619337|16946,74619447|16946,74628551|16946,74628656|16946,74628768|16946,74640168|16946,74640264|16946,74640367|16946,74652139|16946,74652237|16946,74652342|16946,74663704|16946,74663801|16946,74663905|16946,74673595|16946,74673693|16946,74673798|16946,74683202|16946,74683298|16946,74683401
7read 20019,16556
7spars 19771,3504
7th 16946,74056265|16946,74056397|16946,74056532|16946,74056674|16946,74056823|16946,74056968|16946,74057103|16946,74057245|16946,74057394|17521,1448|19222,9650|19222,13917|19231,9650|19231,13917|19503,14242|19503,14444|19503,14779|19503,19117|19503,19385|19503,25094|19503,25403|19899,34768|19899,43034|19982,10761|20003,24894
7thguest 19966,9970|19966,10183
7thtbdweek 20014,15725
7thursday 19982,10044
7tuesday 19982,9949
7x 20068,1110|20123,986
7z 19545,20420|19633,4361
7z2012 16899,527|16921,268|16932,527|16945,376|16950,117|16955,117|16957,117|16961,527|16979,117
7zip 16946,78710854|16946,78710958|16946,78711077|16946,78711203|16946,78711336|19815,3621
