6011addit 19996,13408|20001,13408
6011final 19966,10298
602â 20107,1603
603sec 19501,57
604sec 19501,246
605sec 19501,454|19501,631
606sec 19501,825
607sec 19501,1004
608sec 19501,1169
609sec 19501,1336|19501,1509
610sec 19501,1680
611sec 19501,1855
612sec 19501,2041
612â 20217,1277
613sec 19501,2218
637sec 19501,2409
638sec 19501,2588
639sec 19501,2773|19501,2955
640sec 19501,3144
640x480 20192,4004
641sec 19501,3324
642sec 19501,3518
643sec 19501,3700
644sec 19501,3888|19501,4073
645sec 19501,4264
646sec 19501,4446
647sec 19501,4631
648sec 19501,4816
649sec 19501,5009
650sec 19501,5202|19501,5406
651sec 19501,5615
652sec 19501,5818
653sec 19501,6021
654sec 19501,6230
655sec 19501,6434
656sec 19501,6643
657sec 19501,6857|19501,7065
658sec 19501,7274
659sec 19501,7488
65jtda 19587,139596
660sec 19501,7696|19501,7905
661sec 19501,8119
662sec 19501,8327
663sec 19501,8536
664sec 19501,8750
665sec 19501,8958
666sec 19501,9168
667sec 19501,9383|19501,9592
668sec 19501,9802
669sec 19501,10017
670sec 19501,10226|19501,10436
671sec 19501,10651
672sec 19501,10860
673sec 19501,11070
674sec 19501,11285
675sec 19501,11494
676sec 19501,11704|19501,11919
677sec 19501,12128
678sec 19501,12338
679sec 19501,12553
680sec 19501,12762|19501,12956
681sec 19501,13155
682sec 19501,13348
683sec 19501,13551
684sec 19501,13759
685sec 19501,13961
686sec 19501,14164|19501,14372
687sec 19501,14574
688sec 19501,14777
689sec 19501,14985
690sec 19501,15187|19501,15390
691sec 19501,15598
692sec 19501,15800
693sec 19501,16003
694sec 19501,16211
695sec 19501,16413|19501,16616
696sec 19501,16824
697sec 19501,17026
698sec 19501,17229
699sec 19501,17437
6_1 16946,44932404|16946,44932547|16946,44932697|16946,44937269|16946,44937408|16946,44937554|16946,44937707|16946,44981021|16946,44981183|16946,44981352|16946,45008871|16946,45009009|16946,45009154|16946,45021419|16946,45021556|16946,45021700|16946,45074839|16946,45074978|16946,45075124|16946,45151210|16946,45151350|16946,45151497|16946,45151651|16946,45156802|16946,45156942|16946,45157089|16946,45203459|16946,45203599|16946,45203746|16946,45219399|16946,45219537|16946,45219682|16946,45219834|16946,45268643|16946,45268783|16946,45268930|16946,45297318|16946,45297453|16946,45297595|16946,45317993|16946,45318136|16946,45318286|16946,46780184|16946,46780294|16946,46780411|16946,46780535
6_2 16946,44931954|16946,44932097|16946,44932247|16946,45010332|16946,45010470|16946,45010615|16946,45153124|16946,45153264|16946,45153411|16946,45203900|16946,45204040|16946,45204187|16946,45296892|16946,45297027|16946,45297169
6_3 16946,44932854|16946,44932997|16946,44933147|16946,44933304|16946,45155038|16946,45155178|16946,45155325|16946,45204341|16946,45204481|16946,45204628|16946,45204782|16946,45266879|16946,45267019|16946,45267166|16946,45296321|16946,45296456|16946,45296598|16946,45296747
6_4 16946,45267320|16946,45267460|16946,45267607
6_5 16946,45267761|16946,45267901|16946,45268048
6_r2 16946,84895444|16946,84895543|16946,84895649|16946,84895762|16946,84900358|16946,84900462|16946,84900573|16946,84900691
6_rc1 16946,78309649|16946,78309757|16946,78309872|16946,78309994
6_spec 16946,46689798|16946,46689922|16946,46690050|16946,46690185|16946,46690327
6a 16946,37595254|16946,37595353|16946,37595459
6am 18803,774|19024,816|19088,1247
6b1 16946,6292729|16946,6292811|16946,6292900|16946,6292996
6crf 19771,3408
6deadlin 20019,5158
6dev 16946,87458980|16946,87459078|16946,87459183|16946,87460135|16946,87460233|16946,87460338|16946,87461008|16946,87461106|16946,87461211|16946,87461608|16946,87461706|16946,87461811|16946,87461923|16946,87462021|16946,87462126|16946,87467992|16946,87468094|16946,87468203|16946,87468907|16946,87469009|16946,87469118|16946,87469816|16946,87469918|16946,87470027|16946,87470143|16946,87470245|16946,87470354|16946,87470470|16946,87470572|16946,87470681
6e 19952,3019
6em 19856,9491|19856,11886|19899,11000|19899,13411
6find 20019,16788
6kb 17387,2660|17387,2716|17855,851|17855,907|18006,2668|18006,2724|18880,865|18880,921|18947,2626|18947,2682
6linear 19524,3899|19542,3957|19588,5073|19737,4106|19768,3508
6markov 19612,5603
6may 20017,8399
6mb 19789,12275
6midterm 19676,5821|19809,4046
6pl 19823,3653
6pm 18973,1519|19676,6347|19990,3074|20002,3073|20017,10781|20077,156|20170,156
6pm12 19687,421
6pmdbh 19996,23190|20001,23190
6pmlocat 20014,615
6proposit 19600,3304
6prototyp 19996,23162|20001,23162
6r1 16946,87416881|16946,87416961|16946,87417048
6r2 16946,87419744|16946,87419824|16946,87419911
6r3 16946,87419483|16946,87419563|16946,87419650
6r5 16946,87418508|16946,87418588|16946,87418675|16946,87418769
6r6 16946,87417762|16946,87417853|16946,87417951|16946,87418056|16946,87420005|16946,87420085|16946,87420172|16946,87420266
6r7 16946,87420356|16946,87420436|16946,87420523
6rc0 16946,55622732|16946,55622838|16946,55622951|16946,55623071|16946,55760875|16946,55760979|16946,55761090|16946,55761208|16946,56096783|16946,56096891|16946,56097006|16946,56097128|16946,56209914|16946,56210014|16946,56210121|16946,56210235
6rc1 16946,6307636|16946,6307721|16946,6307813|16946,38095493|16946,38095583|16946,38095680|16946,38116314|16946,38116413|16946,38116519|16946,38160503|16946,38160613|16946,38160730|16946,55619151|16946,55619257|16946,55619370|16946,55619490|16946,55750757|16946,55750861|16946,55750972|16946,55751090|16946,56086649|16946,56086757|16946,56086872|16946,56086994|16946,56187223|16946,56187329|16946,56187442|16946,56187562|16946,56200160|16946,56200260|16946,56200367|16946,56200481
6th 17009,18286|17024,18286|17416,1415|19222,11882|19222,16215|19222,41140|19231,11882|19231,16215|19231,41140|19503,13936|19503,17180|19503,24884|19503,27445|19626,1441|19705,1455|19750,1445|19850,1409|19985,922|20019,12739|20019,18051|20077,804|20080,799|20134,789|20170,845|20238,4327|20283,3189
6that 18091,713|18664,1612|18799,2458|18899,2500
6thmeet 19966,16061
6thplaytest 20017,8404
6thursday 19982,9890
6tuesday 19982,9820
6x6 19592,275
