0
15
3606
3654
3674
3691
3708
3737
3767
3956
3974
4237
4287
4849
4867
5282
5448
5466
5542
5573
5589
5620
5658
5714
5731
5748
5769
6294
6310
6528
6767
6790
6806
6825
6843
7047
7066
7115
7144
7164
7181
7200
7232
7249
7267
7845
7871
7890
7909
7924
7941
7959
7986
8004
8024
8063
8147
8251
8269
8311
8334
8388
14136
14331
14348
14388
14417
14447
14973
14991
15020
15343
15842
15913
121504
121577
121604
121655
121694
121733
121763
121785
121805
121824
122566
122706
122735
122814
122843
122916
122945
122977
123010
123094
123125
123144
123182
123200
123217
123250
123267
123295
123315
123331
123576
127154
127171
127380
127455
127503
127609
127926
128021
128038
128057
128125
129307
129445
129637
129909
130013
130033
130061
130101
130192
130207
130226
130267
130297
130313
130453
130535
130555
130639
130666
130839
130861
131786
131803
131901
132002
132664
132732
132768
133044
133061
133078
133107
133175
133193
133277
133296
133368
133400
133416
133432
133535
138956
138990
139162
139178
139201
139398
139430
140974
144205
144234
144256
144273
144292
144354
144450
144489
144933
145037
145057
145074
145092
145118
145134
145672
145753
145848
145867
146009
146043
146123
149792
149928
150018
150036
195998
196354
203051
206232
206313
206375
206675
206725
206754
207782
207835
207894
208047
209395
212283
231232
231838
231868
231888
231970
231999
232068
232989
234395
234412
234442
234530
234707
234738
235462
235493
235564
236232
238141
239238
239364
239380
239518
239533
239659
239691
239722
239741
239802
239856
239953
239997
240089
240118
240142
240227
240247
240264
240280
240384
240430
240447
240465
240562
240590
240611
241999
242170
242328
242344
242360
242398
242555
243175
243257
243328
243346
243507
243549
243574
243778
255801
256077
256324
256340
256359
260424
260440
260458
260488
263498
263515
263541
267008
267125
267254
267420
267567
267779
267796
267816
269218
269236
269286
269302
269318
269412
269429
269525
269567
269631
269650
269666
269815
269916
270008
270026
270585
271505
271522
271543
271564
271601
271876
272128
274489
274781
274809
274840
274863
274923
274975
275266
275282
275344
275367
275398
275495
275514
275536
275565
275583
275600
275773
275802
275841
275897
275926
276268
276286
276313
277184
277280
280410
280478
281832
282343
282382
282522
282690
284217
284568
284592
284614
284630
284650
287270
287287
287368
287397
287458
287598
287671
289922
296751
296794
297540
298111
298130
306514
306538
306586
306608
309423
309455
309474
309514
309552
309573
309599
309613
309631
309648
309663
309950
310088
311968
311984
312397
312420
312536
312632
312651
312797
312833
312852
312956
313019
313071
313091
313111
326453
326470
326517
326555
326572
326593
329974
330069
330091
330264
330533
330551
330580
330609
330629
330651
330675
331384
331411
331436
331465
331513
331543
331572
331604
331625
331647
331731
331752
331771
332545
332577
333223
333545
333563
333580
333603
333625
333657
333678
333709
333726
333925
334052
334135
334165
334200
334218
334270
334296
335020
335110
335132
335149
335164
335184
335203
335222
335238
335315
335330
335347
335364
335413
335430
335462
337609
337661
337679
337710
337727
339248
339424
339443
339457
339497
339527
339541
339561
339584
339635
339656
339681
339698
339732
339770
339832
339853
339872
339889
342861
342883
342946
342964
342984
343010
343029
343055
343146
343916
344235
356404
356422
359884
359899
360031
360049
360076
360092
431274
431577
431644
432240
432261
432286
432304
432323
432350
432370
432389
432406
432425
432446
432587
432606
432701
432753
432830
432847
432868
439879
439906
439924
439987
440007
440091
440427
440541
440572
440590
440674
440691
440828
440859
440881
440926
440942
440959
441770
441786
441864
441880
442259
442494
442704
443012
443040
443066
443114
443144
443315
443334
443387
443436
443457
