0
69
120
137
188
208
277
295
310
373
391
435
453
479
498
580
4899
4919
4938
5024
5302
5318
5336
5718
5959
6055
6191
6207
6224
6242
6290
6454
6474
6575
6595
6674
6704
6884
6900
6919
6947
7060
7388
7501
7517
9444
9858
9997
10154
10172
18962
19143
19282
19300
19319
19335
19699
19721
20018
20047
20207
20230
20329
20359
20412
20441
20501
20520
20536
20553
20580
20735
20762
20963
21480
21509
21536
21599
21627
21653
21669
21697
21725
21746
21763
21781
21832
21872
21889
21959
21975
21991
22010
22068
22151
22188
23429
23445
23460
23475
23573
23761
23949
24047
24072
25016
25179
25341
25424
25746
25777
25881
25964
26012
26052
26088
26103
26119
26290
29128
29287
29667
30214
30595
35071
35272
35506
35709
35725
35745
36124
36147
36266
36281
36308
38998
39074
39429
39545
39704
39747
44287
45121
45175
45192
45210
45295
45321
45501
45585
45611
45693
46737
46818
46926
46940
46957
46975
47008
47025
47224
47306
47323
47351
47521
47581
47781
48207
48256
48270
48288
48304
