0
48
65
144
161
199
230
245
263
294
321
340
355
395
413
435
466
495
841
858
874
900
925
972
1098
1121
1149
1179
1211
1244
1309
1359
1409
1459
1477
1508
1616
1636
1656
1671
1687
1703
1732
1770
1831
1916
1981
2008
2071
2090
2141
2158
2211
2259
2275
2302
2382
2442
2741
4305
4879
5303
5622
5911
5961
6009
6120
6171
6433
7358
7422
7486
7550
7614
7678
7693
7716
7735
7816
7880
7926
7972
8007
8097
11051
11069
11115
11364
11444
11551
11566
11668
11689
11803
11830
11942
11960
12023
13047
13064
13079
13104
13121
13140
13312
13332
13486
14331
14966
15601
16236
17558
17577
18921
18952
18994
19025
19046
19066
19085
19098
19115
19141
