0
157
367
422
474
512
1398
1778
1812
2012
2027
2042
2057
2072
2086
2227
2241
2255
2269
2306
2386
2528
2551
3931
3951
4264
111689
111768
111784
111802
111889
113053
113070
113176
144696
145154
145359
145741
153761
159814
159865
159900
169514
169541
169560
169612
169638
171937
171958
173277
173718
173843
173892
173935
174127
174218
174238
177501
177537
177555
178198
181715
182111
182133
183188
185227
185273
185537
185600
186162
186192
186241
186274
186303
192128
194077
195800
196118
199676
199715
210627
210798
210849
211254
211275
211294
220122
220163
220180
220435
220460
220486
220524
221063
221142
221172
221321
221340
221359
221377
221396
221433
221514
221531
221548
221580
221634
222015
222037
222087
222125
222160
222242
222271
222652
222684
222748
223125
223155
226239
676183
676284
676314
686151
686277
686307
686347
686378
686407
686434
686453
686589
686792
686812
686831
686861
688153
688243
688294
688314
729401
729940
730026
730151
730183
741530
741564
741588
743762
743792
743809
743829
744448
744480
744551
744617
744634
744687
744713
744730
744749
744776
744816
744896
744914
744954
746643
746745
746961
747078
747202
747221
747250
747268
747297
747364
747380
747458
747492
747733
748847
751293
751450
751524
751939
751970
752652
752703
752877
752897
752927
752945
753361
753396
753412
753497
753517
754215
754302
754711
754752
754770
761716
761760
761778
770218
770259
770297
770318
771277
771312
771463
771482
771522
771546
771580
771661
771691
774542
778187
778208
778232
778255
778277
778293
778506
882303
882344
882365
882892
898676
899086
899108
899128
899766
899796
899811
900001
915221
915249
915501
915524
915552
915571
915610
915683
915712
915775
915895
916113
916131
916932
917005
917045
917074
918733
918803
921376
923054
925542
925560
925631
925650
932268
932293
932309
932449
933594
933614
936441
936697
936827
936935
937020
943855
943879
943911
943927
944085
944136
944152
944214
944307
944335
950591
951235
951266
951590
951646
951709
951732
969312
969329
969356
969438
969458
969592
981860
981972
985265
985307
985326
985684
985704
985748
985797
988559
988577
988593
989125
992842
992892
992954
993023
993056
993079
993240
993711
993773
993792
993811
993847
993878
994320
994719
994792
994812
996862
997949
998012
998075
998096
998333
998465
998542
998560
998591
1012098
1012115
1012419
1012445
1012471
1012610
1012670
1012686
1012701
1012718
1013505
1015956
1016011
1016041
1016241
1016281
1016299
1016346
1016360
1016830
1016879
1016912
1017071
1017135
1017334
1017410
1017427
1017454
1017489
1017512
1017594
1017717
1017732
1017780
1017794
1018346
1018678
1018743
1018821
1020579
1021773
1021810
1022189
1055604
1056302
1057300
1060679
1060696
1060929
1061002
1061051
1062472
1062976
1063010
1063377
1063392
1063452
1063468
1063494
1065107
1068627
1068703
1068902
1069646
1069700
1069717
1073684
1073715
1073744
1073894
1073945
1074183
1074227
1074290
1074314
1074791
1074812
1074843
1074917
1074935
1074953
1078245
1078260
1078277
1078713
1079877
1079894
1081761
1081790
1081880
1081951
1081970
1088461
1088724
1088759
1088827
1088872
1088946
1089010
1089066
1089087
1089155
1089351
1089503
1090607
1090628
1091573
1092874
1092905
1093412
1093427
1093445
1093463
1093481
1093555
1093613
1093630
1093649
1093943
1094444
1095551
1096098
1096779
1096808
1096839
1096878
1096895
1096922
1096994
1097013
1097032
1097072
1097129
1097481
1097592
1097625
1098948
1098964
1099091
1099153
1099205
1099224
1099295
1099395
1100309
1105062
1105088
1105111
1115344
1115370
1115386
1115401
1115416
1115431
1115450
1115490
1115544
1115614
1115674
1115693
1117127
1117144
1119430
1119452
1119748
1119772
1119793
1119816
1119835
1120023
1120088
1120113
1120158
1120199
1120218
1120258
1120277
1120315
1120338
1120358
1126966
1127032
1127054
1127073
1127102
1130997
1131771
1131790
1131832
1131939
1131958
1132226
1132272
1132426
1134116
1134213
1134232
1134251
1134274
1134323
1134346
1134373
1134439
1134478
1149995
1150015
1150049
1151010
1151031
1151050
1152160
1152183
1152912
1153005
1153033
1153137
1153176
1153194
1153244
1158410
1158496
1158583
1158691
1158708
1158745
1158796
1158813
1159130
1159149
1159208
1159948
1160387
1163184
1163639
1164513
1164541
1164679
1164810
1164858
1164936
1165231
1165300
1165364
1165384
1165416
1165446
1165605
1165624
1165659
1171797
1171819
1171836
1172087
1174515
1174630
1174648
1175640
1180044
1180248
1180280
1180454
1180523
1180886
1180903
1183738
1186597
1186672
1186871
1186945
1186965
1186983
1187000
1187015
1187035
1187418
1187514
1187534
1187563
1187904
1197413
1197466
1197566
1197693
1199710
1199800
1199844
1199949
1200093
1200150
1200264
1214630
1216308
1216324
1216351
1216525
1216661
1216801
1216888
1217100
1228090
1228670
1228694
1229642
1229670
1229753
1230031
1230060
1235667
1235708
1235725
1235755
1235772
1235800
1235819
1235848
1235880
1235917
1235947
1236242
1236294
1236992
1237118
1237137
1237168
1237228
1237255
1237556
1237574
1237593
1239229
1239320
1239492
1239529
1239613
1239700
1239867
1240013
1240036
1240132
1240490
1240538
1240561
1241220
1241417
1241931
1241949
1241977
1241995
1244824
1244842
1245401
1245427
1245446
1245473
1245493
1245510
1245776
1245816
1245834
1245888
1245906
1245923
1245961
1245977
1245996
1246135
1246154
1246174
1246195
1246215
1246232
1246361
1246381
1246404
1246439
1246477
1246505
1246531
1246564
1246713
1246792
1246821
1246858
1247980
1248019
1248414
1249096
1249187
1249216
1249235
1250239
1250857
1251057
1251084
1251111
1251170
1251193
1251374
1251396
1251445
1251468
1251496
1251687
1251756
1251798
1251817
1251838
1251869
1251921
1251959
1252098
1252124
1252151
1252168
1252205
1252549
1252567
1253233
1253260
1253323
1253355
1253560
1253780
1253810
1253829
1309023
1310740
1310772
1310879
1310953
1314762
1314781
1315328
1315543
1315597
1315624
1315800
1315866
1316009
1316036
1316273
1316312
1316330
1316596
1316659
1316675
1316702
1316852
1316891
1316932
1317053
1317072
1317320
1318860
1330914
1330941
1330958
1331119
1331200
1331217
1331235
1331257
1331576
1331593
1331643
1331661
1331679
1331695
1331713
1333175
1333193
1333207
1333222
1333241
1333265
1333283
1333336
1333441
1333497
1333528
1333739
1333793
1333829
1333872
1333997
1334541
1334652
1334685
1334703
1334761
1334825
1336133
1336305
1336528
1336591
1346346
1346475
1346585
1346658
1346730
1346907
1346926
1346966
1347027
1347314
1347508
1347551
1347566
1348245
1348374
1348648
1348664
1352408
1352430
1352458
1353401
1353521
1353540
1354401
1354421
1354462
1354480
1354965
1355021
1355062
1355207
1355281
1355424
1355438
1357170
1357262
1357721
1357757
1359737
1359817
1360330
1360506
1360537
1360921
1360935
1361003
1361071
1361139
1361157
1362473
1362490
1362573
1362602
1362674
1362691
1362718
1369956
1370232
1370509
1370560
1370636
1374064
1374085
1374148
1374201
1400327
1400345
1400463
1400613
1400680
1400710
1400829
1400852
1400989
1401029
1401051
1401071
1401185
1401209
1401505
1406404
1406425
1408523
1411483
1411527
1411570
1411640
1411780
1411928
1412209
1412271
1412303
1412327
1417537
1417703
1417941
1418013
1418133
1423131
1423154
1423446
1423561
1423583
1423603
1423644
1423663
1423698
1424295
1424317
1427714
1427738
1427852
1427956
1428091
1428409
1428428
1428444
1428564
1428626
1428679
1428699
1431080
1431285
1431490
1432084
1432103
1435755
1435953
1435984
1436047
1436069
1436098
1436184
1436215
1439487
1439507
1439545
1442899
1442917
1442969
1442993
1443347
1445774
1446894
1446914
1447208
1447250
1447304
1447333
1447465
1447608
1448138
1458017
1458038
1458161
1539393
1548803
1548994
1549015
1549153
1811955
1812158
1812361
1813524
1813555
1813700
1814387
1816126
1817352
1819643
1820023
1820072
1820099
1820426
1820544
1820564
1820650
1820690
1820942
1820958
1821660
1822082
1822271
1823270
1823548
1823563
1823582
1823653
1823771
1823798
1824856
1824894
1836781
1837035
1838589
1839573
1839699
1839768
1839891
1847278
1847297
1847342
1847393
1848210
1848229
1848263
1848490
1848512
1848541
1848559
1848606
1852160
1852209
1853074
1853113
1860524
1861532
1863610
1863664
1865023
1866204
1866227
1866476
1866781
1866803
1867218
1867363
1867449
1867466
1874377
1875405
1875485
1876435
1876448
1876506
1876526
1876544
1876565
1876586
1877049
1877139
1877190
1877346
1949786
1949949
1950055
1950358
1950393
1968426
1969992
1970918
1971028
1972011
1973039
2062308
2062777
2062859
2062874
2063017
2181247
2181612
2181753
2181767
2182194
2182235
2182276
2182349
2182418
2182488
2182555
2182626
2182826
2183164
2183179
2183196
2183210
2183312
2183330
2183350
2183374
2184293
2184347
2184363
2184988
2185007
2185222
2191412
2193127
2193372
2193401
2193471
2193584
2193666
2193810
2193953
2193970
2194293
2199115
2199203
2199365
2199464
2199577
2199593
2199677
2200123
2200187
2200257
2204127
2271281
2271318
2309620
2309657
2309800
2309883
2309936
2316143
2316183
2317334
2317365
2317959
2317978
2333690
2333710
2333811
2334002
2334081
2334118
2336723
2360855
2361944
2362009
3209328
3209655
3216805
3216948
3216970
3217106
3217509
3219270
3221694
3221926
3223266
3223651
3224110
3224751
3225720
3225805
3227555
3227639
3227739
3228156
3228186
3228341
3228680
3228697
3228723
3228750
3228778
3228987
3229832
3229862
3229893
3230604
3230704
3231151
3231566
3231774
3231984
3232001
3232169
3238312
3239978
3240042
3240220
3240630
3240668
3240683
3240741
3240850
3240920
3241016
3241048
3241489
3241642
3241857
3241873
3241889
3241905
3242047
3242192
3242210
3242231
3242306
3242324
3242345
3242376
3242392
3242423
3242463
3242505
3243190
3278572
3278591
3278659
3278677
3279350
3279368
3280000
3280445
3309697
3309781
3310173
3310213
3310243
3314335
3315461
3315523
3315542
3315593
3315627
3315718
3315736
3315794
3316087
3316107
3316154
3316173
3316191
3319572
3319753
3320128
3320170
3327326
3327595
3327836
3328193
3328213
3329917
3329950
3329970
3329988
3330060
3330101
3330391
3330422
3330453
3332453
3332496
3332516
3332539
3332562
4885364
4886480
4886547
4886574
4886700
4886818
4887062
4887319
4887570
4887737
4887776
4887811
4887842
4887931
4887976
4888479
4888989
4889030
4889062
4889103
4889130
4889161
4889248
4889283
4889443
4889597
4889633
4889728
4889760
4890102
4890189
4890239
4890391
4890448
4890479
4890556
4890624
4890666
4890742
4890823
4890859
4891006
4891048
4891116
4891160
4891232
4891340
4891385
4891564
4891625
4891662
4892067
4894720
4894800
4894845
4894889
4894931
4894963
4895006
4895204
4895408
4895539
4895618
4895858
4896096
4896340
4896671
4896811
4897036
4897072
4897120
4897209
4897250
4897401
4897434
4897469
4897729
4897901
4898324
4899092
4899691
4899731
4899798
4899840
4899925
4900012
4900068
4900101
4900196
4900241
4900286
4902000
4902046
4902951
4902988
4903030
4903068
4903112
4903217
4903276
4903542
4903576
4903604
4903727
4903772
4904087
4904268
4904294
4904386
4904627
4904810
4904860
4904931
4904964
4905098
4905137
4905183
4905226
4905261
4905308
4905649
4907113
4907150
4907232
4907275
4907435
4907494
4907711
4907748
4907958
4908087
4908136
4908180
4908211
4908593
4908977
4909014
4909069
4909101
4909169
4909233
4909296
4909329
4909380
4909417
4909454
4909505
4909695
4909884
4910076
4910266
4910293
4910330
4910418
4910454
4910618
4910785
4910828
4910862
4910914
4910940
4911031
4911231
4911462
4911500
4911528
4911557
4911644
4911678
4911803
4911838
4911872
4912303
4912335
4914273
4914313
4914349
4914375
4914422
4914533
4914567
4914724
4914786
4914872
4914927
4915042
4915079
4915109
4915147
4915189
4915254
4915293
4915366
4915413
4915446
4915491
4915522
4915565
4915602
4915644
4915676
4915899
4915944
4916082
4916250
4916490
4916521
4916565
4916663
4916700
4916837
4916897
4916990
4917020
4917157
4917193
4917329
4918687
4918737
4918767
4918817
4918838
4918854
4918883
4918899
4922662
4922731
4922799
4922987
4923148
4923237
4923274
4923514
4924108
4924128
4932843
4932905
4932925
4932953
4938554
4938862
4939053
4999023
4999042
4999239
4999268
4999606
4999712
4999732
4999756
4999780
4999805
4999828
4999849
4999963
5000289
5000318
5017627
5018638
5018704
5018723
5094514
5094611
5094654
5094679
5094700
5094741
5094937
5096184
5096312
5096356
5097523
5097553
5099627
5099687
5099805
5653885
5657576
5657597
5657740
5657810
5662861
5664617
5664717
5664802
5666975
5667282
5667403
5667427
5667457
5667720
5690463
5690486
5690512
5690533
5690562
5690603
5690630
5690655
5690677
5690768
5696213
5696994
5697015
5697036
5697089
5749272
5749298
5749503
5749523
5752257
5752281
5752325
5752359
5752763
5752782
5752858
5756384
5756426
5771205
5771294
5771327
5771347
5771400
5772248
5772271
5772301
5772732
5772837
5773534
5775378
5775400
5775479
5775497
5816824
5816909
5816933
5817021
5817088
5817118
5817313
5817389
5817443
5817467
5817557
5817693
5824796
5824820
5824861
5824882
5824903
5828343
5828380
5828402
5828422
5828475
5828991
5829354
5829408
5829466
5829486
5829505
5829525
5922796
5922884
5922972
5923060
5923132
5923562
5923611
5936519
5936560
5936691
5936710
5936798
5938179
5942909
5942939
5943323
5943450
5943470
5943568
5943600
5943662
6058246
6058269
6058290
6058409
6058535
6058678
6058702
6058727
6058803
6058835
6058930
6058959
6058984
6059017
6059036
6059108
6059151
6059177
6059198
6059279
6059302
6059330
6059346
6059450
6059468
6059565
6059593
6059612
6059827
6059912
6064543
6064565
6064652
6064980
6065000
6066324
6066506
6066526
6066556
6066849
6067233
6067264
6067283
6068359
6069097
6069637
6069655
6075013
6075101
6075890
6076030
6076146
6076251
6076290
6076429
6076889
6076910
6076932
6081293
6081330
6081456
6081490
6081829
6081847
6081876
6082557
6126095
6126112
6128463
6129689
6146581
6146601
6146845
6146873
6146899
6146924
6147000
6147030
6147433
6147476
6261465
6261548
6263090
6263173
6263256
6263318
6263401
6293683
6293787
6293954
6294900
6294999
6295234
6295253
6295826
6299836
6300109
6300146
6300229
6300260
6300350
6301120
6301149
6301356
6301454
6301816
6301839
6303090
6303147
6303214
6303248
6303268
6303318
6303362
6303403
6303453
6305136
6305268
6305345
6305377
6305398
6315333
6315356
6315390
6315431
6315474
6315993
6316022
6316047
6550990
6551317
6551335
6551357
6551374
6556406
6556644
6556673
6556703
6556773
6565868
6565961
6566204
6566298
6566380
6566413
6566667
6566787
6566841
6566860
6567157
6567277
6567412
6567782
6567807
6574564
6574932
6574951
6574971
6574990
6576431
6576568
6744739
6744886
6744971
6745227
6745526
6754094
6754277
6754296
6754367
6757351
6757647
6757724
6757812
6757853
6757876
6757928
6757981
6758961
6759050
6762228
6768704
6768723
6770028
6770121
6771023
6771066
6771758
6771817
6772450
6772473
6772498
6783796
6783831
6783870
6784076
6784282
6784488
6784715
6784797
6784813
6793509
6793549
6793579
6923226
6923297
6924060
6924089
6924136
6924556
6924582
6924603
6924792
6924844
6937342
6937425
6937574
6937631
6938018
6938346
6938435
6938518
6938904
6938984
6939031
6939072
6939455
6939476
6939724
6939742
6957089
6958849
6958914
6958941
6958976
6960402
6960484
6960503
6960608
6960627
6976003
6976169
6976226
6976249
6976274
6976298
6976322
6976349
6976418
7046483
7047048
7047107
7047126
7048215
7048235
7048262
7049449
7049527
7049557
7049582
7049604
7049629
7049649
7049724
7050310
7050328
7077879
7078042
7092733
7093081
7093292
7093325
7093355
7107347
7107732
7109168
7109206
7109237
7109307
7109339
7109367
7109398
7109576
7109598
7109737
7109760
7109781
7109799
7110280
7110309
7112033
7112054
7112073
7112093
7113038
7118436
7118460
7134829
7135037
7135245
7135333
7135364
7135412
7135810
7136420
7136564
7136899
7136928
7137180
7137207
7137226
7140032
7140124
7140145
7140238
7143863
7145269
7145315
7145347
7148446
7148497
7148515
7148576
7148595
7149921
7150008
7150025
7151769
7151817
7152737
7152776
7152824
7152872
7152920
7171692
7171707
7171729
7171747
7171775
7171914
7171943
7171964
7171981
7174450
7174727
7174750
7174832
7175398
7176146
7176165
7176199
7203960
7203980
7204746
7204771
7204912
7205114
7289494
7289562
7289630
7292535
7292551
7292572
7292593
7944788
7945243
7945535
7945827
7945984
7951935
7952082
7952169
7952235
7952254
7952273
7952498
7952702
7952827
7953384
7953405
7953465
7953481
7953509
7953524
7953543
7953581
7953674
7953693
7954104
7958923
7958975
7958995
7959469
7959560
7960054
7960095
7960115
7960240
7960267
7960317
7962148
7962171
7962965
7964741
7964760
7964781
7966940
7966972
7967034
7967282
7967301
7967350
7967402
7967422
7967442
7967459
7967477
7967507
7967557
7967602
7967677
7967694
7967743
7967787
7967853
7967908
7967943
7967958
7967988
7968006
7968157
7968244
7968282
7968501
7968530
7968591
7971234
7971261
7971290
7971428
7971574
7974832
7974863
7974900
7974961
7974980
7974998
7978855
7979952
7983252
7983270
7996970
7996999
7997110
7997140
7997389
7997441
7997831
7997884
8001242
8001274
8001294
8004868
8004922
8004947
8005025
8005121
8005262
8005327
8005752
8005806
8012413
8012467
8012794
8012836
8012871
8013718
8013760
8013777
8013848
8013898
8013918
8067378
8067420
8067454
8067472
8067597
8067617
8067691
8067711
8067732
8067761
8067780
8067970
8067998
8068035
8068168
8068365
8068693
8068723
8069986
8072568
8072596
8072849
8072876
8072903
8072920
8072937
8073083
8073101
8073512
8073623
8073658
8073755
8073856
8074359
8074742
8075124
8075140
8077144
8077159
8077197
8077452
8077481
8077815
8077897
8080766
8080845
8081959
8081976
8082024
8082039
8083177
8083535
8083550
8084474
8084677
8084760
8085263
8086366
8086451
8086482
8086497
8088249
8088304
8088442
8088502
8088522
8089267
8125979
8126044
8126109
8126174
8131279
8148105
8157638
8165224
8169638
8172672
8175226
8177540
8177964
8178014
8178125
8178427
8178480
8178565
8178602
8178712
8178733
8178756
8178772
8178789
8178826
8178843
8178861
8178878
8178894
8179456
8179474
8179666
8181100
8181118
8181146
8181227
8181342
8182393
8182634
8182898
8182914
8182942
8183057
8183076
8184260
8184346
8184364
8184909
8199449
8199473
8199628
8199652
8199676
8199716
8199857
8199923
8200067
8200114
8200162
8200207
8200243
8200619
8200765
8200832
8200903
8200963
8201424
8201461
8201499
8201533
8201571
8201616
8201686
8203094
8203126
8205016
8205305
8205329
8205498
8205550
8206278
8206438
8206580
8206676
8210535
8210555
8210576
8210598
8210616
8210677
8210766
8210783
8210814
8210904
8210923
8210941
8210959
8211640
8211711
8211749
8211769
8211916
8212061
8212766
8212787
8212882
8213938
8213958
8213977
8214209
8214240
8214269
8214412
8214441
8214470
8215044
8215120
8215180
8215199
8215319
8215391
8215534
8215701
8215998
8216827
8217005
8217093
8219047
8219615
8219635
8219854
8219880
8219910
8219974
8220105
8220131
8220151
8220172
8220203
8220361
8220389
8220799
8220946
8220975
8221058
8221443
8221629
8221655
8221673
8221698
8221718
8221739
8222447
8222488
8222507
8222606
8222675
8222696
8224458
8224507
8232280
8232542
8232827
8233109
8235469
8236122
8236164
8237818
8237851
8237908
8237958
8251148
8251163
8251446
8257185
8257435
8257452
8257491
8257522
8258323
8258981
8258999
8259019
8259037
8259065
8259101
8259132
8259162
8259561
8259594
8259609
8259626
8260239
8260258
8260401
8266089
8266340
8266817
8266840
8266897
8266943
8266966
8266997
8271309
8271375
8271403
8272426
8272482
8272546
8272563
8272866
8272992
8273328
8273475
8273803
8273819
8273847
8273881
8273988
8274014
8274055
8274214
8274241
8275190
8275221
8275254
8275288
8275321
8275354
8275483
8275539
8275598
8275626
8275674
8275718
8275733
8284267
8284518
8284613
8284642
8284659
8284707
8288283
8288308
8288450
8288470
8288798
8288961
8293508
8293540
8293701
8293717
8294055
8294457
8294634
8294665
8294682
8294700
8294740
8294971
8305148
8305169
8305311
8305373
8306844
8307021
8307565
8308487
8308600
8308874
8309040
8309056
8309265
8309326
8309439
8309738
8310312
8310348
8310481
8310496
8310511
8310535
8310586
8312168
8312207
8312224
8312241
8312259
8331061
8332004
8332049
8332065
8332093
8332108
8332277
8332295
8353090
8353108
8353484
8353511
8353526
8353555
8357682
8357703
8357727
8357749
8357769
8357826
8357869
8357953
8358047
8358077
8358093
8358759
8358806
8358821
8376106
8376129
8376145
8376358
8376376
8376543
8376650
8376885
8376902
8376963
8377101
8377402
8377495
8377948
8377967
8454887
8454936
8454995
8455040
8455129
8455168
8455695
8455716
8455738
8456334
8456784
8457226
8457277
8457295
8457761
8458008
8458061
8458091
8458154
8458180
8458201
8458464
8467355
8467428
8467449
8467470
8467497
8467524
8467789
8467825
8468064
8468179
8468208
8468298
8468344
8468397
8468423
8468466
8468510
8468600
8468630
8468722
8468807
8468955
8470071
8470149
8470770
8470875
8470986
8471017
8471035
8471211
8471236
8471258
8471287
8471336
8474567
8474615
8474641
8474707
8474788
8476470
8476488
8476505
8476575
8477181
8477684
8477789
8478397
8478412
8478434
8479987
8480219
8480964
9000144
9000165
9003340
9003372
9003395
9003570
9003677
9003707
9004920
9005216
9005243
9005311
9005952
9006814
9006848
9006893
9007003
9007115
9008356
9008373
9008525
9009378
9009641
9009659
9009698
9009746
9011418
9011446
9011463
9011534
9011582
9011601
9011621
9011649
9011967
9012002
