400k 19555,3434
401k 19587,55718|19587,86782|19587,100593
404bizzocchi 20008,1474
40group 19654,221|19654,369|19670,221|19670,369
40k 17549,16407
40kb 18880,1544
40px 19581,7309
40steven 20164,1687|20192,13132
40th 19503,2270|19503,2551|19503,2842
41st 19503,670|19503,911|19505,1617|19513,2476
42_1 16946,45039436|16946,45039575|16946,45039721
42_2 16946,45037386|16946,45037525|16946,45037671
42_3 16946,45041337|16946,45041476|16946,45041622
42entertain 19978,760
43_1 16946,45040899|16946,45041038|16946,45041184
43_2 16946,45042362|16946,45042501|16946,45042647
444date 18160,52632
44_1 16946,45040461|16946,45040600|16946,45040746
44_2 16946,45038998|16946,45039137|16946,45039283
44_3 16946,45041775|16946,45041914|16946,45042060|16946,45042213
44th 17351,2652|18924,883|18963,1702|19041,1446|19050,1744
458b 19885,2332
45_1 16946,45039874|16946,45040013|16946,45040159|16946,45040312
45c 20064,615
45j 20064,577
45mm 19587,134477
45pm 19073,2525|20003,12303
468a 19255,695|19257,695
46_1 16946,44890001|16946,44890144|16946,44890294|16946,45025928|16946,45026073|16946,45026225|16946,45038411|16946,45038550|16946,45038696|16946,45038849|16946,45170751|16946,45170896|16946,45171048|16946,45259003|16946,45259146|16946,45259296
46_2 16946,44890451|16946,44890594|16946,44890744|16946,44890901|16946,45026384|16946,45026529|16946,45026681|16946,45171207|16946,45171352|16946,45171504|16946,45259453|16946,45259596|16946,45259746|16946,45259903
46_3 16946,45026840|16946,45026985|16946,45027137|16946,45027296|16946,45171663|16946,45171808|16946,45171960|16946,45172119
46th 19486,3766|19503,6657
46u1 16946,79896694|16946,79896802|16946,79896917|16946,79897039|16946,79918883|16946,79919006|16946,79919136|16946,79919273|16946,79928551|16946,79928671|16946,79928798|16946,79928932|16946,79937910|16946,79938034|16946,79938165|16946,79938303|16946,79947558|16946,79947670|16946,79947789|16946,79947915|16946,79959532|16946,79959635|16946,79959745|16946,79959862|16946,79996643|16946,79996755|16946,79996874|16946,79997000|16946,80004214|16946,80004316|16946,80004425|16946,80004541|16946,80009948|16946,80010053|16946,80010165|16946,80010284|16946,80017204|16946,80017313|16946,80017429|16946,80017552|16946,80023299|16946,80023410|16946,80023528|16946,80023653|16946,80033915|16946,80034018|16946,80034128|16946,80034245|16946,80041165|16946,80041273|16946,80041388|16946,80041510|16946,80048516|16946,80048618|16946,80048727|16946,80048843|16946,80055597|16946,80055705|16946,80055820|16946,80055942|16946,80063058|16946,80063171|16946,80063291|16946,80063418|16946,80070704|16946,80070808|16946,80070919|16946,80071037|16946,80161933|16946,80162048|16946,80162170|16946,80162299|16946,80185870|16946,80185990|16946,80186117|16946,80186251|16946,80194011|16946,80194126|16946,80194248|16946,80194377|16946,80205598|16946,80205705|16946,80205819|16946,80205940|16946,80212924|16946,80213029|16946,80213141|16946,80213260|16946,80220250|16946,80220366|16946,80220489|16946,80220619|16946,80229112|16946,80229217|16946,80229329|16946,80229448|16946,80240151|16946,80240256|16946,80240368|16946,80240487|16946,80248735|16946,80248839|16946,80248950|16946,80249068|16946,80255916|16946,80256023|16946,80256137|16946,80256258|16946,80261835|16946,80261937|16946,80262046|16946,80262162|16946,80277381|16946,80277503|16946,80277632|16946,80277768|16946,80285632|16946,80285747|16946,80285869|16946,80285998|16946,80296712|16946,80296826|16946,80296947|16946,80297075
479tanenbaum 20008,1638
47e4af3 16946,72878652|16946,72878746|16946,72878847
484â 20237,1673
4_1 16946,44878541|16946,44878682|16946,44878830|16946,44878985|16946,44886103|16946,44886242|16946,44886388|16946,44905573|16946,44905714|16946,44905862|16946,44930869|16946,44931022|16946,44931182|16946,44946829|16946,44946971|16946,44947120|16946,44970377|16946,44970518|16946,44970666|16946,44975561|16946,44975705|16946,44975856|16946,44976016|16946,44976162|16946,44976315|16946,44982185|16946,44982332|16946,44982486|16946,44999113|16946,44999250|16946,44999394|16946,44999545|16946,45033496|16946,45033640|16946,45033791|16946,45061274|16946,45061411|16946,45061555|16946,45061706|16946,45086317|16946,45086459|16946,45086608|16946,45092932|16946,45093072|16946,45093219|16946,45110197|16946,45110336|16946,45110482|16946,45127951|16946,45128090|16946,45128236|16946,45145175|16946,45145315|16946,45145462|16946,45145616|16946,45151801|16946,45151941|16946,45152088|16946,45188510|16946,45188655|16946,45188807|16946,45214830|16946,45214976|16946,45215129|16946,45229902|16946,45230042|16946,45230189|16946,45232826|16946,45232968|16946,45233117|16946,45245020|16946,45245159|16946,45245305|16946,45254173|16946,45254313|16946,45254460|16946,45276535|16946,45276674|16946,45276820|16946,45276973|16946,45289771|16946,45289909|16946,45290054|16946,45290206|16946,45314819|16946,45314962|16946,45315112|16946,45337756|16946,45337907|16946,45338065|16946,46792443|16946,46792547|16946,46792658|16946,46792776|16946,46794470|16946,46794587|16946,46794711|16946,46794842
4_13 16946,6184761|16946,6184850|16946,6184946|16946,6185121|16946,6185204|16946,6185294
4_2 16946,44904241|16946,44904382|16946,44904530|16946,44931349|16946,44931502|16946,44931662|16946,44949082|16946,44949224|16946,44949373|16946,44949529|16946,44971265|16946,44971406|16946,44971554|16946,44971709|16946,44976475|16946,44976621|16946,44976774|16946,44976932|16946,44977076|16946,44977227|16946,44982647|16946,44982794|16946,44982948|16946,44983109|16946,45035320|16946,45035464|16946,45035615|16946,45035773|16946,45087217|16946,45087359|16946,45087508|16946,45092050|16946,45092190|16946,45092337|16946,45128389|16946,45128528|16946,45128674|16946,45160480|16946,45160620|16946,45160767|16946,45187899|16946,45188044|16946,45188196|16946,45188355|16946,45229461|16946,45229601|16946,45229748|16946,45234766|16946,45234908|16946,45235057|16946,45245458|16946,45245597|16946,45245743|16946,45245896|16946,45318443|16946,45318586|16946,45318736|16946,45318893|16946,45338230|16946,45338381|16946,45338539|16946,45338704|16946,46792890|16946,46792994|16946,46793105|16946,46793223
4_3 16946,44930389|16946,44930542|16946,44930702|16946,44975108|16946,44975252|16946,44975403|16946,44978002|16946,44978148|16946,44978301|16946,45031971|16946,45032115|16946,45032266|16946,45032424|16946,45085718|16946,45085860|16946,45086009|16946,45086165|16946,45093814|16946,45093954|16946,45094101|16946,45109321|16946,45109460|16946,45109606|16946,45129265|16946,45129404|16946,45129550|16946,45161945|16946,45162089|16946,45162240|16946,45215748|16946,45215894|16946,45216047|16946,45228429|16946,45228569|16946,45228716|16946,45231938|16946,45232080|16946,45232229|16946,45254614|16946,45254754|16946,45254901
4_4 16946,44929746|16946,44929899|16946,44930059|16946,44930226|16946,44977387|16946,44977533|16946,44977686|16946,44977846|16946,45110635|16946,45110774|16946,45110920|16946,45128827|16946,45128966|16946,45129112|16946,45163458|16946,45163602|16946,45163753|16946,45216207|16946,45216353|16946,45216506|16946,45227988|16946,45228128|16946,45228275|16946,45233273|16946,45233415|16946,45233564|16946,45233720|16946,45255055|16946,45255195|16946,45255342
4_5 16946,45109759|16946,45109898|16946,45110044|16946,45162398|16946,45162542|16946,45162693|16946,45215289|16946,45215435|16946,45215588|16946,45228870|16946,45229010|16946,45229157|16946,45229311|16946,45255496|16946,45255636|16946,45255783
4_6 16946,45162851|16946,45162995|16946,45163146|16946,45163304
4_ga 16946,78309190|16946,78309297|16946,78309411|16946,78309532
4_gt2 16946,37100678|16946,37100784|16946,37100897|16946,37121555|16946,37121662|16946,37121776
4_mail 16946,46095126|16946,46095247|16946,46095372|16946,46095504|16946,46095643|16946,46095770|16946,46095904|16946,46096045|16946,46096182|16946,46096307|16946,46096439|16946,46096578|16946,46096713|16946,46096838|16946,46096970|16946,46097109|16946,46097244|16946,46097371|16946,46097505|16946,46097646|16946,46097783|16946,46097908|16946,46098040|16946,46098179|16946,46098314|16946,46098439|16946,46098571|16946,46098710|16946,46098835|16946,46098967|16946,46099106|16946,46099241|16946,46099368|16946,46099502|16946,46099643|16946,46099780|16946,46099905|16946,46100037|16946,46100176|16946,46100301|16946,46100433|16946,46100572|16946,46100707|16946,46100832|16946,46100964
4_pr1 16946,78306810|16946,78306918|16946,78307033
4_provid 16946,44980852|16946,44981008|16946,44981170|16946,44981339|16946,44981515|16946,44981685|16946,44981862|16946,46088413|16946,46088538|16946,46088667|16946,46088803|16946,46088946|16946,46089085|16946,46089216|16946,46089354|16946,46089499|16946,46089640|16946,46089769|16946,46089905|16946,46090048|16946,46090187|16946,46090316|16946,46090452|16946,46090595|16946,46090734|16946,46090865|16946,46091003|16946,46091148|16946,46091289|16946,46091418|16946,46091554|16946,46091697|16946,46091836|16946,46091965|16946,46092101|16946,46092244|16946,46092383|16946,46092512|16946,46092648|16946,46092791|16946,46092930|16946,46093061|16946,46093199|16946,46093344|16946,46093485|16946,46093614|16946,46093750|16946,46093893|16946,46094032|16946,46094161|16946,46094297|16946,46094440|16946,46094579|16946,46094708|16946,46094844|16946,46094987
4_rc3 16946,5418053|16946,5418146|16946,5418246|16946,5418353
4_spec 16946,46710924|16946,46711041|16946,46711164|16946,46711294|16946,46711431|16946,46711552|16946,46711680|16946,46711815|16946,46711946|16946,46712069|16946,46712199|16946,46712336|16946,46726733|16946,46726847|16946,46726965|16946,46727090|16946,46727222|16946,46734613|16946,46734727|16946,46734845|16946,46734970|16946,46736603|16946,46736721|16946,46736843|16946,46736972|16946,46737108|16946,46737240|16946,46737364|16946,46737495|16946,46737633|16946,46737767|16946,46737889|16946,46738018|16946,46738154|16946,46738286|16946,46738408|16946,46738537|16946,46738673|16946,46738805|16946,46738927|16946,46739056|16946,46739192|16946,46739324|16946,46739446|16946,46739575|16946,46739711|16946,46739843|16946,46739968|16946,46740100|16946,46740239|16946,46740374|16946,46740496|16946,46740625|16946,46740761|16946,46740893|16946,46741015|16946,46741144|16946,46741280|16946,46741412|16946,46741534|16946,46741663|16946,46741799
4a 16946,74714895|16946,74714989|16946,74715090|16946,74717924|16946,74718014|16946,74718111
4assign 19982,9568
4aug2000r7 16946,24043306|16946,24043418|16946,24043537|16946,24043663|16946,74429704|16946,74429796|16946,74429895|16946,74430001
4b 16946,88258192|16946,88258300|16946,88258415|16946,88261352|16946,88261458|16946,88261571
4b1 16946,87459292|16946,87459377|16946,87459469
4bayesian 19676,5496
4beta 16946,1237317|16946,1237403|16946,1237496|16946,1238878|16946,1238966|16946,1239061|16946,1242185|16946,1242271|16946,1242364|16946,1243710|16946,1243795|16946,1243887|16946,1246149|16946,1246236|16946,1246330|16946,1247691|16946,1247777|16946,1247870
4c 16946,7546680|16946,7546765|16946,7546857|16946,7546956
4c2 16927,9637
4c_1 16946,45024470|16946,45024609|16946,45024755
4c_3 16946,45025346|16946,45025485|16946,45025631
4c_4 16946,45024908|16946,45025047|16946,45025193
4c_5 16946,45024032|16946,45024171|16946,45024317
4c_6 16946,45023445|16946,45023584|16946,45023730|16946,45023883
4constraint 19809,3845
4csp 19600,3191|19823,3448
4d 16946,7545575|16946,7545660|16946,7545752|16946,7545851|19148,1658|19148,1812|20198,706
4di 16946,7650981|16946,7651086|16946,7651198|16946,7651317
4em 19856,7730|19856,9818|19856,10315|19856,12082|19856,12594|19856,13295|19856,13376|19899,11269|19899,11686|19899,11804|19899,11955|19899,12008|19899,12018|19899,12603|19899,12719|19899,12763|19899,13535|19899,13998|19899,14638|19899,14704|19899,15563|19899,15575|19899,15879|19899,15891
4ensembl 19524,4203|19542,4273|19588,5322|19737,4422|19768,3933
4entropi 19612,5337
4f 20039,3611|20039,3659|20061,3611|20061,3659
4gb 19482,2167|19502,2167
4gcauhzvmg 16943,2544
4introduct 19524,3790|19542,3848|19588,4909|19737,3997|19768,3338
4j 16946,76472004|16946,76472098|16946,76472198|16946,76472305|16946,76472419|16946,76472529|16946,76472630|16946,76472738|16946,76472853|16946,76472964|16946,76473064|16946,76473171|16946,76473285|16946,76473395|16946,76473495|16946,76473602|16946,76473716|16946,76473826|16946,76473927|16946,76474035|16946,76474150|16946,76474261|16946,76474362|16946,76474470|16946,76474585|16946,76474696|16946,76474796|16946,76474903|16946,76475017|16946,76475127|16946,76475228|16946,76475336|16946,76475451|16946,76475562|16946,76475663|16946,76475771|16946,76475886|16946,76475997|16946,76476098|16946,76476206|16946,76476321|16946,76476432|16946,76476533|16946,76476641|16946,76476756|16946,76476867|16946,76476967|16946,76477074|16946,76477188|16946,76477298|16946,76477398|16946,76477505|16946,76477619|16946,76477729|16946,76477830|16946,76477938|16946,76478053|16946,76478164|16946,76478264|16946,76478371|16946,76478485|16946,76478595|16946,76478695|16946,76478802|16946,76478916|16946,76479026|16946,76479126|16946,76479233|16946,76479347|16946,76479457|16946,76479557|16946,76479664|16946,76479778|16946,76479888|16946,76479989|16946,76480097|16946,76480212|16946,76480323|16946,76480423|16946,76480530|16946,76480644|16946,76480754|16946,76480854|16946,76480961|16946,76481075|16946,76481185|16946,76481285|16946,76481392|16946,76481506|16946,76481616|16946,76481716|16946,76481823|16946,76481937
4k 18923,1126
4l 16936,44898|16936,46264
4m 16887,233|16890,233|16891,192|16898,233|16920,192|16934,233|16941,192|16964,192|16968,233|19337,2731|19364,309|19426,3327|19461,1199
4pm 19584,565|19675,2149|19676,397|19964,2032|19965,2032
4px 19649,2115
4rc0 16946,55372828|16946,55372943|16946,55373065|16946,55402365|16946,55402482|16946,55402606|16946,55642980|16946,55643088|16946,55643203|16946,55652638|16946,55652748|16946,55652865|16946,55668388|16946,55668497|16946,55668613|16946,55743871|16946,55743975|16946,55744086|16946,55744204|16946,55819935|16946,55820045|16946,55820162|16946,55829363|16946,55829471|16946,55829586|16946,55899601|16946,55899700|16946,55899806|16946,55899919|16946,56080433|16946,56080541|16946,56080656|16946,56080778|16946,56193522|16946,56193622|16946,56193729|16946,56193843|16946,74614665|16946,74614768|16946,74614878|16946,74623898|16946,74624003|16946,74624115|16946,74635893|16946,74635989|16946,74636092|16946,74644960|16946,74645058|16946,74645163|16946,74659387|16946,74659484|16946,74659588|16946,74669866|16946,74669964|16946,74670069|16946,74677085|16946,74677181|16946,74677284
4rc1 16946,30417752|16946,30417857|16946,30417969|16946,30418088|16946,30501260|16946,30501375|16946,30501497|16946,30501626|16946,30595228|16946,30595336|16946,30595451|16946,30595573|16946,30627536|16946,30627645|16946,30627761|16946,30627884|16946,30689838|16946,30689940|16946,30690049|16946,30690165|16946,30914157|16946,30914267|16946,30914384|16946,30914508|16946,31107198|16946,31107318|16946,31107445|16946,31107579|16946,31159482|16946,31159603|16946,31159731|16946,31159866|16946,31165248|16946,31165364|16946,31165487|16946,31165617|16946,31169818|16946,31169941|16946,31170071|16946,31170208|16946,55757308|16946,55757413|16946,55757525|16946,55757644|16946,55763553|16946,55763657|16946,55763768|16946,55763886|16946,55905544|16946,55905644|16946,55905751|16946,55905865|16946,55908540|16946,55908639|16946,55908745|16946,55908858|16946,56093088|16946,56093197|16946,56093313|16946,56093436|16946,56099557|16946,56099665|16946,56099780|16946,56099902|16946,56206475|16946,56206576|16946,56206684|16946,56206799|16946,56212496|16946,56212596|16946,56212703|16946,56212817|16946,76071838|16946,76071948|16946,76072065|16946,76074486|16946,76074604|16946,76074729
4rc2 16946,30424441|16946,30424546|16946,30424658|16946,30424777|16946,30506106|16946,30506221|16946,30506343|16946,30506472|16946,30615109|16946,30615217|16946,30615332|16946,30615454|16946,30701236|16946,30701338|16946,30701447|16946,30701563|16946,30929173|16946,30929283|16946,30929400|16946,30929524|16946,31108216|16946,31108336|16946,31108463|16946,31108597|16946,31161530|16946,31161651|16946,31161779|16946,31161914|16946,31167216|16946,31167332|16946,31167455|16946,31167585|16946,31171898|16946,31172021|16946,31172151|16946,31172288
4rdlmz 19587,138443
4s9a5v9oduy 19978,3261
4slide 19676,5791|19676,5995
4th 16885,4859|16885,5005|16885,5186|16914,16401|16914,16547|16914,16728|16935,89363|16935,89509|16935,89690|16935,89923|16935,90069|16935,90250|17416,13|17416,633|17416,660|17416,2028|17504,1647|17504,1668|17530,1990|17715,2194|17736,1066|17736,1087|17812,1595|17833,1689|17833,1710|18150,1637|18160,24111|18180,1337|18272,3027|18662,2186|18764,739|18945,1630|19108,2144|19186,7112|19186,7289|19190,7112|19190,7289|19222,11525|19222,15212|19222,53088|19222,54361|19223,1032|19223,1222|19226,1032|19226,1222|19231,11525|19231,15212|19231,53088|19231,54361|19503,9065|19503,18634|19503,21072|19503,28025|19545,1483|19545,6784|19887,4028|20008,5141|20008,13811|20134,50
4thintroduct 19966,15321
4thshowcas 20014,15865
4thursday 19982,9511
4tuesday 19982,9411
4u 17297,1229
4unsupervis 19542,4337|19737,4486|19768,4007
4variat 19771,3201
4x4mllmfhyw 19978,724
4xsml5 19587,140104
4â 20064,2011
