0
68
671
686
981
1111
1209
1289
1578
1776
3009
4814
4848
5278
5657
5697
5966
5995
6012
6094
6268
6324
11548
11573
11626
11659
11698
11723
11833
11865
11903
11965
12051
12118
12685
12760
14086
14117
14311
14395
14418
14530
14561
14598
14660
14687
14761
14850
14888
14919
15561
15640
15681
15699
15726
15747
15778
15796
15818
15956
16006
16025
16285
16308
16364
17293
17309
17477
18697
18724
18742
18955
19170
19189
19206
19233
19250
37535
37669
37690
37747
39224
39369
39501
39935
40234
40470
40551
40843
56982
57176
57194
58098
58126
58148
58396
60712
61282
61361
61389
61438
61470
61486
61509
61528
61551
61634
62585
62627
62644
62661
62757
62774
62901
62942
63068
63189
63207
63225
63257
63278
74741
74761
77253
77281
77723
77805
77833
77916
78928
79542
79558
92753
92802
92829
92898
92916
92968
92987
93020
93035
93087
93107
93490
93513
93541
93590
93618
93647
93676
93695
93710
93726
93743
93772
93852
96351
96417
96443
96478
96502
96525
96551
96572
96678
96694
96725
97659
98460
98799
98817
98885
98902
98931
99147
99179
99372
99548
99583
100835
100866
101152
102412
102559
102608
171303
171943
173678
173778
173876
173894
173911
174234
174255
174733
174848
174866
174883
174910
174927
177874
178039
178068
178084
178155
178173
178223
178243
205812
205862
206980
207063
207149
207182
207989
208067
208630
210272
210289
210695
210765
210843
211027
211353
211377
211398
211416
211437
211456
211475
214365
214384
214449
214991
215019
215040
216097
216114
216131
216214
216308
216381
221777
221848
222353
222374
222565
222604
222684
222779
222985
223016
223035
223054
223111
223130
223373
223632
223891
223908
224228
224254
224402
224781
224842
225271
239918
240194
240470
240611
240675
240702
251315
251334
251397
251435
251462
251972
252651
252822
252855
252878
253258
253273
253308
253452
253509
277200
301664
301724
308991
309063
309117
309490
309572
309690
310123
310144
310165
310223
310244
310282
310309
310359
310375
310394
312313
312339
312358
312396
312529
312548
312565
312700
342561
342950
342972
343095
349244
349271
349299
349351
349394
368240
368292
368333
368358
368593
368618
368655
368696
368729
368795
368878
368901
368922
368944
368966
369249
369271
369303
369386
369451
369484
369508
369526
369559
369610
369626
369646
369704
369721
369904
369922
369941
369965
370000
370483
370685
370780
370796
370833
370863
371833
371853
371869
371889
371913
371931
371969
371988
372165
372204
372235
372266
372297
372319
372382
372438
372459
372489
372512
372533
373065
373086
373843
373865
373896
374040
374092
374600
374623
374640
377919
377947
380639
380880
381052
381210
381224
381244
381404
381422
381445
381641
381997
395505
395966
395989
396619
396915
396980
397025
397103
397131
398948
399098
399208
399236
399277
399568
400017
400035
400353
400626
400689
400710
400727
400747
400776
400910
400932
400984
401132
401450
401511
401582
401597
401625
401642
401661
401721
401836
401856
401919
401971
401988
402004
402022
407609
407632
408352
408371
408510
408542
408561
408594
408612
408628
409020
409068
411527
411985
412142
412205
412532
412553
412613
413005
413054
413095
413116
413400
413552
413572
413760
413905
414059
414147
414271
414325
414377
414552
414604
833849
846725
846779
847401
847420
847452
847483
847502
847544
847564
847593
847658
860547
861181
861210
861229
861249
861280
861299
861318
861337
861368
861397
861414
861433
861465
861482
861500
861542
861572
861605
861623
861642
861671
861689
861708
861739
861756
861786
861823
861859
861894
861929
863241
863263
863476
863949
863981
866014
866079
872208
872428
872948
873410
873872
873960
874048
875794
875829
875862
875946
876034
876122
876265
876466
876805
876843
889364
894965
895102
895197
895219
895257
896002
896258
896475
896783
897528
897662
897703
897781
897803
898053
898077
898298
898510
899881
903573
903614
904297
905341
905691
905894
906039
906962
921787
921811
921838
921928
921970
922057
922344
923145
923240
930368
941420
941504
941576
941597
946476
963014
963042
963063
963091
963106
963391
963584
963755
983226
983249
983681
984350
984433
986204
986368
990060
990152
990171
990200
990660
990705
990749
991368
991630
992338
992361
992397
992417
992458
992474
994043
994152
994172
994433
994448
994504
994562
994660
994690
995511
995559
995616
995647
995685
995724
995948
996217
996236
996262
996287
996309
1010199
1010292
1028157
1028456
1028474
1028614
1028642
1028665
1155647
1155871
1155920
1155950
1628849
1628877
1628894
1629357
1629384
1629411
1629640
1629668
1629691
1630152
1630305
1630355
1630373
1630416
1630439
1630455
1630495
1630544
1630702
1630734
1630750
1630771
1630793
1651918
1652138
1652157
1652189
1664387
1664404
1664479
1737957
1738546
1738875
1738895
1739936
1751965
1751992
1752018
1752059
1752453
1754495
1754522
1754706
1756792
1756811
1756835
1756905
1756953
1756985
1757149
1757192
1757210
1780055
1780097
1780253
1780850
1780868
1780898
1780929
1780953
1781015
1781481
1781586
1781605
1781622
1781642
1781851
1782050
1782070
1782092
1782112
1782143
1803530
1820345
1820367
1821511
1821530
1822510
1822594
1822646
1822664
1822865
1823071
1823090
1845202
1845441
1845458
1845474
1845490
1944619
1944657
1944798
1944851
1944908
1944925
1945371
1952387
1952473
1965934
1965958
1965982
1966012
1966041
1980295
1980529
1980554
1980625
1980675
1982763
1982781
1983211
1990477
1990582
1990721
1990752
1990782
1990898
1990947
1991000
1991049
1991064
1991079
1991119
1995182
1995247
1995266
1995301
1995321
1995404
1995477
1995508
2002647
2002663
2005241
2037758
2037792
2050179
2050231
2050251
2051745
2051760
2051811
2051892
2051908
2063349
2063415
2063621
2064556
2065500
2066832
2066887
2066973
2067304
2067327
2067436
2070980
2073867
2073885
2074353
2074378
2074406
2074541
2074567
2074595
2074611
2076958
2076987
2077220
2077325
2080648
2088719
2088766
2089260
2089357
2089409
2093152
2093724
2093756
2094221
2095108
2095147
2095187
2095203
2095218
2097520
2154033
2154073
2154090
2154686
2154772
2154793
2154919
2155183
2155200
2155335
2155380
2155408
2155711
2155758
2155831
2155846
2158331
2158423
2158463
2158491
2158519
2158540
2158568
2158599
2158634
2158693
2158847
2158866
2158884
2158932
2158950
2159150
2400044
2400436
2400486
2400517
2400602
2400713
2400789
2402496
2402512
2403131
2403151
2403167
2403185
2403364
2403381
2403431
2403446
2403961
2404089
2404105
2417207
2417245
2417373
2417425
2417445
2417541
2417562
2418152
2418237
2418408
2418435
2431926
2432331
2433894
2433921
2434929
2434951
2469090
2469108
2469133
2469216
2469300
2469440
2469468
2469512
2469544
2469579
2469615
2469634
2469673
2473529
2473584
2473669
2474055
2475012
2475495
2475513
2475598
2484933
2485619
2489036
2489122
2489143
2489174
2489193
2489213
2489248
2489737
2489761
2489781
2489806
2489839
2489873
2489939
2489969
2489997
2490366
2490383
2491141
2491158
2491209
2491230
2491248
2491353
2492013
2492032
2492068
2492805
2493187
2493364
2509600
2509678
2509697
2509876
2510455
2510825
2512170
2512495
2512907
2513066
2513178
2513410
2514812
2515463
2515567
2515677
2515697
2516258
2516275
2516300
2516652
2516671
2516722
2516849
2516868
2516888
2517209
2517225
2517274
2517836
2523730
2523759
2523779
2523933
2523959
2524005
2524032
2524161
2524180
2524706
2524721
2525940
2527547
2527599
2527615
2527633
2527682
2527697
2528030
2528054
2528508
2528695
2528720
2528892
2529349
2529703
2529893
2530100
2530430
2532802
2532898
2533463
2533478
2533722
2533815
2533901
2534394
2534709
2534737
2534752
2534767
2865160
2865186
2865212
2865231
2865248
2865278
2865305
2865392
2865411
2865427
2934119
2934147
2934163
2934214
2934252
2934336
2934415
2934432
2934520
2934590
2934608
2943248
2943268
2943362
2943443
2943462
2943722
2943738
2943911
2943950
2943969
2943984
2944002
2944030
2946503
2947107
2947126
2947146
2947179
2947302
2947318
2947341
2947357
2947591
2947613
2948657
2949044
2949102
2949150
2949167
2949435
2950414
2950462
2950807
2950823
2950883
2950918
2951569
2956109
2956495
2956701
2956803
2956823
2956950
3062401
3062522
3062638
3062893
3063022
3063481
3069264
3069378
3072420
3072487
3072556
3072575
3074125
3074330
3074360
3074399
3074443
3074541
3074560
3074588
3074632
3074673
3075630
3075647
3075729
3075841
3075869
3076042
3076058
3076077
3076233
3076299
3076377
3076554
3076660
3080058
3081902
3303893
3304219
3304438
3304460
3305065
3308570
3308653
3310290
3311723
3311786
3311854
3316219
3316246
3316263
3349859
3349878
3349896
3349943
3354719
3354754
3354782
3354835
3354863
3361276
3361293
3361339
3361479
3361604
3361712
3362478
3362498
3362518
3362539
3362600
3364619
3364637
3364655
3364709
3367342
3367753
3374427
3374500
3374597
3374616
3374668
3374728
3374772
3374788
3374826
3374956
3375004
3375093
3375115
3375133
3375216
3375265
3376290
3376345
3378184
3378240
3378273
3378322
3378359
3378439
3378466
3378484
3378635
3378851
3378867
3381763
3381967
3383553
3383697
3383996
3384086
3384106
3384147
3384164
3384215
3384819
3385352
3385372
3385662
3386059
3386101
3386316
3386419
3386438
3386517
3390497
3390546
3390922
3391576
3391593
3392000
3392099
3392222
3392318
3392479
3392861
3392936
3394080
3394117
3394244
3394771
3394787
3394803
3394943
3394959
3394977
3394995
3395011
3395050
3398130
3400796
3400841
3400885
3400927
3402319
3402351
3402368
3406882
3406903
3406936
3409811
3409856
3409915
3409956
3410126
3410167
3410431
3410860
3410914
3411110
3411140
3413435
3413461
3413481
3414812
3414853
3414882
3414900
3414916
3418903
3418923
3418954
3419100
3419132
3419174
3419229
3419284
3419328
3419361
3419396
3421204
3421248
3426299
3426876
3426897
3426917
3426944
3427241
3427562
3427580
3427619
3427655
3430872
3430892
3430973
3431000
3431022
3437505
3498574
3498720
3498751
3498772
3498792
3499229
3499742
3499779
3499865
3500295
3500332
3515295
3515326
3515353
3515431
3515560
3515627
3515696
3515879
3515911
3515928
3515981
3516524
3520878
3521611
3521677
3521752
3521784
3522621
3522891
3522913
3692251
3692291
3692324
3692370
3692388
3692410
3692457
3692479
3692517
3692536
3692555
3695955
3695986
3696287
3696497
3696514
3696954
3697094
3697110
3697129
3697145
3697248
3697395
3698311
3698330
3699654
3699728
3705713
3705780
3705867
3706270
3706896
3706952
3707031
3707100
3707295
3707316
3707347
3707371
3707413
3707479
3707500
3707555
3707583
3707892
3707944
3710056
3710085
3710103
3710151
3710253
3710280
3710296
3710346
3710460
3710533
3710572
3718563
3718850
3719018
3719039
3719073
3719866
3719927
3720009
3722805
3722832
3722946
3723060
3723301
3723319
3723337
3723369
3723842
3724005
3724167
3724193
3729042
3730714
3730756
3730776
3730795
3734883
3734903
3735126
3735144
3735235
3735308
3735442
3749404
3749490
3749636
3759505
3763058
3763090
3763107
3763147
3763168
3763374
3763579
3763641
3763658
3763770
3763791
3763812
3764108
3764128
3764420
3764639
3764668
3764686
3764818
3765204
3765220
3765278
3765327
3765532
3765549
3765570
3772941
3772974
3772998
3773016
3773492
3775000
3776404
3776422
3776440
3776472
3776491
3776508
3776535
3780832
3780855
3780895
3781008
3781493
3781548
3781564
3781618
3781635
3781659
3786109
3786124
3786139
3786153
3786205
3786242
3786261
3786276
3786296
3786311
3786370
3786393
3786425
3786485
3786566
3786654
3786671
3786721
3786884
3786899
3786947
3786962
3788823
3788927
3789029
3789103
3789141
3789156
3789175
3789194
3789213
3789231
3789261
3789280
3789570
3789589
3789608
3789627
3789646
3789665
3789684
3789703
3789722
3789741
3789760
3789779
3789866
3790050
3790130
3790148
3790331
3790346
3790364
3790390
3790626
3790807
3790876
3790929
3791761
3791801
3791816
3797333
3797437
3798013
3798347
3798506
3798560
3798609
3799022
3799041
3799305
3799345
3799367
3799687
3799716
3799737
3800238
3800257
3800533
3800553
3800585
3800909
3801124
3803047
3803074
3803092
3803142
3803191
3803207
3803225
3803428
3803486
3803559
3803586
3803605
3803623
3803639
3806322
3806344
3806363
3806395
3806469
3806508
3806536
3808327
3808774
3947217
3947242
3947779
3960896
3960922
3960959
3960984
3961895
3961910
3961948
3962152
3965908
3966009
3966042
3966062
3966086
3966291
3966318
3966333
3966471
3966559
3966986
3967037
3967592
3967612
3967631
3967705
3967723
3973196
3973226
3973467
3973548
3973851
3974847
3974867
3974895
3974913
3974967
3975140
3976615
3976632
3976745
3976761
3976803
3976832
3983398
3992845
3992880
3992935
4003621
4003736
4003755
4003786
4003947
4003983
4004105
4004122
4008954
4009303
4009459
4010547
4010645
4010743
4010789
4010826
4010861
4011106
4011187
4045873
4047068
4047118
4047314
4047362
4050324
4050361
4077624
4077760
4078353
4078381
4078401
4079034
4079066
4079102
4079254
4079345
4079378
4079551
4079584
4079669
4080128
4080226
4080246
4080269
4081860
4081942
4082048
4082070
4082353
4082689
