300m 17281,2641|17516,2638|17837,2599|18186,811
300px 19613,6508
30am 19627,5392|19964,1711|19965,1711|20003,2817|20077,151|20080,150|20170,151
30arriv 20238,46
30carolinaucsdmulti 20164,32|20192,41
30coffe 20164,1328|20192,11120
30hz 20263,654
30iter 19826,5077
30julian 20164,1000|20192,7864
30kb 18880,1113|18880,1324
30lunch 20238,4316
30m 18472,1282
30min 18288,4139|19619,1098|20014,18399
30pct 19613,10202
30pdflocal 19819,3637
30peter 20164,2006|20192,15705
30piotr 20164,440|20192,3810
30pm 19073,2516|19524,616|19524,734|19539,392|19542,421|19584,443|19584,491|19588,466|19626,438|19627,514|19627,5400|19675,6789|19692,414|19697,334|19705,452|19737,379|19737,427|19737,692|19750,442|19768,394|19768,442|19768,589|19768,596|19771,395|19783,618|19813,5637|19850,406|19980,1741|20003,12255|20003,12374|20003,12392|20017,574|20019,565
30pm12 19588,426
30pm2 19768,350
30pm3 19737,386|19768,401
30pmarlington 20003,2824
30soln 19627,402|19692,350|19692,377|19809,396
30th 19222,6143|19222,20822|19222,21248|19223,564|19226,564|19231,6143|19231,20822|19231,21248|19293,1480|20077,131|20077,324
30thsecond 20014,15688
30yoav 20164,649|20192,5608
3100email 17017,604|17022,604
3100express 17017,565|17022,565
313irvin 20017,10020|20019,20186
31_1 16946,45037824|16946,45037963|16946,45038109|16946,45038262
31_3 16946,45036948|16946,45037087|16946,45037233
31_4 16946,45042800|16946,45042939|16946,45043085
31_5 16946,45036510|16946,45036649|16946,45036795
31game 19982,9042
31meet 19996,12660|20001,12660
31st 17009,8431|17024,8431|19793,3368|19899,29305|19899,34028|19899,39205|19984,1666|20003,24338|20017,9638
31stmeet 19966,9931
31zombi 19982,10557
328k 20163,883
32bit 19892,498
32kb 18880,1495
32nd 19503,19637|19503,24168
33kb 18880,1158|18880,1204|18880,1405
33rd 19222,16824|19231,16824|19478,345|19503,1410|19907,6507
34th 19222,14306|19222,14695|19231,14306|19231,14695|19480,2099|19503,437|19503,1689
35_1 16946,45311564|16946,45311705|16946,45311853|16946,45312008
35em 19856,7758|19899,9499
35th 19186,3916|19190,3916|19222,12009|19231,12009|19503,11656
360idev 17562,2898
36th 19222,9777|19222,10089|19231,9777|19231,10089
371rbp 16981,472
3772486f5122b72fe033550da3bd7068 19654,419|19670,419
37th 19486,3478|19503,9300|19885,1124|20002,935
381â 20127,1523
38th 19503,7220|19509,2142
39kb 17387,2751|17855,942|18006,2759|18880,956|18880,1245|18880,1295|18947,2717
39th 19186,1268|19190,1268|19222,7044|19231,7044|19246,1184
3_01 16946,7059708|16946,7059797|16946,7059893|16946,7060070|16946,7060155|16946,7060247|16946,78848464|16946,78848560|16946,78848663|16946,78848773|16946,78855659|16946,78855756|16946,78855860|16946,78855971|16946,79195437|16946,79195538|16946,79195646|16946,79195855|16946,79195957|16946,79196066
3_1 16946,44886541|16946,44886680|16946,44886826|16946,44914401|16946,44914541|16946,44914688|16946,44940522|16946,44940665|16946,44940815|16946,44940972|16946,44983266|16946,44983413|16946,44983567|16946,44987400|16946,44987538|16946,44987683|16946,44989302|16946,44989444|16946,44989593|16946,45017855|16946,45017992|16946,45018136|16946,45034408|16946,45034552|16946,45034703|16946,45066083|16946,45066226|16946,45066376|16946,45079979|16946,45080114|16946,45080256|16946,45080405|16946,45082766|16946,45082917|16946,45083075|16946,45083240|16946,45116397|16946,45116539|16946,45116688|16946,45116844|16946,45118402|16946,45118537|16946,45118679|16946,45120259|16946,45120396|16946,45120540|16946,45120691|16946,45159157|16946,45159297|16946,45159444|16946,45174940|16946,45175079|16946,45175225|16946,45181868|16946,45182005|16946,45182149|16946,45196451|16946,45196590|16946,45196736|16946,45196889|16946,45199232|16946,45199379|16946,45199533|16946,45210093|16946,45210231|16946,45210376|16946,45230475|16946,45230614|16946,45230760|16946,45238872|16946,45239010|16946,45239155|16946,45239307|16946,45241606|16946,45241749|16946,45241899|16946,45268202|16946,45268342|16946,45268489|16946,45277122|16946,45277261|16946,45277407|16946,45279654|16946,45279795|16946,45279943|16946,45291659|16946,45291797|16946,45291942|16946,46776881|16946,46776991|16946,46777108|16946,46777232|16946,46782422|16946,46782535|16946,46782655|16946,46782782|16946,46786894|16946,46787001|16946,46787115|16946,46787236|16946,46796165|16946,46796287|16946,46796416|16946,46796552
3_2 16946,44881608|16946,44881753|16946,44881905|16946,44913519|16946,44913659|16946,44913806|16946,44987835|16946,44987973|16946,44988118|16946,44990196|16946,44990338|16946,44990487|16946,45094696|16946,45094836|16946,45094983|16946,45118828|16946,45118963|16946,45119105|16946,45157684|16946,45157824|16946,45157971|16946,45175378|16946,45175517|16946,45175663|16946,45182300|16946,45182437|16946,45182581|16946,45182732|16946,45199694|16946,45199841|16946,45199995|16946,45200156|16946,45210528|16946,45210666|16946,45210811|16946,45269084|16946,45269224|16946,45269371
3_3 16946,44883587|16946,44883732|16946,44883884|16946,44887861|16946,44888000|16946,44888146|16946,44988408|16946,44988550|16946,44988699|16946,45066983|16946,45067126|16946,45067276|16946,45095137|16946,45095277|16946,45095424|16946,45120838|16946,45120975|16946,45121119|16946,45158716|16946,45158856|16946,45159003|16946,45210963|16946,45211101|16946,45211246|16946,45211398|16946,45291224|16946,45291362|16946,45291507
3_4 16946,44881152|16946,44881297|16946,44881449|16946,44885665|16946,44885804|16946,44885950|16946,44989749|16946,44989891|16946,44990040|16946,45065633|16946,45065776|16946,45065926|16946,45091609|16946,45091749|16946,45091896|16946,45119256|16946,45119393|16946,45119537|16946,45289336|16946,45289474|16946,45289619
3_5 16946,44882520|16946,44882665|16946,44882817|16946,44882976|16946,44886979|16946,44887118|16946,44887264|16946,44988855|16946,44988997|16946,44989146|16946,45066533|16946,45066676|16946,45066826|16946,45117120|16946,45117257|16946,45117401|16946,45290789|16946,45290927|16946,45291072
3_ga 16946,78310916|16946,78311023|16946,78311137
3_min 16946,6304297|16946,6304383|16946,6304476
3_rc1 16946,78303975|16946,78304083|16946,78304198|16946,78307833|16946,78307941|16946,78308056|16946,78308178
3_rc2 16946,78306132|16946,78306240|16946,78306355
3_spec 16946,46683526|16946,46683640|16946,46683760|16946,46683887|16946,46684021|16946,46684151|16946,46684269|16946,46684394|16946,46684526|16946,46684654|16946,46684774|16946,46684901|16946,46685035|16946,46688176|16946,46688291|16946,46688410|16946,46688536
3a 16946,16210852|16946,16210948|16946,16211051|16946,16211161|16946,16219727|16946,16219824|16946,16219928|16946,16220039|16946,16222323|16946,16222420|16946,16222524|16946,16222635|16946,16227229|16946,16227333|16946,16227444|16946,16227562|16946,16233055|16946,16233156|16946,16233264|16946,16233379|16946,16238860|16946,16238961|16946,16239069|16946,16239184|16946,16244619|16946,16244719|16946,16244826|16946,16244940|16946,16250279|16946,16250377|16946,16250482|16946,16250594|16946,16256543|16946,16256634|16946,16256732|16946,16256837|16946,16262094|16946,16262191|16946,16262295|16946,16262406|16946,16267687|16946,16267784|16946,16267888|16946,16267999|16946,16273234|16946,16273330|16946,16273433|16946,16273543|16946,16278866|16946,16278964|16946,16279069|16946,16279181|16946,16283253|16946,16283352|16946,16283458|16946,16283571|16946,37249750|16946,37249858|16946,37249973|16946,37250095|19538,2799|19600,3111
3alpha1 16946,5347248|16946,5347339|16946,5347437|16946,5347542
3alpha2 16946,5346063|16946,5346154|16946,5346252|16946,5346357
3alpha3 16946,5346853|16946,5346944|16946,5347042|16946,5347147
3alpha4 16946,5346458|16946,5346549|16946,5346647|16946,5346752
3alpha5 16946,5344531|16946,5344622|16946,5344720|16946,5344825
3an 20017,3816
3an0bbceskg 19978,1310
3assign 19982,9289
3b 16946,5300050|16946,5300140|16946,5300237|16946,5300341|19538,2998|19538,3944
3b1 16946,21753435|16946,21753538|16946,21753648|16946,21753765
3b2 16946,6185787|16946,6185867|16946,6185954
3b6 16946,6308559|16946,6308650|16946,6308748
3c 19775,885|19775,4020|19775,4534
3cf5aff8 19931,30|19931,68|19936,30|19936,77|19939,89|19946,30|19946,77|19947,30|19947,79
3d 16903,3163|16946,4406467|16946,4406590|16946,4406720|16946,4406857|16946,4407098|16946,4407217|16946,4407343|16946,4407476|16946,5610410|16946,5610500|16946,5610594|16946,5610695|16946,5610803|16946,5610907|16946,5611003|16946,5611106|16946,5611216|16946,5613128|16946,5613212|16946,5613300|16946,5613395|16946,5613497|16946,5613595|16946,5613685|16946,5613782|16946,5613886|16946,79165607|16946,79165701|16946,79165800|16946,79165906|16946,79166019|16946,79166128|16946,79166229|16946,79166337|16946,79166452|16946,79166563|16946,79166664|16946,79166772|16946,79166887|16946,79166998|16946,79167099|16946,79167207|16946,79167322|16946,79167433|16946,79167534|16946,79167642|16946,79167757|17068,29|17068,664|17068,1352|17181,952|17269,2038|17269,2072|17269,2160|17269,2182|17360,664|17464,807|17509,1183|17509,1217|17509,1305|17509,1327|17593,2576|17686,2464|17693,3141|17723,622|17725,1998|17852,2819|17971,1783|18027,2506|18123,677|18123,769|18160,30461|18160,40838|18160,46254|18229,1091|18229,1195|18229,1587|18369,20|18369,654|18369,752|18369,1544|18369,1624|18369,1737|18369,1761|18369,1815|18375,2617|18497,1297|18563,2495|18645,1673|18645,1765|18660,3447|18660,3512|18660,3668|18793,8|18793,641|18793,1010|18793,1593|18793,1728|18919,2146|18923,1061|18923,1153|18923,1220|18923,1296|18923,1377|18976,2659|18987,5377|18994,1996|18994,2030|18994,2118|18994,2140|18996,2146|19056,1439|19083,1864|19118,1748|19122,635|19122,727|19148,8|19148,629|19148,669|19148,758|19148,780|19148,905|19148,1171|19148,1285|19148,1393|19148,1535|19148,1571|19148,1746|19176,1256|19757,3921|19757,4023|19967,3509|19968,1102|19998,3058|19999,521|19999,1289|19999,1524|19999,1813|20003,18543|20008,2769|20008,7546|20008,17578|20014,16651|20014,16685|20016,17117|20018,3509|20019,14910|20067,241|20067,825|20067,1431|20067,1850|20074,1483|20078,867|20084,845|20088,2104|20088,2576|20088,3645|20093,673|20093,807|20093,1002|20093,1275|20093,1540|20093,1568|20094,229|20094,579|20094,1155|20094,1244|20094,1936|20094,2452|20095,647|20095,694|20107,173|20107,295|20107,973|20107,1042|20107,1264|20107,1423|20107,1913|20111,313|20113,163|20113,2100|20113,2441|20119,982|20121,163|20121,1635|20121,1923|20122,307|20122,490|20128,199|20128,1152|20128,1176|20128,1364|20128,1730|20128,1828|20128,2092|20128,2390|20137,186|20137,333|20137,1093|20137,1237|20137,1522|20142,3070|20142,3614|20142,4927|20142,5290|20142,5674|20142,6070|20143,163|20143,2181|20143,2655|20148,239|20148,387|20148,500|20148,1639|20148,2035|20152,843|20169,821|20181,357|20188,272|20188,943|20189,200|20189,695|20189,2066|20189,2355|20189,2953|20192,9075|20198,505|20198,1224|20204,602|20210,1032|20231,273|20236,1064|20254,494|20254,7930|20254,9321|20254,12260|20254,12912|20254,13296|20254,13971|20267,248|20267,6478|20267,7182|20267,8874|20267,13202|20267,15193|20267,20174|20267,21422|20267,21806|20267,22975|20270,381|20270,1045|20273,779|20273,1761|20283,1525|20283,2014|20283,2128|20283,6765
3dbook 18369,1818
3dtv 17360,747|17723,705|18563,2578|18793,730
3em 19856,8426|19856,8455|19856,8473|19856,9340|19856,9682|19856,9753|19856,10075|19899,9450|19899,10093|19899,10121|19899,10139|19899,10878|19899,11157|19899,11216|19899,11487|19899,15290|19899,15302|19899,15418|19899,15430|19899,15743|19899,15751
3f 19545,7453|20039,3599|20039,3647|20039,3695|20061,3599|20061,3647|20061,3695
3g 17562,2261|17849,2617|17999,2000|19251,3206|19251,12384|19251,12922|19251,13493|19251,14757|19251,16146
3gb 16943,1262
3h 16946,8626786|16946,8626877|16946,8626975|16946,8627080|19260,1140|19345,1139|19419,3147|19451,342
3independ 19612,4930
3k 16892,223|16897,186|16904,315|16931,315|16938,315|16960,223|16974,352|16975,223|16980,223|19731,907|19731,2711
3l 16936,44684|16936,46050
3lever 16946,78624821|16946,78624898|16946,78624988|16946,78625091|16946,78625198|16946,78625312|16946,78625433
3local 19809,3753
3m 16946,39102852|16946,39102942|16946,39103039|16946,39103143
3m1 16946,30448668|16946,30448774|16946,30448887|16946,30449007|16946,30494590|16946,30494696|16946,30494809|16946,30494929|16946,30554108|16946,30554212|16946,30554323|16946,30554441|16946,30576336|16946,30576443|16946,30576557|16946,30576678|16946,30620053|16946,30620160|16946,30620274|16946,30620395|16946,30653420|16946,30653522|16946,30653631|16946,30653747|16946,30677461|16946,30677571|16946,30677688|16946,30677812|16946,30704277|16946,30704378|16946,30704486|16946,30704601|16946,30727766|16946,30727870|16946,30727981|16946,30728099|16946,30767825|16946,30767953|16946,30768088|16946,30768230|16946,30794948|16946,30795078|16946,30795215|16946,30795359|16946,30832060|16946,30832162|16946,30832271|16946,30832387|16946,30874770|16946,30874879|16946,30874995|16946,30875118|16946,30932786|16946,30932895|16946,30933011|16946,30933134|16946,31237599|16946,31237705|16946,31237818|16946,31237938|16946,31268977|16946,31269079|16946,31269188|16946,31269304|16946,31296191|16946,31296303|16946,31296422|16946,31296548
3mont 19771,3135
3no 19823,3330
3p 19826,6084|19826,7863
3pjuli 19998,990
3plinko 19612,5803
3pm 19539,493|19584,677|19600,1861|19612,2008|19627,670|19646,330|19646,614|19675,432|19676,2085|19697,442|19771,500|19813,2102|19819,376|20019,5271|20019,5369|20019,19673
3pmweek 20019,17854
3px 19572,8716|19613,6132|19613,6302|19825,2745|19856,13002|19856,13185|19856,13193|19899,6757|19899,7168|19899,11092|19899,14415|19899,14545|19899,14553
3rc1 16946,30421755|16946,30421860|16946,30421972|16946,30422091|16946,30504649|16946,30504764|16946,30504886|16946,30505015|16946,30699488|16946,30699590|16946,30699699|16946,30699815|16946,30925896|16946,30926006|16946,30926123|16946,30926247|16946,35868562|16946,35868669|16946,35868783|16946,35868904|16946,35873701|16946,35873811|16946,35873928|16946,35874052|16946,35877071|16946,35877174|16946,35877284|16946,35877401|16946,35880290|16946,35880398|16946,35880513|16946,35880635|16946,35884572|16946,35884695|16946,35884825|16946,35884962|16946,35887794|16946,35887903|16946,35888019|16946,35888142|16946,35890491|16946,35890595|16946,35890706|16946,35890824|16946,35895680|16946,35895785|16946,35895897|16946,35896016|16946,35899654|16946,35899760|16946,35899873|16946,35899993|16946,35915103|16946,35915206|16946,35915316|16946,35915433
3rc2 16946,55381876|16946,55381991|16946,55382113|16946,55411563|16946,55411680|16946,55411804|16946,55651503|16946,55651611|16946,55651726|16946,55666900|16946,55667010|16946,55667127|16946,55676986|16946,55677095|16946,55677211|16946,55826871|16946,55826981|16946,55827098|16946,55841306|16946,55841414|16946,55841529|16946,74622813|16946,74622916|16946,74623026|16946,74632196|16946,74632301|16946,74632413|16946,74643516|16946,74643612|16946,74643715|16946,74658055|16946,74658153|16946,74658258|16946,74667085|16946,74667182|16946,74667286|16946,74676082|16946,74676180|16946,74676285|16946,74687768|16946,74687864|16946,74687967
3rc3 16946,55373926|16946,55374041|16946,55374163|16946,55403481|16946,55403598|16946,55403722|16946,55644015|16946,55644123|16946,55644238|16946,55654381|16946,55654491|16946,55654608|16946,55669432|16946,55669541|16946,55669657|16946,55820640|16946,55820750|16946,55820867|16946,55831076|16946,55831184|16946,55831299|16946,74615655|16946,74615758|16946,74615868|16946,74624906|16946,74625011|16946,74625123|16946,74636820|16946,74636916|16946,74637019|16946,74646523|16946,74646621|16946,74646726|16946,74660323|16946,74660420|16946,74660524|16946,74670499|16946,74670597|16946,74670702|16946,74678618|16946,74678714|16946,74678817
3rc4 16946,55381153|16946,55381268|16946,55381390|16946,55410828|16946,55410945|16946,55411069|16946,55650822|16946,55650930|16946,55651045|16946,55664803|16946,55664913|16946,55665030|16946,55676299|16946,55676408|16946,55676524|16946,55826178|16946,55826288|16946,55826405|16946,55840286|16946,55840394|16946,55840509|16946,74622162|16946,74622265|16946,74622375|16946,74631533|16946,74631638|16946,74631750|16946,74642907|16946,74643003|16946,74643106|16946,74656174|16946,74656272|16946,74656377|16946,74666470|16946,74666567|16946,74666671|16946,74675461|16946,74675559|16946,74675664|16946,74686856|16946,74686952|16946,74687055
3rd 16903,701|16946,69959455|16946,69959535|16946,69959619|16946,69959711|16946,69959808|16946,69959910|16946,69960033|16946,69960163|16946,69960300|16946,69960433|16946,69960538|16946,69960661|16946,69960791|16946,69960928|16946,69961061|16946,69961168|16946,69961296|16946,69961431|16946,69961573|16946,69961711|16946,69961809|16946,69961928|16946,69962054|16946,69962187|16946,69962316|16946,69962411|16946,69962514|16946,69962638|16946,69962769|16946,69962907|16946,69963041|16946,69963146|16946,69963272|16946,69963405|16946,69963545|16946,69963681|16946,69963777|16946,69963878|16946,69963996|16946,69964121|16946,69964253|16946,69964381|16946,69964481|16946,69964590|16946,69964720|16946,69964857|16946,69965001|16946,69965141|16946,69965248|16946,69965371|16946,69965501|16946,69965638|16946,69965771|16946,69965868|16946,69965986|16946,69966111|16946,69966243|16946,69966371|16946,69966464|16946,69966571|16946,69966690|16946,69966816|16946,69966949|17658,1556|18160,31650|18249,732|18379,1598|18593,13493|18744,1184|19337,1860|19371,256|19426,2147|19461,261|19503,28547|19503,28800|19601,5632|19626,2066|19705,2080|19746,3511|19750,2070|19850,2034|19887,3967|19907,1987|19966,11773|20002,891|20003,14181|20003,23369|20016,12639|20019,8378|20036,3787|20036,3881|20036,4000|20049,1309|20080,131|20080,316|20170,50
3rdbeta 20017,8989
3rdparti 16946,37578911|16946,37579001|16946,37579095|16946,37579197|16946,37579320|16946,37579455|16946,37579597|16946,37579746|16946,37579891|16946,37580020|16946,37580172|16946,37580331|16946,37580497|16946,37580659|16946,37580793|16946,37580943|16946,37581100|16946,37581264|16946,37581424|16946,37581555|16946,37581709|16946,37581870|16946,37582038|16946,37582202|16946,37582331|16946,37582476|16946,37582628|16946,37582787|16946,37582942|16946,37583061|16946,37583196|16946,37583338|16946,37583487|16946,37583632|16946,37583756|16946,37583898|16946,37584047|16946,37584203|16946,37584355|16946,37584474|16946,37584616|16946,37584765|16946,37584921|16946,37585073|16946,37585200|16946,37585343|16946,37585493|16946,37585650|16946,87589415|16946,87589537|16946,87589669|16946,87589808|16946,87589954|16946,87590085|16946,87590223|16946,87628956|16946,87629073|16946,87629194|16946,87629322|16946,87629457|16946,87629578|16946,87629706|16946,87629841|16946,87654821|16946,87654937|16946,87655059|16946,87655188|16946,87657557|16946,87657675|16946,87657799|16946,87657930|16946,87697386|16946,87697502|16946,87697622|16946,87697749|16946,87697883|16946,87698011|16946,87698146|16946,87698288|16946,87698425|16946,87698568|16946,87698718|16946,87698875|16946,87699017|16946,87699166|16946,87794382|16946,87794497|16946,87794616|16946,87794742
3short 19996,22796|20001,22796
3support 19542,4165|19737,4314|19768,3689
3testingtesting123i 20021,1404
3thursday 19982,9322
3tuesday 19982,9227
3tutori 19612,4888
3u 20058,403
3week 19990,8168
3x2 19601,5044|19757,1084
3x4 19601,4839|19601,4900|19757,870|19757,934
