10000kb 19789,7389|19789,7468
1000f 16885,2201|16885,2949|16936,105471|16936,106146|16936,109171|16936,109846|16936,146289|16936,147037
1000kb 19789,7032|19789,7105
1000kib 19664,6073|19789,14763
1000sec 19514,15401
1001sec 19514,15611
1002sec 19514,15821
1003sec 19514,16023
1004sec 19514,16218
1005sec 19514,16427
1006sec 19514,16631
1007sec 19514,16832|19514,17042
1008sec 19514,17260
1009sec 19514,17473
100gb 19745,1267
100k 19789,14585
100kb 19789,8424
100kib 19664,6008|19789,14698
100m 17528,3022
100px 19613,6100|19613,8122|19899,15978
100th 17790,3170
100x 20162,933
100year 19166,2190
1011sec 19514,17683
1012sec 19514,17901
1013sec 19514,18114|19514,18318
1014sec 19514,18530
1015sec 19514,18737
1016sec 19514,18942
1017sec 19514,19155
1018sec 19514,19363
1019sec 19514,19562
1020sec 19514,19769
1021sec 19514,19971
1022sec 19514,20170
1023sec 19514,20377
1024_3 17044,1744|17371,861|17557,1786|17852,858
1024px 16946,4679518|16946,4679621|16946,4679730|16946,4679846|16946,4679969|16946,4680088|16946,4680197|16946,4680313|16946,4680436
1024sec 19514,20579|19514,20778
1026sec 19514,20985
1027sec 19514,21187|19514,21391
1028sec 19514,21603
1030sec 19514,21810|19514,22014
1031sec 19514,22226
1032sec 19514,22433
1033sec 19514,22622
1034sec 19514,22819
1035sec 19514,23011
1036sec 19514,23200
1037sec 19514,23397
1038sec 19514,23589
1039sec 19514,23784
1040sec 19514,23987
1041sec 19514,24178
1042sec 19514,24376
1043sec 19514,24579
1044sec 19514,24787
1045sec 19514,24993
1046sec 19514,25212
1047sec 19514,25419
1048sec 19514,25633
1049sec 19514,25844
1050sec 19514,26055
1051sec 19514,26274
1052sec 19514,26481
1053sec 19514,26695
1054sec 19514,26889
1055sec 19514,27091
1056sec 19514,27281
1057sec 19514,27478
1058sec 19514,27680|19514,27882
1059sec 19514,28084
1061sec 19514,28274
1062sec 19514,28471
1063sec 19514,28665|19514,28842
1064sec 19514,29027
1065sec 19514,29207
1066sec 19514,29389
1067862find 20019,18587
1067sec 19514,29579
1068sec 19514,29764
1069sec 19514,29946
1070sec 19514,30136
1071sec 19514,30321
1072sec 19514,30503
1073sec 19514,30693
1074sec 19514,30878
1075sec 19514,31061
1076sec 19514,31252
1077sec 19514,31438
1078sec 19514,31629|19514,31851
1079sec 19514,32073
1080i 18368,2938
1081sec 19514,32290
1082sec 19514,32504
1083sec 19514,32699
1084sec 19514,32902
1085sec 19514,33100
1086sec 19514,33293
1087sec 19514,33481|19514,33668
1088sec 19514,33860
1089sec 19514,34052
1090sec 19514,34249
1091sec 19514,34446
1092sec 19514,34648
1093sec 19514,34838
1094sec 19514,35040
1095sec 19514,35234
1096sec 19514,35439
1097sec 19514,35644
1098sec 19514,35837
1099sec 19514,36037
10_01 16946,7061716|16946,7061804|16946,7061899
10_1 16946,44953781|16946,44953917|16946,44954060|16946,45044271|16946,45044414|16946,45044564|16946,45058945|16946,45059083|16946,45059228|16946,45059380|16946,45265101|16946,45265243|16946,45265392|16946,45323920|16946,45324059|16946,45324205
10_2 16946,45043374|16946,45043517|16946,45043667|16946,45324358|16946,45324497|16946,45324643
10_3 16946,45325383|16946,45325522|16946,45325668
10_4 16946,45325821|16946,45325960|16946,45326106
10_5 16946,45324796|16946,45324935|16946,45325081|16946,45325234
10a 16946,78171938|16946,78172040|16946,78172149|16946,78172265
10alper 20164,866|20192,7079
10am 20017,10774|20134,146
10an 20017,3971
10carl 20164,1864|20192,14476
10critic 19990,10451
10day 18937,2662
10em 19856,9447|19899,10962
10iter 19826,5065
10josh 19982,9962
10june 20017,8982
10k 16946,476886|16946,476981|16946,477083|16946,477192
10learn 19600,3535
10lectur 19996,22873|20001,22873
10lunch 20164,633|20192,5592
10m 17174,805|17736,1598|17910,763|18958,781
10m1 16946,30423100|16946,30423205|16946,30423317|16946,30423436|16946,30612323|16946,30612431|16946,30612546|16946,30612668|16946,30740981|16946,30741087|16946,30741200|16946,30741320
10m2 16946,30423551|16946,30423656|16946,30423768|16946,30423887|16946,30613253|16946,30613361|16946,30613476|16946,30613598|16946,30741895|16946,30742001|16946,30742114|16946,30742234
10machin 19809,4389
10mb 19789,7398
10min 19619,1092
10misc 19676,6288|19823,4069
10pct 19613,10145
10px 19572,8720
10rc1 16946,30610004|16946,30610113|16946,30610229|16946,30610352|16946,30739153|16946,30739260|16946,30739374|16946,30739495
10rc2 16946,30610930|16946,30611039|16946,30611155|16946,30611278|16946,30739612|16946,30739719|16946,30739833|16946,30739954
10rc3 16946,30600281|16946,30600390|16946,30600506|16946,30600629|16946,30737337|16946,30737444|16946,30737558|16946,30737679
10rc4 16946,30607230|16946,30607339|16946,30607455|16946,30607578|16946,30738243|16946,30738350|16946,30738464|16946,30738585
10rect 20041,4157
10ricki 20164,312|20192,2750
10simul 19612,5998
10soln 19675,235|19675,252|19675,273|19675,297|19793,258|19793,286|19793,306|19793,342|19793,363|19793,379|19793,399
10tali 20164,1204|20192,9802
10th 17009,16774|17016,594|17019,594|17024,16774|17172,2567|18160,31262|18160,31847|18529,4463|18593,2087|18689,2539|18951,2581|19185,10266|19187,6845|19193,6845|19204,10266|19222,22609|19222,25211|19228,2798|19230,2798|19231,22609|19231,25211|19310,1888|19314,2637|19443,1039|19468,256|19503,6366|19503,27144|19587,32105|19625,8818|19625,8917|19625,9112|19625,9356|19662,8818|19662,8917|19662,9112|19662,9356|19891,6083|19914,1305|19978,3140|20003,23515
10the 19990,13016
10thfinal 20017,9110
10thursday 19982,10642
10thwelcom 19966,9698
10tuesday 19982,10543
10welcom 19996,12372|20001,12372
10x 20220,1613|20232,527|20240,527
1100sec 19514,36234|19514,36424
1102sec 19514,36614|19514,36804
1104sec 19514,36994|19514,37184
1105sec 19514,37374
1106sec 19514,37568
1107sec 19514,37757
1108sec 19514,37939
1109sec 19514,38125
1110sec 19514,38311
1111sec 19514,38500
1112sec 19514,38685
1113sec 19514,38878
1114sec 19514,39059
1115sec 19514,39247
1116sec 19514,39440
1117sec 19514,39653
1118sec 19514,39861
1119sec 19514,40066|19514,40272
1120sec 19514,40486
1121sec 19514,40695
1122sec 19514,40901
1123sec 19514,41115
1125sec 19514,41324|19514,41525
1126sec 19514,41734
1127sec 19514,41938
1128sec 19514,42126
1129sec 19514,42322
1130sec 19514,42513
1131sec 19514,42709
1132sec 19514,42900
1133sec 19514,43096
1134sec 19514,43292
1135sec 19514,43494
1136sec 19514,43696
1137sec 19514,43881
1138sec 19514,44058
1139sec 19514,44242
1140sec 19514,44416
1141sec 19514,44590
1142422read 20019,18150
1142429find 20019,12839
1142sec 19514,44764
1143sec 19514,44965
1145sec 19514,45166
1146sec 19514,45350
1147sec 19514,45534
1148sec 19514,45721
1149sec 19514,45897
1151sec 19514,46072
1152sec 19514,46278
1153sec 19514,46481
1154sec 19514,46682
1155sec 19514,46883
1156sec 19514,47086
1157sec 19514,47279
1158sec 19514,47474|19514,47667
1159sec 19514,47862
115m 18472,1326
1160sec 19514,48055
1161sec 19514,48250
1162sec 19514,48443
1163sec 19514,48638|19514,48832
1164sec 19514,49028
1165sec 19514,49222
1167sec 19514,49418|19514,49612
1168sec 19514,49808
1169sec 19514,50004
1170sec 19514,50202
1171sec 19514,50398
1172sec 19514,50596|19514,50792
1173sec 19514,50990
1174sec 19514,51186
1175sec 19514,51384
1176sec 19514,51580
1177sec 19514,51778
1178sec 19514,51974
1179sec 19514,52172
1180921find 20019,17492
1180sec 19514,52368
1181sec 19514,52566|19514,52766
1182sec 19514,52968
1183sec 19514,53165
1184sec 19514,53364
1185sec 19514,53567
1186sec 19514,53772
1187sec 19514,53975
1188sec 19514,54180
1189sec 19514,54383
1190sec 19514,54588|19514,54806
1191sec 19514,55026
1192sec 19514,55227
1193sec 19514,55426
1194sec 19514,55625
1196sec 19514,55843
1197sec 19514,56059
1198sec 19514,56267
1199sec 19514,56484
11_1 16946,44953206|16946,44953342|16946,44953485|16946,44953635|16946,44965036|16946,44965180|16946,44965331|16946,44965489|16946,45069450|16946,45069599|16946,45069755|16946,45112982|16946,45113124|16946,45113273|16946,45113429|16946,45240834|16946,45240988|16946,45241149|16946,45241317|16946,45330699|16946,45330846|16946,45331000
11_2 16946,45069918|16946,45070067|16946,45070223|16946,45070386
11_3 16946,45333166|16946,45333313|16946,45333467
11_4 16946,45331161|16946,45331308|16946,45331462
11_5 16946,45331623|16946,45331770|16946,45331924
11a 16946,5906508|16946,5906628|16946,5906755|16946,5906889|16946,5922268|16946,5922388|16946,5922515|16946,5922647|16946,5922765|16946,5922890
11am 19355,1232|19379,427|19398,3255|19408,2630|19524,455|19612,664|19627,506|19737,460|19768,695|19793,525|19809,2291|19823,451
11due 19771,341
11em 19856,8288|19899,9975
11k 19731,2717
11meet 19996,22425|20001,22425
11rc1 16946,30620512|16946,30620621|16946,30620737|16946,30620860|16946,30743719|16946,30743826|16946,30743940|16946,30744061|16946,30768368|16946,30768498|16946,30768635|16946,30795499|16946,30795631|16946,30795770|16946,30803185|16946,30803307|16946,30803436|16946,30803572|16946,30807383|16946,30807503|16946,30807630|16946,30807764|16946,31269416|16946,31269520|16946,31269631|16946,31269749
11rc2 16946,30585980|16946,30586089|16946,30586205|16946,30586328|16946,30732811|16946,30732918|16946,30733032|16946,30733153|16946,30749269|16946,30749399|16946,30749536|16946,30776120|16946,30776252|16946,30776391|16946,30801121|16946,30801243|16946,30801372|16946,30801508|16946,30805351|16946,30805471|16946,30805598|16946,30805732|16946,31245494|16946,31245598|16946,31245709|16946,31245827
11rc3 16946,30618648|16946,30618757|16946,30618873|16946,30618996|16946,30742801|16946,30742908|16946,30743022|16946,30743143|16946,30767414|16946,30767544|16946,30767681|16946,30794531|16946,30794663|16946,30794802|16946,30802666|16946,30802788|16946,30802917|16946,30803053|16946,30806872|16946,30806992|16946,30807119|16946,30807253|16946,31267632|16946,31267736|16946,31267847|16946,31267965
11soln 19676,236|19676,254|19676,287|19676,305|19809,259|19809,282|19809,305|19809,323|19809,341|19809,359|19823,268|19823,286|19823,338|19823,356
11th 17009,9622|17009,10582|17009,18214|17016,1224|17019,1224|17024,9622|17024,10582|17024,18214|17653,2395|19094,2395|19186,5925|19190,5925|19222,38945|19222,52595|19222,53906|19223,247|19226,247|19231,38945|19231,52595|19231,53906|19240,4822|19391,2035|19491,4212|19497,4212|19503,3753|19503,4062|19503,4418|19503,23951|19511,2152|19871,1036|19899,24117|19899,35761|20014,15902|20016,9892
11thmeet 19966,15410
11z 19720,952
1200sec 19514,56699|19514,56923
1201sec 19514,57149
1202sec 19514,57373
1203sec 19514,57599
1204sec 19514,57817
1205sec 19514,58037
1206sec 19514,58255
1207sec 19514,58475
1208sec 19514,58687
1209sec 19514,58901|19514,59113
120px 19581,7270
1210sec 19514,59327
1211sec 19514,59539
1212sec 19514,59753
1213sec 19514,59970
1214sec 19514,60189|19514,60406
1216sec 19514,60625
1217sec 19514,60827
1218sec 19514,61031|19514,61233
1219sec 19514,61437
1220sec 19514,61645
1221sec 19514,61855
1222sec 19514,62071
1223sec 19514,62297
1224sec 19514,62521
1225sec 19514,62745
1226sec 19514,62971
1227sec 19514,63178
1228sec 19514,63387|19514,63594
1229sec 19514,63803
1230sec 19514,63993
1231sec 19514,64185
1232sec 19514,64380
1233sec 19514,64577
1234i 20021,1105
1234sec 19514,64772
1235sec 19514,64969
1236sec 19514,65164
1237sec 19514,65361|19514,65557
1239sec 19514,65755|19514,65982
123abcc 20063,455
123d 20063,467
1240sec 19514,66211
1241sec 19514,66419
1242sec 19514,66629
1243sec 19514,66830
1244sec 19514,67039
1245sec 19514,67246
1246sec 19514,67456
1247sec 19514,67668
1248sec 19514,67871
1249sec 19514,68072
1250sec 19514,68271
1251sec 19514,68470
1252sec 19514,68671
1253sec 19514,68869
1254sec 19514,69069|19514,69287
1255sec 19514,69507
1256sec 19514,69726
1258sec 19514,69947|19514,70166
1259sec 19514,70387
1261sec 19514,70601
1262sec 19514,70807
1263sec 19514,70996
1264sec 19514,71194
1265sec 19514,71402
1266sec 19514,71598|19514,71802
1267sec 19514,71994
1269124read 20019,18353
1269sec 19514,72205
1270sec 19514,72401
1271sec 19514,72591
1272sec 19514,72793
1273sec 19514,72984
1274sec 19514,73163
1275sec 19514,73357
1280sec 19514,73558
1281sec 19514,73779
1283sec 19514,73990
1284sec 19514,74180
1285sec 19514,74370
1286sec 19514,74562
1287sec 19514,74741
1288sec 19514,74933
1289sec 19514,75123
1290sec 19514,75302
1291sec 19514,75473
1292sec 19514,75644
1293sec 19514,75815
1294sec 19514,75986
1295sec 19514,76158
1296sec 19514,76330
1297sec 19514,76502
1298sec 19514,76676
12_1 16946,44959415|16946,44959562|16946,44959716|16946,44963410|16946,44963552|16946,44963701|16946,44963857|16946,45095706|16946,45095845|16946,45095991|16946,45193188|16946,45193325|16946,45193469|16946,45315269|16946,45315413|16946,45315564|16946,45339452|16946,45339598|16946,45339751|16946,45339911|16946,46774637|16946,46774749|16946,46774868|16946,46774994
12_2 16946,44960336|16946,44960483|16946,44960637|16946,44960798|16946,45097452|16946,45097591|16946,45097737|16946,45189522|16946,45189659|16946,45189803|16946,45189954|16946,45319046|16946,45319190|16946,45319341
12_3 16946,45099788|16946,45099927|16946,45100073|16946,45315722|16946,45315866|16946,45316017
12a 16946,75078932|16946,75079027|16946,75079129|16946,75085876|16946,75085973|16946,75086077|16946,75092714|16946,75092810|16946,75092913|16946,75100867|16946,75100966|16946,75101072|16946,75108865|16946,75108962|16946,75109066|16946,75120825|16946,75120922|16946,75121026|16946,75127130|16946,75127228|16946,75127333|16946,75145843|16946,75145942|16946,75146048
12gb 16965,1251
12histori 19982,9240
12josh 19982,10058
12lectur 19996,12424|20001,12424
12pdfbayesian 19819,3788
12pm 19524,460|19612,2083|19737,465|19768,700|19809,2296
12privacydourish 19990,10868
12rc1 16946,30489545|16946,30489653|16946,30489768|16946,30489890|16946,30611856|16946,30611965|16946,30612081|16946,30612204|16946,30740522|16946,30740629|16946,30740743|16946,30740864|16946,30764300|16946,30764430|16946,30764567|16946,30791371|16946,30791503|16946,30791642|16946,30802147|16946,30802269|16946,30802398|16946,30802534|16946,30806361|16946,30806481|16946,30806608|16946,30806742|16946,31263661|16946,31263765|16946,31263876|16946,31263994|16946,55765784|16946,55765889|16946,55766001|16946,55766120|16946,55783025|16946,55783131|16946,55783244|16946,55783364|16946,56101401|16946,56101510|16946,56101626|16946,56101749|16946,56214647|16946,56214748|16946,56214856|16946,56214971
12rc1_1 16946,44896889|16946,44897039|16946,44897196
12rc2 16946,30493660|16946,30493768|16946,30493883|16946,30494005|16946,30619115|16946,30619224|16946,30619340|16946,30619463|16946,30743260|16946,30743367|16946,30743481|16946,30743602|16946,31268079|16946,31268183|16946,31268294|16946,31268412
12rc3 16946,30490008|16946,30490116|16946,30490231|16946,30490353|16946,30612786|16946,30612895|16946,30613011|16946,30613134|16946,30741436|16946,30741543|16946,30741657|16946,30741778|16946,31264108|16946,31264212|16946,31264323|16946,31264441
12soln 19692,258|19692,279|19771,257|19771,285
12th 17009,17533|17009,17750|17024,17533|17024,17750|17590,2811|17653,2404|18341,2811|18593,10392|18729,2642|19094,2404|19186,1786|19190,1786|19222,3045|19222,6637|19222,24803|19222,28322|19231,3045|19231,6637|19231,24803|19231,28322|19310,1455|19314,2152|19338,3943|19391,1761|19418,337|19503,8787|19503,21387|19512,2885|19616,6092|19871,821|19899,29113|19899,33764|19899,42274|20003,25617
12thieee 18160,42840
12thmicro 20014,20106|20014,21873
12ubiquit 19990,13469
1300e 19990,610
1300sec 19514,76850
1301sec 19514,77024
1302sec 19514,77198
1303sec 19514,77372
1304sec 19514,77546
1305sec 19514,77720|19514,77898
1306sec 19514,78087
1307sec 19514,78278
1308sec 19514,78466
130px 19613,10327
1310sec 19514,78652
1311sec 19514,78827
1312sec 19514,79019
1313sec 19514,79213|19514,79407
1314sec 19514,79599
1315sec 19514,79793
1316sec 19514,79985
1317sec 19514,80194
1318sec 19514,80401
1319sec 19514,80597
1320sec 19514,80778
1321sec 19514,80970
1322sec 19514,81164
1323sec 19514,81352
1324sec 19514,81540
1325sec 19514,81747
1326sec 19514,81952
1327sec 19514,82146
1328sec 19514,82330
1329sec 19514,82527|19514,82733
1330sec 19514,82937
1332sec 19514,83130
1333sec 19514,83332
1334sec 19514,83545
1335sec 19514,83760|19514,83975
1336sec 19514,84188
1337sec 19514,84390
1338sec 19514,84586
1339sec 19514,84793
1340sec 19514,85002
1341sec 19514,85211
1342sec 19514,85418
1343sec 19514,85614
1344sec 19514,85804
1345sec 19514,86005
1346sec 19514,86208
1347sec 19514,86411
1348sec 19514,86612
1349sec 19514,86802
1350sec 19514,86992
1351sec 19514,87193
1352sec 19514,87396|19514,87604
1353sec 19514,87810
1354sec 19514,88005
1355sec 19514,88200
1356sec 19514,88406
1357sec 19514,88614
1358sec 19514,88807
1359sec 19514,88998
1360sec 19514,89178
1361sec 19514,89358
1362sec 19514,89549
1363sec 19514,89742
1364sec 19514,89939
1365sec 19514,90125
1366sec 19514,90316
1367sec 19514,90518
1368sec 19514,90722
1369sec 19514,90924
1370sec 19514,91124
1371sec 19514,91313
1372sec 19514,91526
1373sec 19514,91741|19514,91956
1374sec 19514,92169
1375sec 19514,92367
1376sec 19514,92563
1377sec 19514,92761
1378sec 19514,92957
1379sec 19514,93136
1380sec 19514,93320
1381sec 19514,93504
1382sec 19514,93688
1383sec 19514,93873
1384sec 19514,94060
1385sec 19514,94234
1386sec 19514,94452
1387sec 19514,94668
1388sec 19514,94873|19514,95059
1390sec 19514,95256
1391sec 19514,95455
1392sec 19514,95642
1393sec 19514,95828
1394sec 19514,96019
1395sec 19514,96215
1396sec 19514,96413
1397sec 19514,96598|19514,96799
1398sec 19514,96998
1399sec 19514,97186
13_1 16946,44947276|16946,44947419|16946,44947569|16946,45198642|16946,45198783|16946,45198931|16946,45316175|16946,45316319|16946,45316470
13_2 16946,44948179|16946,44948322|16946,44948472|16946,45317084|16946,45317228|16946,45317379
13embodi 19990,7834
13grnt16990060 16903,2222
13k 19515,353
13lectur 19996,22459|20001,22459
13th 17009,8543|17024,8543|17671,732|17671,783|18031,1216|18416,771|18653,2603|18653,2653|18738,1272|18896,1230|18922,2526|18922,2576|19057,2568|19057,2618|19186,3449|19190,3449|19222,55149|19231,55149|19492,4707|19503,7704|19626,1603|19705,1617|19750,1607|19850,1571|19907,3788|19907,4162
13thprototyp 19966,16118
13thtest 20017,8599
1400sec 19514,97359
1401sec 19514,97543
1403sec 19514,97729|19514,97915
1404sec 19514,98099
1405sec 19514,98272
1406sec 19514,98445
1407sec 19514,98629
1408sec 19514,98815
1409sec 19514,98992
140char 18288,3488
1410sec 19514,99168
1411sec 19514,99355
1412sec 19514,99544
1413sec 19514,99740
1414sec 19514,99937
1415sec 19514,100145
1416sec 19514,100355
1417sec 19514,100565
1418sec 19514,100773
1419sec 19514,100970
141e3500ffcbe31f483a02644c8c2ae83cd139f5 18165,1728
1420sec 19514,101162
1421sec 19514,101365
1422sec 19514,101570|19514,101762
1423sec 19514,101952
1424sec 19514,102131
1425sec 19514,102310
1427sec 19514,102502
1428sec 19514,102694
1429sec 19514,102884
1430sec 19514,103063
1431sec 19514,103259
1432sec 19514,103457|19514,103663
1433sec 19514,103862
1434sec 19514,104070
1435sec 19514,104288
1436sec 19514,104502
1437sec 19514,104714
1439sec 19514,104915
14_1 16946,44897360|16946,44897507|16946,44897661|16946,45313793|16946,45313934|16946,45314082
14_2 16946,44893193|16946,44893340|16946,44893494
14_3 16946,44896427|16946,44896574|16946,44896728|16946,45312754|16946,45312895|16946,45313043
14_4 16946,44895503|16946,44895650|16946,44895804|16946,45314237|16946,45314378|16946,45314526
14em 19856,11611|19899,13245
14hr 18050,5298
14meet 19996,12862|19996,13228|20001,12862|20001,13228
14pervas 19982,9336
14present 20019,19624
14soln 19524,258|19524,279|19524,300|19524,321|19524,342|19524,377
14th 17333,800|17878,1679|17936,1679|18031,1173|18031,1610|18416,728|18738,1229|18738,2653|18896,1187|18896,2611|19186,8756|19190,8756|19237,2718|19238,2718|19239,2718|19240,397|19503,27679|19616,9355|19907,3302|19966,3508|20003,25182
14thcapston 19966,10263
14thmeet 19966,10050
14ththird 20014,15743
1500final12 19996,23150|20001,23150
150m 18472,1302
154_1 16946,45078936|16946,45079083|16946,45079237
154_2 16946,45079398|16946,45079545|16946,45079699
155m 16899,219|16921,328|16932,219|16945,354|16950,456|16955,463|16957,463|16961,226|16979,463
15_1 16946,45000273|16946,45000418|16946,45000570
15_3 16946,45002553|16946,45002698|16946,45002850
15_4 16946,45001185|16946,45001330|16946,45001482
15_5 16946,45004231|16946,45004376|16946,45004528
15a 16946,16468|16946,16574|16946,16687|16946,16807|16946,79889342|16946,79889448|16946,79889561|16946,79889681|16946,80091370|16946,80091479|16946,80091595|16946,80091718|16946,80130555|16946,80130674|16946,80130800|16946,80130933|16946,80153961|16946,80154077|16946,80154200|16946,80154330
15am 19980,4450|19980,4694
15b 16946,24563|16946,24669|16946,24782|16946,24902|16946,79895229|16946,79895335|16946,79895448|16946,79895568|16946,80097413|16946,80097522|16946,80097638|16946,80097761|16946,80137118|16946,80137237|16946,80137363|16946,80137496|16946,80160368|16946,80160484|16946,80160607|16946,80160737|18388,1383
15em 19856,10125|19899,11528
15m 18690,1601
15no 19990,8107
15pm 19980,4459|19980,4703
15prof 19996,22918|20001,22918
15soln 19539,254|19542,234|19542,255|19542,276|19542,322|19542,343|19737,232|19737,253|19737,274|19737,320|19737,341|19819,232|19819,250|19819,268|19819,286|19819,312|19819,334|19819,352
15th 17226,912|17296,2804|17311,1482|17419,1938|17453,858|17570,2247|17592,820|17783,667|17986,2205|18257,690|18300,648|18315,2804|18454,2017|18671,2599|18821,848|18938,862|19149,790|19149,849|19885,972|19899,28239|19899,28814|19899,32923|19899,33467|19899,38947|19899,40752|19996,3989|19996,13385|19998,1229|20001,3989|20001,13385|20014,17504|20201,984|20252,984|20309,426|20318,426
15thguest 20017,7891
15thplaytest 19966,15877
160â 17065,1650|17521,764|17958,1207|18613,1692
1622fax 17017,661|17022,661
166_1 16946,45078317|16946,45078464|16946,45078618|16946,45078779
169a 19966,13570|19996,20229|20001,20229|20003,6229|20003,21666|20016,6064
169b 19966,13579|19996,20238|20001,20238|20003,6238|20003,21675|20016,6073
16_1 16946,45001641|16946,45001786|16946,45001938|16946,45100661|16946,45100800|16946,45100946|16946,45198047|16946,45198188|16946,45198336|16946,45198491
16_2 16946,45097890|16946,45098029|16946,45098175
16em 19856,9615|19899,11103
16old 19768,274
16pdfundirect 19819,3830
16pdfvariat 19819,4363
16prep 19996,13261|20001,13261
16soln 19768,232|19768,253|19768,299|19768,320
16sqr 20041,4205
16th 17009,16592|17024,16592|17671,685|17765,2130|18059,2116|18438,2088|18653,2557|18922,2480|19057,2522|19222,12439|19222,12820|19222,13271|19222,18513|19222,19662|19223,1489|19226,1489|19231,12439|19231,12820|19231,13271|19231,18513|19231,19662
16thfirst 20014,15594
170a 19996,6046|20001,6046
173kb 18880,1011
17_1 16946,45000729|16946,45000874|16946,45001026
17em 19899,13236
17pervas 19982,10188
17prof 19996,22973|20001,22973
17reassign 19996,12466|20001,12466
17th 17226,848|17426,2772|17478,1165|17590,1554|17927,859|18160,34266|18341,1554|18606,2730|18729,1914|19222,10492|19222,10922|19223,880|19226,880|19231,10492|19231,10922|19503,10615|19626,2271|19705,2285|19750,2275|19850,2239|20003,23821
17thshuffl 19966,9819
17utopian 19990,11144
180catalog 20019,590
181a 19663,440
188m 16899,547|16921,288|16932,547|16945,396|16950,137|16955,137|16957,137|16961,547|16979,137
18_1 16946,45002097|16946,45002242|16946,45002394|16946,45096144|16946,45096283|16946,45096429|16946,45278599|16946,45278743|16946,45278894|16946,45279052
18_2 16946,45003009|16946,45003154|16946,45003306|16946,45003465|16946,45098763|16946,45098902|16946,45099048
18_3 16946,45099201|16946,45099340|16946,45099486|16946,45099639
18a 16946,22735|16946,22841|16946,22954|16946,23074
18b 16946,25018|16946,25124|16946,25237|16946,25357
18f 19899,490
18prof 19996,22505|20001,22505
18th 17038,5092|17226,875|19186,8986|19190,8986|19222,8626|19222,9045|19231,8626|19231,9045|19484,716|19503,18053|19520,3730|19521,6216|19871,255|19871,1796|20170,131|20170,324
18thprofessor 19966,15496
1996chairman 18057,2124|18137,2124
1996presid 18057,1746|18137,1746
1999director 18057,2142|18137,2142
1999inventor 18160,52052|18160,52560
19_1 16946,45003620|16946,45003765|16946,45003917|16946,45004076
19_2 16946,44892731|16946,44892878|16946,44893032
19_3 16946,44898284|16946,44898431|16946,44898585
19_4 16946,44899670|16946,44899817|16946,44899971
19campu 19982,9424
19dystopian 19990,11391
19guest 19996,12523|20001,12523
19how 19982,10265
19june 19998,1820
19k 16894,230|16902,192|16908,230|16909,192|16910,230|16949,192|16966,230|16969,192|16972,192
19pdfmarkov 19819,3870
19road 17078,793|17268,811|17643,1226|18259,1268
19th 17076,1182|17127,1183|17132,1136|17218,2536|17284,1414|17343,811|17357,834|17422,1094|17521,1539|17533,1517|17624,1224|17834,730|17939,1073|17939,1138|17975,881|17991,680|17991,745|18061,1225|18200,795|18278,1625|18454,787|18603,1372|18649,792|18803,1275|18813,876|18832,1495|18850,638|18850,703|18955,1122|18992,719|19024,1317|19088,1748|19095,1537|19222,7559|19231,7559|19246,1484|19907,6966|20014,20627
19thmid 20014,22217
1_01 16946,7122466|16946,7122587|16946,7122715|16946,7122850|16946,63165625|16946,63165738|16946,63165858|16946,63165985|16946,79154167|16946,79154279|16946,79154398|16946,79154641|16946,79154759|16946,79154884|16946,79155127|16946,79155245|16946,79155370
1_02 16946,123289|16946,123380|16946,123478
1_03 16946,63166108|16946,63166221|16946,63166341|16946,63166468
1_1 16946,37463506|16946,37463604|16946,37463709|16946,37463821|16946,39534559|16946,39534656|16946,39534760|16946,39534871|16946,44887419|16946,44887560|16946,44887708|16946,44891665|16946,44891813|16946,44891968|16946,44900260|16946,44900401|16946,44900549|16946,44902036|16946,44902177|16946,44902325|16946,44902619|16946,44902761|16946,44902910|16946,44910573|16946,44910713|16946,44910860|16946,44916138|16946,44916285|16946,44916439|16946,44916600|16946,44925665|16946,44925805|16946,44925952|16946,44929145|16946,44929285|16946,44929432|16946,44941268|16946,44941415|16946,44941569|16946,44944378|16946,44944525|16946,44944679|16946,44948631|16946,44948775|16946,44948926|16946,44951086|16946,44951236|16946,44951393|16946,44952620|16946,44952760|16946,44952907|16946,44953061|16946,44954215|16946,44954355|16946,44954502|16946,44955723|16946,44955876|16946,44956036|16946,44958341|16946,44958487|16946,44958640|16946,44995024|16946,44995163|16946,44995309|16946,45005895|16946,45006045|16946,45006202|16946,45006951|16946,45007095|16946,45007246|16946,45018289|16946,45018428|16946,45018574|16946,45018727|16946,45048246|16946,45048386|16946,45048533|16946,45065056|16946,45065194|16946,45065339|16946,45068863|16946,45069001|16946,45069146|16946,45089318|16946,45089463|16946,45089615|16946,45090379|16946,45090530|16946,45090688|16946,45104252|16946,45104399|16946,45104553|16946,45104863|16946,45105015|16946,45105174|16946,45106456|16946,45106608|16946,45106767|16946,45107410|16946,45107562|16946,45107721|16946,45108728|16946,45108869|16946,45109017|16946,45109172|16946,45111650|16946,45111791|16946,45111939|16946,45114469|16946,45114610|16946,45114758|16946,45114913|16946,45115798|16946,45115940|16946,45116089|16946,45116245|16946,45117550|16946,45117685|16946,45117827|16946,45121270|16946,45121407|16946,45121551|16946,45121702|16946,45123022|16946,45123158|16946,45123301|16946,45125461|16946,45125604|16946,45125754|16946,45127364|16946,45127503|16946,45127649|16946,45127802|16946,45134480|16946,45134628|16946,45134783|16946,45138243|16946,45138380|16946,45138524|16946,45138675|16946,45143993|16946,45144133|16946,45144280|16946,45144434|16946,45144584|16946,45144724|16946,45144871|16946,45145025|16946,45145766|16946,45145906|16946,45146053|16946,45146207|16946,45147242|16946,45147384|16946,45147533|16946,45152242|16946,45152382|16946,45152529|16946,45154597|16946,45154737|16946,45154884|16946,45160039|16946,45160179|16946,45160326|16946,45165355|16946,45165496|16946,45165644|16946,45165799|16946,45166531|16946,45166678|16946,45166832|16946,45166993|16946,45168630|16946,45168779|16946,45168935|16946,45169098|16946,45180427|16946,45180566|16946,45180712|16946,45185291|16946,45185438|16946,45185592|16946,45190987|16946,45191139|16946,45191298|16946,45197038|16946,45197177|16946,45197323|16946,45201393|16946,45201543|16946,45201700|16946,45202577|16946,45202717|16946,45202864|16946,45207162|16946,45207302|16946,45207449|16946,45222891|16946,45223032|16946,45223180|16946,45223335|16946,45225399|16946,45225539|16946,45225686|16946,45238289|16946,45238427|16946,45238572|16946,45238724|16946,45247100|16946,45247245|16946,45247397|16946,45256069|16946,45256209|16946,45256356|16946,45271154|16946,45271296|16946,45271445|16946,45304817|16946,45304965|16946,45305120|16946,45307947|16946,45308095|16946,45308250|16946,45317539|16946,45317684|16946,45317836|16946,45321916|16946,45322066|16946,45322223|16946,45326397|16946,45326539|16946,45326688|16946,45327882|16946,45328022|16946,45328169|16946,45328325|16946,45328467|16946,45328616|16946,45335964|16946,45336104|16946,45336251|16946,46775235|16946,46775353|16946,46775478|16946,46775610|16946,46780761|16946,46780873|16946,46780992|16946,46781118|16946,46785841|16946,46785960|16946,46786086|16946,46786219|16946,46787458|16946,46787568|16946,46787685|16946,46787809|16946,46789685|16946,46789798|16946,46789918|16946,46790045|16946,46793439|16946,46793546|16946,46793660|16946,46793781
1_2 16946,44892130|16946,44892278|16946,44892433|16946,44903066|16946,44903208|16946,44903357|16946,44903513|16946,44910132|16946,44910272|16946,44910419|16946,44924192|16946,44924332|16946,44924479|16946,44934476|16946,44934617|16946,44934765|16946,44941730|16946,44941877|16946,44942031|16946,44942192|16946,44944840|16946,44944987|16946,44945141|16946,44947728|16946,44947872|16946,44948023|16946,44952028|16946,44952178|16946,44952335|16946,44955243|16946,44955396|16946,44955556|16946,44959877|16946,44960023|16946,44960176|16946,44985805|16946,44985947|16946,44986096|16946,44986252|16946,45014005|16946,45014149|16946,45014300|16946,45020983|16946,45021122|16946,45021268|16946,45049569|16946,45049709|16946,45049856|16946,45090853|16946,45091004|16946,45091162|16946,45091327|16946,45103633|16946,45103780|16946,45103934|16946,45104095|16946,45105340|16946,45105492|16946,45105651|16946,45105817|16946,45105979|16946,45106131|16946,45106290|16946,45115199|16946,45115341|16946,45115490|16946,45115646|16946,45117976|16946,45118111|16946,45118253|16946,45124892|16946,45125028|16946,45125171|16946,45125911|16946,45126054|16946,45126204|16946,45133857|16946,45134005|16946,45134160|16946,45134322|16946,45157243|16946,45157383|16946,45157530|16946,45169257|16946,45169406|16946,45169562|16946,45169725|16946,45181303|16946,45181442|16946,45181588|16946,45184829|16946,45184976|16946,45185130|16946,45197476|16946,45197615|16946,45197761|16946,45200922|16946,45201072|16946,45201229|16946,45203018|16946,45203158|16946,45203305|16946,45237706|16946,45237844|16946,45237989|16946,45238141|16946,45270707|16946,45270849|16946,45270998|16946,45281126|16946,45281265|16946,45281411|16946,45305282|16946,45305430|16946,45305585|16946,45305747|16946,45308412|16946,45308560|16946,45308715|16946,45316630|16946,45316775|16946,45316927|16946,45326844|16946,45326986|16946,45327135|16946,45327291
1_3 16946,39286791|16946,39286899|16946,39287014|16946,44891200|16946,44891348|16946,44891503|16946,44911014|16946,44911154|16946,44911301|16946,44924633|16946,44924773|16946,44924920|16946,44935808|16946,44935949|16946,44936097|16946,44943759|16946,44943906|16946,44944060|16946,44944221|16946,44951557|16946,44951707|16946,44951864|16946,44956203|16946,44956356|16946,44956516|16946,44956683|16946,44958800|16946,44958946|16946,44959099|16946,44959259|16946,44995462|16946,44995601|16946,44995747|16946,45007857|16946,45008001|16946,45008152|16946,45012492|16946,45012636|16946,45012787|16946,45022878|16946,45023017|16946,45023163|16946,45067993|16946,45068131|16946,45068276|16946,45070534|16946,45070671|16946,45070815|16946,45070966|16946,45071124|16946,45071278|16946,45071422|16946,45071573|16946,45071731|16946,45071885|16946,45072032|16946,45072186|16946,45072347|16946,45072491|16946,45072642|16946,45072800|16946,45106933|16946,45107085|16946,45107244|16946,45114025|16946,45114166|16946,45114314|16946,45119686|16946,45119821|16946,45119963|16946,45120112|16946,45123880|16946,45124016|16946,45124159|16946,45149030|16946,45149172|16946,45149321|16946,45161362|16946,45161502|16946,45161649|16946,45180865|16946,45181004|16946,45181150|16946,45185753|16946,45185900|16946,45186054|16946,45223485|16946,45223625|16946,45223772|16946,45246188|16946,45246333|16946,45246485|16946,45271601|16946,45271743|16946,45271892|16946,45282002|16946,45282141|16946,45282287|16946,45307324|16946,45307472|16946,45307627|16946,45307789|16946,45323329|16946,45323479|16946,45323636|16946,45329211|16946,45329351|16946,45329498|16946,45335523|16946,45335663|16946,45335810
1_3_1 16946,45275228|16946,45275367|16946,45275513|16946,45275666
1_3_2 16946,45273050|16946,45273189|16946,45273335
1_3_4 16946,45272612|16946,45272751|16946,45272897
1_3_5 16946,45274790|16946,45274929|16946,45275075
1_3_6 16946,45272174|16946,45272313|16946,45272459
1_3_7 16946,45273920|16946,45274059|16946,45274205
1_4 16946,44925074|16946,44925214|16946,44925361|16946,44925515|16946,44936252|16946,44936393|16946,44936541|16946,44950615|16946,44950765|16946,44950922|16946,44998239|16946,44998378|16946,44998524|16946,45007404|16946,45007548|16946,45007699|16946,45012945|16946,45013089|16946,45013240|16946,45022440|16946,45022579|16946,45022725|16946,45068428|16946,45068566|16946,45068711|16946,45111206|16946,45111347|16946,45111495|16946,45123451|16946,45123587|16946,45123730|16946,45147689|16946,45147831|16946,45147980|16946,45159598|16946,45159738|16946,45159885|16946,45179989|16946,45180128|16946,45180274|16946,45187282|16946,45187429|16946,45187583|16946,45187744|16946,45223926|16946,45224066|16946,45224213|16946,45246644|16946,45246789|16946,45246941|16946,45269661|16946,45269803|16946,45269952|16946,45281564|16946,45281703|16946,45281849|16946,45322387|16946,45322537|16946,45322694|16946,45328770|16946,45328910|16946,45329057|16946,45335082|16946,45335222|16946,45335369
1_5 16946,44934032|16946,44934173|16946,44934321|16946,44996487|16946,44996626|16946,44996772|16946,45006498|16946,45006642|16946,45006793|16946,45013398|16946,45013542|16946,45013693|16946,45013851|16946,45021853|16946,45021992|16946,45022138|16946,45022291|16946,45067558|16946,45067696|16946,45067841|16946,45113581|16946,45113722|16946,45113870|16946,45148583|16946,45148725|16946,45148874|16946,45155920|16946,45156060|16946,45156207|16946,45179402|16946,45179541|16946,45179687|16946,45179840|16946,45224958|16946,45225098|16946,45225245|16946,45247556|16946,45247701|16946,45247853|16946,45270108|16946,45270250|16946,45270399|16946,45270555|16946,45321445|16946,45321595|16946,45321752|16946,45327441|16946,45327581|16946,45327728|16946,45336405|16946,45336545|16946,45336692
1_50 16946,39535582|16946,39535682|16946,39535789|16946,39535903|16946,39536611|16946,39536713|16946,39536822|16946,39536938
1_6 16946,44998677|16946,44998816|16946,44998962|16946,45224367|16946,45224507|16946,45224654|16946,45224808|16946,45248012|16946,45248157|16946,45248309|16946,45248468|16946,45322858|16946,45323008|16946,45323165|16946,45329652|16946,45329792|16946,45329939|16946,46196917|16946,46197035|16946,46197164|16946,46197300|16946,46197443|16946,46197582|16946,46197707|16946,46197839|16946,46197978|16946,46213000|16946,46213116|16946,46213243|16946,46213377|16946,46213518|16946,46213655|16946,46213778|16946,46213908|16946,46214045|16946,46433214|16946,46433338|16946,46433473|16946,46433615|16946,46433764|16946,46433909|16946,46434040|16946,46434178|16946,46434323
1_7 16946,44995900|16946,44996039|16946,44996185|16946,44996338|16946,45320814|16946,45320964|16946,45321121|16946,45321285
1_cmpn_spec 16946,22446137|16946,22446242|16946,22446372|16946,22446509|16946,22446653
1_core_spec 16946,22443699|16946,22443804|16946,22443934|16946,22444071|16946,22444215
1_ga 16946,78304767|16946,78304874|16946,78304988|16946,78305109
1_java_1 16946,22201923|16946,22202033|16946,22202149|16946,22202272|16946,22202402
1_jdk5 16946,85750133|16946,85750274|16946,85750422|16946,85750577
1_mail 16946,46087488|16946,46087611|16946,46087738|16946,46087872|16946,46088013|16946,46088140|16946,46088274
1_pr1 16946,78311258|16946,78311366|16946,78311481
1_pr2 16946,78310112|16946,78310220|16946,78310335
1_provid 16946,46086251|16946,46086378|16946,46086509|16946,46086647|16946,46086792|16946,46086933|16946,46087064|16946,46087202|16946,46087347
1_r1 16946,26259445|16946,26259554|16946,26259670|16946,26259793|16946,84897148|16946,84897247|16946,84897353|16946,84897466|16946,84902142|16946,84902246|16946,84902357|16946,84902475
1_spec 16946,46653203|16946,46653317|16946,46653435|16946,46653560|16946,46653692|16946,46658575|16946,46658690|16946,46658811|16946,46658939|16946,46659074|16946,46659193|16946,46659319|16946,46659452|16946,46659586|16946,46659706|16946,46659830|16946,46659961|16946,46660099|16946,46660223|16946,46660354|16946,46660492|16946,46660626|16946,46660750|16946,46660881|16946,46661019|16946,46663767|16946,46663881|16946,46664001|16946,46664128|16946,46664262|16946,46664392|16946,46664513|16946,46664641|16946,46664776|16946,46664907|16946,46665028|16946,46665156|16946,46665291|16946,46665422|16946,46665540|16946,46665665|16946,46665797|16946,46665925|16946,46666045|16946,46666172|16946,46666306|16946,46666936|16946,46667057|16946,46667189|16946,46667328|16946,46667474|16946,46667616|16946,46667741|16946,46667873|16946,46668012|16946,46668139|16946,46668252|16946,46668371|16946,46668497|16946,46668630|16946,46668759|16946,46668879|16946,46669006|16946,46669140|16946,46669270|16946,46669387|16946,46669511|16946,46669642|16946,46676471|16946,46676591|16946,46676717|16946,46676850|16946,46676990|16946,46677126|16946,46677250|16946,46677381|16946,46677519|16946,46677653|16946,46677780|16946,46677914|16946,46678055|16946,46678192|16946,46678316|16946,46678447|16946,46678585|16946,46678719|16946,46678845|16946,46678978|16946,46679118|16946,46685165|16946,46685279|16946,46685399|16946,46685526|16946,46685660|16946,46685778|16946,46685903|16946,46686035|16946,46691621|16946,46691737|16946,46691859|16946,46691988|16946,46692124|16946,46692244|16946,46692371|16946,46692505|16946,46692635|16946,46692757|16946,46692886|16946,46693022|16946,46693154|16946,46693274|16946,46693401|16946,46693535|16946,46693662|16946,46693775|16946,46693894|16946,46694020|16946,46694153|16946,46694270|16946,46694394|16946,46694525|16946,46701928|16946,46702041|16946,46702158|16946,46702282|16946,46702413|16946,46702540|16946,46702660|16946,46702787|16946,46702921|16946,46703051|16946,46703168|16946,46703292|16946,46703423|16946,46703550|16946,46703669|16946,46703795|16946,46703928|16946,46706791|16946,46706906|16946,46707025|16946,46707151|16946,46707284|16946,46707423|16946,46707548|16946,46707679|16946,46707817|16946,46707962|16946,46708091|16946,46708227|16946,46708370|16946,46708509|16946,46708634|16946,46708765|16946,46708903|16946,46709048|16946,46709189|16946,46709321|16946,46709460|16946,46709606|16946,46709748|16946,46709877|16946,46710013|16946,46710156|16946,46730681|16946,46730794|16946,46730913|16946,46731039|16946,46731172|16946,46731301|16946,46731418|16946,46731542|16946,46731673|16946,46731800|16946,46731919|16946,46732045|16946,46732178|16946,46732311|16946,46732428|16946,46732549|16946,46732677|16946,46732810|16946,46732925|16946,46733044|16946,46733170|16946,46733303|16946,46733437|16946,46733557|16946,46733683|16946,46733816|16946,46733956|16946,46734092|16946,46734216|16946,46734347|16946,46734485|16946,46735101|16946,46735214|16946,46735333|16946,46735459|16946,46735592|16946,46735709|16946,46735833|16946,46735964|16946,46736091|16946,46736210|16946,46736336|16946,46736469
1a 16946,333172|16946,333265|16946,333365|16946,1254118|16946,1254239|16946,1254367|16946,1255100|16946,1255217|16946,1255341|16946,19814108|16946,19814213|16946,19814325|16946,19827043|16946,19827148|16946,19827260|16946,19846642|16946,19846750|16946,19846865|16946,19866791|16946,19866893|16946,19867002|16946,19883233|16946,19883335|16946,19883444|16946,19891503|16946,19891610|16946,19891724|16946,19901296|16946,19901401|16946,19901513|16946,37242933|16946,37243041|16946,37243156|16946,37243278|16946,37928949|16946,37929054|16946,37929166|16946,37929285|16946,37934541|16946,37934648|16946,37934762|16946,37934883|16946,37938526|16946,37938632|16946,37938745|16946,37938865|16946,37946112|16946,37946224|16946,37946343|16946,37946469|16946,37948608|16946,37948717|16946,37948833|16946,37948956|16946,37951029|16946,37951133|16946,37951244|16946,37951362|16946,37953984|16946,37954092|16946,37954207|16946,37954329|16946,37960253|16946,37960363|16946,37960480|16946,37960604|16946,37962695|16946,37962800|16946,37962912|16946,37963031|16946,37965008|16946,37965104|16946,37965207|16946,37965317|16946,37977674|16946,37977780|16946,37977893|16946,37978013|16946,37980604|16946,37980702|16946,37980807|16946,37980919|20049,370|20049,491
1a_j3fsm 19978,1956
1alpha1 16946,75305896|16946,75305991|16946,75306093
1am 19985,969
1april 20017,7367
1b 16946,7125238|16946,7125327|16946,7125423|16946,8547284|16946,8547371|16946,8547465|16946,8547566|16946,37253422|16946,37253530|16946,37253645|16946,37253767|16946,75060010|16946,75060118|16946,75060233|16946,75060355|16946,75060463|16946,75060578|16946,75061033|16946,75061141|16946,75061256|16946,75061378|16946,75061486|16946,75061601|16946,75941654|16946,75941773|16946,75941899|17008,2335|17008,2380|17008,2420|17008,2688|17008,2905|17008,2961|17008,3146|17008,3303|17008,3574|17008,3733|17008,4465|20049,804|20049,903
1b1 16946,7496074|16946,7496171|16946,7496275|16946,7500075|16946,7500173|16946,7500278|16946,38088630|16946,38088717|16946,38088811|16946,38109430|16946,38109526|16946,38109629|16946,38152893|16946,38153000|16946,38153114
1b2 16946,847880|16946,847958|16946,848043
1b3 16946,848390|16946,848468|16946,848553
1b5 16946,847367|16946,847445|16946,847530
1b_spec 16946,46717121|16946,46717237|16946,46717359|16946,46717488|16946,46717624|16946,46717744|16946,46717871|16946,46718005|16946,46718135|16946,46718257|16946,46718386|16946,46718522
1beta0 16946,55430189|16946,55430298|16946,55430414|16946,55430537
1beta1 16946,55442786|16946,55442895|16946,55443011|16946,55443134|16946,55959944|16946,55960061|16946,55960185|16946,55960316|16946,56040472|16946,56040592|16946,56040719|16946,56040853|16946,75300869|16946,75300977|16946,75301092|16946,75306202|16946,75306296|16946,75306397|16946,75306505
1beta2 16946,55435781|16946,55435890|16946,55436006|16946,55436129|16946,55958471|16946,55958588|16946,55958712|16946,55958843|16946,56037941|16946,56038061|16946,56038188|16946,56038322|16946,75305195|16946,75305289|16946,75305390|16946,75305498
1beta3 16946,39289374|16946,39289472|16946,39289577|16946,55422657|16946,55422766|16946,55422882|16946,55423005|16946,55957972|16946,55958089|16946,55958213|16946,55958344|16946,55969027|16946,55969137|16946,55969254|16946,55969378|16946,56035941|16946,56036061|16946,56036188|16946,56036322|16946,75299689|16946,75299795|16946,75299908
1beta4 16946,75298553|16946,75298659|16946,75298772|16946,75298892
1beta5 16946,39274332|16946,39274442|16946,39274559
1beta6 16946,39273630|16946,39273740|16946,39273857
1beta7 16946,39272808|16946,39272918|16946,39273035
1beta8 16946,39273981|16946,39274091|16946,39274208
1beta9 16946,39273159|16946,39273269|16946,39273386|16946,39273510
1c 16946,37257082|16946,37257194|16946,37257313|16946,37257439|16946,37258483|16946,37258591|16946,37258706|16946,37258828
1call 20304,131
1cell 19573,6836|19581,1035|19581,1054|19581,1331|19581,1350|19581,1625|19581,1644|19581,2142|19581,3384|19581,3620|19581,3806|19581,4267|19581,4600|19581,4936|19581,5494|19581,5959|19581,5978|19581,6317|19581,6336
1chow 19771,2888
1class 19600,2919|19823,3014
1costum 20311,131
1d 20128,900|20128,1046
1d2 16946,847112|16946,847190|16946,847275
1day 19545,19779
1dev 16946,85845491|16946,85845611|16946,85845738|16946,85845872|16946,85846002|16946,85846122|16946,85846249|16946,85846383|16946,85846513|16946,85846633|16946,85846760|16946,85846894
1e 16946,130665|16946,130751|16946,130844|19614,2221|19614,3265|19614,4856|19746,6830
1e3 20295,1380|20295,1386|20296,1369|20296,1375|20301,1366|20301,1372|20302,1360|20302,1366|20304,1365|20304,1371|20311,1447|20311,1453
1em 19856,7808|19856,7830|19856,9169|19856,9173|19856,9274|19856,9278|19856,9547|19856,9636|19856,9881|19856,10180|19856,10504|19856,10508|19856,10512|19856,10516|19856,11271|19856,11598|19856,11776|19856,11780|19856,11788|19856,12033|19856,12554|19856,13411|19856,13742|19856,13811|19856,13849|19856,13886|19899,9477|19899,9545|19899,9565|19899,10739|19899,10743|19899,10826|19899,10830|19899,11050|19899,11323|19899,11572|19899,11576|19899,11845|19899,11849|19899,11853|19899,11857|19899,12035|19899,12068|19899,12080|19899,12447|19899,12451|19899,12455|19899,12459|19899,12899|19899,13232|19899,13317|19899,13321|19899,13329|19899,13494|19899,13967|19899,14732|19899,15012|19899,15064|19899,15127|19899,15557|19899,15569|19899,15589|19899,15595|19899,15601|19899,15607|19899,15764|19899,15768|19899,15772|19899,15776|19899,16765|19899,16769|19899,16777
1f 20039,3575|20039,3623|20039,3671|20061,3575|20061,3623|20061,3671
1final 16946,855712|16946,855803|16946,855901
1formal 19809,3506
1g 16894,181|16902,231|16908,181|16909,231|16910,181|16949,231|16966,181|16969,231|16972,231|17849,2244|17849,2372
1gb 16943,1319|19745,1236|20232,354|20240,354
1h 16946,55284020|16946,55284128|16946,55284243|16946,55284365|16946,55284483|16946,55284591|16946,55284706|16946,55284944|16946,55285060|16946,55285183|16946,55285313|16946,55285439|16946,55285555|16946,55285678|16946,55285894|16946,55285999|16946,55286111|16946,55337956|16946,55338060|16946,55338171|16946,55338289|16946,55367374|16946,55367476|16946,55367585|16946,55367701|16946,55400631|16946,55400734|16946,55400844|16946,55400961|16946,55453942|16946,55454046|16946,55454157|16946,55454275|16946,55610191|16946,55610297|16946,55610410|16946,55610530|16946,55616053|16946,55616167|16946,55616288|16946,55616416|16946,55617111|16946,55617216|16946,55617328|16946,55618682|16946,55618791|16946,55618907|16946,55619030|16946,55619937|16946,55620041|16946,55620152|16946,55621840|16946,55621944|16946,55622055|16946,55622173|16946,55623185|16946,55623289|16946,55623400|16946,55623518|16946,55628916|16946,55629019|16946,55629129|16946,55629246|16946,55635778|16946,55635890|16946,55636009|16946,55636135|16946,55641304|16946,55641409|16946,55641521|16946,55641640|16946,55698179|16946,55698276|16946,55698380|16946,55698491|16946,55741577|16946,55741678|16946,55741786|16946,55741901|16946,55742987|16946,55743090|16946,55743200|16946,55743317|16946,55747421|16946,55747524|16946,55747634|16946,55747751|16946,55749845|16946,55749952|16946,55750066|16946,55750187|16946,55752088|16946,55752193|16946,55752305|16946,55752424|16946,55752974|16946,55753076|16946,55753185|16946,55753301|16946,55754738|16946,55754845|16946,55754959|16946,55755080|16946,55757305|16946,55757410|16946,55757522|16946,55757641|16946,55758650|16946,55758752|16946,55758861|16946,55758977|16946,55762665|16946,55762767|16946,55762876|16946,55762992|16946,55777567|16946,55777671|16946,55777782|16946,55777900|16946,55778932|16946,55779038|16946,55779151|16946,55779271|16946,55905102|16946,55905204|16946,55905313|16946,55905429|16946,55905541|16946,55905641|16946,55905748|16946,55905862|16946,55954050|16946,55954153|16946,55954263|16946,55954380|16946,55995749|16946,55995851|16946,55995960|16946,55996076|16946,56000869|16946,56000966|16946,56001070|16946,56001181|16946,56079517|16946,56079624|16946,56079738|16946,56079859|16946,56083193|16946,56083300|16946,56083414|16946,56083535|16946,56085705|16946,56085816|16946,56085934|16946,56086059|16946,56088028|16946,56088137|16946,56088253|16946,56088376|16946,56088946|16946,56089052|16946,56089165|16946,56089285|16946,56090774|16946,56090885|16946,56091003|16946,56091128|16946,56093085|16946,56093194|16946,56093310|16946,56093433|16946,56094478|16946,56094584|16946,56094697|16946,56094817|16946,56098637|16946,56098743|16946,56098856|16946,56098976|16946,56169867|16946,56169971|16946,56170082|16946,56170200|16946,56181981|16946,56182090|16946,56182206|16946,56182329|16946,56185650|16946,56185755|16946,56185867|16946,56188009|16946,56188113|16946,56188224|16946,56189014|16946,56189118|16946,56189229|16946,56189347|16946,56189904|16946,56190008|16946,56190119|16946,56190237|16946,56192670|16946,56192769|16946,56192875|16946,56192988|16946,56196944|16946,56197043|16946,56197149|16946,56197262|16946,56199280|16946,56199383|16946,56199493|16946,56199610|16946,56201443|16946,56201544|16946,56201652|16946,56201767|16946,56202297|16946,56202395|16946,56202500|16946,56202612|16946,56203997|16946,56204100|16946,56204210|16946,56204327|16946,56206472|16946,56206573|16946,56206681|16946,56206796|16946,56207769|16946,56207867|16946,56207972|16946,56208084|16946,56211640|16946,56211738|16946,56211843|16946,56211955|16946,56248761|16946,56248870|16946,56248986|16946,56249109|16946,56255914|16946,56256016|16946,56256125|16946,56256241|16946,56346193|16946,56346301|16946,56346416|16946,56346538|16946,56356642|16946,56356749|16946,56356863|16946,56356984|16946,76070434|16946,76070542|16946,76070657|16946,76070779|16946,76070891|16946,76071010|16946,76071136|16946,76071243|16946,76071357|16946,76071478|16946,76071590|16946,76071709|16946,76071835|16946,76071945|16946,76072062|16946,76072186|16946,76072293|16946,76072407|16946,76072528|16946,76072635|16946,76072749|16946,76072986|16946,76073102|16946,76073225|16946,76073355|16946,76073475|16946,76073602|16946,76073736|16946,76073851|16946,76073973|16946,76074102|16946,76074222|16946,76074349|16946,76074483|16946,76074601|16946,76074726|16946,76074858|16946,76074973|16946,76075095|16946,76075224|16946,76075339|16946,76075461
1h15min 19310,1716|19314,2436|19338,4241|19367,344
1h4bylxsulgâ 17049,769|17518,2611|17628,748|18864,727
1head 19573,6817
1hour 17164,1165|17522,753|17550,2581|18534,1207
1introduct 19676,4443
1iter 19826,5054
1k 19731,904|19731,2708
1l 16914,771|16914,1629|16914,3782|16914,4570|16914,25308|16914,26371|16935,7089|16935,7933|16935,70568|16935,71428|16936,14123|16936,14911|16936,44256|16936,45622
1low 19532,1622
1m 19524,1742|19542,1550|19588,1515|19619,585|19627,1589|19687,1520|19692,1420|19737,1700|19768,1587|19783,1731|19793,1448
1m1 16946,971660|16946,971762|16946,971871|16946,6736827|16946,6736910|16946,6737000|16946,6738397|16946,6738483|16946,6738576|16946,6739584|16946,6739667|16946,6739757|16946,6740190|16946,6740272|16946,6740361|16946,6740824|16946,6740912|16946,6741007|16946,6741189|16946,6741276|16946,6741370|16946,6741853|16946,6741945|16946,6742044|16946,6746463|16946,6746551|16946,6746646|16946,6747510|16946,6747600|16946,6747697|16946,6747867|16946,6747948|16946,6748036|16946,9120160|16946,9120250|16946,9120347|16946,30435824|16946,30435930|16946,30436043|16946,30436163|16946,30468518|16946,30468637|16946,30468763|16946,30479898|16946,30480004|16946,30480117|16946,30480237|16946,30541037|16946,30541141|16946,30541252|16946,30541370|16946,30596605|16946,30596712|16946,30596826|16946,30596947|16946,30640581|16946,30640683|16946,30640792|16946,30640908|16946,30715146|16946,30715250|16946,30715361|16946,30715479|16946,30756654|16946,30756782|16946,30756917|16946,30757059|16946,30783613|16946,30783743|16946,30783880|16946,30784024|16946,30819221|16946,30819323|16946,30819432|16946,30819548|16946,30861590|16946,30861699|16946,30861815|16946,30861938|16946,31224296|16946,31224402|16946,31224515|16946,31224635|16946,31253472|16946,31253574|16946,31253683|16946,31253799|16946,48158114|16946,48158219|16946,48158331|16946,48158450|16946,48171450|16946,48171555|16946,48171667|16946,48171786|16946,48177861|16946,48177965|16946,48178076|16946,48178194|16946,48183688|16946,48183807|16946,48183933|16946,48189136|16946,48189263|16946,48189397|16946,48194372|16946,48194478|16946,48194591|16946,48194711|16946,48200405|16946,48200530|16946,48200662|16946,48200801
1m2 16946,30440414|16946,30440520|16946,30440633|16946,30440753|16946,30468896|16946,30469015|16946,30469141|16946,30484488|16946,30484594|16946,30484707|16946,30484827|16946,30545547|16946,30545651|16946,30545762|16946,30545880|16946,30603526|16946,30603633|16946,30603747|16946,30603868|16946,30645011|16946,30645113|16946,30645222|16946,30645338|16946,30719656|16946,30719760|16946,30719871|16946,30719989|16946,30759385|16946,30759513|16946,30759648|16946,30759790|16946,30786384|16946,30786514|16946,30786651|16946,30786795|16946,30823651|16946,30823753|16946,30823862|16946,30823978|16946,30866300|16946,30866409|16946,30866525|16946,30866648|16946,31228886|16946,31228992|16946,31229105|16946,31229225|16946,31258341|16946,31258443|16946,31258552|16946,31258668|16946,48156198|16946,48156306|16946,48156421|16946,48156543|16946,48162173|16946,48162278|16946,48162390|16946,48162509|16946,48175509|16946,48175614|16946,48175726|16946,48175845|16946,48181437|16946,48181541|16946,48181652|16946,48181770|16946,48187090|16946,48187209|16946,48187335|16946,48192352|16946,48192479|16946,48192613|16946,48198467|16946,48198573|16946,48198686|16946,48198806|16946,48201467|16946,48201592|16946,48201724|16946,48201863
1m3 16946,48155735|16946,48155843|16946,48155958|16946,48156080|16946,48159910|16946,48160015|16946,48160127|16946,48160246|16946,48169991|16946,48170097|16946,48170210|16946,48170330|16946,48173246|16946,48173351|16946,48173463|16946,48173582|16946,48179641|16946,48179745|16946,48179856|16946,48179974|16946,48185194|16946,48185313|16946,48185439|16946,48190336|16946,48190463|16946,48190597|16946,48196184|16946,48196290|16946,48196403|16946,48196523|16946,48200936|16946,48201061|16946,48201193|16946,48201332
1mb 19244,852|19633,5814|19789,7040|19853,749
1mean 19584,256
1mib 19664,6139|19789,14829
1min 19545,19770
1mq9nm1vihno96ed11f368p84g 19654,194|19670,194
1mr3_spec 16946,46656187|16946,46656317|16946,46656453|16946,46656596|16946,46656746|16946,46656892|16946,46657026|16946,46657167|16946,46657315
1origin 20295,131
1p 19826,6081|19826,7860
1playtestingdbh 19996,23134|20001,23134
1pm 19619,309|19720,401|19813,2092
1pre7 16946,72575167|16946,72575271|16946,72575382|16946,72575500
1preliminari 19982,10508
1print 20028,414|20028,519
1px 19572,8710|19649,2088|19649,3682|19726,8088|19825,2812|19825,5045|19856,7877|19856,9187|19856,9200|19856,10992|19856,11079|19856,11099|19856,13691|19856,13699|19899,1110|19899,1208|19899,1494|19899,1959|19899,2014|19899,2071|19899,2312|19899,2432|19899,2919|19899,3183|19899,3564|19899,3929|19899,4098|19899,4548|19899,4600|19899,4857|19899,5361|19899,5857|19899,6045|19899,7093|19899,7404|19899,7540|19899,7604|19899,7787|19899,7953|19899,8019|19899,9412|19899,9604|19899,10754|19899,10764|19899,12642|19899,12827|19899,12844|19899,14969|19899,14977|19899,16580
1r1 16946,16860364|16946,16860473|16946,16860589|16946,16860712
1rc0 16946,55301731|16946,55301833|16946,55301942|16946,55302058|16946,55376098|16946,55376213|16946,55376335|16946,55405689|16946,55405806|16946,55405930|16946,55646061|16946,55646169|16946,55646284|16946,55657855|16946,55657965|16946,55658082|16946,55671496|16946,55671605|16946,55671721|16946,55748752|16946,55748856|16946,55748967|16946,55749085|16946,55822368|16946,55822478|16946,55822595|16946,55834151|16946,55834259|16946,55834374|16946,55902558|16946,55902657|16946,55902763|16946,55902876|16946,56084572|16946,56084680|16946,56084795|16946,56084917|16946,56198227|16946,56198327|16946,56198434|16946,56198548|16946,56229299|16946,56229405|16946,56229518|16946,56229638|16946,74617611|16946,74617714|16946,74617824|16946,74626898|16946,74627003|16946,74627115|16946,74638650|16946,74638746|16946,74638849|16946,74649637|16946,74649735|16946,74649840|16946,74662171|16946,74662268|16946,74662372|16946,74672047|16946,74672145|16946,74672250|16946,74681369|16946,74681465|16946,74681568
1rc1 16946,30429386|16946,30429493|16946,30429607|16946,30429728|16946,30472095|16946,30472202|16946,30472316|16946,30472437|16946,30533813|16946,30533918|16946,30534030|16946,30534149|16946,30586447|16946,30586555|16946,30586670|16946,30586792|16946,30633485|16946,30633588|16946,30633698|16946,30633815|16946,30708820|16946,30708925|16946,30709037|16946,30709156|16946,30749680|16946,30749809|16946,30749945|16946,30750088|16946,30776537|16946,30776668|16946,30776806|16946,30776951|16946,30812125|16946,30812228|16946,30812338|16946,30812455|16946,30854984|16946,30855094|16946,30855211|16946,30855335|16946,31216944|16946,31217051|16946,31217165|16946,31217286|16946,31245941|16946,31246044|16946,31246154|16946,31246271|16946,31277227|16946,31277340|16946,31277460|16946,38083010|16946,38083098|16946,38083193|16946,38103588|16946,38103685|16946,38103789|16946,38146902|16946,38147010|16946,38147125|16946,55307337|16946,55307439|16946,55307548|16946,55307664|16946,55763106|16946,55763210|16946,55763321|16946,55763439|16946,55908113|16946,55908212|16946,55908318|16946,55908431|16946,56099094|16946,56099202|16946,56099317|16946,56099439|16946,56212065|16946,56212165|16946,56212272|16946,56212386|16946,56235576|16946,56235682|16946,56235795|16946,56235915|16946,74720130|16946,74720218|16946,74720313|16946,87314981|16946,87315073|16946,87315172|16946,87440704|16946,87440796|16946,87440895|16946,87444502|16946,87444597|16946,87444699
1rc2 16946,30441336|16946,30441443|16946,30441557|16946,30441678|16946,30485410|16946,30485517|16946,30485631|16946,30485752|16946,30546453|16946,30546558|16946,30546670|16946,30546789|16946,30604456|16946,30604564|16946,30604679|16946,30604801|16946,30645901|16946,30646004|16946,30646114|16946,30646231|16946,30720562|16946,30720667|16946,30720779|16946,30720898|16946,30759928|16946,30760057|16946,30760193|16946,30760336|16946,30786935|16946,30787066|16946,30787204|16946,30787349|16946,30824541|16946,30824644|16946,30824754|16946,30824871|16946,30867246|16946,30867356|16946,30867473|16946,30867597|16946,31229808|16946,31229915|16946,31230029|16946,31230150|16946,31259231|16946,31259334|16946,31259444|16946,31259561|16946,31288720|16946,31288833|16946,31288953|16946,38096640|16946,38096728|16946,38096823|16946,38117569|16946,38117666|16946,38117770|16946,38161890|16946,38161998|16946,38162113|16946,75302418|16946,75302510|16946,75302609
1rc3 16946,497710|16946,497801|16946,497899|16946,38091774|16946,38091862|16946,38091957|16946,38112553|16946,38112650|16946,38112754|16946,38156346|16946,38156454|16946,38156569|16946,39289065|16946,39289161|16946,39289264
1rc8 16946,498004|16946,498095|16946,498193
1return 20024,2361
1review 19612,4549
1s 20139,1012
1short 19996,22760|20001,22760
1slide 19823,3805|19823,3945
1st 17009,8354|17009,18649|17016,1604|17019,1604|17024,8354|17024,18649|17183,623|17449,665|17684,3780|18542,8|18542,637|18542,3546|19066,1095|19172,1433|19293,1649|19601,5641|19625,9100|19662,9100|19887,3852|19888,126|19966,4045|20008,13246|20080,50
1stintroduct 20017,7374
1ststudent 19966,15671
1studio 20301,131|20302,131
1to2migr 16946,17977229|16946,17977337|16946,17977452|16946,17977574|16946,17977703
1tuesday 19982,8980
1week 19966,16041|19982,9099
1x 16946,26655956|16946,26656089|16946,26656237|16946,26656392|16946,26656554|16946,26656712|16946,26656860|16946,26657015|16946,26657177
