0
30
136
165
196
216
236
256
276
296
316
336
368
388
408
425
442
459
489
505
545
562
577
596
616
636
668
688
708
728
748
768
788
808
828
848
868
917
1050
1082
1102
1134
1154
1186
1206
1226
1246
1266
1286
1306
1326
1346
1366
1386
1406
1426
1446
1466
1486
1506
1526
1546
1566
1586
1606
1626
1646
1666
1686
1706
1726
1758
1778
1798
1818
1850
1870
1890
1910
1934
1954
1974
1994
2014
2034
2054
2074
2094
2114
2134
2154
2186
2206
2223
2243
2263
2283
2303
2323
2343
2375
2395
2415
2435
2455
2475
2495
2515
2535
2555
2575
2595
2615
2663
2908
3003
3053
3103
3168
3232
3261
3288
3304
3334
3355
3372
3400
3418
3436
3454
3510
3529
3562
3591
3636
3821
4006
4026
4042
4059
4088
4106
4122
4248
4374
4500
4626
4644
4673
4692
4809
4838
5293
5311
5332
5355
5377
5399
5432
5467
5499
5531
5563
5583
5603
5623
5643
5663
5683
5703
5723
5743
5763
5783
5803
5823
5843
5875
5895
5915
5935
5955
5987
6007
6027
6047
6067
6087
6107
6127
6147
6167
6187
6207
6227
6247
6267
6287
6307
6331
6355
6375
6395
6415
6435
6455
6475
6495
6515
6535
6555
6575
6595
6615
6635
6667
6687
6703
6723
6743
6763
6795
6815
6835
6867
6887
6907
6927
6947
6979
6999
7019
7039
7059
7079
7099
7119
7143
7163
7195
7215
7235
7255
7275
7295
7315
7335
7355
7387
7407
7427
7447
7467
7487
7507
7527
7547
7882
7947
7997
8047
8097
8241
8370
8386
8413
8428
8459
8855
9251
9647
9794
10185
10206
10220
10252
10272
10292
10312
10332
10352
10372
10392
10412
10444
10461
10481
10501
10521
10541
10573
10593
10613
10645
10665
10685
10705
10725
10745
10765
10785
10805
10825
10857
10877
10897
10917
10937
10957
10974
10994
11014
11034
11066
11098
11116
11131
11151
11171
11191
11211
11231
11251
11271
11291
11311
11331
11351
11371
11391
11411
11443
11463
11483
11515
11535
11555
11575
11595
11615
11635
11667
11687
11711
11731
11751
11771
11791
11811
11831
11851
11871
11891
11911
11931
11951
11971
11991
12011
12031
12051
12071
12091
12111
12131
12151
12171
12191
12211
12576
12791
12886
13250
13266
13287
13306
13339
13364
13421
13450
14146
14199
14445
14691
14738
15129
15150
15184
15206
15222
15242
15262
15282
15302
15322
15354
15374
15394
15414
15432
15452
15472
15492
15524
15544
15564
15584
15604
15624
15644
15664
15684
15704
15724
15744
15764
15784
15804
15824
15856
15876
15896
15916
15936
15968
15988
16008
16028
16048
16068
16088
16108
16128
16148
16168
16188
16208
16228
16248
16268
16288
16320
16340
16360
16380
16400
16420
16440
16460
16480
16500
16520
16540
16560
16580
16600
16620
16640
16660
16680
16700
16720
16752
16772
16792
16812
16832
16852
16872
16892
16912
16932
16952
16972
16992
17012
17032
17064
17084
17104
17124
17144
17164
17184
17204
17236
17256
17276
17416
17511
17531
17557
17571
17604
17894
17919
17939
17959
17979
18011
18031
18051
18071
18091
18111
18131
18150
18170
18190
18210
18230
18250
18271
18292
18313
18334
18355
18407
18428
18449
18483
18504
18525
18546
18567
18588
18609
18630
18651
18685
18706
18727
18748
18769
18790
18811
18906
18956
19051
19146
19175
19191
19246
19266
19288
19355
19590
19614
19635
19657
19693
19709
19760
19811
19906
19956
20006
20056
20106
20398
20425
20728
20757
20772
20788
20815
20846
21033
21417
21438
21463
21511
21539
21605
21680
21755
21910
21960
21988
22004
22029
22052
22083
22130
22147
22394
22416
22443
22460
22510
22527
22548
22579
22614
22853
22875
22897
22918
22933
23028
23183
23293
23358
23410
23462
23476
23507
23684
23710
23745
23778
23813
23850
23915
23965
24015
24065
24084
24108
24140
24158
24176
24270
24293
24342
24753
24773
25029
25073
25138
29117
31011
32680
32746
32797
32848
32899
32950
33001
33980
34764
34889
35553
35677
35764
35851
35916
36000
36067
36179
36230
36281
36425
36610
39722
40963
40983
41036
41050
41068
41595
41818
41861
41904
41947
42135
42202
42494
42741
43078
43145
43197
43249
43301
43353
43420
43543
43559
43774
43791
43820
43838
43862
43905
43922
44107
44193
44329
45185
45254
45300
45319
45434
45480
49908
49959
50013
50030
50079
50101
50118
50142
50306
50322
50445
52105
53324
53838
53884
53900
53928
53945
53992
54137
54155
54180
54220
54255
54321
54346
54373
54940
55004
55999
57444
58394
58618
58662
58681
58700
58714
58745
58774
59025
59049
59072
59100
59184
59204
59233
