0
43
131
167
195
993
1044
1071
1089
1120
1161
1453
1468
1488
1514
1611
3188
3214
3239
3393
3422
3511
3558
9515
9837
9871
9905
9925
9940
9989
10485
10516
10536
10555
10635
10663
10759
10810
10830
10853
10871
10902
10935
11201
11233
11251
11291
11310
11376
11771
11789
11806
11836
11875
11925
12378
12466
12530
12611
12698
12728
12921
12952
12986
13019
13295
13930
13960
14197
14277
14327
14344
15205
15291
15361
15378
17750
17830
17890
18139
18158
18176
18223
18241
18257
20472
20531
20601
20645
20705
20833
21323
21345
21363
21394
21412
21431
21481
21519
21537
21603
21868
21907
22048
22066
22154
22185
22204
25470
25563
25605
26886
27057
34405
34501
34660
34713
34774
34803
35168
35184
35237
163194
163214
163299
163372
163406
163474
163516
163616
163854
163878
163949
164035
164055
166211
166327
166345
166384
169544
169832
169850
169883
169903
169922
169944
169960
169981
174279
174332
174363
174382
174401
174422
177147
177238
179533
179550
179568
179609
179638
179654
179674
179690
179720
179824
179844
179864
179904
179933
180131
180193
180232
180250
180275
180291
180311
181077
181138
181257
181288
181321
182053
182309
182326
182433
182539
182619
186300
186608
186695
186783
186871
186962
187057
187143
187229
187378
187994
188811
188957
189268
189354
189884
190130
190147
190168
191480
191738
191808
191826
191998
192014
192032
192048
192264
192282
192300
195009
195040
195057
195102
196472
196499
196639
196681
197336
197367
197976
199617
199637
199942
199962
200223
200255
200273
200291
200425
200498
201050
201091
201119
201264
201355
201846
201866
202045
202078
202151
202167
202216
202234
202369
202669
202687
202704
202815
202899
203319
204273
204323
205229
205384
205401
217512
217530
217626
217666
217683
217871
218043
218074
218193
218211
220586
220607
220642
220681
220704
220738
220791
220842
220863
220892
220914
220933
221069
221086
223163
223875
224808
225134
230971
231122
231290
238246
238265
238320
239340
239545
239688
239704
239731
241956
243885
244070
244727
244758
244789
244818
320924
363665
364242
364307
364377
364649
448252
453780
453872
453967
454112
454275
454790
454956
455127
455665
455874
456918
457016
457083
457856
459232
459318
461680
461748
461918
463060
463150
463444
464700
465011
493048
497738
500418
503711
529655
531166
531428
534097
534678
540733
540987
541670
542112
542180
542200
543052
543083
543170
546184
547038
554637
554656
554679
554704
561225
561308
561900
564353
564381
564423
564537
566451
566485
566616
566936
568291
568333
569127
569148
571490
571520
571685
571748
571795
571813
571970
572041
572122
572142
572175
572278
572312
572551
572582
572610
572653
572676
572705
578328
591555
591580
591612
591650
591686
591728
591762
591787
591880
591908
591929
654266
661628
662061
662170
675636
676321
678179
678534
678635
678696
679354
679383
679400
679442
681260
681388
681409
682442
682463
682485
682508
682816
682871
682990
683656
683687
683715
683916
683990
684415
684439
684459
695460
695499
695529
695577
695609
695630
695648
695670
695688
695707
695728
695926
696038
696057
696112
696274
696294
696314
696335
696356
696372
696403
696635
696656
714383
714417
714439
714466
714492
714668
714691
714712
716528
716618
718096
718122
718145
718165
718725
718745
718762
718781
718919
721835
721919
721936
721953
722279
722308
767088
767170
767438
767487
767681
767709
767790
767990
768142
768226
768243
768262
770520
770946
771359
772579
772599
772616
773250
773382
773474
778016
778575
778655
778737
778954
782003
782022
782061
782115
782927
783019
783163
783360
784725
784743
790624
790662
790685
791712
791934
792001
797369
797472
842828
842846
842868
842953
844359
844506
844982
845014
845149
845474
845561
846635
846934
846963
847142
847163
847315
847468
847491
847511
847684
847703
848205
848223
849481
849561
849580
849678
850025
850298
850722
850963
858499
858519
858680
858837
872107
872121
872304
877813
877874
878091
878110
878253
878368
878395
878479
878506
897885
897997
898029
899686
899718
899737
899821
900696
901014
904349
904430
905052
905115
905192
905275
965990
966016
966184
966423
966919
967004
967044
967086
967118
967164
967200
967223
967254
967283
967357
967389
967471
967555
967619
967640
967664
967685
967708
967738
967861
967888
967926
967948
967967
968373
968462
968506
968539
968612
969248
969343
969897
970184
970396
970415
970481
970513
970528
970565
970587
976356
977442
978528
979614
979641
984165
984221
984588
984611
984700
984813
984902
984991
985021
985091
985205
986580
986607
986659
986680
989477
989614
989648
989668
989840
989859
1264297
1264319
1264406
1264446
1266696
1266863
1266890
1266911
1266976
1267255
1267271
1267287
1267304
1267354
1289961
1290178
1290321
1290480
1290497
1291332
1291391
1295198
1295422
1295444
1297540
1297580
1297595
1297625
1297678
1301363
1301396
1301436
1301497
1301646
1301698
1301859
1301922
1301942
1301960
1301988
1302008
1302026
1302045
1302414
1302807
1302996
1303088
1303488
1303519
1303602
1303629
1303646
1303675
1303702
1303718
1312003
1312170
1313036
1313054
1313317
1353576
1353646
1353862
1369758
1369912
1377312
1377351
1377402
1377422
1377444
1380439
1380456
1380813
1380861
1380943
1380962
1381220
1381998
1382199
1382417
1395656
1395684
1395706
1395782
1395810
1395850
1396212
1396246
1396267
1396422
1396451
1396479
1397090
1397109
1397135
1397159
1404788
1404838
1406090
1406187
1406276
1406329
1406375
1406402
1409431
1411275
1411335
1411369
1414572
1414606
1414684
1414704
1414735
1414771
1414883
1415057
1415136
1415412
1415900
1419467
1419518
1419544
1419586
1419609
1419916
1420240
1420261
1420290
1420372
1420388
1420462
1421365
1421381
1430168
1430848
1430869
1431275
1431300
1431328
1431444
1432635
1432654
1432714
1432750
1433205
1433234
1433687
1434377
1434396
1434435
1434830
1434886
1434902
1434918
1434954
1434970
1436983
1437007
1437026
1437045
1437095
1437557
1447768
1447814
1448308
1448325
1455467
1455780
1456083
1456338
1456639
1456797
1460791
1460841
1462019
1467307
1467386
1467616
1467633
1468084
1468229
1468361
1468808
1468827
1468942
1469076
1470601
1488876
1488955
1489041
1489222
1489242
1489389
1490644
1491023
1491041
1491350
1491376
1491398
1492541
1492560
1492625
1492663
1763478
1763497
1764842
1764927
1765078
1765113
1934753
1934959
1935173
1935387
1935601
1935815
1936029
1936147
1936223
2186782
2186991
2187203
2187415
2187629
2187843
2188053
2188266
2188479
2188694
2188909
2188932
2293950
2294529
2295019
2295104
2295713
2295786
2296083
2296172
2296493
2296907
2296960
2303681
2305384
2305531
2305561
2305578
2312738
2312806
2312868
2312898
2312978
2313025
2313062
2313109
2313146
2313456
2313537
2313561
2330458
2330488
2330528
2330567
2330606
2330639
2330672
2330691
2330734
2330777
2330798
2330837
2330860
2330923
2330963
2331035
2331054
2331113
2331175
2331227
2331262
2331298
2331335
2331355
2331386
2331430
2331472
2331582
2331628
2331670
2331727
2331782
2331840
2331872
2331956
2332120
2332323
2332390
2332427
2332463
2332505
2332534
2332661
2332733
2332775
2332816
2332839
2332894
2332917
2332965
2333082
2333115
2333134
2333169
2333201
2333287
2333325
2333383
2333416
2333453
2333563
2333665
2333793
2333822
2333972
2334023
2334086
2334338
2334374
2334417
2334436
2334467
2334490
2334509
2334551
2334591
2334613
2334707
2335356
2335521
2335555
2335823
2336063
2336102
2336137
2341529
2342061
2342098
2342133
2342302
2342323
2342353
2342369
2342479
2342667
2342703
2342744
2348634
2348652
2348668
2348688
2348714
2348741
2348918
2349205
2349275
2349293
2349381
2349431
2349447
2349487
2351286
2477528
2477967
2477995
2478255
2478281
2478310
2478386
2478545
2478574
2478593
2480293
2480343
2508719
2508734
2508753
2508768
2508848
2509144
2509161
2509262
2509802
2509817
2509897
2509916
2509967
2509983
2510099
2513849
2514048
2514082
2514175
2514195
2514247
2514263
2514875
2514926
2514989
2515009
2515042
2515062
2515079
2515108
2515165
2515182
2515199
2515217
2515235
2515252
2517578
2517608
2517723
2517785
2517805
2517887
2517959
2517982
2518000
2518187
2518582
2518603
2519254
2519284
2519423
2519464
2519493
2519660
2522178
2522415
2522464
2522509
2523340
2523359
2615362
2615393
2615425
2615457
2615660
2615745
2615800
2615976
2616030
2616049
2616068
2616186
2616303
2616348
2616447
2616476
2616536
2616557
2616576
2616594
2616615
2616686
2616710
2616817
2616846
2616905
2617046
2617106
2620619
2620636
2620654
2620728
2620759
2620777
2620794
2620938
2620955
2621116
2621137
2621155
2621195
2621299
2621324
2621351
2621369
2621388
2621619
2622543
2674359
2674446
2674469
2674661
2674681
2674713
2675034
2675066
2675167
2675187
2675249
2675268
2675299
2675332
2675623
2676045
2676064
2677196
2677215
2677245
2677348
2677388
2677417
2677441
2677667
2677813
2677874
2678584
2678669
2678733
2678816
2678835
2680610
2680693
2680823
2680906
2687769
2687864
2687892
2690109
2690137
2690304
2690322
2690378
2690394
2690467
2700643
2700951
2700970
2701035
2701237
2701256
2701309
2701341
2701370
2713142
2713161
2713621
2713643
2713690
2713774
2713868
2713958
2713974
2714033
2714084
2714469
2715308
2715326
2716074
2716098
2718423
2718635
2718720
2719152
2719526
2719579
2719598
2719618
2719705
2719767
2720070
2720162
2732041
2732071
2732122
2732309
2732326
2732344
2739247
2739832
2739857
2739885
2739908
2739929
2739954
2739974
2740037
2741236
2741275
2741291
2741311
2741328
2741362
2741440
2741930
2774926
2775008
2775111
2775128
2775156
2775561
2775578
2775597
2775726
2775749
2775765
2775866
2775882
2775972
2776032
2777481
2777500
2777543
2777592
2777832
2777861
2778183
2778829
2778889
2780801
2780817
2780854
2781162
2781191
2781210
2781300
2781680
2781842
2783403
2785303
2786382
2786693
2786844
2786865
2786885
2786910
2786930
2786950
2787589
2787684
2803999
2804029
2804080
2804096
2804125
2804187
2804453
2804509
2804527
2804675
2804741
2804762
2804843
2804870
2804960
2805023
2805040
2805242
2805419
2805438
2805489
2805657
2805718
2805779
2805877
2805894
2805946
2806414
2806674
2806702
2808293
2808311
2809874
2809978
2813446
2813751
2813842
2814003
2814026
2814044
2814118
2815926
2817396
2817420
2819218
2819245
2819455
2819946
2819965
2819982
2819998
2820019
2820040
2820302
2820501
2820574
2820775
2820871
2822897
2822918
2822965
2823038
2823176
2823454
2824114
2824162
2824234
2824351
2824372
2824675
2824881
2824955
2825037
2825395
2827554
2833416
2833436
2834214
2834234
2834511
2836296
2836602
2836907
2837216
2837525
2837837
2838143
2838198
2839554
2839574
2886760
2886888
2886980
2887128
2887149
2887962
2891608
2891903
2891928
2892083
2892229
2894298
2894503
2894711
2894754
2894779
2894827
2894858
2895043
2897046
2897146
2897232
2897444
2897591
2897614
2897674
2897723
2897766
2900848
2900955
2900985
2901477
2901497
2901547
2901750
2902538
2902557
2902577
2902607
2903020
2903045
2903136
2903198
2903215
2903254
2908206
2908312
2908330
2908346
2908375
2908433
2908452
2913017
2913082
2913100
2913249
2913558
2913581
2913611
2918337
2920194
2920761
2920815
2922426
2922544
2922809
2922841
2922860
2922902
2923209
2923228
2924438
2924479
2924496
2924551
2933675
2933693
2933709
2934096
2934150
2934172
2934316
2935823
2935851
2935902
2935921
2935991
2938564
2938663
2938702
2938748
2938765
2938814
2941507
2941599
2956304
2956320
2957459
2987900
2988920
2989082
2989117
2989150
2989208
2994658
2994744
2994808
2995311
2996461
2996712
2996742
2996770
2996834
3001738
3001765
3001853
3001873
3001895
3003787
3003874
3003938
3004024
3004045
3004144
3004229
3004416
3004600
3004652
3004668
3004684
3004792
3004831
3011153
3011177
3011199
3011217
3011271
3011326
3011901
3012016
3012034
3012460
3012482
3012636
3012654
3017097
3017118
3017137
3017356
3017530
3017558
3017576
3017654
3017670
3017778
3017795
3017814
3017940
3017956
3018096
3025729
3025792
3026580
3026615
3026653
3026672
3026693
3026743
3027424
3027586
3028922
3028960
3028977
3055416
3056389
3056414
3056435
3056487
3056521
3056548
3056570
3056625
3056655
3056691
3056959
3057118
3057143
3057176
3057196
3057270
3057287
3057348
3057445
3057463
3057483
3058390
3058447
3058552
3058608
3058647
3058670
3058725
3058755
3058773
3059092
3059110
3059126
3059264
3059366
3059386
3059415
3059715
3059802
3059890
3059911
3061046
3061065
3061392
3061721
3061872
3061904
3062130
3062151
3062181
3062199
3062219
3062454
3062469
3062498
3062538
3062800
3062820
3064465
3064492
3064522
3064545
3068359
3069503
3070237
3070254
3071016
3071329
3071350
3071450
3071480
3071518
3071612
3071970
3072204
3119981
3120451
3120921
3121814
3121961
3124653
3128109
3128125
3129034
3129179
3133706
3133728
3133767
3133905
3133968
3133998
3134019
3134408
3134637
3134708
3134859
3134880
3135633
3137535
3176286
3176355
3177161
3177323
3177339
3177994
3178012
3178029
3178047
3178092
3178112
3178425
3178697
3179440
3179458
3179553
3180393
3180413
3180625
3181529
3182541
3182567
3182647
3182675
3182756
3182974
3182990
3183006
3183022
3183231
3184597
3185184
3187316
3187976
3188041
3188059
3188076
3190510
3191232
3191321
3191585
3191617
3201199
3202122
3202266
3202390
3202622
3204045
3204339
3204727
3206752
3206771
3207628
3207672
3207758
3207786
3209784
3209811
3209890
3209907
3210259
3210356
3210378
3210529
3211493
3212056
3212226
3217355
3217376
3217407
3217462
3217524
3217612
3218549
3218600
3218623
3218639
3223139
3226192
3226262
3243240
3243387
3243407
3243662
3243971
3244094
3245989
3246188
3246236
3246264
3247725
3247931
3247946
3247971
3248512
3248532
3248574
3248598
3248611
3249635
3249771
3249899
3249915
3249932
3249950
3250275
3250366
3250444
3250465
3250516
3250627
3252730
3253020
3254521
3254576
3254713
3254786
3254840
3254909
3254947
3255003
3255019
3255279
3257387
3257483
3257704
3257814
3264670
3265247
3265313
3265330
3265492
3266517
3266606
3266626
3266659
3266747
3267130
3267156
3267204
3267230
3267256
3267324
3267351
3291265
3316581
3317202
3317363
3317601
3317620
3318187
3320985
3321118
3321156
3321175
3321405
3321420
3321449
3321496
3321612
3321631
3356642
3356662
3356687
3356707
3356739
3357267
3361198
3361229
3361566
3361754
3361777
3361823
3364849
3364874
3365288
3366484
3366545
3366562
3366580
3367230
3367246
3367317
3367481
3368409
3368440
3368492
3368513
3368669
3368687
3368859
3368993
3369014
3369035
3369241
3369405
3396542
3396570
3396644
3396674
3396795
3397308
3397389
3407750
3407909
3418003
3418174
3418291
3418615
3418703
3418863
3419171
3422677
3422717
3422821
3422850
3422937
3423059
3423091
3423920
3424004
3426218
3426249
3426268
3428680
3428696
3428716
3429045
3431137
3448121
3448203
3448531
3449327
3449346
3452215
3452239
3456375
3456405
3456723
3456739
3456756
3456776
3483561
3484226
3484247
3484281
3484320
3484351
3484370
3484412
3484466
3484529
3485249
3486613
3486636
3486656
3486675
3486710
3486988
3487043
3491814
3493580
3493598
3493858
3494129
3494262
3494282
3494299
3494575
3494738
3763113
3763231
3763310
3763516
3764198
3764283
3914681
3914715
3914731
3915113
3915164
3915235
3915255
3915284
3915500
3915539
3915655
3915749
3915766
3915836
3916704
3916721
3916737
3916763
3916814
3920372
3920511
3920529
3920564
3920584
3920604
3920668
3920685
3920701
3921258
3921276
3921354
3921416
3921435
3921634
3921653
3926685
3926701
3927123
3927318
3927576
3930154
3930238
3930300
3930953
3931083
3931154
3935270
3935294
3935515
3935545
3937365
3938050
3938142
3938163
3938196
3938397
3938439
3938471
3938498
3938610
3938631
6357475
6357626
6357740
6431686
6431962
6432351
6432394
6434238
28788245
28788352
28788466
28788583
28788688
28788800
28789434
28789625
28789741
28789772
28789862
28790756
28790778
28790800
28790822
28791475
28791496
28791517
28791536
28792366
28792384
28792411
28792461
28792483
28792563
28792583
28794559
28794575
28794597
28794635
28800721
28801326
28802650
28803014
28803438
28803862
28804286
28804710
28805374
28806038
28806075
28806837
28807053
28814363
28814385
28814404
28814434
28814455
28814488
28814591
28814626
28814654
28814672
28815725
28815743
28815909
28816137
28816161
28816532
28816551
28816623
28817498
28817678
28817778
28817805
28817881
28818128
28818211
28818442
28819631
28819650
28819700
28820959
28821004
28822841
28823225
28823262
28823292
28823578
28826891
28827066
28827229
28827259
28827330
28827583
28828081
28828100
28828300
28828327
28828374
28829924
28830078
28830096
28830502
28832142
28832168
28832203
28832237
28832271
28832353
28832441
28832461
28881612
28882515
28882534
28883125
28887724
28887788
28887866
28887911
28887976
28888097
28888135
28888244
28888301
28894980
28898073
28898097
28898116
28898133
28898151
28898168
28898500
28899559
28902207
28902704
28902743
28902774
28902807
28902938
28902957
28903225
28903259
28903388
28903712
28903756
28904479
28906455
28907114
28908487
28908516
28908661
28908724
28908971
28909096
28909115
28909250
28909453
28909529
28911130
28911148
28911174
28911191
28912931
28913913
28913931
28913955
28916378
28916586
28916627
28916647
28984193
28986556
28989039
29005788
29005826
29006599
29006660
29007182
29007231
29007248
29007280
29007299
29008628
29008896
29009052
29009080
29009097
29009115
29009240
29009444
29009476
29009536
29009698
29010110
29010152
29010170
29010198
29010610
29010635
29010716
29010745
29010836
29010857
29010876
29011405
29011425
29011443
29011460
29011475
29014460
29014482
29017422
29019845
29019866
29019916
29019945
29020101
29020225
29020309
29020328
29020347
29023057
29023102
29023416
29025986
29027375
29027405
29028653
29028709
29028827
29028848
29029139
29029246
29029298
29029315
29029407
29029456
29030111
29030133
29030816
29030921
29030939
29262551
29262601
29263000
29263083
29263105
29263511
29263581
29266261
29267533
29267617
29267763
29267967
29268040
29268864
29268949
29269038
29362427
29362491
29362576
29363159
29363260
29363764
29363866
29364159
29364326
29366464
29368829
29369388
29369895
29370144
29370846
29370937
29371028
29371237
29371344
29371503
29371679
29372168
29372490
29372544
29372596
29372944
29373048
29373066
29373156
29373173
29376332
29376389
29376421
29376453
29376569
29376707
29407227
29407485
29407620
29409116
29412007
29412256
29412561
29412642
29414617
29415034
29415195
29415455
29416227
29417209
29417307
29417387
29418083
29418232
29418381
29418470
29426084
29426437
29426523
29426889
29426926
29426943
29426973
29426993
29427653
29427671
29427815
29432672
29432712
29432852
29435744
29435794
29442490
29442509
29442956
29451025
29454439
29454753
29461569
29467305
29467323
29482394
29482554
29482583
29482601
29482650
29482665
29482684
29482703
29482721
29482742
29482765
29482826
29482913
29482966
29483082
29483224
29484308
29486217
29486489
29486883
29486966
29487078
29487307
29498666
29503261
29504856
29505505
29505589
29505852
29505937
29506110
29506170
29506360
29506504
29516617
29516647
29516677
29516729
29516771
29517515
29517726
29518465
29518650
29518667
29518684
29518938
29518986
29519025
29519047
29519068
29519095
29522638
29522777
29523410
29523821
29527881
29537920
29537937
29538270
29538397
29540626
29540669
29540833
29541632
29541719
29541806
29545013
29545054
29545071
29545108
29545136
29545179
29545240
29545406
29545447
29545464
29545538
29545611
29545644
29545685
29545759
29545858
29545874
29545890
29546515
29546535
29575424
29584819
29584853
29584875
29584907
29584929
29585842
29585937
29586009
29586085
29586263
29586282
29586301
29586351
29602874
29603788
29603830
29603848
29603867
29603888
29603905
29604090
29604112
29604131
29627821
29627890
29628081
29629950
29632313
29632335
29632489
29632547
29632608
29632723
29632743
29632795
29632875
29633011
29633188
29633632
29633721
29639747
29640977
29649919
29649944
29653362
29653424
29653846
29657265
29658012
29659913
29659935
29670581
29670604
29671184
29671619
29672231
29673484
29673733
29674364
29674814
29674901
29680500
29680562
29680612
29689230
29689321
29689400
29689562
29691409
29691451
29691469
29691508
29692913
29693122
29693138
29693170
29704536
29705033
29705550
29705843
29707906
29710808
29711191
29712262
29712277
29712322
29712585
29712615
29712738
29715034
29715055
29715872
29715940
29716002
29716028
29716056
29716105
29716168
29716196
29716519
29716912
29717092
29717122
29717296
29719181
29719211
29719231
29719543
29720512
29720627
29720645
29721077
29721214
29721317
29721454
29721493
29721573
29721594
29721623
29721642
29721762
29721857
29721874
29723264
29723296
29724139
29724212
29724595
29724613
29729584
29729665
29729771
29730033
29732742
29732848
29732868
29732887
29732939
29733304
29733361
29733716
29733781
29733800
29733818
29733972
29734049
29734499
29734834
29734850
29734872
29734900
29734938
29735076
29735095
29743357
29751767
29751784
29751835
29751851
29752011
29757297
29757394
29757541
29757799
29757818
29757834
29757885
29757914
29758050
29758128
29758156
29758259
29758282
29758364
29758399
29758425
29758441
29758651
29759534
29759622
29759646
29759731
29759824
29759924
29762049
29762141
29762163
29762215
29762623
29763349
29763437
29764810
29765000
29765022
29765054
29765074
29765100
29769608
29769648
29769667
29769708
29771474
29771523
29783298
29785007
29785094
29805750
29805779
29805889
29805907
29805944
29816680
29816703
29816726
29816749
29816778
29816809
29816846
29816995
29817433
29817516
29817720
29817791
29817826
29817845
29817866
29817898
29820718
29820745
29820763
29820784
29820802
29821233
29821255
29821285
29821432
29821543
29821715
29821747
29822133
29822188
29822217
29822235
29822300
29823614
29823652
29823678
29823703
29824116
29824145
29824221
29824254
29824283
29824301
29838430
29838576
29838922
29839069
29840826
29840865
29841543
29841567
29841587
29841607
29842243
29842553
29842578
29842612
29843126
29843363
29843438
29843456
29843623
29843654
29843762
29844262
29844280
29844531
29844563
29844632
29844664
29852379
29852409
29852439
29852475
29852502
29852537
29853090
29854018
29854205
29854292
29854315
29857287
29857501
29857537
29858112
29858147
29862388
29862548
29862633
29862687
29862708
29862782
29862832
29862894
29863149
29863169
29863218
29866258
29866526
29866749
29867498
29867516
29867563
29867582
29867600
29867620
29867662
29867706
29867811
29868001
29881610
29881639
29881734
29881811
29881974
29882253
29921731
29923284
29967375
29967684
29967834
29968016
29968078
29968582
29968600
29968618
29968666
29968708
29968834
29970669
29970820
29970881
30040707
30040732
30040776
30041128
30041342
30041369
30041392
30045501
30045524
30045549
30073187
30073409
30073457
30073626
30073649
30073784
30073834
30073850
30074909
30075002
30075164
30075203
30075243
30075260
30075279
30075490
30075510
30075528
30075629
30075646
30075682
30075709
30076021
30076236
30080787
30081187
30082441
30082543
30082594
30082613
30082665
30082748
30082808
30083324
30083341
30083369
30083507
30083601
30083618
30084461
30084602
30084619
30084652
30084747
30084801
30084835
30084877
30084909
30084953
30084993
30085417
30085448
30085852
30086242
30086357
30086387
30086406
30086514
30086533
30086628
30086658
30086684
30090077
30090098
30090118
30090138
30090224
30090243
30090354
30091094
30091124
30092704
30092736
30092779
30092799
30092883
30092905
30093373
30093441
30093567
30093640
30093661
30093696
30093748
30093767
30094917
30095220
30095261
30095641
30095660
30096934
30097348
30097390
30097463
30097496
30097560
30097592
30098791
30098814
30099142
30099160
30100901
30100944
30101592
30101621
30101642
30101723
30102543
30102881
30102964
30103137
30103207
30103442
30103460
30103511
30103531
30103551
30104913
30104953
30104979
30105026
30105043
30105061
30105235
30105253
30109121
30109144
30109176
30109198
30109217
30123095
30123114
30123130
30123146
30123163
30123437
30123455
30123649
30123721
30123874
30123895
30123918
30123953
30123971
30125051
30125071
30125088
30125135
30125154
30125170
30125190
30125214
30125322
30125340
30125933
30125974
30126480
30126633
30126659
30126698
30126978
30126999
30127017
30130443
30130496
30130520
30130584
30130744
30130762
30133585
30133910
30134130
30134180
30134198
30134219
30134242
30134262
30134279
30134318
30160019
30160344
30161101
30161184
30161212
30161243
30161315
30161332
30161350
30161368
30161461
30161480
30161497
30161515
30162694
30164395
30164434
30165398
30166361
30166390
30166407
30166425
30166443
30166563
30635948
30635966
30636018
30636049
30636111
30636135
30636154
30636465
30636488
30636513
30636532
30636556
30636732
30636749
30636960
30636980
30636998
30637049
30637080
30637163
30637306
30637328
30637397
30637557
30637589
30637620
30637654
30638047
30638101
30638520
30638538
30638557
30638579
30638603
30638622
30638654
30667358
30667378
30667421
30667443
30667465
30667505
30667631
30667660
30667682
30667713
30667756
30667822
30667841
30667861
30667881
30667900
30668348
30668381
30668438
30668455
30668475
30668492
30668509
30668536
30668553
30668573
30668751
30668908
30669956
30670072
30670098
30670128
30759928
30759966
30759996
30761552
30761726
30761999
30762047
30762066
30762098
30762169
30762317
30765175
30790085
30790603
30790957
30791856
30792216
30792241
30792281
30792296
30792316
30792474
30794349
30794389
30794620
30794638
30794678
30794715
30796880
30797247
30797270
30797311
30797330
30797512
30799183
30800530
30801100
30801627
30801825
30801843
30801865
30802059
30802191
30805517
30805555
30805704
30805723
30805747
30805793
30805866
30806923
30806953
30806975
30807026
30807286
30807487
30807535
30808346
30808540
30808670
30808902
30808917
30815508
30816537
30816556
30816576
30816656
30817639
30817688
30817747
30817768
30819129
30819851
30820121
30820303
30820351
30820738
30820870
30820889
30820909
30820930
30820952
30826637
30826724
30826811
30827417
30829285
30833472
30833558
30834166
30834180
30835208
30835747
30835766
30835814
30835837
30835854
30835870
30835960
30836026
30836046
30836178
30837315
30838087
30838122
30838139
30838658
30838678
30838705
30838827
30839996
30840089
30840106
30840125
30840327
30840787
30840816
30840922
30840952
30840971
30841056
30841499
30841623
30842066
30842083
30842102
30842119
30846834
30846862
30846892
30847332
30847502
30847517
30847547
30847720
30847737
30864830
30864891
30864976
30865170
30865433
30865523
30866428
30867099
30867172
30867308
30867391
30868866
30869073
30869239
30869291
30869319
30869446
30869530
30870315
30870335
30870363
30870387
30870409
30870875
30870893
30872955
30877207
30877235
30879268
30879439
30879458
30882705
30888889
30888949
30888967
30889213
30889230
30889361
30889829
30889867
30889884
30889903
30890825
30917120
30917197
30917229
30917250
30917292
30920589
30920641
30920665
30923648
30923665
30925139
30925164
30925182
30925934
30926291
30927801
30934483
30935060
30935164
30935186
30936165
30936306
30936602
30936784
30936802
30936855
30938376
30938650
30939008
30939057
30939358
30943718
30944189
30944245
30944265
30944420
30944562
30945641
30945681
30952888
30953077
30953120
30953198
30953280
30953785
31002248
31002270
31002783
31002875
31002899
31002922
31003041
31003076
31003220
31003237
31003288
31047246
31047706
31049464
31049664
31049681
31049700
31049722
31049780
31049798
31049816
31049830
