0
28
268
331
347
363
379
395
411
427
446
566
582
597
906
923
940
957
973
990
1016
2697
2758
10427
10510
10854
10879
11061
12623
12643
13537
24776
25223
25398
25413
25464
38345
38360
38378
38399
38417
38500
38532
38553
38587
38617
39396
40095
40120
40185
40212
40249
40364
41016
41317
41367
41724
41752
43991
47450
47592
47707
47724
47740
51063
51090
51319
51534
51558
51585
51602
51624
51884
51942
51958
52047
52063
52153
52180
52198
52236
52253
52302
52328
52353
56683
90854
91386
91759
91777
91810
91833
93183
99698
100891
102997
103017
103046
103066
103366
103584
103614
103708
103867
104126
105376
106649
111068
111089
116583
116626
116654
116962
116981
117099
117129
117148
117705
117726
122007
122110
122159
122184
122339
122367
122498
122515
122641
123730
123758
123889
123906
123950
124350
124748
125009
125127
125196
125518
125569
125630
125647
125664
125681
125719
125763
125778
125902
126218
126238
126258
126289
126307
126347
126368
126389
126574
126601
126646
126730
126757
127010
127030
127083
127219
127234
127254
127294
127312
127427
127444
127515
127589
127890
128522
128716
129131
131679
131699
131872
132710
132893
132916
132957
132993
133295
133400
133418
133480
133631
135079
135102
135123
135210
135231
135251
135283
135398
135431
135450
135641
135658
135708
135727
135837
135860
135889
139968
140022
140363
140383
140428
140459
140525
140589
140609
140813
141654
141686
141731
141793
142390
142565
142596
142651
142705
142734
142770
142944
150211
150302
150323
150344
150582
150686
150736
150756
150776
150797
150970
150991
151010
151042
151105
151147
151174
151203
151226
151241
158211
158228
158257
158439
158480
158501
158521
158541
158558
158576
158614
158643
158861
158885
158906
159173
159191
159232
159252
171803
172712
172731
172760
172781
173595
173618
173680
173701
173841
173869
173899
174100
174184
174289
174310
174389
174438
175276
176380
176424
176511
176530
176659
178000
178018
178112
178140
178191
178212
178322
179113
179133
179167
179187
179485
181038
181063
181105
181564
181582
201127
201146
201845
208041
208129
208250
208269
208308
208360
208388
208429
224938
224965
224988
225086
225119
225176
225199
225233
225256
231255
231271
231712
231741
231915
231951
232039
232111
232170
232649
233310
233396
233414
233498
233698
233715
233765
233816
233835
233867
233901
233920
234000
234025
234049
234067
234105
234125
234189
246957
247248
247376
247404
247425
247862
247927
248058
248088
248109
248259
248281
248345
248395
248449
248469
248523
248569
248623
248642
249090
249119
249186
249271
249323
249384
249510
249530
249712
249733
249778
249827
249855
249947
249964
250062
250082
250104
250156
250196
250222
250373
250391
250487
250640
250830
250892
251409
251433
251452
251474
251495
251524
251999
252075
252150
252176
252207
252250
252278
252328
252377
252521
252550
252569
254475
254493
254510
254589
254661
254681
254700
254719
254813
254838
254911
255285
255421
255472
255502
255519
255548
255569
255663
255807
255834
255850
255882
255964
265302
265618
266330
297688
306639
307103
307126
307147
307175
307341
308446
308488
308548
308578
322537
322610
322627
322646
332683
332712
332751
332835
332864
332901
332977
333130
333162
333198
333221
333252
333310
333444
333476
333511
333533
333568
333653
333736
333835
333867
333902
333984
334013
334050
334145
334172
334207
334256
334284
334319
334494
334524
334561
334590
334625
334664
334825
335731
335811
335833
335902
335928
335962
336025
336779
336796
338196
338371
339473
345644
345953
346358
346456
346475
346498
346516
346695
346745
346764
347107
347178
347236
347276
347357
347460
347481
347798
347913
348134
348155
348236
348267
348285
348323
348341
348415
348732
348797
351308
351392
351623
351707
364597
364777
365440
365512
365716
365779
365800
365856
365886
365910
366099
366281
366469
366851
367102
367161
367221
367237
367253
367273
379498
382476
383746
385484
385502
385519
385540
385582
385610
385807
387753
387780
388302
454336
455919
455937
455955
456078
456109
456128
456164
456220
456238
456267
456334
456352
456796
456907
456926
457290
488779
488797
488837
488869
488931
489418
489485
489529
489659
489705
489726
489795
489879
489897
489921
491093
491476
492030
492054
492085
492118
492136
495369
495418
495448
495492
495519
495546
495585
495972
495993
496009
496027
496047
496681
496772
496790
496806
496831
500807
500856
500875
500891
501468
501496
501665
501955
501995
502043
502072
502154
502184
502201
503217
503244
503278
503300
1010506
1011247
1016372
1016575
1016778
1016861
1017679
1017971
1017990
1018019
1018036
1018057
1018087
1018260
1018328
1018359
1018690
1018718
1018779
1018962
1020197
1020233
1020271
1020300
1020318
1020331
1020385
1020515
1020610
1020680
1020695
