0
584
1068
1098
1253
1443
2588
2635
2650
2668
3044
3146
3177
3215
3416
3708
3740
3758
3774
3793
3853
3868
3891
3907
3924
4125
4199
4237
4377
4416
5320
5351
5382
5574
5618
5657
6526
6617
6634
6657
6687
6760
6841
6923
7005
7334
7386
7793
7811
7894
7977
8004
8086
8191
8209
8409
8492
8506
8536
16328
16369
16386
16406
16984
17620
17742
17902
17930
17999
18018
18172
18203
18251
20324
20351
20968
25057
25076
25149
25172
25193
25240
25270
25392
25425
25450
25483
25542
25570
25588
25606
80484
83404
83423
83445
83486
83505
83554
83573
83721
83752
83799
84134
84163
84980
84998
89716
90026
90048
90151
90626
90695
90748
90809
90824
90844
90905
90921
90952
91023
91038
91066
103895
103911
107338
107743
108605
108724
108762
108876
108895
108914
108973
108992
109318
109672
109892
109911
115451
115474
130334
132447
136024
137496
137691
137711
137754
138067
138274
138511
138816
139121
139206
139289
139773
139861
139904
140169
140190
140840
142830
143089
144084
144134
148087
148257
148279
148314
148337
148357
148373
148512
149931
150759
151705
152823
152866
152930
153002
153023
153061
153091
169310
179075
185519
185548
185586
185603
185622
187027
187079
187097
187716
187777
189841
190470
191195
192428
192699
201867
201894
201923
202016
202068
202100
202181
202201
202313
202330
202414
202510
202530
203584
203602
204206
204501
204710
204744
204785
204950
204967
206850
206876
208217
208247
208305
208332
222649
223462
223497
223518
223651
223738
223769
223793
223816
223898
223945
223972
241756
242204
242255
242533
242875
242950
243796
244157
314306
314526
362965
363064
364139
364345
364383
364433
364459
364483
366332
370022
371530
371560
371578
371594
373401
373791
373809
373836
373878
373906
383739
383776
383972
383988
384025
384248
414327
414384
414448
414515
414640
414686
416805
423846
423865
423886
423931
423972
424018
424085
424116
424136
424175
424448
424495
424554
424581
424674
424755
428900
428922
429454
429481
432887
432926
432987
436459
453529
453847
453869
453962
453993
454026
454058
454074
454231
454247
454437
454456
454574
454590
454618
454637
455558
455590
455659
455680
455929
455965
456003
456062
456102
456305
456881
466063
466356
466373
467548
643984
644004
644143
644166
644310
788424
788445
788484
791149
791221
792640
792664
793077
793093
793174
794123
794142
794159
794458
794477
794496
795747
795784
795812
796254
796411
797101
797408
797428
797444
797457
797659
805824
805860
805902
806951
806980
807054
807312
807701
807719
809083
809495
809528
809985
810010
810484
810685
810753
810784
811721
811818
811836
812045
812071
816590
816608
816624
816718
816859
816877
816917
817331
817373
817407
817550
818042
834234
834252
835230
835473
835489
835508
835524
835624
835783
837016
837059
859005
859798
859839
859859
860205
860232
860411
860462
860480
860522
860735
861056
861089
861152
861180
861203
869229
869272
869326
869356
869876
870151
870185
870209
870315
870380
870394
870409
879101
880564
880583
880601
880629
882730
882746
886193
886396
932673
933578
933599
933632
933647
933761
933809
933840
933920
933938
933967
970676
970884
971307
971322
971912
976010
976111
979211
979295
980663
980690
981296
981322
981352
985121
985149
985368
985508
985839
985985
986004
986114
987446
987849
987965
987996
988026
988045
988082
988101
988125
988141
989360
989407
990232
990247
990351
990399
990416
990506
990524
990586
991896
993701
993718
994739
994757
994897
994915
994932
995769
995947
995963
997197
997224
998241
998260
998280
998299
998331
998370
998647
1000131
1000178
1000232
1000261
1000344
1000360
1001398
1001559
1001580
1001600
1001615
1003074
1003173
1005198
1005265
1006043
1006190
1006274
1006893
1006912
1007085
1007233
1007366
1007382
1007400
1007418
1007654
1009807
1027564
1028466
1030893
1031065
1031154
1031169
1031245
1031323
1031393
1031417
1031478
1031540
1031570
1031646
1031698
1031728
1031812
1031868
1031900
1031948
1032002
1032030
1032083
1032110
1032133
1032198
1032262
1032343
1032361
1032431
1032449
1032593
1032642
1032669
1032690
1032728
1032756
1032774
1032792
1032809
1036748
1036788
1039015
1040994
1041016
1041922
1043691
1043711
1043731
1043761
1043937
1043953
1044002
1053133
1053282
1053301
1053319
1053369
1053385
1053426
1053582
1053631
1053685
1053717
1055044
1055063
1055086
1055289
1055585
1055676
1057615
1058156
1058405
1058666
1058727
1058757
1059093
1059129
1059152
1059175
1059190
1059945
1059962
1060371
1060403
1060446
1060819
1060835
1060854
1061056
1061402
1062131
1062393
1062410
1064800
1069539
1069564
1069590
1069632
1069773
1069799
1069851
1071584
1072484
1072505
1072524
1072550
1072568
1072596
1072626
1074334
1074362
1074449
1074472
1074515
1074686
1074704
1074953
1075071
1075345
1075444
1075474
1075685
1076008
1164131
1165019
1165043
1165068
1165089
1165109
1165226
1165341
1165358
1165377
1166350
1166471
1166512
1166543
1166565
1166583
1166603
1166627
1166656
1166707
1166916
1166934
1167072
1167102
1167129
1168970
1169173
1177911
1177951
1178007
1178043
1178221
1178373
1178411
1178791
1178823
1178840
1178857
1178873
1178941
1178963
1178979
1179068
1179188
1179280
1179319
1182323
1182488
1182505
1183533
1183561
1183589
1183803
1184742
1186700
1186807
1186829
1186847
1186885
1187564
1187590
1421417
1421529
1433572
1434225
1434938
1445320
1452062
1464613
1464711
1469912
1472319
1472373
1474585
1476557
1477869
1478331
1478357
1478544
1478583
1478602
1482062
1482400
1482420
1503979
1504007
1505235
1505261
1505319
1505339
1505951
1505971
1514355
1514495
1515740
1515852
1515958
1516008
1517548
1517577
1517599
1517652
1517948
1518006
1518052
1518370
1518391
1518421
1518439
1518502
1524097
1524113
1524134
1524152
1524169
1524220
1524249
1549238
1549272
1549291
1549329
1549490
1549902
1549953
1549969
1549984
1550131
1553111
1554559
1554592
1554610
1555974
1559088
1559106
1559122
1559326
1559422
1559768
1559969
1560575
1560593
1560611
1560641
1560658
1560673
1560717
1561728
1561756
1561828
1561859
1562405
1563259
1563283
1563303
1563325
1563594
1563610
1563640
1571174
1571268
1571286
1571304
1571322
1571361
1571378
1571396
1571488
1571796
1571857
1571950
1571978
1571996
1572028
1572042
1572061
1572077
1575404
1575423
1575441
1575470
1576875
1576896
1576917
1576957
1576979
1577006
1578620
1578685
1584073
1587762
1587965
1587986
1588173
1588198
1588506
1645600
1645618
1645644
1645663
1691981
1692063
1692077
1693918
1693939
1693980
1694309
1694337
1694354
1694374
1694403
1694899
1694960
1695188
1705898
1705924
1705947
1705971
1705995
1706299
1706320
1710191
1715231
1728909
1728938
1728957
1729046
1729086
1729115
1729133
1729214
1729477
1729497
1729515
1729578
1729597
1729639
1730380
1730401
1730421
1730451
1731153
2104111
2104128
2104166
2104186
2104204
2104225
2104338
2104467
2104597
2104621
2104643
2104702
2104733
2104837
2104856
2104878
2104898
2108680
2108730
2108749
2108781
2108808
2108846
2108867
2108904
2108922
2108943
2109577
2109599
2149681
2150560
2150974
2151117
2151845
2151932
2151956
2153240
2153261
2170689
2171414
2171625
2172656
2172975
2172991
2173012
2173031
2173111
2173470
2173487
2173582
2173624
2173651
2173726
2174157
2174429
2174464
2174506
2174588
2174604
2174647
2174952
2175194
2175265
2175338
2175353
2190994
2191011
2191072
2195769
2195990
2196072
2196109
2197876
2197895
2197987
2198028
2198048
2198082
2198099
2198118
2198139
2200450
2200522
2200553
2200575
2200594
2200622
2200672
2200689
2200707
2200726
2201690
2201717
2201750
2201767
2201787
2201805
2202254
2202277
2203178
2203321
2203629
2204388
2204694
2276036
2276439
2276457
2279480
2279684
2279975
2279992
2281005
2281030
2281058
2281167
2281292
2281308
2281326
2281834
2281854
2281933
2286966
2287022
2287054
2287073
2287121
2287160
2287491
2287519
2289463
2289482
2389495
2389632
2389661
2389997
2390199
2390345
2390459
2390542
2390615
2390777
2390828
2390851
2390936
2391141
2391174
2391254
2391279
2392745
2392808
2392825
2393302
2393327
2393368
2393423
2393452
2393611
2393733
2393875
2409060
2410012
2410160
2410240
2410260
2410508
2410712
2410736
2412919
2418146
2422040
2422173
2422244
2422432
2422463
2422618
2422699
2422736
2422753
2422778
2422797
2422815
2422844
2423029
2423058
2423463
2423481
2423804
2423920
2424695
2425450
2425468
2427321
2427372
2427453
2427709
2428122
2428138
2428157
2428474
2428662
2428677
2428821
2428837
2428864
2428889
2428907
2435861
2436533
2436672
2436696
2437168
2437271
2437341
2437411
2437459
2438258
4604453
4604547
4604745
4604943
4605247
4605391
4605604
4605675
4605755
4605835
4605912
4605989
4606068
4606146
4606224
4606302
4606378
4606517
4606595
4606673
4606754
4606834
4606911
4607216
4607425
4607634
4607691
4612708
4612737
4613076
4613147
4613165
4613246
4616319
4618359
4618726
4619349
5307153
5307504
5307585
5307789
5307805
5307888
5308039
5308482
5308808
5311968
5312049
5312099
5312173
5312317
5312358
5312488
5312508
5312536
5313470
5313550
5313641
5313673
5320295
5320558
5320587
5320618
5320754
5352614
5353191
5353379
5353401
5360924
5361565
5366928
5374813
5374989
5379421
5379508
5379851
5385709
5385758
5385781
5392981
5411680
5411708
5411750
5412041
5412189
5423701
5424234
5424252
5424638
5424662
5424794
5426353
5426372
5426793
5426812
5426888
5428980
5429014
5434462
5434515
5435704
5475711
5475734
5475757
5475782
5475807
5475898
5475940
5475977
5476041
5476071
5476106
5476132
5476151
5476403
5477512
5477559
5477606
5477625
5477644
5477664
5479962
5479983
5480013
5480131
5480161
5480203
5492083
5492148
5492184
5494949
5494970
5495430
5495554
5495585
5495640
5495679
5496904
5496925
5497248
5497483
5497642
5498537
5507031
5511193
5511454
5511470
5511538
5511555
5512743
5512768
5512804
5512820
5512846
5512862
5512877
5512893
5512909
5512935
5512950
5521008
5521027
5521047
5548356
5548554
5548613
5548630
5548711
5548736
5548753
5549382
5549462
5549479
5549499
5549526
5549770
5549789
5549806
5549837
5549855
5551484
5552193
5552274
5552337
5552388
5552413
5552431
5552679
5552774
5552793
5552843
5553051
5553084
5553117
5553444
5553593
5554122
5554218
5554519
5554626
5555060
5555079
5555120
5787166
5787313
5787334
5787399
5787422
5787638
5790822
5805117
5903360
5903381
5903598
5903623
5903638
5903684
5903926
5903944
5998729
6007453
6007616
6007635
6007680
6008603
6008646
6008944
6008961
6008978
6009006
6009029
6009053
6009069
6009128
6009166
6010611
6010638
6010665
6010692
6010775
6010935
6011010
6011039
6011057
6011802
6011850
6012983
6013035
6013202
6013591
6013763
6014623
6014707
6016063
6016095
6016127
6016267
6016543
6016563
6061045
6061060
6061091
6061130
6061154
6061203
6061220
6065145
6065218
6065563
6065579
6065600
6065773
6065908
6066217
6066234
6066278
6066304
6066702
6066872
6067103
6067171
6067406
6067587
6067604
6067694
6067825
6067895
6068010
6068449
6068544
6068569
6068585
6073351
6073374
6073415
6073434
6073509
6074818
6074913
6173879
6173905
6174794
6180585
6180681
6180767
6180802
6180823
6180846
6180868
6180910
6180933
6181021
6181046
6181068
6181248
6181280
6181548
6181601
6181630
6181885
6181910
6181931
6181958
6181977
6182006
6182024
6183625
6183645
6183695
6183787
6183802
6183819
6183839
6188243
6188274
6188293
6188377
6188417
6188456
6188483
6206566
6206586
6206609
6206642
6206682
6206705
6206731
6206783
6207674
6221516
6221664
6222009
6224781
6224803
6226587
6226606
6226647
6226664
6226682
6227671
6227691
6227717
6227742
6227902
6227930
6227949
6227981
6228344
6229823
6230511
6230530
6230599
6230648
6231045
6437734
6438623
6439288
6439304
6440407
6440485
6440502
6440521
6440563
6440582
6440621
6440654
6440790
6441332
6441353
6441368
6441744
6441898
6441913
6441929
6442023
6442047
6442180
6442470
6442488
6442695
6442713
6442731
6442792
6442965
6443005
6443693
6443777
6443809
6443835
6443858
6443878
6444293
6444318
6444442
6444462
6444483
6444544
6444593
6447918
6447956
6458655
6458856
6458895
6483927
6484007
6484087
6484167
6484266
6484348
6484492
6489131
6490052
6490173
6490290
6490307
6497682
6505339
6505605
6507190
6508432
6509524
6515691
6515755
6515898
6515948
6515970
6516061
6516080
6516138
6516279
6516301
6516331
6516347
6516430
6534140
6534464
6534518
6544115
6544147
6544216
6548936
6548973
6550207
6551875
6551892
6552753
6552782
6552881
6552974
6553072
6553173
6553271
6553363
6553413
6553512
6553532
6554356
6557504
6557566
6557594
6557624
6557654
6558177
6566114
6566579
6566594
6566782
6566842
6570636
6570774
6570942
6571387
6571403
6571487
6571522
6571558
6571587
6571636
6571675
6573019
6573545
6574182
6575081
6575098
6575114
6576094
6576897
6576925
6576956
6576975
6576991
6577018
6577253
6577284
6577404
6578567
6578861
6578970
6579075
6579148
6579176
6579218
6579250
6579282
6591238
6592142
6592290
6592437
6592521
6592666
6592775
6593553
6593697
6669102
6669120
6669135
6669156
6669171
6669330
6669454
6669514
6669683
6669701
6669783
6669811
6669850
6669900
6670344
6670490
6670519
6670569
6670932
6670950
6671077
6672082
6672099
6676690
6676822
6676921
6676981
6677415
6735530
6756633
6756650
6756889
6761562
6761795
6761940
6761956
6762230
6762257
6762581
6764968
6765012
6765222
6765269
6765310
6766463
6766503
6767205
6771029
6771276
6773140
6773159
6774785
6775129
6775148
6775176
6775294
6775411
6777305
6778910
6778931
6778964
6783270
6783492
6783522
6783670
6783703
6783732
6784714
6784731
6784768
6785768
6785834
6785884
6785939
6785959
6785975
6785995
6786889
6786911
6789940
6789960
6790000
6790026
6790047
6790137
6797797
6797884
6797970
6797986
6798001
6798426
6798532
6798558
6798574
6798589
6799808
6799843
6799960
6809628
6810379
6810398
6810809
6810858
6810874
6810891
6810910
6810933
6810963
6810980
6810999
6811263
6811459
6811693
6811715
6811802
6811821
6839203
6840515
6840548
6840607
6840625
6840642
6840661
6855893
6858219
6858392
6858414
6858619
6858645
6858682
6858711
6858748
6858780
6858815
6858858
6858881
6859060
6859261
6876625
6876659
6876771
6876797
6876931
6877023
6877055
6877086
6877117
6877181
6877212
6877536
6877693
6877781
6877824
6877935
6878123
6878188
6878208
6878287
6878443
6878464
6878578
6878610
6878687
6878734
6878850
6878876
6879559
6881370
6881396
6881419
6881443
6881809
6881889
6882059
6962996
6963019
6963043
6963068
6963211
6963236
6969453
6969537
6969698
6969769
6969798
6969836
6969859
6972597
6981293
6981379
6981398
6981724
6983609
6983639
6988261
6992272
6992961
6993125
6993894
6994056
6994077
6994148
6995864
6995931
6996088
6996803
6996820
6997113
6997158
6997178
6997226
6997252
6997336
6997779
6998387
6998407
6999326
6999347
6999389
6999417
6999464
6999484
6999499
6999562
6999580
7006985
7007061
7007091
7007109
7008472
7008537
7024386
7024436
7024464
7024709
7024726
7024742
7024770
7024809
7025749
7025893
7025987
7026004
7026041
7028566
7028673
7029477
7029493
7029510
7029539
7029569
7030518
7030554
7030572
7030609
7031346
7031375
7031425
7031445
7042085
7042348
7043180
7050730
7050781
7053054
7055822
7055841
7058824
7058863
7061291
7062790
7062826
7062842
7065329
7065350
7065367
7071252
7071344
7071370
7071388
7071469
7072467
7072601
7072688
7072845
7092647
7092675
7105528
7105849
7172640
7172710
7172857
7173181
7173265
7178427
7183691
7184026
7184072
7184088
7184103
7184144
7184161
7184211
7184264
7184281
7184318
7184348
7184370
7184451
7184501
7184518
7184588
7184662
7185166
7185352
7185377
