0
30
89
126
160
197
233
289
345
401
457
528
584
640
772
828
884
940
996
1128
1152
1184
1209
1235
1261
1286
1326
1349
1395
1441
1476
1495
1520
1541
1564
1586
1607
1647
1667
1690
1710
2430
2457
2475
2500
2524
2556
2578
2601
2634
2652
2672
2697
2784
2818
2967
2990
3019
3081
3152
3187
3219
3245
3305
3321
3338
3386
3403
3519
3590
3974
4017
4040
4074
4095
4118
4140
4172
4195
4217
4236
4254
4285
4458
4480
4513
4539
4559
4673
4730
4773
4827
4860
4894
5005
5022
5039
5147
5179
5213
5251
5308
5333
5366
5405
5437
5458
5484
5515
5537
5594
5625
5648
5856
5881
5907
5946
5981
6012
6035
6069
6160
6193
6223
6365
6385
6419
6444
6469
6502
6574
6597
6619
6652
6674
6692
6711
6736
6836
6859
6883
6922
6941
6963
6985
7009
7028
7055
7131
7153
7174
7208
7242
7265
7319
7336
7369
7390
7425
7464
7486
7505
7579
7600
7617
7644
7703
7719
7750
7800
7817
7837
7857
7872
7888
8004
8309
8341
8359
8394
8434
8465
8503
8689
8935
9181
9382
9412
9939
9960
9977
10009
10041
10612
10634
10657
10678
10725
10820
10915
10965
11015
11057
11088
11195
11217
11237
11258
11275
11292
11321
11345
11369
11434
11499
11528
11560
11654
12200
12307
12333
12406
12479
12552
12625
12698
12722
12795
12870
12894
12909
12984
13034
13084
13134
13184
13216
13240
13259
13280
13436
13472
13492
13509
13528
13544
13596
13614
13637
13687
13737
13787
13806
13829
14000
14021
14038
14057
14074
14121
14152
14181
14207
14250
14277
14413
14434
14485
14536
14587
14611
14662
14713
14764
14874
14924
14974
15039
15071
15091
15114
17160
17367
17392
17414
17434
17469
17488
17539
17590
17712
17846
18087
18138
18189
18209
18240
18271
18409
18430
18447
18470
18489
18520
18543
18563
18585
18607
18635
18658
18679
18698
18718
18759
18776
18807
18962
18983
19005
19027
19144
19209
19259
22338
23527
23598
23675
24519
25153
25682
25836
25885
25962
26049
26136
26201
26321
26388
26442
27424
27813
28117
28421
28470
28534
28728
29992
31436
31490
32931
33013
33031
33091
33140
33193
33261
33324
33528
33851
33864
33879
33941
34007
34022
34573
34642
34665
34679
34707
34738
34784
34799
34816
34831
34850
35043
35122
35172
35190
35209
35272
35340
36424
36549
36913
37007
37101
37117
37133
37163
37180
37200
37214
37806
37828
37892
37933
38072
39068
39434
39597
39901
40266
41936
43246
43611
43976
43994
44024
44041
44060
44078
44099
44119
44132
44152
44166
44192
44208
44233
