0
3065
5185
6360
7805
9250
10710
11795
12880
13470
77907
78947
79537
80577
81527
82522
83562
84602
85642
86682
87722
146718
147668
148618
149568
150518
151288
152058
152828
153598
154368
155138
214560
215330
215695
216540
216905
217270
217635
218000
218365
218730
219095
275810
276175
276540
329679
378920
416955
454990
492425
496876
540907
583618
614288
635415
663991
686291
708720
730627
752414
774180
775188
796645
796674
797050
808817
820269
831796
843563
855090
866617
878144
897756
904361
911553
911568
915019
932981
950925
968914
969017
1003986
1022155
1040504
1058853
1077082
1095791
1114560
1118073
1136842
1155791
1163520
1171249
1179038
1187382
1195906
1204430
1212955
1221540
1230125
1238769
1247413
1250648
1259397
1268161
1277105
1285989
1295113
1304237
1313301
1322665
1332089
1341573
1344763
1354277
1363761
1373245
1382729
1392273
1401937
1411601
1421385
1431169
1440953
1444188
1453972
1463756
1473420
1483144
1492868
1502593
1512318
1512557
1512796
1512863
1512879
1512985
1513045
1513106
1513125
1513154
1513228
1513569
1513606
1513636
1513652
1513789
1513851
1513881
1546323
1546788
1546811
1547327
1547347
1552503
1555102
1555193
1555219
1555311
1555664
1555807
1555828
1556758
1556995
1557053
1557082
1557273
1557306
1557400
1557474
1557512
1557550
1557615
1557642
1557671
1557696
1557737
1557765
1565722
1565793
1565814
1565841
1566245
1566307
1566340
1566404
1566421
1567979
1568016
1568034
1568065
1568084
1568148
1568234
1568254
1568407
1568434
1568461
1568498
1568525
1568922
1569520
1569551
1569601
1569626
1569942
1570273
1570291
1570322
1570381
1570399
1570430
1570536
1570553
1570569
1570683
1570702
1570718
1570737
1570828
1570930
1571021
1571050
1571064
1571079
1571096
1571147
1571644
1571687
1571733
1571753
1571802
1571852
1571931
1576560
1576630
1576656
1576761
1576781
1576801
1576958
1576975
1576993
1577083
1577104
1577133
1577152
1577193
1577301
1577830
1577857
1577877
1577893
1578045
1578062
1578079
1581574
1581623
1582321
1582401
1582429
1582454
1582494
1582706
1582789
1582808
1582952
1582971
1583001
1583022
1583461
1583481
1583512
1583538
1583614
1583682
1585450
1585471
1585551
1585574
1585616
1585658
1585679
1585711
1596802
1596826
1597286
1597308
1597354
1597432
1597483
1597515
1597654
1597671
1598551
1598567
1598810
1598827
1599210
1599400
1599419
1599439
1599469
1599569
1601273
1601400
1601431
1601483
1601639
1601658
1601774
1601815
1601833
1601871
1601943
1601990
1602036
1602194
1602229
1602290
1602332
1602373
1602395
1602413
1602621
1602641
1602911
1602932
1603037
1603053
1603072
1604873
1605016
1605057
1605075
1605288
1605320
1605349
1605367
1605397
1605414
1605522
1681493
1681911
1682047
1682152
1682448
1682477
1682561
1682596
1683571
1683636
1684513
1684588
1684616
1684677
1684710
1684746
1685047
1685081
1685097
1689990
1690007
1690808
1691651
1715910
1719614
1719712
1719752
1719779
1719811
1719896
1719926
1720191
1720245
1720387
1720414
1720513
1720529
1720566
1733832
1733852
1733879
1733899
1733999
1734060
1743788
1743842
1743861
1744082
1744118
1744408
1744609
1744644
1744661
1746710
1746728
1746748
1746798
1747977
1747994
1748058
1748653
1748794
1752619
1753681
1753695
1753710
1754481
1754694
1754806
1754831
1755135
1755195
1763288
1763739
1763767
1763823
1763851
1763899
1765558
1765575
1765642
1765754
1765818
1766243
1767420
1767474
1770043
1771384
1771719
1771803
1771818
1772134
1773650
1774582
1774629
1867970
1868214
1868244
1868718
1868747
1868786
1868805
1868821
1868838
1868876
1890445
1890603
1890688
1890831
1891155
1891262
1892046
1892132
1893459
1893633
1894055
1894500
1894672
1894834
1895109
1896709
1899463
1899929
1900346
1900496
1903410
1904905
1905177
1905233
1905263
1905283
1905664
1905955
1906005
1906079
1907152
1907173
1907196
1907218
1907845
1907898
1907919
1907940
1909345
1910133
1912750
1920978
1920995
1921028
1921080
1921136
1932850
1932869
1932918
1933137
1933238
1933294
1933321
1933467
1933481
1933509
1933575
1936126
1936145
1952942
1952990
1953100
1953120
1953139
1953253
1954631
1959852
1959940
1959973
1960031
1960232
1960258
1960276
1964021
1964161
1964218
1964256
1964349
1964378
1964721
1967438
1967465
1967854
1967874
1968997
1969037
1969065
1969083
1969661
1969680
1969708
1969730
1969758
1969776
1969827
1969845
1969862
1969888
1969908
1969926
1969948
1969969
1969987
1970008
1970104
1971641
1975445
1975462
1975781
1975832
1975852
1975915
1976321
1976782
1976811
1976844
1976872
1979255
1979276
1979292
1979309
1979327
1979511
1979912
1980381
1987811
1987854
1987885
1987907
1987949
1987983
1989545
1991366
1991384
1991402
1991421
1991473
1991688
1991709
1991803
1991822
1991981
1991998
1992158
1992262
1992278
1992298
1992314
1992490
1993365
1993382
1993402
1993501
1993522
1993541
1993557
2004961
2005825
2009686
2009764
2010057
2010119
2010561
2010582
2010622
2010895
2011064
2011106
2011160
2011211
2011239
2011269
2011301
2011319
2011434
2011699
2011722
2011742
2016797
2016927
2016955
2017062
2236238
2236844
2237451
2276150
2281314
2283523
2285732
2287401
2288980
2290733
2292474
2294203
2296123
2297552
2301954
2302021
2328168
2329260
2330340
2330879
2331348
2331982
2332001
2332031
2332050
2332081
2332100
2356532
2356551
2356570
2356589
2356620
2356639
2356658
2356677
2356696
2356715
2356734
2356801
2373874
2373893
2373923
2373942
2373961
2373980
2373999
2374018
2374037
2374056
2374075
2386409
2386428
2386447
2386466
2386485
2386504
2386535
2386554
2386573
2386603
2386622
2395320
2395339
2395370
2395389
2395408
2395427
2395446
2395465
2395484
2395503
2400380
2405539
2410642
2410694
2410837
2410855
2411074
2411147
2416881
2417362
2417380
2422357
2423498
2423514
2423564
2424815
2424845
2424898
2424918
2424946
2425018
2426686
2448880
2448938
2448985
2449000
2449015
2449030
2449064
2449099
2449134
2449169
2449204
2449239
2449274
2449297
2449630
2449648
2449722
2449739
2449757
2449777
2449816
2449838
2449868
2449901
2449933
2449994
2450034
2450081
2450112
2450129
2450152
2450171
2450210
2450227
2450243
2450308
2450327
2450343
2450374
2450540
2450807
2450834
2450851
2450978
2451002
2451019
2451097
2451370
2451577
2455092
2455176
2455202
2455275
2455315
2455417
2455447
2455477
2455525
2455542
2455572
2455589
2455643
2461640
2461656
2462040
2468602
2469990
2470440
2471178
2471196
2471213
2471785
2471832
2471858
2471899
2473811
2473896
2473925
2473942
2473960
2474049
2474088
2474108
2474124
2474527
2487885
2487938
2487955
2488005
2488025
2488894
2488948
2488963
2489015
2489306
2490156
2491117
2568322
2572139
2572387
2573893
2573968
2574294
2574319
2575196
2575282
2575322
2575346
2575415
2575543
2575574
2575779
2575844
2575864
2575883
2576487
2576585
2576669
2577441
2577666
2577720
2577774
2577870
2577892
2578034
2578130
2578151
2578170
2578199
2579754
2579842
2579883
2579903
2581494
2581582
2581600
2583506
2583713
2583875
2584016
2584037
2584058
2584116
2584134
2584162
2588099
2589020
2589094
2589199
2589253
2589271
2589594
2589736
2589882
2590029
2590129
2590222
2590310
2590470
2592172
2592296
2592375
2593239
2593254
2593269
2593287
2597548
2597589
2597834
2597853
2597892
2597909
2597983
2598055
2598073
2598127
2598295
2598418
2598435
2599183
2599236
2599256
2599400
2599432
2599464
2599495
2599523
2599689
2599737
2599754
2599773
2600096
2600604
2602246
2608674
2612378
2612420
2612439
2612540
2612559
2612591
2612692
2613004
2613058
2613090
2613110
2617916
2618057
2618097
2618117
2618145
2618193
2618209
2618305
2618323
2618395
2618411
2618427
2618723
2618966
2618996
2619046
2619063
2619155
2619532
2619570
2619891
2620794
2621012
2621371
2621403
2621547
2621565
2621614
2626585
2626621
2626642
2626697
2626738
2626776
2626808
2626875
2626896
2626918
2628279
2628301
2628350
2628380
2628416
2628527
2628558
2628595
2628635
2628670
2628729
2628773
2628812
2628851
2628884
2628941
2628969
2629003
2629099
2629124
2629355
2629393
2670631
2670648
2670668
2670690
2670746
2671580
2671681
2671736
2671952
2671980
2671997
2672387
2672425
2672538
2672558
2672682
2672697
2673152
2676342
2676374
2721562
2722396
2723585
2737872
2737958
2737978
2737999
2738293
2738313
2739074
2761239
2763288
2763310
2771876
2771980
2772497
2772525
2772699
2772716
2772735
2772945
2772982
2773035
2773091
2773136
2773181
2773251
2773314
2773409
2773736
2773848
2773884
2774177
2775640
2775677
2775764
2776263
2776278
2777827
2777848
2777880
2777993
2778008
2778526
2778542
2781117
2781183
2781743
2781767
2785297
2785347
2787444
2787509
2787537
2787593
2787809
2787904
2787920
2787938
2787958
2788014
2788035
2788123
2788142
2788197
2788280
2788298
2788326
2788346
2788369
2788398
2788423
2788462
2788494
2788513
2788540
2788561
2788577
2788752
2789631
2789661
2789687
2789890
2789919
2790663
2790725
2790759
2790810
2791033
2791057
2791273
2791577
2791592
2791611
2791632
2792134
2792151
2792174
2792288
2792307
2792348
2792451
2792619
2792712
2793664
2793757
2793775
2816660
2816893
2816954
2817066
2817115
2817133
2817180
2870217
2870239
2870288
2870333
2870777
2870797
2871740
2871765
2872808
2874123
2874140
2874197
2878624
2878706
2878814
2878843
2879032
2879050
2879099
2880156
2901607
2911013
2911041
2937416
2937440
2941036
2941116
2942511
2942529
2942551
2942584
2942606
2942627
2942659
2942988
2944151
2944179
2944250
2944268
2944426
2944947
2945322
2945688
2945717
2945734
2945874
2945899
2946302
2946345
2946700
2946728
2953297
2953691
2953720
2953867
2954005
2954060
2954973
2954992
2955032
2955107
2955384
2955594
2955627
2955649
2955666
2955793
2955813
2959140
2960421
2961851
2961871
2961890
2961909
2961969
2961988
2962016
2962214
2962266
2962348
2962385
2962457
2962484
2964571
2978123
2978202
2978404
2978421
2978521
2978551
2978581
2978610
2978643
2978668
2978735
2980265
2980584
2988074
2988965
2989058
2992992
2993100
2994608
2994693
2994719
2994825
2994923
3000975
3000994
3001124
3001415
3001541
3001849
3002610
3002714
3002817
3002835
3002974
3003801
3003823
3003843
3004370
3004387
3004406
3004441
3004459
3004772
3039788
3039806
3039825
3039920
3039954
3039993
3040011
3043691
3043708
3043738
3043755
3043898
3044598
3044835
3044852
3044912
3044940
3044989
3045471
3045525
3048373
3048473
3048616
3048658
3048715
3048770
3048889
3048978
3049040
3049343
3049365
3049382
3049461
3049738
3057297
3057316
3057364
3057411
3057442
3057473
3057491
3057521
3057549
3058393
3058659
3060917
3061051
3061090
3061193
3061210
3061323
3077153
3077275
3077356
3077842
3078171
3078511
3078529
3078546
3079075
3079310
3079362
3079425
3079443
3079459
3079479
3079511
3079803
3079826
3082535
3082670
3088348
3088378
3088395
3088427
3088585
3088653
3088670
3089072
3089239
3089626
3089645
3089664
3089686
3089846
3090272
3090868
3091225
3091261
3091921
3092077
3092260
3096050
3100492
3100705
3100777
3100796
3100826
3100847
3100886
3101095
3101114
3104377
3104431
3104468
3104501
3104531
3104550
3104709
3106239
3106470
3106551
3106573
3107622
3107642
3107954
3113349
3113373
3113533
3113615
3114270
3114288
3114448
3114535
3114555
3114583
3114646
3114694
3114886
3114908
3115023
3115107
3115145
3115165
3115200
3115229
3115247
3115273
3115291
3115330
3115466
3115485
3115532
3115546
3115716
3116155
3118289
3118366
3118602
3118620
3121700
3121784
3123151
3124123
3124175
3124675
3125003
3125065
3125670
3125954
3126061
3126102
3126119
3126134
3127593
3128218
3128247
3128287
3128316
3128353
3130745
3130991
3131074
3131092
3131980
3131998
3132029
3132285
3132304
3132375
3132528
3132548
3133833
3133967
3134031
3134060
3134077
3134098
3134171
3134191
3134266
3134315
3134684
3134712
3134857
3134965
3134981
3135087
3137622
3137766
3137861
3137957
3138066
3138126
3138144
3138378
3138395
3138465
3142143
3143305
3143356
3143423
3143636
3144035
3144055
3144070
3144107
3144123
3184364
3185018
3185162
3185231
3185600
3185669
3185772
3186890
3188005
3232690
3232880
3232932
3232960
3232988
3233012
3233037
3233064
3233084
3233172
3233497
3233582
3239445
3251365
3251825
3252210
3252356
3253804
3254182
3254198
3254223
3254250
3254322
3254639
3254808
3254974
3254991
3256480
3256879
3256967
3257012
3257032
3257049
3257081
3257122
3257162
3257179
3257453
3257471
3257656
3257678
3538629
3538718
3539491
3540228
3540437
3540703
3540803
3540822
3540837
3541075
3541128
3541151
3541184
3541278
3541306
3541335
3541363
3541383
3541399
3541420
3541458
3541476
3541597
3541612
3543269
3543310
3543370
3543482
3543555
3543622
3544282
3544493
3544645
3544709
3544726
3544798
3544862
3544880
3544898
3544937
3545014
3545213
3545232
3545252
3555947
3555976
3556011
3557766
3557791
3557814
3557847
3557874
3557891
3589957
3589978
3590173
3590213
3590240
3590270
3590345
3590817
3590838
3591794
3591879
3591901
3591947
3592567
3593727
3593755
3593771
3593791
3595074
3595092
3595182
3595297
3596771
3600484
3600503
3600517
3600618
3600636
3600835
3600854
3771514
3771546
3771571
3771669
3771691
3771778
3771800
3771827
3771944
3771965
3772090
3772111
3772131
3773276
3773442
3773523
3774161
3774755
3774811
3774882
3774928
3774957
3774979
3775038
3775059
3775078
3775109
3775207
3775288
