œa 17161,1124|18046,2017|18696,2017
œabout 18593,21509
œand 18216,1426
œanoth 18593,20670
œbe 17216,743|17505,1304|18048,1719|18632,770|19112,1262
œbecaus 17066,1430|17784,1027
œbut 18777,970|18777,1291
œchannelsâ 17891,1242
œcitabilityâ 18698,4249
œcool 19152,1042
œdescribingâ 17058,1937
œdid 17382,1930
œdigit 17568,2253|18246,2223
œemerg 18729,2439
œescap 18170,1301
œexplor 17781,1475
œfreelyâ 17488,2108
œgo 18131,1754
œgrown 19042,1138
œhowev 17998,1153
œi 17066,1306|17195,1359|17482,7263|17634,1356|17767,1401|17784,904|17835,1294|17990,1398|17998,899|18046,996|18322,1856|18623,2846|18696,996|18813,2329
œieee 18216,1215
œif 17690,1370
œimagin 17744,2583
œin 17488,1814
œinfectâ 17718,7527
œit 17966,1177|19082,1338
œitâ 18601,1390|18867,1177|19082,1558
œiâ 17066,1003|17634,1315|17784,863|17990,1357|18623,2805|18813,2288
œjournalâ 18698,5458
œliveâ 17906,984
œlong 17664,3839
œmeaningâ 17058,1974
œmodernâ 17906,1022
œmonet 17798,984
œmultipl 18246,1871
œnu 17488,7413
œold 17690,1321
œpivot 17488,2856
œpractic 17788,2561|17999,811|18055,2303|18287,1799|19102,1757
œprogrammingâ 17224,2498|17326,797|17508,839|17891,838
œquaero 17512,976
œreal 17216,2040|17216,2773
œsecond 18093,1064
œsimilar 18729,2273|18729,2594
œsportsâ 17058,1492
œstoke 17891,1111
œswellingâ 17478,3919
œthatâ 18601,1346
œthe 17360,755|17723,713|18563,2586|18793,739|18793,946|18867,1068|18952,1155
œthen 17066,1370|17784,967
œthere 18952,1083
œthi 18775,1800
œtoward 18246,2043
œuser 17810,774|17893,2733|18833,730|18909,772
œvideo 17689,2197|17892,1237|18656,2155|19068,779
œviewerâ 17216,2806
œwe 17690,1714|18038,3248|18365,1019|18365,1091
œweb 17668,2295|18068,2253|18295,1409|18777,893
œweâ 17966,1253
œwhatâ 17539,1689
œyour 17690,2061
œâ 18394,1809|18394,1812|18394,1815|18394,1818|18394,1821|18394,1824|18394,1827|18394,1830
