0
139
154
180
2416
2696
2775
2843
2935
2970
2999
70719
70735
70754
70773
71226
71245
71260
71302
71677
83414
83433
83829
83935
83957
83981
93121
93138
97189
97205
113141
113510
113669
113818
113907
113923
113977
114026
114232
114253
114268
114305
114321
114371
114398
114556
114608
114639
114665
114737
114776
114793
114810
115014
115034
115700
115742
116809
117364
117394
117425
117485
117530
117552
117568
117594
118559
118796
118847
118926
119052
119378
119398
121762
122071
122088
122467
122484
122798
122829
122911
122941
123154
123872
123948
124024
124102
124180
124258
124325
124687
124706
125091
125199
125568
125597
125620
126096
126163
128893
128912
129228
129260
129496
129675
129717
129736
131827
131847
131870
131896
132133
132167
132192
132877
132899
132926
132949
132976
133039
133060
133085
133118
140593
140774
140792
140889
140939
141036
141071
141208
141258
141277
141591
141608
141626
141643
141672
141785
143683
143698
143726
143751
143769
143849
143866
152676
158285
158307
160511
160551
160593
160610
160948
196085
196102
196119
196138
196159
196197
197698
197730
197887
197972
197990
198139
199740
199799
199818
199860
199887
200001
200022
200083
200147
200180
200203
200254
200519
200538
201230
201248
201267
201735
201755
201787
201815
201836
201995
202014
202035
202117
202147
202174
202198
202228
202270
204309
204376
204392
206177
206502
206584
206602
206624
206898
207111
207131
207164
207196
207382
207474
208181
208198
208216
208333
208359
208438
208552
208647
208673
208692
208710
208859
209142
209266
209283
209302
209481
209908
209937
209985
210003
210017
210055
210082
210112
210133
210163
210194
210211
257821
258525
258543
258571
258880
258899
258917
259032
262265
264357
269065
269117
272140
272315
272817
273048
273079
273099
273161
273177
292947
293004
295942
295993
296131
296345
296376
297720
298080
298328
298402
298437
298529
298544
299578
299671
304086
304566
316084
317894
317913
317932
319625
319645
319666
319763
319791
319884
319931
319952
320049
320208
320491
320618
320703
320724
320742
320787
320891
320910
320929
329439
333870
334559
334648
337454
337480
337496
337621
340495
341876
341905
342538
342570
342592
342613
342720
342752
342773
342988
343006
343044
343106
343127
343156
343434
343714
343734
343770
343798
344356
346973
347000
347017
347204
347251
347400
347441
347494
347510
347529
347620
348634
348811
348853
348871
348920
348940
349005
349021
349200
349231
349261
349291
349322
349349
351173
351190
351205
351257
351274
351311
351329
351349
351471
355366
355386
355450
355590
355675
373714
373997
374112
374309
374328
374377
419057
419186
426078
426098
426190
426222
426239
426259
426290
427663
427682
427730
428183
428218
428293
428325
428405
428433
428464
428674
428692
428707
428731
431462
431783
432204
432231
432272
432302
432409
432534
446629
446648
446685
446745
446762
446789
446805
446988
447005
447024
447104
447128
447217
447381
447400
447497
447516
451978
452051
452102
452134
452173
452206
452224
452305
454468
454794
454819
454845
455141
455167
455185
455209
455310
455379
455400
455527
456164
456243
456741
456778
456855
457115
457141
457175
457192
467508
467564
467633
468379
470526
470544
518884
519636
523328
523415
524386
524448
524718
524893
524976
525030
525045
525644
525776
525894
526211
526232
526258
526297
527278
527339
531847
531862
534493
535077
540055
540080
540106
540995
541403
541423
542286
545113
545138
545167
545259
545278
547176
547207
547266
547622
547637
547654
548160
548288
548308
548423
548515
548576
551231
551305
551334
551440
551456
551626
551686
552013
552063
552083
552220
552271
552293
552342
552635
552718
552763
552811
552838
552963
553186
553205
553224
553255
553726
553789
553807
553834
553864
553898
554716
554800
554965
555873
559840
559946
559972
560049
560123
560190
560210
560916
561020
561047
561079
561141
561209
561227
566174
566257
571162
571190
690129
691873
691933
693600
693663
693755
693786
693803
695447
695705
695731
695782
695829
696110
696126
696220
696237
696378
696737
696769
696802
696871
699205
699225
699243
700764
700783
700870
700951
700999
701048
701065
701935
702251
702319
702435
702502
702529
702841
702867
703386
703517
703558
703629
703692
703720
703943
703968
704074
704266
704319
704511
704540
704569
704613
722195
723105
723124
724391
724519
724549
724568
724596
724628
724939
724967
726091
726124
726146
727055
727084
727125
727157
727179
727205
727268
727653
727683
727756
728046
728066
728363
728381
728525
728976
729090
729227
729243
729334
729664
729682
729739
732876
732898
732919
732968
732987
733075
733103
733122
733297
733574
734032
734052
734498
734517
734576
734594
734689
758384
759230
759261
759649
759664
759691
760620
760640
778442
778482
778510
778559
780276
780305
782807
782889
782907
783011
783061
783080
783100
785777
785795
785931
786060
786089
786112
786135
786152
786203
789197
789216
789237
789255
789276
789294
789314
793049
793135
793164
793182
793234
793255
793286
793303
793321
793524
813842
813871
813889
813928
813954
818943
819776
823391
823532
824106
827365
827940
837349
837364
837577
843764
846850
847433
847448
847491
847541
848126
848215
848385
848407
848424
848440
848467
848485
851781
859356
859386
859456
859567
859606
859797
860176
860269
871314
871464
871775
875745
876073
876148
876222
876296
876370
876444
876901
876922
877144
878044
878550
878571
878710
878736
878771
878799
878950
879033
879060
879095
879180
879205
880003
880025
880082
880116
880144
880411
880573
880677
880704
880739
880806
880830
880863
882510
882534
889971
890042
890074
890100
890370
890417
890457
1011450
1011723
1012929
1013496
1013536
1013568
1013600
1013943
1014110
1014194
1024196
1026053
1036844
1036931
1037088
1037898
1046534
1050908
1051280
1051350
1051434
1052059
1052079
1052225
1052459
1053473
1053767
1053859
1053960
1061631
1061652
1061810
1063030
1063115
1063149
1063292
1064384
1064442
1064458
1064496
1065113
1065188
1065229
1065250
1066000
1066031
1066048
1310803
1313767
1313847
1314251
1314521
1314608
1314705
1314724
1314886
1315342
1315368
1315388
1315426
1315442
1315619
1327654
1327673
1327697
1327726
1327746
1327813
1327867
1327890
1327923
1328011
1328062
1328123
1328152
1328182
1328206
1328223
1328274
1328313
1328333
1328361
1328519
1328536
1328553
1329111
1329126
1329158
1329179
1329241
1329314
1329332
1329348
1329437
1329458
1329479
1329506
1329644
1329694
1329714
1330105
1330234
1330249
1330266
1330514
1330536
1330558
1330580
1409038
1409062
1409111
1409143
1409219
1409304
1409330
1409345
1409405
1409455
1409472
1409567
1409593
1409608
1409658
1409678
1409718
1409739
1409834
1409850
1409880
1409920
1409940
1409970
1409990
1410008
1410092
1410108
1410124
1410140
1410161
1410211
1410231
1410261
1410296
1410312
1410328
1410343
1410362
1410380
1410430
1410470
1410490
1410525
1410541
1410562
1410579
1410603
1410652
1410806
1410833
1410943
1411446
1411845
1412713
1412883
1412967
1412988
1413009
1413113
1413130
1413185
1416343
1417033
1417137
1417223
1417243
1419611
1419656
1428997
1434288
1434499
1434524
1434569
1434695
1434807
1434973
1435117
1435140
1435181
1435213
1435428
1435488
1436101
1436131
1436156
1436172
1436210
1436305
1436323
1436374
1436392
