회답 35592,11907
회복 26312,4621|26312,4672|26312,9937|26312,10061|26312,13136|26312,13202|26312,20987|26312,21045|26312,21835|26312,21895|26312,27087|26312,27156|26312,27626|26312,27694|26312,29390|26312,29442|26312,29572|26312,31203|26312,31265|27368,315|27368,573|27368,835|27368,1142|27368,1432|27368,1714|27368,2010|27368,2295|27368,2582|27368,2865|27368,3150|27368,3431|27368,3702|27368,3991|27368,4271|27368,4660|27368,4952|27368,5243|27368,5526|27368,5807|27368,6088|27368,6366|27368,6654|27368,6935|27368,7330|27368,7633|27368,7931|27368,8206|27368,8487|27368,8772|27368,9051|27368,9339|27368,9655|27368,9946|27368,10229|27368,10577|27368,10864|27368,11147|27368,11443|27368,11733|27368,12022|27368,12313|27368,12598|27368,12882|27368,13169|27368,13471|27368,13759|27368,14047|27368,14344|27368,14622|27368,15005|27368,15294|27368,15587|27368,15873|27368,16167|27368,16464|27368,16865|27368,17168|27368,17453|27368,17743|27368,18030|27368,18321|27368,18603|27368,18890|27368,19204|27368,19494|27368,19773|27368,20066|27368,20371|27368,20656|27368,20955|27368,21239|27368,21516|27368,21869|27368,22161|27368,22450|27368,22738|27368,23028|27368,23321|27368,23611|27368,23904|27368,24182|27368,24484|27368,24769|27368,25059|27368,25341|27368,25625|27368,25915|27368,26201|27368,26487|27368,26775|27368,27067|27368,27451|27368,27741|27368,28024|27368,28315|27368,28617|27368,28906|27368,29185|27368,29475|27368,29765|27368,30073|27368,30357|27368,30645|27368,30942|27368,31230|27368,31563|27368,31845|27368,32136|27368,32580|27368,32867|27368,33166|27368,33462|27368,33753|27368,34048|27368,34336|27368,34621|27368,34907|27368,35196|27368,35484|27368,35771|27368,36065|27368,36356|27368,36648|27368,36941|27368,37236|27368,37517|27368,37801|27368,38099|27368,38405|27368,38695|27368,38985|27368,39271|29333,4302|29333,4353|29333,11229|29333,18249|29333,18977|29333,24027|29333,24500|29333,26156|29333,26210|29333,26358|29333,27684|29333,27737|29333,28740|29333,28806|29333,31835|29353,4518|29353,4567|29353,8541|29353,11308|29353,18400|29353,19117|29353,23986|29353,24432|29353,26059|29353,26111|29353,26281|29353,27649|29353,27702|29353,28733|29353,28799|29353,31692|35698,4549|35698,4599|35698,8684|35698,11423|35698,18348|35698,19149|35698,19208|35698,24011|35698,24582|35698,26171|35698,26224|35698,26405|35698,27740|35698,27792|37895,1835|37895,1883|37895,1939|39242,4909|39242,12479|39676,326|39676,587|39676,890|39676,1191|39676,1472|39676,1751|39676,2046|39676,2347|39676,2752|39676,3042|39676,3334|39676,3626|39676,3918|39676,4213|39676,4504|39676,4797|39676,5205|39676,5490|39676,5781|39676,6069|39676,6358|39676,6659|39676,6946|39676,7243|39676,7536|39676,7940|39676,8247|39676,8517|39676,8805|39676,9097|39676,9402|39676,9709|39676,10011|39676,10296|39676,10581|39676,10871|39676,11263|39676,11550|39676,11859|39676,12155|39676,12447|39676,12858|39676,13145|39676,13439|39676,13733|39676,14032|39676,14322|39676,14611|39676,14889|39676,15191|39676,15487|39676,15789|39676,16189|39676,16480|39676,16773|39676,17068|39676,17356|39676,17659|39676,17955|39676,18256|39676,18542|39676,18846|39676,19138|39676,19428|39676,19728|39676,20011|39676,20422|39676,20711|39676,21007|39676,21297|39676,21590|39676,21879|39676,22167|39676,22462|39676,22769|39676,23058|39676,23350|39676,23653|39676,23944|39676,24237|39676,24526|39676,24815|39676,25119|39676,25580|39676,25875|39676,26171|39676,26468|39676,26765|39676,27059|39676,27359|39676,27655|39676,27960|39676,28251|39676,28542|39676,28846|39676,29144|39676,29448|39676,29743|39676,30039|39676,30332|39676,30625|39676,30931|39676,31231|41496,1567|41496,1723|41496,2033|41496,2852|41496,2866|41496,3026|41496,5776|41496,5947|41496,6005|41496,6081|41496,6150|41496,30824|47905,8803|48373,1541|48373,1615|48373,4911|48373,4958|48373,5017|48373,8716|48373,8764|48373,8812|49617,4407|49617,4456|49617,7755|49617,10772|49617,10836|49617,18060|49617,18116|49617,18815|49617,23584|49617,24046|49617,25615|49617,25667|49617,25777|49617,27194|49617,27245|49617,28269|49617,28333|49617,31299|49617,31368
회복1 27368,23580|27368,36910
회복되는건 41496,7755
회복된다 45690,20799
회복량 30838,3836|30838,3885|30838,8443|47905,9406
회복량는 37895,1976|37895,2034|37895,2081
회복량은 39242,6707|39242,6798|39242,9673
회복량이 41496,2914|41496,2970
회복력 41496,848
회복률이 47905,8836|47905,8886
회복만으로 41496,7769
회복속도 26312,2474|26312,2599|26312,3496|26312,3561|26312,4235|26312,4310|26312,6447|26312,6516|26312,8425|26312,11973|26312,12108|26312,14199|26312,14265|26312,16541|26312,16601|26312,18688|26312,18751|26312,21765|26312,21877|26312,25360|26312,25423|26312,25708|26312,25799|26312,28314|26312,28394|26312,28988|26312,29092|26312,29631|26312,30588|26312,30710|26312,37886|26312,37966|26312,38038|26312,38157|29333,2279|29333,2347|29333,3314|29333,3379|29333,4004|29333,5785|29333,9343|29333,9465|29333,10114|29333,10244|29333,11954|29333,14315|29333,16086|29333,18955|29333,22607|29333,22695|29333,25012|29333,25135|29333,25768|29333,26340|29333,27126|29333,33786|29333,33863|29333,33935|29333,34053|29333,34126|29333,34235|29353,2490|29353,2735|29353,3546|29353,3609|29353,4224|29353,6117|29353,9439|29353,9563|29353,10199|29353,10327|29353,12094|29353,14272|29353,16152|29353,19095|29353,22636|29353,22722|29353,25059|29353,25134|29353,25726|29353,26220|29353,27122|29353,27225|29353,33679|29353,33754|29353,33825|29353,33944|35698,3569|35698,3633|35698,4258|35698,6159|35698,9438|35698,9622|35698,10137|35698,10266|35698,10347|35698,10452|35698,12176|35698,14320|35698,16181|35698,19083|35698,19192|35698,22736|35698,22821|35698,25153|35698,25227|35698,25818|35698,25908|35698,26345|35698,27239|35698,27335|35698,33894|35698,33968|35698,34036|35698,34140|35698,34250|35698,34312|37895,2091|37895,2164|37895,5202|37895,6891|37895,7513|37895,10373|37895,11488|37895,11673|47905,4698|47905,4785|47905,4885|48373,4389|48373,4439|48373,4495|48373,4556|48373,8568|48373,8621|48576,6552|48576,8433|48576,9501|48576,10043|48576,16998|48576,19690|48576,21853|48576,23553|48576,24079|49617,2421|49617,2487|49617,3551|49617,3614|49617,4099|49617,5775|49617,8748|49617,8868|49617,9502|49617,9632|49617,9717|49617,9825|49617,11641|49617,11709|49617,13865|49617,13923|49617,15747|49617,15808|49617,18793|49617,22151|49617,22239|49617,24610|49617,24687|49617,25281|49617,25834|49617,26666|49617,26769|49617,33236|49617,33313|49617,33385|49617,33490|49617,33563|49617,33658
회복속도가 47905,4735|47905,4833
회복시키 30838,3944
회복시킨다 39242,6698|39242,6784
회복아이템의 44611,4441|47905,8829|47905,8879
회복약 23612,121|23612,151|23612,3156|23818,659|23818,940|27609,980|27609,5938|30838,3895|31706,330|31706,4897|33821,4991|33821,5078|33821,5138|33821,5218|33821,5298|39242,6803|39339,1822|39339,4542|39339,4854|39339,7412|41496,598|42405,1217|42405,2403|42405,2425|42405,2468|42405,2619|42405,3306|42405,6436|42405,6476|42405,6611|46577,783|46577,1982|46577,2348|47905,9065|47905,9135|47905,9329
회복약g 23612,146|23818,3327|23818,3778|27609,859|27609,3504|27609,5933|39242,9678|39339,1565|39339,6269|39572,1107|41496,641|42405,1222|42405,1975|42405,2407|42405,2429|42405,2614|42405,3311|42405,5784|42405,6635|42405,7031|46577,4532|46577,5170
회복에 39242,4747|39242,13336
회복은 39242,2233
회복이 37895,2365|39242,12463|39242,13391
회복이나 39242,762|39242,1167
회복적 23612,2069|39572,419|41496,5898|42405,1594|42405,6943|42405,9500|48373,8987
회복타이밍 39242,11731
회복탄 23612,3119|23612,3152|30838,3756|30838,3816|30838,3864|30838,6057|30838,6179|30838,7149|30838,7267|31706,491|31706,567|31706,5430|31706,5512|41496,11055|41496,11089
회복탄lv1 30838,8429|39676,33319
회복탄lv2 39676,33418
회복피리를 39242,9693
회복피리술 39242,6671
회복하는 39242,8495|47905,2509
회복한다 39242,9766|39242,14610
회복해 39242,9798|39242,13193|41496,2902|41496,2958
회복효과가 44611,4448
회색으로 39242,6107
회수가 53592,9699|53592,9735
회수의 53592,16250
회심 21985,419|21985,11270|21985,21339|21985,21722|21985,22278|21985,23218|21985,24086|21985,25258|21985,26449|21985,27484|21985,27857|21985,28173|24394,409|24394,8546|24394,21348|24394,22086|24394,22966|24394,24006|24394,24554|24394,24901|24394,26146|24394,27348|24394,27700|24394,28175|27368,201|27368,4531|27368,7192|27368,10450|27368,14878|27368,16726|27368,21738|27368,27326|27368,32458|28478,277|28478,2099|28478,3512|28478,4441|28478,5784|28478,6436|28478,6910|28478,7936|28478,8874|28478,9523|28478,9873|28478,11158|28478,11969|28478,12651|28478,13134|28478,14110|28478,14596|28478,15105|28478,15450|28478,15792|28478,16256|28478,16599|28478,17561|28478,17775|28478,18058|30024,407|30024,11813|30024,20694|30024,21859|30024,23063|30024,24305|30024,25348|30024,26263|30024,27000|30024,27557|30024,27910|30024,28407|30024,28953|30024,29261|30024,37935|30024,37964|30024,37992|30377,410|30377,3852|30377,8108|30377,9958|30377,10962|30377,13039|30377,13777|30377,14580|30377,15238|30377,15868|30377,16892|30377,17238|30377,18021|30377,18797|30377,19773|30377,20016|30377,20581|30377,21004|30377,21639|30377,22315|30377,23014|30377,23912|30377,24143|30377,24421|36224,413|36224,9188|36224,16985|36224,18403|36224,19631|36224,20663|36224,21225|36224,21568|36224,21909|36224,22816|36224,23593|36224,24713|36224,25116|36224,25740|39676,205|39676,2618|39676,5070|39676,7813|39676,11139|39676,12723|39676,16061|39676,20301|39676,25453|45690,528|45690,4070|45690,7836|45690,11477|45690,12544|45690,13388|45690,13976|45690,14343|45690,14753|45690,15477|45690,16238|45690,16753|45690,17279|45690,17783|48576,410|48576,4190|48576,5707|48576,7514|48576,9346|48576,10780|48576,11849|48576,12629|48576,13919|48576,15204|48576,16175|48576,17356|48576,18202|48576,18760|48576,20030|48576,20611|48576,21186|48576,21659|48576,22040|52371,899|52371,7473|52371,12422|52371,12847|52371,13359|52371,14658|52371,15698|52371,17040|52371,17854|52371,18539|52371,19011|52371,19540|52371,20363|52371,20920|52371,21320|52371,21705|52371,22125|52371,22777
회심공격술 39242,8611
회심공격이 47905,2837
회심률 47905,4392|47905,4538|47905,4560|47905,4584|47905,4608
회심률에 21985,277|24394,267|30024,267|30377,267|36224,269|45690,278|47905,4455|48576,274|52371,760
회심률이 47905,4415
회심무기에도 47905,2821
회심율 39242,8660
회심율에 21985,246|24394,236|30024,236|30377,236|36224,238|45690,245|48576,243|52371,729
회심효과가 47905,2779
회을 53592,8229|53592,8266|53592,9709|53592,9746
회전 30024,37951|30024,37970|30024,38015|30024,38027|30024,38052|30377,28622
회전공격 30024,36652
회전베기 30377,28608|30377,30121|36224,31945
회전베기로 36224,32880|36224,32892
회전을 30024,38081
회전이나 45690,25450
회전째 30024,36790|30024,36886
회전치기 30024,36315|30024,36894|30024,37134
회피 21985,35207|21985,35458|24394,35261|28478,21124|28478,21140|30024,36627|30377,29702|30377,29900|36224,32401|36224,32921|44611,3469|44611,3525|45690,21758|52371,26455|52371,26794|52371,26992
회피가 39676,31903
회피거리 21985,37165|26312,18274|26312,18383|26312,31385|26312,31459|26312,35747|26312,36435|26312,36512|26312,36882|29333,15806|29333,27813|29333,32539|29333,32612|29353,15846|29353,15907|29353,27803|29353,27877|29353,32439|29353,32513|29353,32757|35698,15926|35698,15983|35698,27895|35698,27959|35698,31985|35698,32687|35698,32761|35698,32988|47905,5174|48373,6133|48373,6216|49617,15446|49617,15507|49617,27347|49617,27410|49617,31965|49617,32039|49617,32303
회피거리up 30377,29020|42049,6765|42049,12287|42049,14597|42049,14746|47905,5182|48345,6790|48345,12277|48345,14620|48345,14784
회피거리가 21985,37309
회피계의 36224,32444
회피나 36224,32876|47905,7741|47905,7797|47905,7855|47905,7909
회피로 24394,35343|36224,32363|36224,32911
회피를 36224,32388|36224,32431
회피성능 21985,36776|26312,4065|26312,4128|26312,9042|26312,10648|26312,10735|26312,12761|26312,12828|26312,20127|26312,20189|26312,23594|26312,24836|26312,24918|26312,26708|26312,31376|26312,31450|26312,34882|26312,34979|26312,35299|26312,38101|26312,38168|29333,3834|29333,3895|29333,7598|29333,8995|29333,10907|29333,17427|29333,20659|29333,21754|29333,23600|29333,27801|29333,31213|29333,33999|29333,34062|29353,4055|29353,4116|29353,7632|29353,9013|29353,9096|29353,10996|29353,17504|29353,20622|29353,21803|29353,23562|29353,27794|29353,27868|29353,30931|29353,31392|29353,33889|29353,33953|30377,29012|35698,4087|35698,4149|35698,7775|35698,8989|35698,11102|35698,17587|35698,20792|35698,21889|35698,23625|35698,27886|35698,27950|35698,31317|35698,31670|35698,34085|35698,34149|42049,1819|42049,3728|42049,7620|42049,9440|42049,12279|42049,13950|42049,14119|42049,14137|42049,15317|47905,5075|47905,5083|47905,5130|48345,1795|48345,3721|48345,3728|48345,7621|48345,9388|48345,12269|48345,13930|48345,15378|48373,5996|48373,6081|49617,3929|49617,3990|49617,7059|49617,8324|49617,8407|49617,10473|49617,17140|49617,17200|49617,20168|49617,21354|49617,21432|49617,23155|49617,27338|49617,27401|49617,30598|49617,30935|49617,33435|49617,33499
회피시 47905,5090|47905,5137|47905,5189
회피에도 45690,22434
회피주 35592,8485|48373,5992
회피하기도 48576,26713
회피하는 39676,33121
회피할 39242,13420
회피할수 39676,33075
회피후 36224,31991
회회 30024,7176|30024,34766
