_0 43795,434|43795,1610
_007 40344,883|43748,2585
_1 43795,441|43795,1617
_2 30593,3660|30593,3692|35848,1284|42862,4075|45101,5665|45385,2811|45385,2927
_20160309 23050,2504
_4 30584,661
_65946649 40344,864
__ 23532,29112|24976,631|24976,687|24976,1681|24976,1742|24976,1815|26283,1321|26283,1324|27143,27932|33557,9280|36867,962|36867,4021|37377,1936|40429,28692|41729,2935|44614,63048|44614,63949|45425,284050|46315,540598|46315,589210|46543,2577|48293,31019|48622,52592|50990,1381|51667,3264|51667,3330|51667,21502|51667,21832|51667,22030|51833,1984|51833,1999|51833,2027|51833,2058|51833,2081|51833,2090|51833,2105|51833,2141|51833,2449|51833,2653|51833,2831|51869,23436
__1 41990,35851|41990,35875|41990,35911|41990,35951|41990,35987|41990,36018|41990,36129|41990,36159
___ 25272,717|33557,9223|37127,6651|40422,5104|41729,2958|47250,10060|47250,10070|48622,21036|48622,21069|48622,21077|48622,23193|48622,23210|48622,23453|48622,23470|48622,23717|48622,23738|51833,1952|51833,2038|51833,2193|51833,2701|51833,2881|51833,2931|51833,3102|51833,3236|51833,3248|51833,3375|52806,1658
____ 25272,418|25462,16463|25462,16518|36254,64468|36933,6541|44614,63222|44614,63333|44614,63970|45425,283998|48622,19882|48622,20121|48622,20352|51833,2128
_____ 25272,357|25272,493|25272,499|25272,635|25272,739|26283,602|26283,847|27457,415|36254,64496|44614,62681|45425,310126|45425,310162|45425,310191|45425,310238|45425,310269|45425,310306|45425,310338|47906,3732|49306,10653|51060,6306|51060,11619|51833,2009|51833,2047
______ 23980,4248|25272,282|25337,3597|25337,3798|26283,589|26283,736|36224,33040|48622,19734|48622,19973|48622,20204|49306,10680
_______ 22183,2036|32383,15067|32383,15234|36254,64428|37127,6595|39102,3363|43285,8927|43285,9530|44614,62636|44614,62657|47738,1815|48035,1720|49306,10667|51833,1957
________ 22447,12594|22447,12604|26283,1207|39102,3381|51884,20929|51884,20939
_________ 26283,538|32383,15189|32383,15294|39102,2510
__________ 26283,881|26877,17161|32383,15244
___________ 32383,15156|32383,15261|48622,52531
____________ 44614,62811|44614,62832|44614,62854|44614,62877|44614,62898|44614,62920|44614,62943|44614,62964|44614,62986|44614,63009|44614,63030|44614,63052|44614,63075|44614,63096|44614,63118|44614,63603|44614,63624|44614,63646|44614,63669|44614,63690|44614,63712|44614,63735|44614,63756|44614,63778|44614,63801|44614,63822|44614,63844|44614,63867|44614,63888|44614,63910|44614,63933|44614,63954|44614,63976|48622,21000|50520,4978|51060,11606
_____________ 29648,1308|29648,1445|32383,15096|38978,40
______________ 23717,2390|29648,746|29648,871|47906,3717|50678,2025|51060,6291
_______________ 23717,2369|29648,1021|29648,1149|50678,2004
________________ 22447,5539|22447,5678|22447,5809|22447,12312|22447,12419|22447,12438|22447,12496|22447,12563|37127,6837|51884,7861|51884,8009|51884,8156|51884,20647|51884,20754|51884,20773|51884,20831|51884,20898
__________________ 36254,64475
___________________ 48622,51945|50938,12728|50938,12897
____________________ 32383,15129
_____________________ 22837,7779|50938,12425|50938,12592
_______________________ 23717,2338|29167,4239|29167,4263|36224,33016|36806,4556|36806,4596|50678,1973
________________________ 45425,71882|45425,236159
_________________________ 36254,42558
__________________________ 26283,487|26283,927|31103,2935|31103,6715|39102,3675
___________________________ 31103,6755
____________________________ 23717,2457|49306,9352|50678,2092
______________________________ 22201,2071|22201,3334|34635,3419|36254,20752|36254,65443|36254,67453|36254,75070|36254,80522|36254,81063|36806,5902|36806,12513|36817,431|39072,11583
_______________________________ 23717,2420|50520,4911|50678,2055
________________________________ 36254,67500
_________________________________ 22201,2120|22201,3384|31103,2962|34635,3472|36254,20801|36254,65490|36254,75117|36254,80569|36254,81110|36806,12560|36817,478|39072,11630
____________________________________ 40412,2300
_____________________________________ 23717,1740|23717,1817|23717,1898|40643,5214|45928,7893|50678,1375|50678,1452|50678,1533
______________________________________ 23326,745|37209,5859|46252,79078|46252,79330|46252,79516
________________________________________ 24380,265|24380,748|24380,3199|24380,28989|24380,30023|24380,31292|24380,32022|24380,32877|29136,456|29136,1316|29136,1358|32471,459|32471,1319|32471,1361|33798,27736|33798,28752|33798,29990|33798,30711|33798,31554|36415,28173|36415,29202|36415,30470|36415,31200|36415,32055|41980,2828|41980,3849|41980,4873|41980,5512|41980,6355|49485,28172|49485,29201|49485,30470|49485,31200|49485,32055|51109,2693|51109,3714|51109,4738|51109,5377|51109,6220
_________________________________________ 37993,981|37993,1045
__________________________________________ 37209,3083
___________________________________________ 23326,803|23717,2604|29522,1724|50678,2239
____________________________________________ 21962,14951|35850,5405|41790,1823|42426,311|42426,678|42426,745|47906,3738
_____________________________________________ 25649,4606|29176,4776|49955,3885
______________________________________________ 21962,13536|35850,4361|35850,5791|42426,255|51060,6312|51060,11625
_______________________________________________ 25649,3965|36254,77961|42426,200|53412,28563
________________________________________________ 35433,10039|35433,15036|37209,4780|40412,901
_________________________________________________ 28835,27437
__________________________________________________ 21962,14321|25142,2027|25150,426|27070,725|28835,12703|29290,1696|44026,822
___________________________________________________ 28534,2586|28835,11654
____________________________________________________ 37209,5186|53412,28946
_____________________________________________________ 21962,6021|23980,4965|28534,2062|31981,2650|31981,4428|35850,765|35850,6288|35850,7416
______________________________________________________ 21962,4129|23124,853|23124,1470|23124,4143|23124,4750|23124,5010|23124,5376|23124,5694|23124,6064|23124,6525|23124,6837|23124,7203|23124,7513|23124,8242|23124,8590|23124,8844|23124,9353|23124,9996|23124,10421|23124,10842|23124,12721|23124,13693|23124,14396|23124,15539|23124,15858|23124,16418|23124,16873|23124,17158|23124,18216|23124,18800|23124,19091|23124,19491|23124,19742|23124,20086|23124,20693|23124,21073|23124,23171|23124,23731|23124,24469|23124,24816|23124,25689|23980,528|23980,1032|23980,1450|23980,2372|23980,2858|23980,4551|23980,5543|23980,6184|23980,7340|23980,7652|23980,8559|23980,9357|23980,10159|23980,11567|23980,13138|23980,13875|23980,14365|23980,15162|23980,15603|23980,15896|23980,16686|23980,17629|23980,18743|23980,19799|23980,20256|23980,20640|23980,21510|23980,21791|23980,22217|23980,22577|23980,22970|23980,23396|23980,24025|23980,24896|23980,26034|23980,27220|23980,28648|23980,31526|23980,32060|23980,32713|23980,33408|23980,34587|23980,35186|23980,36308|23980,36868|23980,38137|23980,38571|23980,39165|23980,40649|23980,42023|23980,42330|23980,42666|23980,43531|23980,45496|23980,45806|23980,46174|23980,47649|27070,1506|28534,1347|28534,2869|28835,9927|28835,10790|32228,643|32228,1384|32228,2466|32228,2873|32228,3467|32228,4135|32228,4846|32228,5843|32228,6327|32228,7038|35433,23767|35433,24343|35850,3009|36953,1160|36953,2075|36953,4216|36953,4623|36953,5704|36953,5984|36953,6564|36953,6903|36953,7554|39072,11188|44432,669|44432,1373|44432,1861|44432,3029|44432,3525|44432,4103|44432,5127|47468,3886|47468,4245|47468,4964|47468,5761|47468,6066|47468,6907|47468,8177|47468,25303|47468,25641|47468,26044|47468,26331|47468,26641|47468,26889|47468,27810|47468,28920|47468,29976|47468,30432|47468,30867|47468,31735|48870,5261|49955,1204|50074,603|50074,992|50074,2202|50074,2990|50074,3421|50074,4099|53300,4055
_______________________________________________________ 21962,6503|21962,14593|22635,572|22635,1104|22635,1819|22635,4870|22635,5938|29176,1307|29176,3223|31236,7143|31236,7677|31236,8114|35433,19616|36254,55129|36254,85209|36254,86277|37209,3626|37209,4189|41790,871|41790,1302|48870,7709|49955,1678|49955,1997|53412,27438
________________________________________________________ 31236,3418|36254,74597|39072,10577|48870,6569|49955,7984|49955,9118|49955,9715
_________________________________________________________ 21962,1448|21962,1792|21962,2460|21962,3128|21962,3631|21962,4522|21962,5147|21962,8598|21962,12733|21962,13979|21962,15745|21962,17861|21962,19814|21962,21595|21962,27434|21962,30894|31236,1759|36254,59448|37209,906|37209,1551|49767,598|49767,949
__________________________________________________________ 35850,2154|36254,67241|42426,135|48870,6921
___________________________________________________________ 26502,487|29522,3859|31236,5825|36254,60988|36254,64560|44026,2299|48870,17997|48870,20137|48870,20704
____________________________________________________________ 21962,7197|23717,2101|27070,2670|27070,3871|27070,4211|31324,645|31324,1562|31324,2598|36254,69140|37309,596|37309,1831|37309,2217|39072,2384|39072,4104|45239,1336|45239,1611|45239,2308|45239,3324|45239,3731|45239,4282|45239,4492|45239,5336|45239,5931|45239,6448|47050,2405|48870,11950|48870,12501|48870,13064|48870,14304|48870,14751|48870,15091|48870,15945|48870,16731|48870,17578|48870,19145|48870,21076|48870,21558|48870,21622|48870,21686|48870,21750|50678,1736
_____________________________________________________________ 31236,3813|50074,3807|53412,22118
______________________________________________________________ 22703,8716|31537,1872|31537,2115|31537,2526
_______________________________________________________________ 28238,7786|28238,7851|28238,7916|28238,7981|28238,8046|28238,8111|28238,8176|28238,8241|28238,8306|28238,8371|28238,8436|28238,8501|28238,8566|28238,8631|28238,8696|28238,8761|28238,8826|34201,7654|34201,7719|34201,7784|34201,7849|34201,7914|34201,7979|34201,8044|34201,8109|34201,8174|34201,8239|34201,8304|34201,8369|34201,8434|34201,8499|34201,8564|34201,8629|34201,8694|35244,8747|35244,8812|35244,8877|35244,8942|35244,9007|35244,9072|35244,9137|35244,9202|35244,9267|35244,9332|35244,9397|35244,9462|35244,9527|35244,9592|35244,9657|35244,9722|35244,9787|48622,52331
________________________________________________________________ 23717,2259|39072,13697|42426,50|44026,6669|44026,12376|44026,14328|50678,1894
_________________________________________________________________ 23717,2501|36401,86|36401,947|36401,2605|39072,10160|47468,1585|47906,3511|50678,2136|51060,11400|53412,14462|53412,15610
__________________________________________________________________ 23717,2176|36746,3148|44026,5002|44026,5425|45699,60164|45699,60678|45699,61223|45699,62367|45699,62761|45699,63260|45699,63678|45699,64211|45699,64560|45699,64849|45699,65159|45699,65496|45699,65814|45699,66687|45699,71456|45699,71831|45699,72755|45699,72866|45699,73108|45699,73310|45699,73737|45699,74246|45699,74715|45699,75473|45699,76637|45699,77118|45699,78059|45699,79106|45699,80244|45699,80972|45699,82157|45699,83189|45699,84342|45699,87561|45699,88631|45699,89583|45699,90508|45699,90919|45699,91927|45699,92808|45699,93191|45699,94025|45699,95710|45699,96063|45699,96318|45699,96648|45699,96873|45699,97184|45699,97591|45699,102349|45699,103991|45699,105632|45699,106303|45699,107716|45699,108185|45699,109197|45699,109612|45699,109994|45699,110068|45699,110874|45699,111891|45699,112801|50678,1811
___________________________________________________________________ 23717,1987|29522,12180|37309,2814|43101,4222|44302,551|45699,24781|45699,25961|45699,27918|45699,29048|48870,8738|50678,1622|51060,6079
____________________________________________________________________ 21962,11495|29522,10839|31103,6793|35433,2633|36746,520|45699,22680
_____________________________________________________________________ 22201,7833|22201,8935|25896,1452|25896,1960|26995,515|26995,1126|26995,1600|26995,2156|26995,2844|26995,3509|26995,3904|26995,4401|26995,4998|31243,8717|31243,10214|31243,12927|33470,583|33470,1150|33470,1630|33470,4660|33470,6776|33470,8024|33470,8419|33470,8716|36746,1033|36746,1722|36746,2122|36746,2650|36746,3592|36746,4551|36746,5142|36746,7419|36746,7970|36746,9848|36746,12830|36746,16935|36746,18052|39072,14262|39072,15138|47007,1352|47007,2452|47007,6942|47007,8271|47007,9361|47007,9863|47007,11768|47007,13520|47007,16520|47007,20329|48369,78|48369,600|48369,1180|48369,3820|48369,4354|48369,5249|48369,6148|48369,7767|53300,5402|53300,5792|53300,6178
______________________________________________________________________ 31243,2498|31243,4443|31243,5821|31243,7282|31243,7608|43101,2427|44701,879|44701,1597|44701,1968|44701,2709|44701,4332|45699,2971|45699,5644|45699,6576|45699,9054|45699,10999|45699,12377|45699,45503|45699,46711|45699,53013|45699,53889|45699,54480|45699,56219
_______________________________________________________________________ 44026,10657|44026,11754|44026,36208|45239,7301|45239,8162
________________________________________________________________________ 22703,4175|22703,4489|22703,5701|22703,6415|23717,2656|28835,13518|50678,2291|53412,17948|53412,19975|53412,20049
_________________________________________________________________________ 22065,1028|22065,5799|22065,6266|22065,9045|22065,10112|22065,10605|22065,10942|22065,11417|22065,11756|22065,12135|22065,13172|22065,13950|22065,14688|22065,15126|22703,653|22703,1098|22703,1658|22703,2028|22703,2389|22703,2949|22703,3470|22703,7330|25740,770|25740,1090|25740,1419|26295,1489|26589,2318|26589,2859|26589,3398|26589,3774|29176,5503|29176,7712|29176,8687|29176,10252|29176,11188|29176,11643|29176,12505|29176,13493|29176,14449|29176,17527|29176,18477|29176,19127|29176,20198|29176,20929|29176,22186|29176,26066|29176,26918|29176,30264|29176,31094|29176,31637|31900,395|31900,1986|31900,2533|31900,3220|31900,4040|31900,4444|31900,4830|31900,5058|31900,5252|31900,6422|31900,6794|31900,7257|31900,7873|31900,8283|31900,9299|31980,95|31980,170|31980,245|31980,320|31980,395|31980,470|31980,547|39072,6332|39072,6935|39072,7352|39072,7704|39072,7962|39072,8305|39072,8512|39072,8822|39072,9062|39895,1219|39895,2001|40341,679|45699,44305|45786,589|45786,1281|45786,3457|49972,582|49972,1007|49972,1366|50074,1284|50074,4410|50074,4902|50835,1152|50835,1606|50835,1973|50835,2366|50835,2623|51442,702|51442,1383|51442,2305|51442,2677|51442,3378|51442,3936|51442,4509
__________________________________________________________________________ 31103,2771|44026,7326|44026,7758|44026,8369|44026,8955|44026,14595|44026,15289|44026,16170|44026,31702|44026,32390|44026,32924|44026,33590|44026,34168|44026,36950|45699,50737|45699,52143|45699,56822|45699,57470|46252,83472|46252,83976|46252,84878
____________________________________________________________________________ 45425,107124
_____________________________________________________________________________ 31103,7016|31243,3799|45699,10355
______________________________________________________________________________ 34702,3796|34702,5266|45425,107369|52590,6512
_______________________________________________________________________________ 38055,689|45699,4454
________________________________________________________________________________ 52590,753|52590,1711|52590,2619|52590,3289|52590,4104|52590,4298|52590,4802|52590,5538|52590,6068|52590,7005|52590,7730|52590,7976|52590,8445|52590,8858|52590,9591|52590,10603|52590,10788|52590,11051|52590,11290|52590,12061|52590,12872|52590,14301|52590,15321|52590,16753|52590,17802
_________________________________________________________________________________ 21962,32344
__________________________________________________________________________________ 21962,10009
___________________________________________________________________________________ 31127,572|31127,2192|31127,3698|31127,5066|34702,7085|34702,8662|45699,68400|45699,69942
___a___ 39102,3240
___argc 37072,82416|37072,173208|47838,82416|47838,173208
___argv 37072,82474|37072,173324|47838,82474|47838,173324
___b____ 39102,3258
___build_environ 37072,82532|37072,115198|47838,82532|47838,115198
___callv 37072,82590|37072,116950|47838,82590|47838,116950
___cc_array 37072,82648|37072,116532|47838,82648|47838,116532
___cc_handl 37072,82706|37072,116590|47838,82706|47838,116590
___cc_handles_length 37072,82764|37072,116648|47838,82764|47838,116648
___cpp_init_ptr 37072,82822|37072,175883|47838,82822|47838,175883
___doserrno 37072,82880|37072,115720|47838,82880|47838,115720
___faterr 37072,82938|37072,117008|47838,82938|47838,117008
___fp_sigfunc 37072,82996|37072,174194|47838,82996|47838,174194
___heap32_multpool_cpp2346133860_ 37072,82279|37072,82351|37072,118499|37072,118571|47838,82279|47838,82351|47838,118499|47838,118571
___init_environ_ptr 37072,83054|37072,173962|47838,83054|47838,173962
___init_mbctype_ptr 37072,83112|37072,174722|47838,83112|47838,174722
___initmbctyp 37072,83170|37072,115314|47838,83170|47838,115314
___itoa 37072,83228|37072,118694|47838,83228|47838,118694
___j 51833,2520
___locale_codepag 37072,83286|37072,174542|47838,83286|47838,174542
___locale_id 37072,83344|37072,174600|47838,83344|47838,174600
___locale_mbs 37072,83402|37072,174484|47838,83402|47838,174484
___mb_cpinfo 37072,83460|37072,175129|47838,83460|47838,175129
___mb_cpinfon 37072,83518|37072,175187|47838,83518|47838,175187
___mbcodepag 37072,83576|37072,174896|47838,83576|47838,174896
___mbcpinfo 37072,83634|37072,174838|47838,83634|47838,174838
___mblcid 37072,83692|37072,174954|47838,83692|47838,174954
___module_handl 37072,83750|37072,175419|47838,83750|47838,175419
___rtl_clean_cppexcept 37072,83808|37072,116892|47838,83808|47838,116892
___rtl_criticalsect 37072,83866|37072,174368|47838,83866|47838,174368
___rtl_init_cppexcept 37072,83924|37072,116834|47838,83924|47838,116834
___sd 37072,82272|37072,118492|47838,82272|47838,118492
___si 37072,82344|37072,118564|47838,82344|47838,118564
___sigill_sigfunc 37072,83982|37072,174252|47838,83982|47838,174252
___sigsegv_sigfunc 37072,84040|37072,174310|47838,84040|47838,174310
___terminate_don 37072,84098|37072,172338|47838,84098|47838,172338
___thdtbl 37072,84156|37072,174020|47838,84156|47838,174020
___threadid 37072,84214|37072,115546|47838,84214|47838,115546
___ve_debughook 37072,84272|37072,174426|47838,84272|47838,174426
___wargv 37072,84330|37072,173440|47838,84330|47838,173440
___wildcard 37072,84388|37072,172164|47838,84388|47838,172164
___xcfilter 37072,84446|37072,114792|47838,84446|47838,114792
__abs__ 35172,59306|48293,51756
__acm_ 24751,597
__acmdln 37072,84504|37072,174078|47838,84504|47838,174078
__acrtused_con 37072,84562|37072,172280|47838,84562|47838,172280
__add 35172,48469|35172,50477
__add__ 25874,30689|25932,3001|25932,3036|26877,20847|26877,21231|31690,476|34990,10723|35172,42001|35172,42542|35172,42585|35172,43242|35172,43386|35172,43753|35172,44140|35172,44596|35172,44624|35172,44901|35172,45519|35172,45628|35172,46203|35172,47960|35172,48424|35172,48979|35172,49329|35172,49364|35172,49586|35172,49760|35172,49909|35172,50287|35172,50403|35172,50448|35172,50636|35172,51227|35172,51272|35172,51387|35172,52019|35172,52074|35172,52121|35172,52607|35172,52754|35172,53176|35172,53967|35172,54441|35172,55014|35172,56808|35172,59393|35172,59670|35172,60343|35172,62442|35172,62723|41298,297|42094,3756|42307,298|45395,306|47930,5780|47930,18684|47930,19300|48293,51859|49194,3756|53202,350
__addthreadtableentri 37072,84620|37072,117994|47838,84620|47838,117994
__allocinit 37072,84678|37072,115894|47838,84678|47838,115894
__and__ 35172,52861|46705,15168|48293,51966
__argc 37072,84736|37072,173150|47838,84736|47838,173150
__argv 37072,84794|37072,173266|47838,84794|47838,173266
__asm 40117,3921
__atexit_max 37072,84852|37072,172454|47838,84852|47838,172454
__atexit_tbl 37072,84910|37072,175361|47838,84910|47838,175361
__atexitp 37072,84968|37072,172396|47838,84968|47838,172396
__atopsp 37072,85026|37072,174136|47838,85026|47838,174136
__attribute__ 21998,1721|21998,1831|21998,1931|38624,4406
__avx__ 50562,1013|50562,2056
__bases__ 27606,6706|27606,6996|27606,7352
__bool__ 23022,355|31690,553|35172,6845|35172,6959|35172,7881|35172,7944|35172,8570|35172,9244|35172,9284|35172,9791|35172,10461|35172,10736|35172,10983|35172,11081|35172,11232|35172,13574|35172,13664|35172,14119|35172,40876|35172,57988|35172,61242|37377,2033|41298,364|42307,365|45395,356|46543,2674|46705,11661|46705,11850|47930,5789|47930,12934|47930,13054|47930,14002|53202,420
__bool__funct 35172,7105
__builtin_ffsl 48144,53031
__call__ 36324,9028|36324,9152|37377,2291|46543,2843|46705,9082|48293,23069|48293,23164|48293,23200|48293,23468|48293,23593|48293,23713|48293,23946|48293,24356|48293,24394|48293,24419|48293,24573|48293,25190|48293,25718|48293,26415|48293,27057|48293,52835|48293,54279|49053,1006|49053,4331|49053,4841|49053,5860|49053,5948|49053,6228|49053,6530|49053,10911|49053,12169|49053,16102|49053,16353|49053,16731|49053,16822|49053,27622
__call_except_block 37072,85084|37072,116184|47838,85084|47838,116184
__calls__ 48293,26449|48293,26503
__cast_ 37072,85142|37072,85200|37072,171622|37072,171683|47838,85142|47838,85200|47838,171622|47838,171683
__ceil__ 48293,51799
__cinit 37072,85261|37072,115024|47838,85261|47838,115024
__cleanup 45425,360006|45425,360070|45425,360083|45425,360457|45425,360781
__clearbss 37072,85319|37072,116126|47838,85319|47838,116126
__code__ 46023,4944|46023,5024|46023,5101|46023,5212|46023,5454|46023,5509|46023,5560|46023,5805|46023,17489|46023,17542|46023,17592|49053,13973
__coerce__ 48293,52524
__complex__ 35172,21679|48293,52469
__connectk_gui 50330,1493|52348,304
__contains__ 34990,8005|37377,2258|40029,52861|46543,2810|48293,1952|48293,2206|48293,14438|48293,14482|48293,14546|48293,14922|48293,16709|48293,16798|48293,16977|48293,17417|48293,17529|48293,18145|48293,19335|48293,49739|48293,51054|48293,52797|51362,25811|51362,26809|51362,30129|51362,31078|51362,38229
__coord 35172,3239
__copy__ 48293,52845
__cppeh_sv 37072,85377|37072,173788|47838,85377|47838,173788
__cpumod 37072,85435|37072,172570|47838,85435|47838,172570
__debug__ 45471,14816|45471,14893|45471,15196|45471,15253
__declspec 38624,4473|38624,4495
__deepcopy__ 48293,52855
__delattr__ 37377,2377|46543,2929|48293,40177|48293,46430|48293,46779|48293,46923
__delete__ 48293,53023
__delete_rtl_critsect 37072,85493|37072,116474|47838,85493|47838,116474
__delitem__ 26117,10114|26117,10235|34990,9485|34990,9613|34990,9681|34990,10410|37377,2245|46543,2797|48293,2140|48293,12955|48293,13236|48293,13283|48293,13655|48293,13757|48293,13841|48293,14178|48293,14272|48293,14320|48293,20188|48293,21427|48293,22278|48293,49190|48293,49237|48293,49609|48293,52761
__deltitem__ 26117,10172
__dict_ 45471,9850
__dict__ 23022,3459|25932,175378|25932,175432|25932,175642|25932,176051|25932,176107|26117,1744|26117,23009|26117,27025|26117,27292|26117,30102|26117,30165|27143,16670|27143,16709|27606,10116|27606,10152|27606,10286|27606,10322|27606,11158|27606,11269|27606,11457|27606,11498|31690,1421|33476,4570|33476,5379|33476,5399|33482,1493|35172,2484|35172,61548|36538,1259|36849,21222|37377,1009|37377,1843|40429,9861|41298,1004|42307,1000|42873,1819|45395,1645|45471,3019|45471,3491|45471,4112|45471,7039|45471,7176|45471,7230|45471,7257|45471,7838|45471,7910|45471,7951|45471,8034|45471,8188|45471,8801|45471,10141|45471,10326|45471,10485|45471,10699|45471,17564|45471,17688|45471,17778|45471,22019|45471,23685|45471,23832|45471,24183|45471,24336|45471,24456|45471,24602|45471,29913|45471,30041|45471,30133|45471,30243|45471,30699|45471,30841|45471,33222|45471,47740|45471,51443|45471,51507|45471,51570|45471,55733|45471,55771|46543,1686|46543,2485|46705,16472|48293,23850|48293,40521|48293,42663|48293,42855|48293,42998|48293,43461|48293,44287|48293,44507|48293,45271|48293,46983|48293,47016|49053,8440|49053,13918|51362,20732|51362,20771|53202,1433
__dir__ 48293,52629
__divmod__ 35172,52818|48293,51922
__doc__ 45471,17792|45471,20053
__doc__r 28952,1459
__dodtor 37072,85551|37072,115082|47838,85551|47838,115082
__doserrno 37072,85609|37072,173730|47838,85609|47838,173730
__edata 37072,85667|37072,175303|47838,85667|47838,175303
__end 37072,85725|37072,175999|47838,85725|47838,175999
__enter__ 37377,2439|46543,2991|48293,29641|48293,30235|48293,30793|48293,31146|48293,31433|48293,33169|48293,34302|48293,34461|48293,36214|48293,36327|48293,36910|48293,38293|48293,38633|48293,52968|48293,53101|48293,55270|51362,2705
__environ 37072,85783|37072,173846|47838,85783|47838,173846
__envptr 37072,85841|37072,173034|47838,85841|47838,173034
__eq__ 35172,22497|35172,30953|35172,31095|35172,31201|35172,31226|35172,31309|35172,31610|35172,32675|35172,32767|35172,33191|35172,34461|35172,58947|45395,432|47930,15390|47930,15402|47930,15495|47930,15733|47930,15787|47930,15834|47930,15869|48293,51659
__errno 37072,85899|37072,115662|47838,85899|47838,115662
__errno_set 37072,85957|37072,115604|47838,85957|47838,115604
__except_handler3 37072,86015|37072,114676|47838,86015|47838,114676
__except_list 37072,86073|37072,98579|47838,86073|47838,98579
__exit 37072,86131|37072,114734|47838,86131|47838,114734
__exit__ 37377,2450|46543,3002|48293,29655|48293,30250|48293,30807|48293,31589|48293,32208|48293,32279|48293,32531|48293,33093|48293,34355|48293,34516|48293,34987|48293,35280|48293,36228|48293,36378|48293,36534|48293,37409|48293,38750|48293,38802|48293,52979|48293,53116|48293,55716|51362,2719
__f 45471,47030|45471,47085|45471,47312|45471,47360|45471,47407
__fatexit 37072,86189|37072,120461|47838,86189|47838,120461
__fcloseallp 37072,86247|37072,175535|47838,86247|47838,175535
__fe_cur_env 37072,86305|37072,173672|47838,86305|47838,173672
__feexcept 37072,81634|37072,115778|47838,81634|47838,115778
__feround 37072,81692|37072,115836|47838,81692|47838,115836
__float__ 35172,21668|48293,52458
__floor__ 48293,51788
__floordiv__ 35172,52794|48293,51899
__format__ 48293,52593
__ge__ 35172,22489|35172,30519|35172,30769|35172,30856|35172,33172|35172,34432|35172,59103|45395,479|47930,16187|47930,16293|48293,51651
__get__ 48293,53005
__getattr__ 27606,7752|37377,2351|40429,13245|40429,13442|46543,2903|48293,40035|48293,40824|48293,41272|48293,41789|48293,42134|48293,42165|48293,49845|48293,49886|48293,51000|48293,52654|49053,10407|49053,25786|49053,25879|49053,26425
__getattribute__ 37377,2398|46543,2950|48293,40231|48293,42276|48293,46464|48293,52691
__getitem 48293,15838|48293,15972|48293,16216|48293,16341
__getitem__ 26117,4883|26117,6400|26117,9453|26117,9480|26117,9730|26117,9788|26117,9857|34990,8674|34990,10309|34990,11671|34990,11788|34990,16508|34990,16531|34990,16684|34990,16730|37377,2219|42094,6158|42094,6268|42094,6286|42094,6549|42094,6579|42094,6718|42094,6941|42094,7156|42094,7179|42094,7411|42094,7539|42094,7604|42094,7714|42094,7871|42094,9083|42094,9127|42094,9772|42094,9809|42094,11151|42094,12331|43311,15370|43311,15537|43311,18686|46543,2771|46705,15700|46705,15880|48293,2004|48293,3669|48293,5954|48293,6315|48293,6439|48293,6519|48293,6566|48293,6765|48293,6861|48293,7136|48293,7200|48293,7362|48293,7386|48293,7410|48293,7435|48293,7920|48293,8277|48293,8613|48293,8992|48293,9503|48293,9550|48293,9916|48293,10018|48293,10081|48293,10462|48293,10955|48293,10995|48293,11036|48293,11080|48293,11517|48293,13083|48293,14402|48293,15074|48293,15098|48293,15122|48293,15146|48293,15170|48293,15202|48293,15226|48293,15250|48293,15274|48293,15298|48293,15322|48293,15346|48293,15465|48293,15578|48293,16187|48293,16856|48293,17760|48293,18209|48293,18408|48293,18431|48293,18454|48293,18477|48293,18500|48293,18523|48293,18546|48293,18620|48293,18898|48293,18977|48293,20157|48293,22248|48293,48197|48293,48244|48293,48610|48293,52735|48293,53507|48293,53689|48293,53884|48293,54007|49194,6158|49194,6268|49194,6286|49194,6549|49194,6579|49194,6718|49194,6941|49194,7156|49194,7179|49194,7411|49194,7539|49194,7604|49194,7714|49194,7871|49194,9083|49194,9127|49194,9772|49194,9809|49194,11151|49194,12331|51362,25798|51362,26584|51362,30058|51362,37994
__getstate__ 36849,21264
__getthreaddata 37072,86363|37072,115488|47838,86363|47838,115488
__global_unwind 37072,86421|37072,116300|47838,86421|47838,116300
__gnuc__ 23185,8354
__gnuc_minor__ 23185,8375
__gt__ 35172,22473|35172,28495|35172,28807|35172,28866|35172,29017|35172,29063|35172,29365|35172,29432|35172,29536|35172,29618|35172,29801|35172,29912|35172,30073|35172,30084|35172,30307|35172,30574|35172,33150|35172,34421|35172,37061|35172,37221|35172,37255|35172,37299|35172,37324|35172,37812|35172,37856|35172,38087|35172,38320|35172,38363|35172,39056|35172,39090|35172,39133|35172,39212|35172,41387|35172,41503|35172,46767|35172,46835|35172,58690|35172,61948|35172,62236|35172,62263|45395,544|47930,16123|47930,16229|48293,51635
__hash__ 40029,44532|40029,45113|40029,45240|40029,45505|45395,1808|48293,52605
__hdlsemhandl 37072,86479|37072,175825|47838,86479|47838,175825
__hex__ 35172,21701|48293,52491
__hookexitp 37072,86537|37072,175477|47838,86537|47838,175477
__ia 45471,46844|45471,47014|45471,47077|45471,47250|45471,47264|45471,47397
__iadd__ 35172,53979|35172,54226|35172,54520|35172,54738|35172,55527|35172,55547|35172,56079|35172,56603|35172,56754|35172,56974|35172,60054|48293,52240
__iand__ 35172,57093|48293,52353
__idiv__ 48293,52270
__idivmod__ 35172,57044|48293,52305
__ifloordiv__ 35172,57019|48293,52280
__imod__ 35172,57034|48293,52295
__imp__ 37072,86769|37072,86827|37072,86894|37072,86961|37072,87019|37072,87077|37072,87140|37072,87202|37072,87265|37072,87323|37072,87389|37072,87455|37072,87525|37072,87609|37072,87667|37072,87735|37072,87802|37072,87869|37072,87929|37072,87991|37072,88050|37072,88110|37072,88174|37072,88232|37072,88291|37072,88350|37072,88408|37072,88469|37072,88536|37072,88598|37072,88664|37072,88723|37072,88782|37072,88856|37072,88928|37072,89001|37072,89073|37072,89146|37072,89219|37072,89293|37072,89366|37072,89443|37072,89508|37072,89572|37072,89633|37072,89700|37072,89761|37072,89825|37072,89900|37072,89968|37072,90029|37072,90087|37072,90148|37072,90223|37072,90309|37072,90386|37072,90471|37072,90546|37072,90606|37072,90665|37072,90725|37072,90789|37072,90847|37072,90907|37072,90967|37072,98637|37072,98709|37072,98782|37072,98842|37072,98901|37072,98960|37072,99032|37072,99105|37072,99167|37072,99226|37072,99290|37072,99350|37072,99424|37072,99497|37072,99571|37072,99630|37072,99690|37072,99751|37072,99809|37072,99871|37072,99931|37072,99989|37072,100049|37072,100107|37072,100166|37072,100230|37072,100296|37072,100355|37072,100422|37072,100495|37072,100572|37072,100639|37072,100700|37072,100760|37072,100835|37072,100903|37072,100964|37072,101024|37072,101088|37072,101152|37072,101217|37072,101344|37072,101419|37072,101505|37072,101589|37072,101664|37072,101749|37072,101826|37072,167865|37072,167923|37072,167981|37072,168039|37072,168106|37072,168173|37072,168231|37072,168298|37072,168365|37072,168431|37072,168497|37072,168559|37072,168622|37072,168685|37072,168753|37072,168811|37072,168869|47838,86769|47838,86827|47838,86894|47838,86961|47838,87019|47838,87077|47838,87140|47838,87202|47838,87265|47838,87323|47838,87389|47838,87455|47838,87525|47838,87609|47838,87667|47838,87735|47838,87802|47838,87869|47838,87929|47838,87991|47838,88050|47838,88110|47838,88174|47838,88232|47838,88291|47838,88350|47838,88408|47838,88469|47838,88536|47838,88598|47838,88664|47838,88723|47838,88782|47838,88856|47838,88928|47838,89001|47838,89073|47838,89146|47838,89219|47838,89293|47838,89366|47838,89443|47838,89508|47838,89572|47838,89633|47838,89700|47838,89761|47838,89825|47838,89900|47838,89968|47838,90029|47838,90087|47838,90148|47838,90223|47838,90309|47838,90386|47838,90471|47838,90546|47838,90606|47838,90665|47838,90725|47838,90789|47838,90847|47838,90907|47838,90967|47838,98637|47838,98709|47838,98782|47838,98842|47838,98901|47838,98960|47838,99032|47838,99105|47838,99167|47838,99226|47838,99290|47838,99350|47838,99424|47838,99497|47838,99571|47838,99630|47838,99690|47838,99751|47838,99809|47838,99871|47838,99931|47838,99989|47838,100049|47838,100107|47838,100166|47838,100230|47838,100296|47838,100355|47838,100422|47838,100495|47838,100572|47838,100639|47838,100700|47838,100760|47838,100835|47838,100903|47838,100964|47838,101024|47838,101088|47838,101152|47838,101217|47838,101344|47838,101419|47838,101505|47838,101589|47838,101664|47838,101749|47838,101826|47838,167865|47838,167923|47838,167981|47838,168039|47838,168106|47838,168173|47838,168231|47838,168298|47838,168365|47838,168431|47838,168497|47838,168559|47838,168622|47838,168685|47838,168753|47838,168811|47838,168869
__imp___vtbl_ 37072,92927|37072,101278|47838,92927|47838,101278
__imp__closehandl 37072,91027|37072,103192|47838,91027|47838,103192
__imp__createsemaphorea 37072,91085|37072,102784|47838,91085|47838,102784
__imp__createthread 37072,91143|37072,102842|47838,91143|47838,102842
__imp__deletecriticalsect 37072,91201|37072,103316|47838,91201|47838,103316
__imp__entercriticalsect 37072,91263|37072,102244|47838,91263|47838,102244
__imp__filetimetodosdatetim 37072,91324|37072,102482|47838,91324|47838,102482
__imp__findclos 37072,91387|37072,102366|47838,91387|47838,102366
__imp__findfirstfilea 37072,91445|37072,102424|47838,91445|47838,102424
__imp__findnextfilea 37072,91503|37072,102545|47838,91503|47838,102545
__imp__getacp 37072,91561|37072,102070|47838,91561|47838,102070
__imp__getcommandlinea 37072,91677|37072,103680|47838,91677|47838,103680
__imp__getcpinfo 37072,91619|37072,101954|47838,91619|47838,101954
__imp__getenvironmentvariablea 37072,91735|37072,102719|47838,91735|47838,102719
__imp__getlasterror 37072,91800|37072,102603|47838,91800|47838,102603
__imp__getmodulefilenamea 37072,91858|37072,103436|47838,91858|47838,103436
__imp__getmodulehandlea 37072,91918|37072,103622|47838,91918|47838,103622
__imp__getoemcp 37072,91976|37072,102012|47838,91976|47838,102012
__imp__getstdhandl 37072,92034|37072,102186|47838,92034|47838,102186
__imp__gettickcount 37072,92092|37072,103378|47838,92092|47838,103378
__imp__initializecriticalsect 37072,92150|37072,103250|47838,92150|47838,103250
__imp__leavecriticalsect 37072,92216|37072,102305|47838,92216|47838,102305
__imp__messageboxa 37072,92277|37072,103738|47838,92277|47838,103738
__imp__multibytetowidechar 37072,92335|37072,103496|47838,92335|47838,103496
__imp__releasesemaphor 37072,92396|37072,103076|47838,92396|47838,103076
__imp__setthreadprior 37072,92454|37072,102900|47838,92454|47838,102900
__imp__sleep 37072,92512|37072,103018|47838,92512|47838,103018
__imp__terminatethread 37072,92570|37072,103134|47838,92570|47838,103134
__imp__unhandledexceptionfilt 37072,92628|37072,103557|47838,92628|47838,103557
__imp__virtualalloc 37072,92693|37072,102661|47838,92693|47838,102661
__imp__virtualfre 37072,92751|37072,101896|47838,92751|47838,101896
__imp__waitforsingleobject 37072,92809|37072,102958|47838,92809|47838,102958
__imp__writeconsolea 37072,92869|37072,102128|47838,92869|47838,102128
__imul__ 35172,56995|48293,52260
__index__ 48293,52500
__index_t__ 40003,1593|40003,1669|40003,1863|40003,1892|40003,2207|40003,2891|40003,3645|40003,3677|40003,7368|40003,8027
__init__ 22342,1007|22342,9281|23022,95|23022,427|23522,110|25476,8900|25932,175972|26117,2639|26117,2692|26117,2732|26117,2987|26117,4635|26117,5013|26117,5340|26117,5644|26117,6004|26117,6079|26117,7176|26117,7468|26117,7625|26117,7673|26117,7759|26117,7870|26117,8774|26117,14819|26117,15592|26117,16011|26117,16040|26117,17728|26117,18487|26117,19330|26117,19456|26117,21236|26117,21506|26117,22590|26117,23179|26117,23199|26117,24399|26117,24489|26117,25587|26117,26680|26117,27432|26117,27686|26820,1263|27026,874|27143,21655|27143,21786|27143,31197|27143,31261|27143,31436|29279,232|31690,653|35172,477|35172,1809|35172,2218|35172,2541|35172,2762|35172,2952|35172,3582|35172,3739|35172,3783|35172,3951|35172,3988|35172,4201|35172,6018|35172,6546|35172,7263|35172,9090|35172,57868|35172,61652|35172,62387|36324,9015|36324,9102|36538,365|37098,9532|37098,9711|37098,10885|37377,2014|37486,860|38727,2405|38727,10337|38727,11327|38727,11535|38727,11730|39261,377|39931,9495|40029,9506|40029,9559|40029,21743|40029,33835|40029,33906|40029,46192|40029,46755|40429,3984|40429,15540|40429,15570|40429,15655|40429,15803|40429,16829|40429,16856|40429,16952|40429,17069|40429,17156|40429,18837|40429,18911|40429,19212|40429,19264|40429,19439|40429,19483|40429,19532|40429,19624|40429,21644|40429,25311|40429,25346|40429,25769|40429,25919|40429,26215|40429,26381|40429,26453|40429,26476|40429,26578|40429,28065|40429,28165|40429,29613|40429,29646|40429,29975|40429,34251|40429,34340|40429,34404|40429,35891|40429,36009|40429,36750|40429,37985|40429,38042|40514,644|40514,1785|40514,1907|40514,2176|40514,2685|40514,2915|40514,3101|40514,3167|40514,3208|40514,3287|40514,3409|40514,3696|40514,4187|40514,4507|40514,4761|40514,4983|40514,7652|40514,7699|40514,7951|40514,9793|40514,11767|40514,15137|41298,436|41766,12511|41766,12548|42307,437|42873,420|43311,3470|43311,6398|43311,6542|43311,7876|43311,8121|43311,9000|43311,9084|43311,9807|43311,12525|43311,12573|43311,14254|43311,15304|43311,15632|43311,15765|43311,16368|43311,16991|43311,18854|43311,25843|43311,25984|43311,26935|43311,27254|43311,27449|43311,29142|43311,29283|43311,30573|43311,30765|43311,31923|43311,32113|43311,33673|43311,37431|44572,9359|44572,9492|45016,1486|45016,2075|45395,597|45471,1607|45471,2332|45471,3083|45471,3185|45471,3397|45471,4066|45471,4235|45471,4391|45471,4974|45471,5596|45471,6147|45471,6441|45471,7416|45471,8278|45471,8328|45471,8438|45471,8494|45471,8953|45471,9090|45471,9539|45471,9958|45471,10895|45471,10997|45471,11178|45471,11350|45471,12263|45471,12434|45471,12519|45471,12649|45471,12710|45471,12789|45471,12850|45471,12934|45471,12996|45471,13519|45471,13629|45471,14232|45471,14283|45471,14352|45471,17809|45471,17878|45471,20994|45471,22873|45471,23202|45471,25630|45471,31807|45471,36345|45471,38781|45471,45442|45471,45865|45471,49360|45471,50261|45471,50353|45471,51020|45471,52350|45471,52644|45471,55108|45471,55319|45471,55527|45471,56058|45471,56111|45471,56167|45471,56232|45471,57012|45471,57354|46543,2655|46543,4305|47930,1986|47930,2077|47930,2199|47930,2385|47930,3554|47930,3681|47930,3899|47930,5761|47930,8141|47930,8755|47930,8795|47930,9062|48293,3018|48293,23526|48293,23895|48293,25640|48293,34204|48293,36267|48293,36829|48293,38186|48293,43887|48293,44410|48293,44928|48293,45153|48293,45404|48293,45680|48293,45761|48293,46868|48293,47767|48293,53325|48293,54202|48293,55179|48293,56707|49053,4762|49053,12093|49053,16535|49053,27526|49053,27977|49053,28278|50330,3081|51362,17632|51362,18220|51362,18711|51362,21605|51362,21637|51362,22170|51362,22244|51362,22291|51362,22785|51362,27323|51362,27504|51362,27621|51362,28473|51362,30415|51362,30941|51362,36352|52093,2760|52348,1509|52379,1790|52379,3925|52379,3992|52379,4126|52379,5812|52379,7050|52379,16030|53202,510
__init__c 26820,1297|26820,3373|28952,1162|28952,1867|39261,410
__init__r 26820,2561
__init__ú 28952,1046
__init_rtl_critsect 37072,92993|37072,116416|47838,92993|47838,116416
__initi__ 38727,16450
__initsemaphoresi 37072,81750|37072,115952|47838,81750|47838,115952
__inlin 38624,4656
__int64 38250,25496|38250,27474|38250,27537|38250,27597
__int__ 35172,21659|35172,21755|35172,21901|35172,22208|35172,22277|48293,52449
__invert__ 48293,51765
__ior__ 35172,57103|48293,52363
__ipow__ 35172,57057|48293,52318
__irshift__ 35172,57080|48293,52340
__isemlockctr 37072,86595|37072,175651|47838,86595|47838,175651
__isemnestcount 37072,86653|37072,175767|47838,86653|47838,175767
__isemthreadid 37072,86711|37072,175709|47838,86711|47838,175709
__ismbblead 37072,93051|37072,117878|47838,93051|47838,117878
__isub__ 35172,56985|48293,52250
__iter__ 25874,46899|25932,117020|27143,16346|27143,16631|27143,17352|27143,21064|27143,21269|27143,21338|27143,21624|27143,21729|27143,22206|27143,22513|27143,22761|27143,22964|27143,23021|27143,23072|27143,23133|27143,23187|27143,23644|27143,23783|27143,23982|27143,24490|27143,25669|27143,25826|27143,26320|27143,26718|27143,27003|27143,27129|27143,27480|27143,27520|27143,27571|27143,27703|27143,27802|27143,28542|27143,31207|27143,31229|27143,31446|31690,790|34990,14141|34990,14780|34990,14926|34990,15280|34990,16074|34990,16380|34990,17710|35172,57534|37377,2316|40029,60311|41298,543|42307,544|43311,252|43311,1344|43311,2051|43311,2647|43311,4648|43311,4790|43311,5917|43311,5976|43311,6348|43311,6806|43311,7478|43311,7521|43311,7746|43311,8028|43311,8051|43311,8446|43311,8541|43311,9021|43311,9533|43311,9723|43311,9917|43311,10087|43311,10144|43311,10324|43311,10942|43311,11185|43311,11487|43311,11544|43311,11635|43311,12300|43311,12421|43311,12978|43311,13038|43311,13332|43311,15601|43311,15706|43311,16233|43311,19203|43311,21547|43311,22469|43311,22520|43311,22635|43311,22733|43311,25237|43311,25923|43311,26572|43311,26707|43311,27388|43311,28245|43311,29222|43311,29735|43311,30704|43311,31304|43311,32052|43311,32561|43311,33877|45016,19468|45016,19518|45016,19835|45016,19933|45016,25290|45016,29461|46543,2868|48293,18044|48293,18842|48293,19371|48293,47424|48293,52773|48293,53138|49053,526|51362,1837|51362,2565|51362,3308|51362,10444|51362,10886|51362,10963|51362,17724|51362,17746|51362,18086|51362,18601|51362,18770|51362,18967|51362,19876|51362,20540|51362,20693|51362,20915|51362,23946|51362,24378|51362,24491|51362,24692|51362,28067|51362,28248|51362,29829|51362,29920|51362,35617|51362,37363|51362,39624|53202,742
__itruediv__ 35172,57005
__ixor__ 35172,57112|48293,52372
__j_anewarray 37072,93109|37072,93143|37072,158943|37072,158977|47838,93109|47838,93143|47838,158943|47838,158977
__j_arraybound 37072,93182|37072,93216|37072,160418|37072,160452|47838,93182|47838,93216|47838,160418|47838,160452
__j_checkcast 37072,93257|37072,93291|37072,159115|37072,159149|47838,93257|47838,93291|47838,159115|47838,159149
__j_classinit 37072,93330|37072,160006|47838,93330|47838,160006
__j_local_unwind2 37072,93400|37072,159862|47838,93400|47838,159862
__j_new 37072,93474|37072,93508|37072,160493|37072,160527|47838,93474|47838,93508|47838,160493|47838,160527
__j_stringfix 37072,93541|37072,159936|47838,93541|47838,159936
__java_framehandl 37072,93611|37072,160649|47838,93611|47838,160649
__java_main 37072,93687|37072,103796|47838,93687|47838,103796
__jrtuse 37072,93745|37072,172222|47838,93745|47838,172222
__kernel__ 27892,11340|27892,11691
__lcmp 37072,81808|37072,114560|47838,81808|47838,114560
__ldiv 37072,81866|37072,114502|47838,81866|47838,114502
__le__ 35172,22481|35172,30508|35172,30599|35172,30682|35172,33165|35172,34413|35172,59026|45395,657|47930,16166|47930,16314|48293,51643
__len__ 25476,5966|25476,6152|25476,8832|25476,8957|34990,7951|34990,11583|34990,11776|35172,4303|35172,4406|35172,4586|35172,4670|35172,4878|35172,4925|35172,4949|35172,4990|35172,5368|35172,6079|35172,6118|35172,6228|35172,6318|35172,6644|35172,7276|35172,7574|35172,7601|35172,7628|35172,8129|35172,8383|35172,9151|35172,9190|35172,10325|35172,10421|35172,10632|35172,10776|35172,10862|35172,11245|35172,57929|35172,61330|37377,2024|40029,53666|40029,53771|46543,2665|47930,5771|47930,10711|47930,10781|47930,10840|47930,10957|47930,11152|47930,11765|47930,13103|47930,13141|47930,13204|47930,13305|48293,727|48293,807|48293,14810|48293,19819|48293,19861|48293,49674|48293,51041|48293,52726|51362,25789|51362,26329|51362,26670|51362,29985|51362,37739|51362,38080
__len__b 35172,7751
__libc_start_main 41990,54737
__lishift__ 35172,57067|48293,52327
__little_endian__ 33595,3194|33595,4922
__lmul 37072,81924|37072,114386|47838,81924|47838,114386
__local_except_handl 37072,93803|37072,116242|47838,93803|47838,116242
__local_unwind 37072,93861|37072,116358|47838,93861|47838,116358
__lshift__ 35172,52837|48293,51942
__lt__ 35172,22465|35172,22883|35172,22994|35172,23070|35172,23397|35172,23430|35172,23471|35172,23618|35172,23768|35172,23810|35172,23903|35172,25282|35172,25329|35172,25364|35172,25408|35172,25440|35172,25539|35172,25834|35172,25867|35172,25913|35172,26057|35172,26092|35172,26735|35172,27073|35172,27115|35172,27326|35172,27583|35172,27636|35172,27691|35172,27805|35172,27986|35172,28216|35172,28285|35172,28986|35172,29098|35172,29166|35172,29288|35172,29404|35172,29468|35172,29678|35172,29701|35172,29994|35172,30055|35172,30102|35172,30296|35172,30562|35172,33143|35172,33613|35172,34405|35172,35133|35172,35885|35172,35994|35172,36016|35172,36964|35172,37501|35172,37534|35172,37575|35172,37916|35172,37939|35172,37988|35172,38649|35172,38677|35172,38718|35172,38740|35172,41054|35172,41098|35172,41212|35172,46404|35172,46577|35172,58433|35172,61707|35172,62301|45395,720|47930,16102|47930,16250|48293,51627
__m128 50562,2388
__m128d 50562,2480
__m256 50562,1113
__m256d 50562,1214
__macosx 22699,78|22699,168|25516,78|25516,164|25662,174|33787,78|33787,168|34379,78|34379,164|34725,286|36027,174
__main_ 41350,5751
__main__ 22333,41104|22342,10376|22919,41104|23424,6968|23424,8213|23424,10852|25356,25457|25356,25610|25476,4360|25476,4505|26095,12148|26095,27582|26095,36514|26095,47356|26095,59044|26117,24134|26117,28126|26117,29295|26117,31004|27311,12538|27311,13435|27311,13538|27311,14223|27311,14439|27311,21707|27606,18631|27606,18643|27606,20588|27855,24431|27855,24535|30176,8104|30687,7489|32703,7686|33476,8124|35172,5766|35172,18269|35172,18548|38232,7471|40429,18219|41385,1371|43963,25192|44572,4607|44572,4753|45471,5127|45471,5161|45471,5216|45471,17856|45471,18103|45471,18234|45471,18429|45471,18639|45471,18723|45471,18846|45471,18940|45471,19107|45471,19222|45471,19866|45471,48851|45471,49622|45471,49865|45471,50756|45471,50793|45471,50837|47384,24444|47384,24548|47930,17239|48096,24550|48096,24839|49786,4298|50545,3823|50545,4289|50545,4393|50545,4767|50545,5248|50545,5761|50545,14320|50545,14483|50545,16016
__main__ú 28952,3681
__mbctype 37072,93919|37072,174780|47838,93919|47838,174780
__mbschr 37072,93977|37072,117530|47838,93977|47838,117530
__missing__ 26117,4843|26117,5675|26117,5755|26117,6497|26117,6690|26117,6774|26117,8485|26117,8592|48293,20369|48293,20490|48293,20635|48293,20989|48293,40938|48293,52811
__missing___ 26117,8036
__mod__ 35172,52808|48293,51913
__module__ 45471,17842|45471,18069|45471,18290|45471,20114|45471,48836
__module__ú 26820,2139|28952,1433|39261,1039
__mro__ 26117,1840|26117,1946|26117,2167|26117,30462|27606,8423|27606,8523|27606,9478|27606,9848|27606,10212|27606,11020|27606,11234|27606,11532|27606,11588|27606,12079|27606,12131|27606,13157|27606,13824|27606,15480|27606,15531|27606,15585|27606,16833|27606,16880|27606,16927|27606,16997|27606,17067|27606,17467|27606,20221|27606,20324|27606,20375|27606,20429|27606,21021|27606,23151|27606,23176|27606,23415|27606,26162
__mul__ 34990,10828|35172,52772|45395,770|47930,19370|47930,19511|48293,51877
__name__ 22333,41091|22919,41091|23424,6955|23424,8200|23424,10839|25356,25444|25356,25597|25476,4347|25476,4492|26095,12135|26095,27569|26095,36501|26095,47343|26095,59031|27311,12525|27311,13116|27311,14186|27311,14426|27311,21694|27855,24418|27855,24522|30176,8091|30687,7476|32703,7673|36324,3480|36324,4912|36324,7684|36324,9247|38232,7458|38293,7486|40429,18206|41385,1358|43963,25179|44572,4594|44572,4740|45471,18221|45471,18385|45471,18612|45471,18626|45471,18819|45471,18833|45471,19080|45471,19094|45471,19604|45471,19853|46023,17448|47384,24431|47384,24535|48096,24537|48096,24826|49053,17033|49053,17237|49786,4285|50545,3798|50545,3957|50545,4099|50545,4198|50545,4567|50545,4745|50545,5235|50545,5748|50545,14307|50545,14470|50545,16003
__name__ú 26820,2129|28952,1423|39261,1029
__ne__ 35172,22505|35172,31068|35172,31181|35172,31247|35172,31320|35172,31621|45395,826|47930,15715|47930,15798|48293,51667
__neg__ 35172,53067|35172,53164|35172,59180|48293,51747
__new__ 41350,7598|41350,7804|47930,2550
__next_ 48293,53151
__next__ 25932,117038|27143,16651|27143,16684|27143,21073|27143,21278|27143,21664|27143,21978|27143,27815|27143,28015|27143,28137|27143,28408|27143,31274|27143,31461|34990,14627|34990,15442|35172,57547|37377,2326|43311,1357|43311,2678|43311,5930|43311,6079|43311,6117|43311,6442|43311,7014|43311,7967|43311,8258|43311,8797|43311,8826|43311,9238|43311,10212|43311,12711|43311,15641|43311,16001|43311,19253|43311,22766|43311,26205|43311,27218|43311,27671|43311,29429|43311,30980|43311,32276|43311,36040|45016,29609|46543,2878|48293,18057|48293,19385|48293,47437|49053,539|51362,1850|51362,2578|51362,2894|51362,3321|51362,10547|51362,10899|51362,11004|51362,11170|51362,17786|51362,17891|51362,18247|51362,18271|51362,18650|51362,18850|51362,18945|51362,18986|51362,19310|51362,19483|51362,19992|51362,20713|51362,20746|51362,20982|51362,21072|51362,24020|51362,24088|51362,24124|51362,24427|51362,24571|51362,24670|51362,24711|51362,28170|51362,28295|51362,29910|51362,29965|51362,34423|51362,37462|51362,37500|51362,39637|51362,40815|53202,808
__nonozero__ 48293,52615
__oct__ 35172,21692|48293,52482
__opti_stosd 37072,94035|37072,118752|47838,94035|47838,118752
__or__ 35172,52870|46705,15250|48293,51975
__osmod 37072,94093|37072,172976|47838,94093|47838,172976
__osver 37072,94151|37072,172744|47838,94151|47838,172744
__pgmptr 37072,94209|37072,172628|47838,94209|47838,172628
__pos__ 35172,59259|48293,51738
__pow__ 35172,52829|45395,877|48293,51934
__pycache__ 27867,172|29279,95|29279,201|42450,2706|45203,208|47543,77|47543,165
__qualname__ 45471,17823|45471,20098
__qualname__r 26820,2151|39261,1051
__qualname__ú 28952,1445
__r 23532,28825
__radd_ 35172,48649
__radd__ 34990,10738|35172,42063|35172,47983|35172,48051|35172,48158|35172,48677|35172,49008|35172,49101|35172,49254|35172,49378|35172,49461|35172,49673|35172,49771|35172,50042|35172,50135|35172,50260|35172,50343|35172,50526|35172,50555|35172,50586|35172,51539|35172,51655|35172,52240|35172,52296|35172,52347|35172,52619|35172,52941|35172,59864|42094,3768|45395,924|47930,18758|48293,52025|49194,3768
__rand__ 48293,52143
__rdivmod__ 48293,52094
__releasesemaphor 37072,81982|37072,116068|47838,81982|47838,116068
__repr__ 26117,4828|26117,5206|26117,6245|26117,6329|26117,8023|26117,8076|26117,8353|26117,8403|26117,28677|26117,28962|26117,29086|26117,29224|26117,29508|26117,30562|26117,30683|26117,30814|33476,8236|35172,17323|35172,17794|35172,17882|35172,18447|35172,18608|35172,18837|35172,18868|35172,18969|35172,19390|35172,20658|35172,58064|37377,2051|37632,30429|37632,30607|37632,30855|37632,31690|37632,31766|37632,31788|40429,4660|40429,4743|40429,4855|40429,5175|40429,5282|40429,38779|40514,3013|40514,15822|40514,15900|40514,16281|40514,16380|40514,16475|41454,19940|43311,16581|43311,19567|46543,2692|47930,5802|47930,17506|47930,17832|48293,52570|51362,22410|51362,23580|51362,27587|51362,29688|51362,37222|52379,5340
__repr___ 40429,4815
__repr__method 35172,17976
__reversed__ 34990,17674|48293,879|48293,906|48293,52783|51362,25829|51362,26048|51362,30207|51362,40898|51362,41082
__rfloordiv__ 48293,52069
__rlshift__ 48293,52117
__rmod__ 48293,52084
__rmul__ 34990,10843|35172,52961|45395,996|47930,19714|48293,52045
__ror__ 48293,52153
__round__ 48293,51777
__rpow__ 45395,1074|48293,52107
__rrshift__ 48293,52130
__rshift__ 35172,52849|48293,51954
__rsub__ 35172,52951|45395,1122|47930,18892|48293,52035
__rtruediv__ 48293,52055
__rxor__ 48293,52162
__semerr 37072,94267|37072,115140|47838,94267|47838,115140
__set__ 48293,53014
__set__item 48293,13100
__set_errno 37072,82040|37072,119100|47838,82040|47838,119100
__set_nt_errno 37072,82098|37072,119042|47838,82098|47838,119042
__setargv 37072,94325|37072,115256|47838,94325|47838,115256
__setattr_ 48293,43660
__setattr__ 26117,21924|26117,22236|26117,22648|26117,22703|26117,23544|26117,23596|26117,23658|26117,23709|26117,23760|26117,23817|26117,24083|26117,24573|26117,24889|26117,25030|26117,25221|26117,25394|26117,25724|26117,25944|26117,26124|26117,26247|26117,26423|26117,26882|26117,26937|26117,27786|26117,27808|26117,27830|26117,27852|26117,28075|26117,31154|27606,21127|37377,2364|40429,4589|40429,4670|40429,5009|40429,5187|40429,5294|40429,5368|40429,5501|40429,28858|46543,2916|48293,40112|48293,42415|48293,42469|48293,42619|48293,42768|48293,42816|48293,42958|48293,43138|48293,43365|48293,43611|48293,43843|48293,44159|48293,44209|48293,44766|48293,44994|48293,45191|48293,45231|48293,45372|48293,45931|48293,52667|48293,56908
__setenvp 37072,94383|37072,117066|47838,94383|47838,117066
__setitem__ 26117,9919|26117,9983|26117,10045|34990,9016|34990,10394|37377,2232|43311,15341|43311,18976|46543,2784|48293,2061|48293,11382|48293,11888|48293,11941|48293,12328|48293,12430|48293,12514|48293,12756|48293,12850|48293,12876|48293,13183|48293,20170|48293,21347|48293,22261|48293,48677|48293,48730|48293,49117|48293,52748
__setmbcp 37072,94441|37072,118984|47838,94441|47838,118984
__sse2__ 33595,12923|33595,13077|50562,2296|50562,3239
__str__ 23022,732|25874,35451|26117,931|26117,28296|26117,28489|26117,28578|26117,28689|26117,28804|26117,28851|26117,28974|26117,29098|26117,29247|26117,29520|26117,29721|26117,29961|26117,30385|26117,30574|26117,30695|26117,30826|26117,30949|26117,31220|26820,1372|31690,856|35172,17336|35172,17469|35172,17605|35172,17728|35172,18460|35172,19378|35172,19865|35172,19934|35172,20016|35172,20229|35172,20390|35172,20718|35172,20875|35172,58159|36538,546|37377,2043|40029,46306|40029,47070|40429,15828|40429,16278|40429,17280|40429,17319|40429,18921|40429,20236|40429,22626|40429,25363|40429,26791|40429,26912|40429,31139|40429,31206|40429,31276|40429,31315|40429,31534|40429,31564|40429,31600|40429,31697|40429,31834|40429,31883|40429,31916|40429,32015|40429,32049|40429,33062|40429,33101|40429,33270|40429,33403|40429,33476|40429,33503|40429,38155|40429,38440|40514,3000|40514,14547|40514,14571|40514,14635|40514,14835|40514,15018|40514,15112|40514,15192|40514,15253|41298,609|42307,610|42873,768|43311,16825|43311,19854|45395,1197|46543,2684|46543,4675|48293,3100|48293,10101|48293,47845|48293,52561|52379,5264|52379,6054|52379,9411|53202,863
__str__c 26820,1399
__sub__ 35172,52763|35172,53115|35172,53327|45395,1333|47930,18818|48293,51868
__szsemprefix 37072,94499|37072,175941|47838,94499|47838,175941
__tab_siz 37072,94557|37072,172512|47838,94557|47838,172512
__thderr 37072,94615|37072,115430|47838,94615|47838,115430
__thread1 37072,94673|37072,173556|47838,94673|47838,173556
__thread_init 37072,94731|37072,115372|47838,94731|47838,115372
__truediv__ 35172,52781|48293,51886
__trunc__ 35172,21710|48293,52511
__uldiv 37072,82156|37072,114444|47838,82156|47838,114444
__unicode__ 48293,52580
__value_t__ 22906,971|22906,1806|22906,1906|22906,1931|22906,1968|22906,2036|22906,2055|22906,2117|22906,2448|40003,1556|40003,1655|40003,1811|40003,1834|40003,2109|40003,2155|40003,8008
__vedbtr_createservicethread 37072,94789|37072,116706|47838,94789|47838,116706
__vsnprintf_chk 41990,35706|41990,37209
__vtbl_ 37072,19508|37072,19585|37072,19673|37072,19749|37072,19810|37072,19879|37072,19958|37072,20037|37072,20109|37072,20184|37072,20270|37072,20345|37072,20420|37072,20498|37072,20575|37072,20663|37072,20739|37072,20801|37072,20867|37072,94849|37072,94907|37072,94974|37072,95041|37072,95099|37072,95157|37072,95220|37072,95282|37072,95345|37072,95403|37072,95469|37072,95535|37072,95593|37072,95661|37072,95719|37072,95786|37072,95853|37072,95911|37072,96004|37072,96062|37072,160994|37072,169800|37072,169916|37072,170032|37072,170151|37072,170279|37072,170404|37072,170523|37072,170651|37072,170776|37072,170894|37072,171020|37072,171144|37072,171260|37072,171381|37072,171502|37072,171741|37072,171861|37072,171987|37072,172103|47838,19508|47838,19585|47838,19673|47838,19749|47838,19810|47838,19879|47838,19958|47838,20037|47838,20109|47838,20184|47838,20270|47838,20345|47838,20420|47838,20498|47838,20575|47838,20663|47838,20739|47838,20801|47838,20867|47838,94849|47838,94907|47838,94974|47838,95041|47838,95099|47838,95157|47838,95220|47838,95282|47838,95345|47838,95403|47838,95469|47838,95535|47838,95593|47838,95661|47838,95719|47838,95786|47838,95853|47838,95911|47838,96004|47838,96062|47838,160994|47838,169800|47838,169916|47838,170032|47838,170151|47838,170279|47838,170404|47838,170523|47838,170651|47838,170776|47838,170894|47838,171020|47838,171144|47838,171260|47838,171381|47838,171502|47838,171741|47838,171861|47838,171987|47838,172103
__waitsemaphor 37072,82214|37072,116010|47838,82214|47838,116010
__wargv 37072,96123|37072,173382|47838,96123|47838,173382
__weakref__ 23022,3516|31690,1478|36538,1316|41298,1061|42307,1057|42873,1876|45395,1702|45471,17761|45471,20081|53202,1490
__wenviron 37072,96181|37072,173904|47838,96181|47838,173904
__wenvptr 37072,96239|37072,173092|47838,96239|47838,173092
__win32_faterr 37072,96297|37072,118926|47838,96297|47838,118926
__win32_stderrmsg 37072,96355|37072,118868|47838,96355|47838,118868
__winmajor 37072,96413|37072,172918|47838,96413|47838,172918
__winminor 37072,96471|37072,172860|47838,96471|47838,172860
__winver 37072,96529|37072,172802|47838,96529|47838,172802
__wpgmptr 37072,96587|37072,172686|47838,96587|47838,172686
__xc_a 37072,96645|37072,167517|47838,96645|47838,167517
__xc_z 37072,96703|37072,167575|47838,96703|47838,167575
__xi_a 37072,96761|37072,167401|47838,96761|47838,167401
__xi_z 37072,96819|37072,167459|47838,96819|47838,167459
__xor__ 35172,52878|48293,51983
__xp_a 37072,96877|37072,167633|47838,96877|47838,167633
__xp_z 37072,96935|37072,167691|47838,96935|47838,167691
__xt_a 37072,96993|37072,167749|47838,96993|47838,167749
__xt_z 37072,97051|37072,167807|47838,97051|47838,167807
_a 21871,4419|42037,16165|47497,21989
_absolute_ 43795,8828|43795,26772
_afx_no_ole_resourc 22271,1033|22271,11404|22955,1033|22955,11586|26674,1033|26674,11404|26851,1033|26851,11586|36440,1033|36440,11735|38597,1033|38597,11586|38615,1033|38615,11586|41545,1033|41545,11735|43447,990|43447,11216|44066,1033|44066,11735|48901,1033|48901,11735
_afx_no_property_resourc 22271,1119|22271,11470|22955,1119|22955,11652|26674,1119|26674,11470|26851,1119|26851,11652|36440,1119|36440,11801|38597,1119|38597,11652|38615,1119|38615,11652|41545,1119|41545,11801|43447,1074|43447,11280|44066,1119|44066,11801|48901,1119|48901,11801
_afx_no_splitter_resourc 22271,987|22271,11368|22955,987|22955,11550|26674,987|26674,11368|26851,987|26851,11550|36440,987|36440,11699|38597,987|38597,11550|38615,987|38615,11550|41545,987|41545,11699|43447,945|43447,11181|44066,987|44066,11699|48901,987|48901,11699
_afx_no_tracker_resourc 22271,1074|22271,11435|22955,1074|22955,11617|26674,1074|26674,11435|26851,1074|26851,11617|36440,1074|36440,11766|38597,1074|38597,11617|38615,1074|38615,11617|41545,1074|41545,11766|43447,1030|43447,11246|44066,1074|44066,11766|48901,1074|48901,11766
_afxdll 23762,1363|23762,1469|23762,1665|23762,1710|23762,2339|23762,2454|23762,2646|23762,2691|28677,1915|28677,7035|28677,12155|29195,384|29195,645|36267,1363|36267,1469|36267,1661|36267,1706|36267,2335|36267,2450|36267,2642|36267,2687|36470,384|36470,645|39162,1363|39162,1469|39162,1665|39162,1710|39162,2339|39162,2454|39162,2646|39162,2691|41514,376|41514,651|42303,376|42303,651|44880,1363|44880,1469|44880,1661|44880,1706|44880,2335|44880,2450|44880,2642|44880,2687|53590,1915|53590,7035|53590,12155
_all_ 25698,819|25698,1328|26938,3900|27474,2478|28590,3029
_always_ 34321,29297
_amer 29167,6435
_an 23701,1865
_and_ 27474,2031
_and_clion 37776,6447
_any_ 22094,2054|26929,10742|40588,725|47295,3764
_arch 30706,4898
_are_ 32752,5791|32752,7023|32752,8079|48622,2191
_article_ 37328,2183
_assignment1 51091,113
_at 48622,9664
_at_ 31952,567
_au2__xt_val_glob 45425,153082
_avx 26781,1226
_b 34701,718|34701,816|34701,1165|34701,1278|34701,1506|34701,1630|42655,704|42655,802|42655,1151|42655,1264|42655,1492|42655,1616
_be_ 32752,2834
_begin 40776,11461|40776,11523
_bi 22738,66822
_bin 40029,46225|40029,46821|40029,47053|40029,47110|40029,47136|40029,47390|40029,48750|40029,48819|40029,48999|40029,49293|40029,49362|40029,49593|40029,49667|40029,49742|40029,50063|40029,50224|40029,50414|40029,50602|40029,50644|40029,51010|40029,51244|40029,51406|40029,51977|40029,52093|40029,52126|40029,52324|40029,52471|40029,52909|40029,53222|40029,60350
_bin_of 40029,50359|40029,50944|40029,52920|40029,53233|40029,60775
_binary_entryother_start 38230,436
_binary_initcode_start 38230,472
_board 48144,14411|48144,14514|48144,14620|48144,14826|48144,14891|48144,15037|48144,15102|48144,15237|48144,15366|48144,21331|48144,21434|48144,21540|48144,21746|48144,21811|48144,21957|48144,22022|48144,22157|48144,22286|48144,31157|48144,31260|48144,31366|48144,31572|48144,31637|48144,31783|48144,31848|48144,31983|48144,32112
_both 27474,1995
_bss 37072,2015|47838,2015
_bt 21998,2157
_buf 45425,360915|45425,360955
_builder 48144,16074|48144,16258|48144,16431|48144,23033|48144,23217|48144,23390|48144,32890|48144,33074|48144,33247
_buildgametre 48144,17575|48144,24534|48144,34391
_bus_16_bit_ 34520,810
_c 29005,12614|29005,12925|29005,12973
_c__f 45471,47478
_c__ia 45471,46904|45471,47468|45471,47645|45471,47765
_cach 49053,12146|49053,12216|49053,12249|49053,12376|49053,12462|49053,14186|49053,14223|49053,14303|49053,14367|49053,14426
_call 48293,27757|48293,27915|48293,27967|49053,4815|49053,4928|49053,5067|49053,5116|49053,5571|49053,6004|49053,6262|49053,7912|49053,7969|49053,9041|49053,9098|49053,9271|49053,9390|49053,10073
_call__ 48293,26828
_calloc 37072,97109|37072,117936|47838,97109|47838,117936
_can_ 30657,5102
_cc 29005,8631|29005,8669|29005,8751|29005,8844|29005,8899|29005,8920|29005,8944|29005,8963|29005,8987|29005,9038|29005,9088|29005,9116|29005,9162|29005,9234|29005,9280|29005,9336
_class_attr 45471,26250
_cleantre 48144,27481|48144,37323
_cleanup 45425,358931|45425,359171|45425,360483|45425,360793
_closehandl 37072,78354|37072,166160|47838,78354|47838,166160
_clown 21768,169
_clown_image_data 33952,159
_clusteranalysis2018pdf 34224,139
_cnt 45425,242005
_code 40029,21831|40029,22321
_collect 25476,11339|25476,11476|25476,11586|25476,11648|25476,12543|25476,12680|25476,12790|25476,12870|25476,13680|25476,13764|25476,14811|25476,14870|44572,11979|44572,12103|44572,12220|44572,12279|44572,13288|44572,13412|44572,13529|44572,13606|44572,14671|44572,14752|44572,15849|44572,15909
_collection_ 28238,11761|34201,11478|35244,12589
_comment 28143,270|31367,275|41544,222
_compon 47930,8982|47930,11029|47930,11191|47930,14048|47930,17888
_computer_vision_ericsudderth 34224,207
_container_ 41881,1120
_content_ 41881,1051
_convex_ 51455,885
_coord 35172,3227
_count 22342,9311|22342,9367|22342,9400|22342,9469|25476,8933|25476,8996|25476,9057|25476,9148|25476,14116|37098,9741|37098,9797|37098,9830|37098,9888|37098,9941|37098,10737|37098,10755|37098,10954|37098,11408|44572,9526|44572,9596|44572,9674|44572,9766|44572,15130|45425,360739|45425,360840|45425,360925|45425,361025|45425,361146
_creat 22738,27982
_create_test_song 25476,12811|25476,12900|25476,13701|25476,14774|44572,13550|44572,13644|44572,14692|44572,15811
_createsemaphorea 37072,78424|37072,165645|47838,78424|47838,165645
_createthread 37072,78499|37072,165720|47838,78499|47838,165720
_crt_no_deprec 33595,3119
_crt_secure_no_deprec 33595,4882
_cybersecurity_john_brock 34224,243
_cyclic 39272,347
_d0lfkiut2m 25126,178|31680,178|33505,178|52065,178
_data 37072,772|47838,772
_data_science_final_lectur 34224,275
_databases_michael_carey 34224,309
_dataset1 33952,179
_dataset2 33952,195
_dataset3 33952,211
_date_ 37328,2176
_debug 22271,5139|22955,5015|23762,2313|23762,2428|23762,2512|23762,2570|23762,2634|23762,2679|24403,2312|24403,2414|24403,2485|24403,2543|24403,2607|24403,2639|26372,376|26372,521|26372,636|26372,1013|26674,5139|26851,5015|27429,2311|27429,2413|27429,2484|27429,2542|27429,2606|27429,2638|28117,371|28117,515|28117,629|28117,1000|33119,660|33119,771|33119,850|36267,2309|36267,2424|36267,2508|36267,2566|36267,2630|36267,2675|36440,5547|36813,2311|36813,2413|36813,2484|36813,2542|36813,2606|36813,2638|38264,2312|38264,2414|38264,2485|38264,2543|38264,2607|38264,2639|38597,5015|38615,5015|39162,2313|39162,2428|39162,2512|39162,2570|39162,2634|39162,2679|41545,5547|42163,2312|42163,2414|42163,2485|42163,2543|42163,2607|42163,2639|43447,4857|44066,5547|44727,376|44727,521|44727,636|44727,1013|44880,2309|44880,2424|44880,2508|44880,2566|44880,2630|44880,2675|44916,2312|44916,2414|44916,2485|44916,2543|44916,2607|44916,2639|47621,2244|47621,2345|47621,2415|47621,2472|47621,2535|47621,2566|48901,5547
_default_factori 26117,6161|26117,6302|26117,6730|26117,6864
_delet 48293,46898|48293,46961|48293,47121
_deletecriticalsect 37072,78570|37072,166322|47838,78570|47838,166322
_diagonal_ 26929,885
_differences_ 43795,8761|43795,26703
_distanc 45471,53623|45471,53755|45471,54043
_do_ 23408,1461|23540,2167|25629,1371
_does_ 48622,27416
_down 51433,4544
_dragonpheonixai 21816,157|23208,158|25849,221|27642,221|28160,221|28493,249|29487,221|31683,158|33612,227|34072,157|34534,158|38529,221|42849,227|44939,158|45970,157|46050,157|46733,243|46844,157|47292,158|47404,221|48023,158|50806,157|52283,227|53474,243
_dual 26929,5712
_each_ 39102,1417
_ear_ 26929,5328
_edata 37072,97167|37072,175245|47838,97167|47838,175245
_edges_ 26929,18337
_end 37072,97225|37072,176057|40776,11438|47838,97225|47838,176057
_end_ 22738,91949|22738,94142
_entercriticalsect 37072,78654|37072,164735|47838,78654|47838,164735
_env 29005,18047|29005,18111|29005,18129|30797,916|30797,2422|30797,2524|48004,556
_eof 45425,360592|45425,361109
_eppstein 28248,32953
_epsilon 44237,28
_err 45425,360585|45425,361074
_errno 37072,97283|37072,173614|47838,97283|47838,173614
_evaluate_result 40029,21961|40029,22428|40029,22530|40029,22614|40029,23222
_exactly_ 45470,5773
_exit 37072,97341|37072,114850|47838,97341|47838,114850|48293,33073|48293,33407|48293,33532|48293,33627|48293,33690
_exitprocess 37072,78736|37072,167114|47838,78736|47838,167114
_expect 29005,7870|29005,8120|29005,8192
_f 21849,799|21849,894|21849,993|21849,1096|21849,1192|21849,1314|21849,1409|21849,1508|21849,1611|21849,1707|22195,863|22195,939|22195,1153|22738,72243|26079,558|26079,627|26079,866|29005,13714|29005,13805|29005,13904|29005,14003|29005,14088|29005,15948|29005,15980|29005,16031|29005,16101|29005,16133|29005,16184|29005,16258|29005,16301|29005,16429|29005,16446|29005,16493|29005,16516|29005,18339|29005,18380|29005,18438|29005,18975|29005,19016|29005,19074|29005,19640|29005,19683|29005,20067|29005,20092|29005,20304|29005,20350|29668,1239|30797,1078|30797,1309|30797,1544|30797,1750|30797,1998|30797,2620|30797,2900|30797,3184|30797,3439|30797,3813|33122,686|33122,781|33122,880|33122,983|33122,1079|33122,1424|33122,1611|33122,1802|33122,1997|33122,2185|35015,576|35015,648|35015,887|36324,9134|36324,9244|36324,9320|41414,845|41414,921|41414,1184|42618,576|42618,648|42618,887|45471,45914|45471,45986|45471,47023|48293,24965|48293,25672|48293,25836|48293,26647|49053,4794|49053,4961|49053,5497|49053,6037|49053,12125|49053,12304|49053,16567|49053,17030|49053,17118|49053,17234|49053,25940|49053,25972|49053,26147|49053,26204|49053,26559|49053,27565|49053,27675
_f_ 22738,72506|22738,107942
_f_name 49053,27586|49053,27713
_false_ 22738,83973
_fd 45425,360719|45425,360906
_fdg 45123,98|45123,128
_fe_dfl_env 37072,78806|37072,173498|47838,78806|47838,173498
_feb20_cybersecur 50022,101
_feb6_clust 50022,128
_filbuf 45425,242099
_filetimetodosdatetim 37072,78864|37072,165040|47838,78864|47838,165040
_findclos 37072,78949|37072,164899|47838,78949|47838,164899
_findfirst 37072,97399|37072,117704|47838,97399|47838,117704
_findfirstfilea 37072,79017|37072,164967|47838,79017|47838,164967
_findnext 37072,97457|37072,117762|47838,97457|47838,117762
_findnextfilea 37072,79090|37072,165125|47838,79090|47838,165125
_five 36766,3214
_fix_index 48293,4331|48293,4608|48293,4741|48293,4847|48293,5020|48293,5191|48293,5259|48293,5397|48293,5468|48293,5892|48293,5921|48293,6695|48293,8920|48293,8977|48293,9235|48293,9679|48293,9763|48293,9794|48293,12078|48293,12170|48293,12201|48293,13409|48293,13493|48293,13524|48293,16619|48293,19178|48293,19484|48293,47923|48293,48373|48293,48457|48293,48488|48293,48867|48293,48959|48293,48990|48293,49363|48293,49447|48293,49478
_flag 45425,361064|45425,361099
_flsbuf 45425,242107
_focal 47951,315
_fooyyybar_ 22738,58067
_free 26929,10492|37072,97515|37072,117472|47838,97515|47838,117472
_freeenvironmentstringsa 37072,79162|37072,166783|47838,79162|47838,166783
_g 52843,1728
_g117 45963,1453
_g123 39526,981
_game 48144,17336|48144,24295|48144,34152
_gameicon 22699,201|33787,201
_gaussian_mixture_templ 39952,173
_gen 27143,22396|27143,22667|27143,22892|27143,24984|27143,25173|27143,25249
_gener 50014,2301
_getacp 37072,79250|37072,164527|47838,79250|47838,164527
_getcommandlinea 37072,79383|37072,167259|47838,79383|47838,167259
_getcpinfo 37072,79315|37072,164392|47838,79315|47838,164392
_getcurrentthreadid 37072,79457|37072,166545|47838,79457|47838,166545
_getdefaultlocal 40029,35174
_getenvironmentstr 37072,79535|37072,166940|47838,79535|47838,166940
_getenvironmentvariablea 37072,79619|37072,165556|47838,79619|47838,165556
_getitem 48293,53912
_getlasterror 37072,79708|37072,165341|47838,79708|47838,165341
_getmodulefilenamea 37072,79779|37072,166623|47838,79779|47838,166623
_getmodulehandlea 37072,79858|37072,167184|47838,79858|47838,167184
_getoemcp 37072,79933|37072,164460|47838,79933|47838,164460
_getprocaddress 37072,80000|37072,165268|47838,80000|47838,165268
_getstdhandl 37072,80073|37072,164664|47838,80073|47838,164664
_gettickcount 37072,80144|37072,166474|47838,80144|47838,166474
_getvers 37072,80215|37072,166871|47838,80215|47838,166871
_gnu_sourc 30706,7314
_h 26492,5330
_hidden 27143,4893|27143,4971|27143,16961|51362,10390|51362,10510|51362,10539|51362,10741|51362,10761|51362,11547|51362,11643|51362,12626|51362,13020|51362,13442|51362,13510|51362,13680|51362,16648|51362,38887|51362,38959|51362,39079
_histogram 43311,14301|43311,14546|43311,14670|43311,14708|43311,15453|43311,15813|43311,15894|43311,16127|43311,16309|43311,19039|43311,19134|43311,19338|43311,19370|43311,21597|43311,21648|43311,22562|43311,22682
_histori 48293,43772|48293,43917|48293,44269|48293,44392|48293,44436|48293,44679|48293,44810|48293,44882|48293,44960|48293,45432|48293,45505|48293,46152|48293,46239
_hw 38080,739|40312,739
_hw1_2019 31273,131|31273,147
_hw2_2019 31273,163|31273,179
_hw3_2019 31273,195|31273,211
_hw4_logistic_2019 31273,227
_hw5_2019 31273,252|31273,268
_hw6_2019 31273,284|31273,300
_hw6_materi 31273,316
_hypertext 22738,45090
_i 21758,4181|50589,5870
_i_ 46457,815
_ia 45471,45895|45471,45945|45471,45979|45471,47007
_icnt 45425,242038|45425,242082|45425,242156
_id 25436,950
_ignor 48293,34256|48293,34416|48293,34445|48293,34547|48293,34650
_in 29005,3079|29005,3303|29005,3350|29005,3363|29005,3525|29005,3591|29005,3657|29005,3723|29005,3789|29005,3883|29005,4102|29005,4330|29005,4372|29005,4406|29005,4431|29005,4453|29005,4487|29005,4512|29005,4534|29005,4693|29005,4921|29005,4963|29005,4997|29005,5022|29005,5044|29005,5078|29005,5103|29005,5125|29005,5289|29005,5529|29005,5582|29005,5935|29005,6167|29005,6220|29005,6412|29005,6637|29005,6679|29005,6718|29005,6866|29005,7083|29005,7187|29005,7282|29005,7483|29005,7623|29005,7683|29005,7740|29005,7915|29005,8146|29005,8211|29005,8413|29005,8875|30585,2167|30657,48039|32798,1008|32798,1395|32798,1546|37274,1021|40772,654
_in_ 47295,2252|47295,2407
_indent 49053,16668|49053,16898|49053,17082|49053,17179|49053,17217|49053,17308
_index 22738,60926
_inform 51869,1286
_initializecriticalsect 37072,80284|37072,166230|47838,80284|47838,166230
_introduction_to_data_sci 34224,340
_inversive_geometry_ 46358,6395
_io 32551,4339|32551,4419|32551,9790|45139,792
_is_ 27474,2730
_is_ord 39691,14573|39691,14800|39691,15802
_is_ordr 39691,17385
_iter 25874,46918|43311,25883|43311,26032|43311,26114|43311,26281|43311,26424|43311,26446|43311,26652|43311,27310|43311,27508|43311,27607|43311,27899|43311,28125|43311,28147|43311,28325|43311,29182|43311,29331|43311,29371|43311,29481|43311,29555|43311,29606|43311,29663|43311,29815|43311,30626|43311,30876|43311,31032|43311,31171|43311,31384|43311,31974|43311,32172|43311,32328|43311,32471|43311,32641
_itoa 37072,97573|37072,118636|47838,97573|47838,118636
_j 21758,4233|22653,3332|22653,3401|51833,2336|51833,2789|51833,2843
_j_classinit 37072,93364|37072,160040|47838,93364|47838,160040
_j_local_unwind2 37072,93434|37072,159896|47838,93434|47838,159896
_j_stringfix 37072,93575|37072,159970|47838,93575|47838,159970
_jan23rd_databas 50022,151
_jan31st_naturallanguag 50022,176
_java_framehandl 37072,93645|37072,160683|47838,93645|47838,160683
_k 26929,7406|26929,7552|26929,7852|26929,7991
_l 51833,2604|52843,1672
_labelset3 33952,227
_late_ 32752,8752
_leavecriticalsect 37072,80376|37072,164817|47838,80376|47838,164817
_lecture1_introduct 33850,113
_lecture2_basic_concept 33850,142
_lecture3_document_classif 33850,173
_lecture4_document_classification_part2 33850,213
_lecture5_word_embeddings_and_rnn 33850,259
_lecture6_project_overview 33850,300
_lecture7_evaluation_method 33850,334
_lecture8_clustering_algorithm 33850,369
_lecture_final_report 33850,407
_lecture_progress_report 33850,436
_left 27042,681|27042,1085|27042,1188|29005,15031|29005,15135|29005,15168|33155,681|33155,1085|33155,1188|34889,945|34889,1060|37274,1211|37274,1326|42755,667|42755,1001|42755,1104|49922,667|49922,1001|49922,1104
_len 40029,46370|40029,46848|40029,51164|40029,51392|40029,51677|40029,52180|40029,52334|40029,53807
_length_ 40588,1702
_lft 40029,46923|40029,51420
_link_ 51667,12297
_live_ 22738,100877
_loadlibrarya 37072,80458|37072,165197|47838,80458|47838,165197
_log_fil 48293,36869|48293,37265|48293,37488|48293,38531
_logic 48144,17243|48144,24202|48144,27349|48144,34059|48144,37191
_looks_ 23511,3422
_lord 45425,266813
_lot_ 37127,20744
_lsprof 40029,35854
_mac 22271,4927|22271,5900|22955,4803|22955,5807|26674,4927|26674,5900|26851,4803|26851,5807|36440,5335|36440,6327|38597,4803|38597,5807|38615,4803|38615,5807|41545,5335|41545,6327|43447,4655|43447,5619|44066,5335|44066,6327|48901,5335|48901,6327
_machine_learn 34224,376
_main 37072,97631|37072,114966|47838,97631|47838,114966
_maincrtstartup 37072,97689|37072,114618|47838,97689|47838,114618
_malloc 37072,97747|37072,117298|47838,97747|47838,117298
_manual 26496,501|40113,523
_map 27894,1138
_mar6_bigdata_econom 50022,207
_marguli 46972,10000
_mathematical_models_ 39802,1870
_matt_harding_bigdata_iza_fin 34224,169
_max 44237,66
_max_pip 40514,3483|40514,5732|40514,6103|40514,6145|40514,6558|40514,9054|40514,9417|40514,9508|40514,9588|40514,9897|40514,11746|40514,11906|40514,12127|40514,15878|52379,4204|52379,4463|52379,4621|52379,5389
_max_tim 43311,27346|43311,28341|43311,30662|43311,30926|43311,31119|43311,31400
_max_times_left 43311,27557|43311,27712|43311,27745|43311,28014|43311,28073
_memcpi 37072,97805|37072,117646|47838,97805|47838,117646
_memmov 37072,97863|37072,117588|47838,97863|47838,117588
_memset 37072,97921|37072,118810|47838,97921|47838,118810
_messageboxa 37072,80529|37072,167333|47838,80529|47838,167333
_messages_ 47949,1032|48748,729
_mgr 48293,32927|48293,33013|48293,33087|48293,33164|48293,33413|48293,33633
_min 44237,100
_mint 25208,89|25208,190|25209,111|29461,111|29999,97|29999,206|31095,111|31352,222|42958,206|43475,111|43788,131|44424,111|50818,230|52684,101|52684,214
_mm 37240,842
_mm256_add_p 50562,1408
_mm256_broadcast_ 50562,1655
_mm256_castp 50562,2018
_mm256_castps256_ps128 50562,1961
_mm256_div_p 50562,1359
_mm256_hadd_p 50562,1507
_mm256_loadu_p 50562,1708
_mm256_mul_p 50562,1310
_mm256_permute2f128_p 50562,1904
_mm256_setzero_p 50562,1606
_mm256_store_ 50562,1757
_mm256_store_p 50562,1806
_mm256_storeu_p 50562,1855
_mm256_sub_p 50562,1557
_mm_add_p 50562,2698
_mm_and_p 50562,3085
_mm_andnot_p 50562,3128
_mm_cmpneq_p 50562,3042
_mm_div_p 50562,2655
_mm_hadd_p 50562,1458
_mm_load1_p 50562,2827
_mm_loadu_p 50562,2870
_mm_max_p 50562,2569
_mm_mul_p 50562,2612
_mm_set_ 50562,2956
_mm_setzero_p 50562,2784
_mm_shuffle_p 50562,2999
_mm_store_ 50562,2913
_mm_store_p 50562,3171
_mm_storeu_p 50562,3214
_mm_sub_p 50562,2741
_mnist_2s_and_6 22031,135
_modulu 26117,3613|28990,836|28990,1352|28990,2132|40429,17196|40429,17350|40429,17731|40429,17875|40429,27407|40429,27563|40429,30008|40429,30147|40429,30442|40429,31346|40429,31767|40429,33128|40429,34264|40429,34432
_more_ 31903,2403|51882,2514
_mouth_ 26929,5284
_move_count 48144,16651|48144,16899|48144,17086|48144,17677|48144,23610|48144,23858|48144,24045|48144,24636|48144,27386|48144,33467|48144,33715|48144,33902|48144,34493|48144,37228
_msc_ver 23185,3031|23185,8846
_multibytetowidechar 37072,80597|37072,166702|47838,80597|47838,166702
_must_ 48622,26443
_my_ 27474,1093|50014,793
_name 34701,639|34701,1087|42655,625|42655,1073|43895,654|43895,1022|43895,1074|44494,675|44494,1120|44494,1172
_name_ 38756,1770
_need 27474,4846
_never 45425,71538
_next 43311,15972|43311,16042|43311,16143|43311,16172
_nextpart_01cc8135 22533,67|22533,366|22533,2354|22533,2548|22533,2741|22533,7173|22533,7376|22533,11373|22533,11590
_nice_ 48622,335|48622,2684
_nmake_v 53738,244|53738,354|53738,465|53738,598|53738,729|53738,860|53738,995|53738,1131|53738,1215|53738,1299|53738,1386|53738,1473|53738,1559|53738,1645|53738,1731|53738,1817|53738,2113
_no_ 21920,1539
_normal_ 25502,12386
_not_ 31903,3529|37127,11768
_note 23034,9605
_numbers_ 48622,21750
_o 51667,34229|51667,34554|51667,34592|52843,1700
_o_ 51667,34598
_ocnt 45425,242051|45425,242088|45425,242162
_odd_ 30657,996
_of 53098,3062
_one_ 48622,15218|51667,12097
_other 26039,41581
_out_nod 40202,3642
_p 42862,3771|51007,1420|51007,3907|51007,6333|51007,6360|51007,6410|51007,6433|51007,7107|51007,7274|51007,7295|51007,7322|51007,7349|51007,7373|51007,7605|51007,7663|51007,7775|51007,8116|51007,8316|51007,8916|51007,9117
_painted_ 40588,2701
_particular_ 31903,1369|51882,643
_percent 29435,19648
_perfect_tetrahedron_ 48622,8435
_philosoph 27043,129904
_pip 40514,3549|40514,5743|40514,6719|40514,6763|40514,6883|40514,6952|40514,8996|40514,9359|40514,9439|40514,9843|40514,9864|40514,11061|40514,11653|40514,11731|40514,12522|40514,12610|40514,12637|40514,12713|40514,12876|40514,13050|40514,13421|40514,13551|40514,13670|40514,13798|40514,13826|40514,14330|40514,14361|40514,14617|52379,4274|52379,4405|52379,4556|52379,4827|52379,4917|52379,4946|52379,5005|52379,5138|52379,5210|52379,5238|52379,5312
_plist 48293,3057|48293,3140|48293,4664|48293,6095|48293,6154|48293,6682|48293,8720|48293,9197|48293,9666|48293,9855|48293,11312|48293,11631|48293,12065|48293,12255|48293,13396|48293,13582|48293,17025|48293,17159|48293,17471|48293,47781|48293,47804|48293,47818|48293,47885|48293,48360|48293,48549|48293,48854|48293,49044|48293,49350|48293,49536|48293,49793|48293,49946|48293,49982|48293,50104|48293,50565|48293,51116
_plot_gauss_paramet 39952,204
_polyhedral_models_ 39802,1903
_predic 43311,32010|43311,32222|43311,32401|43311,32657
_principal_ 26929,5154
_proceed 48276,11427
_program_ 27967,942
_ptr 45425,360812|45425,360943
_q 48603,2490|48603,2676
_quartic_ 48622,14649
_rand48 24158,138
_rand48_se 48676,394|48676,457
_rational_ 39102,3882
_read_clown_imag 21768,182
_real_print 48293,36970|48293,37140|48293,37218|48293,37537
_realloc 37072,97979|37072,117356|47838,97979|47838,117356
_rehash 40029,51444|40029,51880|40029,51936|40029,52536
_rel_ 38756,1690
_releasesemaphor 37072,80678|37072,166011|47838,80678|47838,166011
_replac 35097,1181|41350,8681|41350,8738|41350,8922|41350,9038|41350,9234|41350,9487|43233,5648|43233,5673|43233,6379|46111,3511|46111,3595|49278,12356
_require_ 27474,2648|39180,905|48748,1656
_reset 49053,9340
_retriev 22738,60736
_right 27042,708|27042,1119|27042,1218|29005,15071|29005,15150|29005,15184|33155,708|33155,1119|33155,1217|34889,972|34889,1087|37274,1238|37274,1353|42755,694|42755,1035|42755,1133|49922,694|49922,1035|49922,1133
_roll_count 40514,3590|40514,5755|40514,7036|40514,7064|40514,7134|40514,7168|40514,8969|40514,9241|40514,9272|40514,11045|40514,12242|40514,12348|40514,12441|40514,13348|52379,4319|52379,4374|52379,4681|52379,4744|52379,5063
_rtlunwind 37072,80753|37072,166406|47838,80753|47838,166406
_run 48144,16717|48144,17617|48144,23676|48144,24576|48144,27222|48144,33533|48144,34433|48144,37069
_s 26492,5035|38080,765|40312,765
_same_ 51882,922
_sample_matlab_cod 33952,244
_sample_python_cod 33952,266
_sbrk 37072,98037|37072,120519|47838,98037|47838,120519
_scanf 45425,297434
_sci 29167,6062
_scientif 29167,5922
_second_ 22738,110949|22738,111156
_see 48622,45777
_seemed_ 52090,1372
_sent_mail 51902,4098
_setthreadprior 37072,80964|37072,165791|47838,80964|47838,165791
_setup 40029,21870|40029,22222
_should_ 23408,1347|23408,1499|23540,2054|23540,2204|25629,1258|25629,1408
_show_debug_trac 29808,12527
_sides_ 37127,21155
_sleep 37072,81040|37072,165947|47838,81040|47838,165947
_snjregistermodul 37072,80821|37072,157459|47838,80821|47838,157459
_snjrunmain 37072,80896|37072,157534|47838,80896|47838,157534
_spie 48276,11319
_squared_ 43795,2441
_sse2 26781,1167
_start 26766,8221|26766,8972|38230,352|38230,418|38230,506|38230,620|38230,1984|38230,4051|38230,4089|38230,4466|38230,4626|38230,5330|38230,8283|38230,8397|38230,8422|41990,54985|47646,18304|47646,40825|47646,40981|48144,44686
_stat5_clusteranalysis2017 49715,165
_stat5_guassianmixtur 49715,196
_state_ 42774,956
_std_vedbtr_endservicethread 37072,22725|37072,116767|47838,22725|47838,116767
_strcat 37072,98095|37072,117820|47838,98095|47838,117820
_strchr 37072,98153|37072,117240|47838,98153|47838,117240
_strcpi 37072,98211|37072,117124|47838,98211|47838,117124
_strdup 37072,98269|37072,117414|47838,98269|47838,117414
_strlen 37072,98327|37072,117182|47838,98327|47838,117182
_subformula 33309,528|33309,824|33309,888|34889,1172|37274,1438|53138,542|53138,908|53138,972
_supposed_ 48622,27550
_symbol 29130,3007|35074,2680
_sysatexit 37072,98385|37072,157602|47838,98385|47838,157602
_sysexit 37072,98452|37072,157669|47838,98452|47838,157669
_t 22738,108111|22738,108186
_t_ 22738,70373
_talli 43311,14201|43311,14516|43311,15017|43311,17507
_terminatethread 37072,81104|37072,166086|47838,81104|47838,166086
_text 37072,84|37072,176191|37072,176337|37072,176573|37072,181267|37072,181553|37072,182075|37072,183715|37072,184001|37072,184275|37072,185913|37072,186239|37072,186507|37072,191337|37072,191615|37072,191892|37072,192388|37072,196650|37072,196856|37072,203015|47838,84|47838,176191|47838,176337|47838,176573|47838,181267|47838,181553|47838,182075|47838,183715|47838,184001|47838,184275|47838,185913|47838,186239|47838,186507|47838,191337|47838,191615|47838,191892|47838,192388|47838,196650|47838,196856|47838,203015
_the 45425,266309|45425,266925
_the_questor_tapes_ 45425,10603
_the_texbook_ 24240,2810|26970,2810|32630,2810|36154,2810|41673,2810
_theori 48276,11624
_thoma 50260,5156
_through 30657,5363
_tilings_and_patterns_ 39802,1946
_time 40029,21910|40029,22165|43311,30824|43311,31096|43311,31234
_titl 40029,22000|40029,23536
_top 38521,778|38521,836
_trace 49053,16588|49053,16694|49053,16769|49053,16869|49053,17153
_tree 45425,266289
_triangulation_ 26929,1017
_twice_ 40588,4742
_ugly_ 48622,17163
_un_fortun 48622,13743
_unhandledexceptionfilt 37072,81178|37072,167024|47838,81178|47838,167024
_uuid_t 38250,14732
_v 24878,603|24878,1474|24878,1600|24878,1788|24878,1825|27042,834|27042,1320|27042,1446|27042,1634|27042,1671|29005,11929|29005,11943|29005,12577|29005,12828|29005,12842|29005,14344|29005,14495|29005,14534|29005,14602|29005,15229|29005,15243|33155,834|33155,1319|33155,1445|33155,1633|33155,1670|37174,563|37174,664|37174,747|37174,892|37174,929|41317,926|41317,995|41317,1064|41317,1125|41317,1207|41317,1272|44494,784|44494,1272|44494,1398|44494,1586|44494,1623|53138,663|53138,1083|53138,1209|53138,1397|53138,1434
_val_ 38756,1796
_valu 26117,3459|26117,3518|26117,3577|27757,556|28556,584|28556,883|28556,936|28709,721|28709,1236|28709,1336|28990,413|28990,429|28990,786|28990,928|28990,945|28990,1295|28990,1518|28990,1534|28990,1832|28990,1901|28990,2013|29005,11799|29005,11867|29005,11886|40429,15715|40429,15888|40429,15920|40429,16003|40429,16028|40429,16123|40429,16144|40429,16226|40429,16263|40429,20090|40429,20312|40429,20389|40429,20472|40429,20539|40429,22093|40429,26331|40429,26623|40429,26875|40429,27168|40429,27289|40429,27359|40429,28075|40429,28312|40429,29712|40429,30136|40429,30419|40429,33821|40429,34071|40429,34182|40429,36590|40429,36660|40429,37737|41414,607|47449,704|47449,1219|47449,1319|48293,33155|48293,33255
_variabl 27757,532|27757,674|28709,697|28709,827|28709,1200|28709,1303|28709,1418|28709,1482|41414,583|41414,725|47449,680|47449,810|47449,1183|47449,1286|47449,1401|47449,1465
_verions_ 30550,666|37328,2433
_version 42090,1245
_version_ 29130,1639|29130,1734|29130,2301|29130,2874|29130,3189|30550,851|30550,1191|30550,1453|35074,1616|35074,1712|35074,2537|35074,2867|35074,3090|35074,3237|35074,3347|35074,5033|37328,2613|37328,2946
_virtualalloc 37072,81268|37072,165412|47838,81268|47838,165412
_virtualfre 37072,81339|37072,164322|47838,81339|47838,164322
_virtualprotect 37072,81409|37072,165483|47838,81409|47838,165483
_vital 47519,160
_vl_binsum_ 40003,1643
_vl_cummax_ 22906,1794
_vl_det_hessian_respons 26119,1049|33369,1173|41247,2745|41247,7492
_vl_dog_respons 26119,1088|33369,1212|41247,3130|41247,7870
_vl_dsift_alloc_buff 26119,1119|33369,1243|36075,1598|36075,2402
_vl_dsift_free_buff 26119,1156|33369,1280|36075,1396|36075,2634
_vl_dsift_new_kernel 26119,1192|33369,1316|36075,1160|36075,2747
_vl_dsift_normalize_histogram 26119,1226|33369,1350|36075,1294|36075,2987
_vl_dsift_update_buff 26119,1269|33369,1393|36075,1481|36075,3246|52739,1878|52739,3636
_vl_dsift_with_flat_window 26119,1317|33369,1441|36075,2102|36075,3316
_vl_dsift_with_gaussian_window 26119,1357|33369,1481|36075,2002|36075,3441
_vl_enlarge_buff 26119,1401|33369,1525|41247,1319|41247,8217
_vl_harris_respons 26119,1434|33369,1558|41247,2929|41247,8416
_vl_resize_buff 26119,1468|33369,1592|41247,1202|41247,8905
_vl_scalespace_fill_octav 26119,1500|30349,3046|30349,3732|33369,1624
_vl_scalespace_start_octave_from_imag 26119,1545|30349,3173|30349,4042|33369,1669
_vl_scalespace_start_octave_from_previous_octav 26119,1602|30349,3344|30349,4454|33369,1726
_vl_sift_smooth 26119,1669|33369,1793|49910,1683|49910,3707
_vl_svm_update_statist 26119,1697|29671,7035|29671,7282|33369,1821
_vl_x86cpu_info_init 23185,6402
_vl_x86cpu_info_to_string_copi 23185,6454
_vlcovdet 21725,1350|26476,992|26476,1381|26476,1438|26476,1499|26476,1574|26476,1629|26476,1729|26476,1793|26476,1866|27766,1225|28159,1227|28915,1229|29281,1464|29343,1446|29701,1792|29701,6783|29701,16163|34884,1235|37057,1349|37197,1229|39278,1342|39459,1127|41247,1129|42119,1114|43027,1110|47895,1344|49221,1331|51952,1313|52354,1242
_vlfilemeta 51952,1150
_vlhikmnod 44606,1114|44606,1273
_vlmserextrreg 51952,1542
_vlmserfilt 51952,1627
_vlmserreg 51952,1049
_vlmserstat 51952,1108
_vlmxoption 51952,1662
_vlvectorcomparisontyp 27459,1016|33369,1858|47745,2635|47745,2732|47745,6768
_vtbl_ 37072,19483|37072,19549|37072,19637|37072,19725|37072,19786|37072,19847|37072,19927|37072,20005|37072,20085|37072,20149|37072,20235|37072,20321|37072,20383|37072,20473|37072,20539|37072,20627|37072,20715|37072,20777|37072,20837|37072,95953|37072,161036|47838,19483|47838,19549|47838,19637|47838,19725|47838,19786|47838,19847|47838,19927|47838,20005|47838,20085|47838,20149|47838,20235|47838,20321|47838,20383|47838,20473|47838,20539|47838,20627|47838,20715|47838,20777|47838,20837|47838,95953|47838,161036
_vti_cnf 22304,154|22499,30|22499,68|23927,263|25283,30|25283,68|25567,30|25567,68|27650,350|28332,181|30362,229|31567,480|32832,30|32832,68|32866,403|34199,30|34199,68|38689,30|38689,68|38997,30|38997,68|39271,305|41026,303|41288,30|41288,68|41528,30|41528,68|41731,235|42156,30|42156,68|43619,30|43619,68|44191,30|44191,68|44204,30|44204,68|45291,291|51417,555|52309,238
_waitforsingleobject 37072,81482|37072,165867|47838,81482|47838,165867
_who_ 32752,3210|32752,4222
_win 30657,3170|30657,59825|30657,60249|36963,5996|36963,6116|43285,304|43285,7970
_win32 22271,567|22271,652|22271,1243|22271,11564|22955,567|22955,652|22955,1243|22955,11746|26674,567|26674,652|26674,1243|26674,11564|26851,567|26851,652|26851,1243|26851,11746|36440,567|36440,652|36440,1243|36440,11895|38597,567|38597,652|38597,1243|38597,11746|38615,567|38615,652|38615,1243|38615,11746|40717,1490|41545,567|41545,652|41545,1243|41545,11895|43447,549|43447,631|43447,1195|43447,11371|44066,567|44066,652|44066,1243|44066,11895|48901,567|48901,652|48901,1243|48901,11895
_window 23762,1349|23762,1455|23762,2325|23762,2440|24403,1373|24403,1466|24403,2324|24403,2426|26372,388|27429,1397|27429,1490|27429,2323|27429,2425|28117,383|28677,1901|28677,7021|28677,12141|29195,370|33119,281|33119,667|36267,1349|36267,1455|36267,2321|36267,2436|36470,370|36813,1397|36813,1490|36813,2323|36813,2425|38264,1373|38264,1466|38264,2324|38264,2426|39162,1349|39162,1455|39162,2325|39162,2440|41514,362|42163,1373|42163,1466|42163,2324|42163,2426|42303,362|44727,388|44880,1349|44880,1455|44880,2321|44880,2436|44916,1373|44916,1466|44916,2324|44916,2426|47621,1331|47621,1423|47621,2256|47621,2357|53590,1901|53590,7021|53590,12141
_windows_ 38250,27049
_within_ 34321,8864
_without_ 51667,18122
_writeconsolea 37072,81562|37072,164592|47838,81562|47838,164592
_x 21758,4731|41385,379
_y 21758,4772|41385,437
_ywiec 25649,3842
_zip 34725,183|34725,199
