오거랜스 21985,11915
오는 28478,23373|41496,33048|45690,25909
오늘은 31706,1697|31706,2221|31706,2747|31706,3196|31706,3671
오니가시마 41496,27744
오더레이피어 30377,1187
오딧세이 30377,10987|36224,1494
오딧세이g 36224,28832
오딧세이改 36224,1714
오딧세이블레이드 36224,1897
오래된통 23612,5361|39339,1948|39339,2941|39339,3818|39339,7658|39339,8362|39572,4769|39572,4883
오랫동안 53592,12916
오렌지 53592,3882
오렌지색 30377,28578|39242,15527
오르거나 39242,10373|40740,3119
오르고 44611,451
오르는 39242,3486|39242,4407
오르면 28478,21499|28478,21720|28478,22135
오른다 39676,32524|47905,6586
오른쪽 30377,29304|30377,29313
오른쪽의 30377,29362
오를 39242,15150|42405,194
오를수 27609,311
오릅니다 44611,413
오리지날 53592,6307
오면 44611,151
오모자 26312,11244|26312,11342|26312,12073|26312,25103|26312,25212|26312,25754|26312,28349|26312,34993|26312,35100|26312,37921
오므로 28478,23319
오버 53592,6189
오베리온 24394,10979
오스테온픽 36224,10761
오스테온픽g 36224,29007
오스테온픽改 30377,14605|36224,11026
오야스미베어 30024,24152
오야스미베어g 30024,33163
오오나나호시천포 39676,20947
오오나즈나 39572,4542
오오나즈냉이 39339,5263|39339,5754|39339,6425|39339,7441
오오나즈치 31706,1122|31706,5220|39242,7463|40740,7708|40740,7725|40740,7746|41496,12808|41496,12874|41496,13414|41496,24927|53592,1855|53592,1866|53592,2902|53592,3966|53592,5067|53592,6097|53592,7155
오오나즈치의 41496,3566
오오무라사키바사미i 28478,7608
오오무라사키바사미ⅱ 28478,7832
오오바사미 28478,6882
오오바사미g 28478,18907
오오바사미i 28478,7022
오오바사미ⅱ 28478,7147
오오바사미ⅲ 28478,7272
오오바사미ⅳ 28478,7403
오오제금붕어 39572,4141
오우비트 42049,3698|42049,9409|48345,3679|48345,9359
오우비트s간바 35698,21834
오우비트s마노 29353,21748
오우비트s브랏소 29353,21845
오우비트s앵커 49617,21239
오우비트s카프트 26312,24845
오우비트s코크사 49617,21363
오우비트s테스터 26312,24718
오우비트s페크트스 29333,21795
오우비트s펨르 35698,21931
오우비트s펫 29333,21700
오우비트x 42049,13919|48345,13901
오우비트x간바 35698,31258
오우비트x마노 29353,30872
오우비트x브랏소 29353,31000
오우비트x앵커 49617,30539
오우비트x카프트 26312,34898
오우비트x코크사 49617,30658
오우비트x테스터 26312,34766
오우비트x페크트스 29333,31254
오우비트x펨르 35698,31375
오우비트x펫 29333,31160
오우비트간바 35698,8838
오우비트마노 29353,8893
오우비트브랏소 29353,9022
오우비트앵커 49617,8198
오우비트카프트 26312,10657
오우비트코크사 49617,8333
오우비트테스터 26312,10524
오우비트페크트스 29333,8928
오우비트펨르 35698,8924
오우비트펫 29333,8844
오타인듯 44611,5777
오토모 39242,721|39242,1493|39242,1592|39242,1610|39242,1746|39242,5703|39242,6124|39242,6224|39242,6322|39242,9008|39242,9847|39242,9889|39242,10193|39242,10346|39242,10421|39242,10583|39242,10627|39242,10654|39242,10681|39242,10695|39242,10732|39242,10797|39242,10826|39242,10919|39242,11049|39242,11149|39242,11301|39242,11317|39242,11393|39242,11628|44611,367|53592,11666|53592,16367
오토모lv 39242,2322
오토모가 41496,29710
오토모게시판을 53592,16467
오토모계 47905,10506
오토모공격 47905,10636|48373,9250
오토모공격력up 47905,10645
오토모교육 26312,8517|29333,31077|29333,31150|42049,13868|47905,10537|47905,10595|48345,13840|48373,9165|49617,30458|49617,30529
오토모레벨10 39242,8732
오토모레벨12 39242,9396
오토모레벨13 39242,9083
오토모레벨14 39242,9531
오토모레벨15 39242,9459
오토모레벨17 39242,8892
오토모레벨18 39242,8509
오토모레벨20 39242,9643
오토모레벨5 39242,8653
오토모레벨6 39242,9023
오토모레벨7 39242,7226
오토모레벨8 39242,9249
오토모레벨9 39242,7898
오토모레벨은 39242,356
오토모로 53592,16487
오토모를 39242,454
오토모방어 47905,10679|48373,9307
오토모방어력up 47905,10688
오토모스킬 39242,5772|53592,16334|53592,16390
오토모스킬을 53592,11817
오토모아이루 39242,20|39242,5669|39242,9933|39242,10896|39242,14227|44611,273|44611,328|53592,11843|53592,16318
오토모아이루가 39242,4372|39242,6442|39242,8620|39242,9158|39242,13621|39242,14375|39242,14617|39242,14916|53592,11832|53592,16441
오토모아이루는 39242,609|39242,2543
오토모아이루도 39242,14186|39242,14599|39242,15056
오토모아이루로 39242,326
오토모아이루를 39242,285|39242,1795|39242,6290
오토모아이루에게 39242,13596|39242,13986
오토모아이루에게의 53592,16421
오토모아이루의 39242,2339|39242,4278|39242,4392|39242,6492|39242,6848|39242,6937|39242,7026|39242,7115|39242,7204|39242,7305|39242,7400|39242,7523|39242,7649|39242,7777|39242,8028|39242,8118|39242,8183|39242,8259|39242,8379|39242,9857|39242,13150|39242,13910|39242,14075|39242,15166|47905,10555|47905,10601|47905,10654|47905,10697|53592,11636|53592,11674|53592,11711|53592,11748|53592,11785|53592,16295
오토모의 39242,2228
오토모전달 39242,10567
오토모지도와교류 39242,2692|47905,10546
오토모티켓 26312,8535|41496,29690|48373,9229
오토모피어스 26312,8481|39242,11255|39242,11379
오트모 39242,1118
오트모아이루는 39242,1676
오트모아이르의 39242,6574|39242,6686|39242,6769|39242,13515
오향샐러리 44611,843
