0
132
194
221
236
256
274
635
711
864
882
897
961
1223
1237
1261
1278
1495
1515
1687
1708
1767
1817
1834
1851
1887
1907
1925
1948
1962
1982
2011
2178
2197
2215
2230
2274
2304
2460
2496
2525
2542
2628
2679
2715
2747
2787
2834
2866
2884
2921
2936
2974
3001
3050
3066
3104
3118
3139
3782
3797
3933
4032
4063
4095
4139
4179
4198
4214
4314
4332
4360
4408
4429
4448
4485
4503
7978
8009
8027
8289
8331
8352
8386
8494
8523
8540
8559
8578
8655
8697
8747
8783
8856
8890
8923
9120
9200
9222
9245
9370
9409
9459
9528
9601
9624
9647
9670
9865
9889
10326
10344
10393
10412
10491
10525
10557
10607
10847
10864
10977
11053
11101
11569
11612
11645
11718
11737
11771
11791
11812
11843
11895
11948
11980
12001
12050
12847
12881
12900
12968
12986
13052
19735
20086
20277
20313
20350
20386
20431
20719
20756
20844
20878
21379
21400
21425
21445
21473
21520
21668
21696
21728
21751
21784
21804
21823
22102
22179
22199
22253
22293
22330
22378
22466
22487
22561
22645
22703
22735
22752
22809
22858
22891
23629
23651
23712
23810
23899
23972
24005
24058
24090
24160
24220
24279
24311
24345
24378
24438
24516
24569
24590
24722
24765
24799
24833
24855
24877
24936
24967
24999
25074
25109
25148
25171
25262
25293
25329
25347
25381
25478
25511
25545
25582
25724
25742
25791
25810
25840
25858
25893
25912
25944
25976
25995
26041
26253
26340
26383
26414
27259
27310
27327
27486
27530
27565
27593
27627
27658
27843
27891
27926
27989
28063
28080
28191
28226
28422
28457
28478
28540
28594
28975
29025
29048
29070
29102
29133
29208
29229
29267
29381
29415
29448
29482
29522
29541
29651
29738
29769
29876
29909
29943
31117
31159
31241
31344
31423
31440
31457
31716
41685
41733
41766
41866
41903
41940
42019
42055
42132
42220
42243
42267
42300
42335
42371
42542
42581
42615
42661
42696
42774
42800
42824
42842
42862
42895
42930
42993
43091
43150
43298
43376
43502
43866
43890
43960
43995
44026
44058
44136
44191
44766
44812
44845
44864
44886
44905
45011
45031
45438
45471
45754
46274
46310
46347
46384
46421
46459
46479
46574
46614
46651
46686
46739
46765
46792
46834
46861
46902
46979
47020
47045
47086
47125
47166
47205
47239
47313
47361
47408
47426
47457
47485
47517
47592
47653
47685
47711
47745
47779
47856
47877
47996
48029
48065
48099
48153
48186
48287
48322
48356
48416
48471
48533
48607
49830
49867
49899
49976
50003
50022
50257
50283
50317
50337
50357
50376
50839
50937
51024
51058
51087
51119
51143
51456
51475
51549
51586
51660
51736
51785
51817
51851
51880
51908
51937
52002
52319
52355
52389
52411
52459
52479
52498
52533
52567
52602
52624
52646
52668
52688
52729
52762
52781
52809
52839
52872
52918
53013
53099
53188
56954
57117
57159
57192
57215
59259
59295
59407
59480
59538
59666
59730
59755
59832
59853
59872
59948
59981
60018
60092
60168
60198
60232
60252
60339
60394
60416
60448
60510
60529
60560
60581
60609
60663
61213
61304
61341
61379
61416
61454
61492
61530
61569
61608
61627
61804
61979
61997
62034
62055
62261
62311
62415
62461
63912
63987
64022
64057
64092
64123
64175
64252
64298
64377
64439
64457
64491
64604
65716
70437
70502
70525
70547
70575
70613
70665
70756
70792
71050
71086
71111
71161
71274
71307
71370
71404
71439
71530
71595
71672
72090
72227
72245
72280
72316
72351
72403
72422
72444
72481
72561
72595
72643
72722
72758
72822
72846
72924
73001
73047
73081
73157
73234
73311
73374
73405
73441
73517
73605
73865
73917
73980
74058
74147
74181
74231
74450
74529
74580
74921
74972
75062
75112
75372
75476
75540
75578
75604
75625
75663
75815
75912
75966
75988
76013
76038
76061
76112
76143
76208
76293
76329
76364
76384
76408
76434
76458
76501
76589
77203
77222
77243
77317
77418
77454
77488
77569
77671
77691
77721
77758
77780
77810
77847
77914
77947
77995
78018
78136
78170
78205
78237
78594
78628
78666
78705
78745
78782
78810
78889
78929
78984
79011
79079
79159
79225
79258
79828
79867
80074
80093
80112
80217
80292
80327
80376
80493
80552
80584
80704
80737
80772
80832
80853
80913
80988
81061
81122
81198
81234
81267
81300
81377
81437
81512
81573
81607
81709
81744
81806
81880
82199
82398
82456
82571
82595
82683
82716
82788
82890
82937
82972
83021
83072
293828
293846
293882
293904
295410
295759
295780
295796
295847
295897
295929
295948
295971
296015
296062
296556
296709
296886
296923
296962
296988
297107
297424
297465
297562
297611
297633
297754
297772
297791
297881
297900
298184
298222
298240
298257
298826
300959
301050
301304
301323
301398
301442
301473
301560
301596
301617
302747
302776
302799
302876
302899
303003
303022
303078
303376
303409
303428
303479
303594
303618
303643
303683
303722
303774
303812
303838
303879
303946
304013
304393
304412
304931
304960
304982
305010
305055
305152
305197
305218
305240
305290
305319
305340
305481
305504
305528
305548
305568
305604
305624
305643
305676
306898
306932
306955
307033
307067
307102
307137
307211
307251
307286
307306
307328
307351
307549
307585
307609
307674
307712
307746
307770
307793
307873
307897
307934
307977
308049
308071
308091
308662
308681
309393
309442
309477
309496
309529
309571
309590
309606
309630
309717
309751
309794
309839
309875
309991
310016
310236
310258
310307
310329
310364
310399
310420
310450
310484
310528
310547
310595
310628
310647
310787
310821
310856
310877
310911
313076
313093
313117
313224
313276
313327
313343
314521
314827
314873
314935
315013
315049
315083
315106
315129
315192
315243
315334
315387
315526
315578
315615
315691
315847
315869
316063
316111
316134
316279
316476
316513
316553
316579
316620
316658
316692
316765
316841
316861
316894
316923
316958
317033
317160
317195
317213
317229
317384
317402
317418
317435
317514
317572
317646
317683
317741
317777
318004
318020
318059
318107
318167
318202
318276
318317
318345
318380
318411
318464
318501
318550
318571
318778
318797
318951
318988
319016
319120
319196
319272
319449
319485
319541
319596
319617
319705
320034
320065
320487
320519
320572
320591
320655
321665
321694
321768
321920
321971
322009
322058
322166
322185
322207
327590
327635
327836
327909
327958
328009
328027
328046
328078
328101
328135
328157
328192
328214
328247
328291
328313
328336
328383
328416
328562
328591
328621
328641
329039
329074
329098
329122
329187
329206
329239
329259
329331
329366
330542
330562
330683
330802
330825
330846
330885
330923
330955
330989
331019
331223
331258
331279
332903
332962
333001
333026
333049
333071
333133
333163
333194
333227
333360
333396
333440
333462
333660
333736
333759
333845
333922
333945
334021
334058
334098
334141
334162
334183
334287
334308
334342
334372
337060
337097
337132
337190
337370
337531
337552
337585
337633
337674
337694
337753
343122
343167
343203
343240
343277
343381
343418
343453
343475
343511
343702
343814
343872
343905
344141
345467
345531
345568
345601
345633
345652
345715
345758
345779
345889
345940
345957
345989
346008
346041
346236
346269
346476
346505
346622
346641
346876
346921
346997
347264
347831
347849
347882
347915
347992
348060
348095
348157
348217
348268
348397
348417
348491
348513
348545
348632
348682
348714
348910
348930
352571
352606
352641
352745
352783
352818
352852
352871
352905
352940
352975
352993
353025
353057
353207
353230
353263
353298
353318
353342
353373
353408
353429
354278
354304
355158
355193
355231
355257
355281
355300
355333
355625
355644
355727
355775
355810
355844
356659
356685
356723
356757
356824
356868
356905
356936
356956
356990
357678
357714
358339
358375
358400
358536
358556
358634
358900
359005
359029
359064
359141
359174
359207
359242
359276
359365
359424
359457
359506
359632
359692
359726
359760
359798
359831
359918
360137
360171
360196
360232
360643
360681
360761
360795
360817
360850
360869
361675
361713
361747
361807
361842
362068
362184
362235
362406
362455
362493
362511
362566
362587
362713
362753
362793
362997
363192
363363
363566
363628
363650
363695
363726
363918
364003
364036
364072
364104
364137
364171
364190
364212
364234
364292
364328
364362
364382
364436
364526
364559
364578
364614
364675
364933
364952
365001
365035
365063
365103
365171
365226
365262
365323
365499
365697
365731
365765
365925
366001
366076
366123
366173
366210
366230
366367
366388
366410
366456
366506
366542
366562
366636
366780
366829
366847
366882
366915
366948
367178
367211
367324
367361
367383
367434
367464
367485
367502
367562
367584
367605
367623
367699
367735
367769
367818
367882
367958
367995
368059
368094
368328
368361
368395
368429
368550
368588
368607
368643
368666
368700
368724
368758
368792
368925
368960
368997
369661
369709
369745
369832
369854
369877
369899
369994
370025
370059
370201
370221
370255
370445
370482
370501
370575
370612
370677
370770
370834
370852
370910
370955
370989
371205
371270
371306
371338
371357
371378
371434
371469
371505
371561
371581
371616
371654
371676
371699
371764
371800
371854
371902
371942
371992
372055
372079
372103
372130
372197
372234
372261
372315
372345
372559
372620
372666
372694
372723
372802
372936
372977
373025
373065
373239
373329
373370
373532
373569
373595
373635
373702
373782
373824
373891
373917
373997
374076
374130
374159
374276
374367
374391
374427
374463
374484
374603
374619
374656
378884
378905
378927
378976
378998
379096
379190
379241
379318
379687
379709
379758
379780
379829
379851
379888
379939
380011
380069
380104
382735
382762
382797
382828
382860
382894
389889
389920
389952
389985
390018
390118
390137
390239
390351
390385
390411
390527
390567
390596
390684
390716
390744
390778
390810
390844
390860
390892
390921
390940
391054
391076
391153
391177
391200
391220
391322
391420
391483
391559
391615
391672
391907
391929
391952
391974
391995
392014
392048
392082
392101
392243
392261
392296
392414
393087
393136
393210
393244
393278
393303
393337
393367
393469
393503
393565
393598
393658
393690
393738
393786
393907
393943
394022
394057
394093
394179
394199
394222
394256
394275
394428
394450
394473
394659
394695
394717
394779
394829
394890
394925
394945
394966
395074
395173
395199
395252
395272
395306
395741
395795
395856
395917
404566
404599
404636
404700
404754
404788
404811
404844
404863
404923
404969
405003
405022
405119
405142
405204
405226
405249
405271
405301
405316
405364
405396
405431
411629
411782
411816
411894
411917
411940
412017
412049
412078
412113
412146
412255
412737
412770
412850
412867
412942
413004
413079
413111
413144
413307
413343
413363
413397
413432
413483
413558
413591
413813
413858
413902
413934
413991
414010
414133
414168
414190
414291
414313
414336
414374
414396
414460
414484
414629
414661
414679
414736
414760
414790
414814
414844
414865
414926
414961
414981
415002
415027
415095
415138
415160
415193
415216
415239
415297
415321
415339
415373
415396
415417
415437
415458
416422
416453
416526
416556
416587
416622
416657
416689
416724
416744
416765
416811
416830
416899
417074
417151
417185
417207
417240
417273
417309
417340
417373
417407
417445
417481
417512
417581
417626
417643
417678
417725
417770
417803
417822
417843
417953
418016
418050
418082
418100
418136
418170
418202
418973
419047
419099
419262
419285
419334
419407
419467
419526
419544
420475
420502
420521
420557
420595
420618
420644
420675
420751
420785
420819
420878
420898
420932
420968
421054
421145
421208
421268
421289
421321
421374
421410
421429
421461
421483
421500
421523
422358
422372
422397
422415
422445
422476
422490
422537
422563
422595
422817
422925
422952
423190
423274
423294
424033
424087
424130
424158
424179
424199
424413
424431
426773
426790
426807
427039
427160
427391
427518
427647
427778
427854
427934
428198
428259
428315
428373
428425
428481
428546
428588
428630
428677
428939
428989
429037
429085
429135
429182
429217
429279
429317
429337
429904
430461
430486
430503
430518
430621
430637
430666
430861
430881
435887
435905
436085
436247
436404
436423
436595
436755
436769
436787
436804
436824
436847
436863
437345
437457
437474
441418
441442
441483
441597
441617
441636
441656
441913
441929
441950
441964
442923
443360
443486
443503
443523
443547
443815
443851
443902
443994
444011
444092
444120
444135
444151
444779
444798
444816
444831
444849
445736
445757
445773
445998
446018
446036
446091
446107
447876
447891
447950
447984
448069
448089
448186
448219
448312
449786
449820
449854
449904
449940
449978
450013
450045
450068
450120
450158
450182
450234
450279
450362
450383
450415
450461
450496
450528
450634
450753
450772
450829
450847
450866
450958
451032
451065
451123
451187
451321
451359
451376
451625
451644
451708
451726
451826
451957
452000
452098
452128
452359
452693
452722
452741
452761
452783
452803
452846
453118
453149
453181
453202
453220
453259
453276
453293
453315
454251
454909
454939
455001
455062
455081
455102
455135
456412
456431
456496
456529
456552
456575
456596
456613
456658
456846
456866
456885
456936
456997
457096
457180
457223
457241
457722
457755
457828
457858
457873
457922
457941
457965
457996
458028
458115
458146
458189
458599
458653
458672
458690
458708
458727
458791
458807
458887
458930
458952
459024
459041
459057
459092
459129
459306
459322
459355
460032
460213
460246
460287
460311
460341
460358
460391
460421
460440
460602
460624
460668
460713
462167
462204
462233
462249
462269
462303
462389
462410
462440
462461
462488
462507
462540
462635
462697
462731
462750
462807
462828
463482
463517
463542
463608
463639
463655
463724
464515
464536
464585
464627
464675
464696
464730
464777
464907
464942
464976
465012
465500
465538
465577
465642
465677
465707
465864
465970
465991
466132
466366
466400
466423
466455
466500
467038
467073
467360
467434
467681
467702
467853
467874
467907
468014
468051
468071
468104
469733
469755
469854
470276
470295
470351
470372
470389
470410
470434
470504
470684
470704
470722
470744
470765
471414
471436
471469
471522
471651
471673
471750
472217
472721
472757
473113
473138
473201
473377
473411
473432
473476
473658
473678
473740
473771
473807
473840
473878
473901
473924
473949
474053
474104
474141
474171
474203
474585
474601
474628
474652
474685
474756
474804
474867
475057
475076
475100
477463
477488
477510
477533
477614
477643
477716
477735
477771
478061
478094
478137
478248
478296
478343
478380
478414
478436
478501
478520
478642
478663
478709
478743
478900
478933
478951
478999
479027
479075
479120
479142
479165
479214
479236
479258
479320
479343
479369
479486
479519
479583
479636
479669
479770
479804
479831
479907
479958
480007
480062
480112
480154
480172
481116
481146
481176
481211
481240
481287
481368
481874
481894
481937
481998
482016
482061
482122
482139
482157
482233
482300
482318
482350
482430
482463
486581
486632
486727
486775
486795
495677
495707
495723
495742
495763
498896
499437
499461
499490
499536
499572
499591
499613
499645
499662
499712
499743
499760
501206
501314
501344
501416
501436
501457
501791
501871
647740
647812
647902
647954
648004
648114
648196
648249
648420
648442
648465
648545
648581
648617
648659
648683
648736
648760
648815
648839
648862
648885
648912
649021
649072
649097
649127
649164
649193
649235
649261
649288
649316
649341
649406
649424
649469
649512
649536
649562
649596
649884
649904
649922
649955
650000
650034
650069
651039
651073
651134
651168
651187
655954
656073
656140
656235
656272
656312
656399
656421
656449
656471
656497
656560
656629
656664
656703
657321
657381
657428
657635
657669
657707
657729
657748
657818
657851
657914
657975
657993
658015
658723
659063
659406
659438
659472
659618
659653
659725
659756
659829
659905
659939
660014
660227
660249
660299
660361
660437
660502
660530
660567
660643
661733
662012
662062
662080
662115
662146
662168
662314
662331
662386
662409
662432
662497
662521
662731
662783
662842
662874
662906
662940
663035
663068
663088
663119
663306
663342
663526
663562
663596
663655
663692
663727
668208
668230
668274
668299
668339
668866
668902
668939
669017
669052
669109
669191
669218
670313
670332
670353
670373
670445
670467
670528
670558
670581
670651
670701
670727
670760
670778
670836
670870
670888
671206
671245
671264
671492
671517
671542
671566
671587
671632
671734
671758
671796
671876
672351
672429
672468
672502
672552
672642
672668
672692
672731
672764
673406
673447
673525
673551
673616
674186
674214
674347
674428
674456
674850
674891
674936
674973
674996
675062
675104
675130
675378
675399
675439
675538
675685
675747
675797
675890
675926
677753
677773
677794
677928
677968
678034
679664
679699
679733
679777
679816
679835
679872
680598
680626
680663
680701
680741
680834
680852
680871
680893
680916
681007
681032
681068
681121
681176
681273
681331
681359
681402
681465
681522
681560
681614
681650
681736
681772
681793
681811
682355
682431
682483
682595
682616
682664
682699
682761
682826
682878
682919
683023
683059
683078
689411
692185
692219
692237
692544
692592
692683
692788
692809
692857
698677
699509
699532
699553
699607
699650
699723
699745
699771
699800
699819
699868
699894
699933
700637
700675
700698
700821
717759
717777
717868
717923
717956
718074
718136
718241
718270
718316
718342
718363
718402
718444
718901
739141
774562
774638
774709
774790
774812
774836
774914
774951
774984
775007
775046
775067
775095
775115
775147
775166
775196
775219
775246
775274
775318
775415
775473
775555
775586
775621
775644
775662
775687
775723
775800
775853
775926
775988
776024
776453
776508
776572
776637
776693
776782
776821
776857
776900
776917
776949
777010
777110
784842
785099
785125
785145
785186
785208
785270
785307
785328
785372
785411
785446
785481
785703
785853
785913
785944
786049
787915
787986
788033
788069
788106
788194
788235
788281
788387
788551
789106
789141
789177
789286
789343
789396
789431
789449
789560
789579
789644
790105
790142
790192
790220
790242
790281
790335
790377
790415
790501
790594
790644
790665
790701
790762
790803
790855
790906
790947
791077
791120
791147
791161
791175
791211
791243
791274
791361
791397
791536
791712
791756
791783
791800
791817
791890
791924
793873
793907
794082
794118
794137
794158
794177
794210
794259
794282
794319
794353
794404
794503
794959
794996
795041
795105
795138
795196
795214
795294
795330
795472
795533
795564
795598
795617
795713
795825
795859
795917
795960
796103
796135
796154
796187
796206
796228
796302
796352
796386
796406
796484
796517
796582
796615
796732
796760
796779
796801
796834
797075
797111
797194
797214
797320
797354
797389
797472
797495
797550
797603
797639
797675
797708
797740
797772
797805
797839
797871
797895
797911
797945
797964
797997
798043
798074
798106
798144
798180
798214
798247
798267
798422
798663
802448
802482
802504
802580
802617
816832
816868
816904
817005
817083
817117
817151
817241
817281
817332
817385
817422
817458
817530
817567
817601
817635
817709
817728
817792
817814
817862
817953
817991
818013
818036
818071
818562
818584
818621
818657
818692
818714
818738
818769
818788
818807
818842
818885
818940
818960
818995
819046
819064
819082
819114
819131
819194
819230
819277
819358
819412
819504
819560
819587
819616
819646
819674
819705
819768
819863
819897
819931
819970
820759
820793
820826
821014
821068
821087
821115
821159
821229
821494
821540
821573
821592
821622
821667
822603
822650
822670
822724
822892
825133
825152
825183
825240
825341
825415
825920
825955
825974
825992
826023
826076
826294
826313
826331
826450
826542
826609
826631
826653
826712
826937
827042
827277
827310
829055
829181
829216
829316
829337
829354
829374
829391
829410
829429
829584
829632
829681
829714
829737
829770
829803
829822
829862
829881
829902
829935
829955
829974
831280
831301
831324
831344
831367
831599
831664
831706
831834
831863
831881
831904
831947
832038
832054
832083
832101
832132
832150
832183
832220
832258
832296
832320
832389
832412
832449
832467
832485
832504
832550
832609
832798
833129
833177
833242
833290
833377
833566
833656
833688
833748
834003
834031
834198
834222
834242
834263
834295
834312
835017
835080
835175
986970
986995
987068
988846
988877
988902
988944
988982
989008
989050
989111
989163
989215
989269
989308
989364
989421
989450
989471
989506
989552
989599
989656
989711
989763
989781
989808
989853
990043
990068
990116
990137
990159
990209
990268
990288
990318
990360
990439
990464
990484
990517
990562
990613
990658
990710
990748
990781
990800
990821
990850
990881
990912
990944
990963
991015
991068
991117
991171
991210
991230
991285
991351
991456
991488
991605
991629
991661
991725
991753
991774
991808
991833
991856
991880
991912
991949
992036
992055
992086
992106
992139
992187
992232
992253
992286
992307
992350
992407
992439
992463
992525
992561
992597
992657
992714
992777
992798
992948
992978
993007
993058
993114
993142
993200
993256
993312
993666
993732
993830
993850
993994
994093
994204
994280
994344
994584
994639
994944
995294
995329
995353
995466
995568
995683
995746
995852
995876
995968
996005
996030
996086
996147
996201
996222
996324
996343
996408
996639
996656
996674
996734
996755
996774
996914
997085
997186
997338
998366
998467
998492
998514
998539
998568
998647
998669
998700
998742
998778
998824
998948
999064
999257
999377
999500
999616
999645
999676
999742
999807
999866
999906
999947
999988
1000092
1000119
1000154
1000177
1000218
1000860
1002181
1002206
1003312
1003354
1003401
1003461
1003493
1003524
1003593
1003625
1003653
1003679
1003698
1003718
1003749
1003780
1003834
1003861
1003923
1003986
1004097
1004149
1004216
1004253
1004271
1004303
1004375
1004411
1004449
1004477
1004522
1004557
1004585
1004974
1005036
1005104
1005178
1005232
1006367
1006513
1006566
1006624
1006660
1006733
1006769
1006787
1006835
1006872
1006915
1006961
1007007
1007048
1007082
1007118
1007204
1007266
1007362
1007416
1007444
1007467
1007501
1007678
1007720
1007824
1007878
1007896
1007963
1007995
1008097
1008144
1008185
1008215
1008234
1008259
1008284
1008308
1008327
1008350
1008427
1009538
1009878
1009917
1009947
1010001
1010058
1010110
1010169
1010326
1010481
1010508
1010527
1010565
1010599
1010642
1010686
1010712
1010754
1011196
1011215
1011246
1011400
1011555
1011708
1011758
1011778
1011801
1011897
1011961
1012059
1012114
1012172
1012207
1012226
1012302
1012365
1013531
1013564
1013608
1013633
1013665
1013727
1013785
1013840
1013898
1013955
1013976
1014001
1014104
1014142
1014291
1014342
1014394
1014674
1014727
1014781
1014835
1014898
1014971
1015002
1015057
1015087
1015129
1015166
1015184
1015209
1015261
1015371
1015405
1015504
1015561
1015673
1015714
1015771
1015996
1016020
1016041
1016063
1016097
1016116
1016135
1016204
1016271
1016436
1016479
1016516
1016559
1016601
1027382
1027519
1027555
1027694
1027861
1028044
1028106
1028214
1028334
1028741
1028760
1028917
1028976
1029002
1029147
1029304
1029330
1029438
1029459
1029493
1029552
1029645
1029679
1029734
1029792
1029945
1030056
1030113
1030298
1030356
1030410
1030428
1030539
1030646
1030750
1030856
1030966
1030987
1031042
1031101
1031130
1031247
1031405
1031434
1032057
1032082
1032109
1032131
1032160
1032191
1032220
1032259
1032378
1032454
1032482
1032510
1032575
1032605
1032880
1032934
1032988
1033163
1033425
1033592
1033644
1033698
1033737
1033767
1033803
1033831
1033851
1033882
1033947
1034005
1034050
1034068
1034092
1034160
1034215
1034315
1034359
1034393
1034431
1034495
1034678
1034776
1034806
1034824
1034857
1034889
1035257
1035627
1035730
1035792
1035850
1035904
1035930
1036013
1037065
1037238
1037298
1037364
1037430
1037492
1037568
1037631
1037690
1037750
1037809
1037871
1038103
1038136
1038167
1038333
1038353
1038373
1038861
1038918
1038937
1039209
1039265
1039331
1039397
1039459
1039535
1039554
1039574
1039638
1039700
1039797
1040206
1040263
1040284
1040406
1040514
1040539
1040650
1040757
1040812
1040873
1040928
1040985
1041041
1041094
1041151
1041175
1041484
1041544
1041596
1041701
1041763
1041782
1041812
1041850
1041876
1041923
1041971
1042085
1042127
1042160
1042349
1042443
1042500
1042562
1043046
1043077
1043101
1043158
1043195
1043256
1043279
1044684
1044759
1044802
1044919
1044956
1045012
1045124
1045143
1045235
1045255
1045276
1045337
1045357
1045381
1045421
1045454
1045479
1045516
1045547
1045617
1045676
1045748
1045802
1045821
1045849
1045911
1045945
1045996
1046105
1046324
1046399
1046416
1046440
1046488
1046506
1046529
1046552
1046597
1046621
1046713
1047042
1047165
1047222
1047263
1047321
1047356
1047382
1047413
1047467
1047488
1048304
1048386
1049901
1050228
1050262
1050278
1050309
1050344
1050380
1050452
1050472
1050500
1050517
1050538
1050559
1050590
1050625
1050829
1050925
1051026
1051088
1051152
1051173
1051209
1051297
1051468
1051487
1051517
1051621
1051675
1051704
1051724
1051754
1051772
1051899
1051918
1052012
1052063
1052099
1052138
1052170
1052189
1052284
1052317
1052336
1052353
1052374
1052597
1052647
1052668
1052699
1052729
1052747
1052813
1052865
1052903
1052933
1052951
1052967
1053270
1053285
1053451
1053467
1053485
1053513
1053533
1053582
1053615
1053637
1053699
1053719
1053743
1053773
1055196
1055231
1055257
1055275
1055293
1055311
1055329
1055362
1055382
1055476
1055498
1055523
1055559
1055624
1055800
1055830
1055857
1055874
1055913
1055931
1056066
1056084
1056104
1056407
1056425
1057156
1057204
1057267
1057308
1057328
1057345
1057366
1057387
1057405
1057424
1057509
1057530
1057552
1057639
1057670
1057694
1057741
1057775
1057795
1057870
1057968
1057991
1058146
1058170
1058195
1058268
1058340
1058374
1058446
1058541
1058576
1058648
1058684
1059787
1059815
1059886
1059958
1060003
1060022
1060039
1060115
1060374
1060393
1060456
1060547
1060582
1060617
1060693
1060728
1060759
1061589
1061682
1061865
1061888
1061914
1061957
1062122
1062170
1062271
1062306
1062355
1062391
1062451
1062587
1062623
1062700
1062738
1062773
1062806
1062830
1062858
1062891
1062910
1062950
1062967
1062987
1063077
1063095
1063128
1063159
1063196
1063239
1063456
1063479
1063499
1063517
1063554
1064293
1067242
1067418
1067456
1067477
1067500
1067524
1067546
1067582
1067699
1067723
1067748
1067797
1067833
1067911
1067942
1068022
1068049
1068073
1068340
1068402
1068467
1068492
1068555
1068611
1068628
1068646
1068663
1068736
1068905
1071069
1071084
1071108
1071477
1071511
1071546
1071580
1071789
1071880
1071914
1071932
1071965
1071999
1072036
1072072
1072121
1072153
1072217
1072273
1072864
1072899
1072919
1073022
1073060
1073117
1073168
1073211
1073244
1073268
1073358
1073429
1073460
1073495
1073517
1076227
1076278
1076302
1076353
1076376
1076398
1076421
1076443
1076467
1076540
1076563
1076588
1076650
1076673
1076697
1076870
1076959
1076992
1077025
1077059
1077167
1077414
1078441
1078475
1078562
1078599
1078653
1078786
1078887
1078945
1078979
1079010
1079036
1079272
1079295
1079332
1079447
1079494
1079558
1079578
1079614
1079690
1079726
1079848
1079867
1079925
1079941
1079974
1080048
1080120
1080153
1080184
1080207
1080280
1080366
1080405
1080450
1080484
1080519
1080739
1080776
1080811
1080834
1080870
1080906
1080923
1080980
1081012
1081032
1081048
1081067
1081110
1081137
1081232
1081250
1081271
1081292
1081334
1081476
1081498
1081521
1081543
1081564
1081586
1081608
1081639
1081659
1081848
1081896
1081930
1081982
1082023
1082074
1082104
1082227
1082245
1082314
1082338
1082357
1082389
1082422
1082467
1082488
1082509
1082543
1082566
1082599
1082618
1082651
1082670
1082691
1082721
1082739
1082763
1082783
1082803
1082825
1082845
1082882
1082904
1082925
1082945
1082982
1083001
1083022
1083044
1083064
1083082
1083100
1083270
1083304
1083340
1083359
1083378
1083537
1083571
1098969
1098986
1099006
1099062
1099096
1099129
1099163
1099186
1099244
1099344
1099384
1173584
1173620
1173643
1173692
1173715
1173764
1173784
1173816
1173877
1173924
1173960
1174039
1174070
1174094
1174133
1174725
1174779
1174859
1174878
1175125
1175176
1175196
1175233
1175282
1175646
1175696
1175747
1175812
1175847
1175898
1175979
1176035
1176076
1176141
1176191
1176214
1176265
1176295
1176327
1176361
1176394
1176585
1176635
1176659
1176680
1176703
1176727
1176752
1176771
1176869
1176943
1176975
1177019
1177054
1177114
1177135
1177168
1177186
1177394
1177467
1177514
1177547
1177562
1177593
1177607
1177639
1177672
1178000
1178316
1178433
1178450
1178493
1178510
1178542
1178615
1180350
1180372
1180407
1180430
1180480
1180542
1180579
1180602
1180754
1180790
1180827
1180908
1180946
1180983
1181014
1181046
1181090
1181124
1181156
1181281
1181316
1181538
1181682
1181704
1181737
1181794
1181965
1182000
1182050
1182082
1182315
1182348
1182396
1182431
1182479
1182523
1182554
1182603
1182651
1182685
1182707
1182723
1182740
1182773
1182807
1183486
1183503
1183521
1183621
1183640
1183677
1183697
1183731
1186056
1186103
1186124
1186158
1186276
1186296
1186461
1186480
1186584
1186619
1186652
1186690
1186724
1186953
1187026
1191099
1191145
1191289
1191323
1191358
1191396
1191498
1191535
1191659
1191709
1192181
1192215
1192279
1192316
1192350
1192372
1192407
1192511
1192622
1192658
1192691
1192897
1192984
1193005
1193038
1193057
1193090
1193108
1193140
1193160
1193206
1193223
1193313
1193331
1193351
1193395
1193428
1193504
1193537
1193657
1193693
1193744
1193775
1193809
1193832
1193855
1193889
1193920
1193952
1194003
1194043
1194142
1194172
1194204
1194267
1194321
1194369
1194399
1194418
1194437
1194469
1194571
1194594
1194628
1194740
1194828
1195144
1195216
1195276
1195310
1195414
1195453
1195476
1195541
1195563
1203075
1203279
1203539
1203559
1203581
1203604
1203645
1203673
1203993
1204627
1205029
1205062
1205139
1205170
1205202
1205234
1205469
1205503
1205629
1205732
1205769
1205834
1206909
1206946
1207382
1207409
1207457
1207559
1207583
1207622
1207675
1207739
1207827
1207877
1207914
1207988
1208038
1208079
1208104
1208139
1208224
1208249
1208286
1208309
1208372
1208396
1208451
1208484
1208530
1208566
1208601
1208619
1208666
1208685
1208770
1208805
1208871
1208920
1208969
1209019
1209051
1209083
1209229
1209251
1209274
1209307
1209361
1209382
1209800
1210183
1210259
1210418
1210454
1210486
1210581
1210706
1210725
1210757
1210778
1210865
1210881
1210913
1210934
1210981
1211840
1211902
1212051
1212086
1212108
1212142
1212159
1212244
1212373
1212417
1212451
1212795
1212841
1212877
1212910
1212939
1212959
1212979
1213026
1213339
1213368
1213441
1213472
1213521
1213569
1213628
1213663
1213695
1213843
1213876
1213891
1214145
1214168
1214191
1214215
1214239
1214283
1214317
1214379
1214412
1214489
1214553
1214707
1214741
1214775
1214879
1214912
1214948
1215120
1215375
1215526
1215628
1215694
1215730
1215765
1215795
1215813
1215834
1215891
1215926
1215960
1216014
1216032
1216545
1216565
1216640
1216700
1239276
1239294
1239312
1239330
1239364
1239398
1239435
1239857
1239934
1240031
1240134
1240158
1240194
1240248
1240284
1249285
1249385
1249420
1249440
1249462
1249485
1249585
1249639
1249701
1249743
1249854
1249889
1249964
1250014
1250049
1250068
1250103
1250136
1250170
1250204
1250224
1250349
1250700
1250751
1250854
1250890
1250923
1250959
1250980
1251013
1251030
1251068
1251106
1251124
1251199
1251233
1251263
1251587
1251851
1251887
1252047
1252082
1252102
1252122
1252153
1252169
1252200
1252223
1252259
1252290
1252318
1252336
1252406
1252442
1252626
1263090
1263125
1263216
1263332
1263507
1263524
1263545
1263605
1263663
1263680
1263723
1263931
1275506
1275525
1275555
1275576
1275602
1275624
1275654
1275687
1278372
1278397
1278427
1278443
1278602
1279469
1282737
1282804
1283314
1283333
1283376
1283403
1283436
1283455
1283544
1283647
1283756
1287102
1287122
1287166
1287188
1287210
1287229
1287327
1287403
1287496
1287538
1287651
1287752
1287818
1287837
1287858
1289449
1289469
1289498
1289520
1289555
1289586
1289619
1289654
1289689
1289710
1289746
1289807
1289862
1289894
1289912
1289943
1290687
1290705
1290750
1290785
1290820
1290867
1290888
1290940
1293577
1293600
1293629
1293645
1293668
1293690
1293709
1293737
1351202
1351224
1351330
1351367
1419010
1419039
1419074
1419104
1419273
1419307
1419327
1419345
1419395
1419412
1419443
1419474
1419613
1419678
1419754
1421294
1421416
1421444
1421462
1421493
1421523
1421546
1421565
1421679
1421741
1421755
1421871
1421899
1421928
1421964
1422033
1422074
1422090
1422118
1422139
1422157
1422269
1422306
1422342
1422390
1422407
1422424
1422442
1422489
1422562
1422592
1422612
1423132
1423151
1423167
1423216
1423244
1423261
1423994
1424011
1424038
1424089
1424121
1424198
1424222
1424260
1424308
1424344
1424393
1424441
1424478
1424539
1424594
1424616
1424732
1424767
1424856
1424909
1425041
1425366
1425446
1425501
1425535
1425556
1428165
1428184
1428226
1428262
1428365
1428413
1428436
1428523
1428599
1428684
1428715
1428750
1428785
1428806
1429596
1430273
1430338
1430366
1430388
1430411
1430444
1430506
1430557
1430580
1430643
1430671
1430732
1430754
1430789
1430983
1431006
1431030
1431052
1431074
1431192
1431217
1431342
1431393
1431460
1431520
1431564
1431586
1431609
1431629
1431651
1431673
1431815
1431838
1431883
1431906
1431930
1431978
1432022
1432075
1432098
1432184
1432204
1432348
1432380
1432667
1432736
1432958
1432983
1433039
1433079
1433136
1434208
1434266
1434291
1434377
1434467
1434491
1434542
1434578
1434602
1434637
1434793
1434843
1434869
1434895
1434952
1434973
1435006
1435071
1435105
1435188
1435268
1435587
1435609
1435657
1435743
1435765
1435788
1435838
1435862
1435894
1435927
1436150
1436174
1436207
1437354
1437389
1437422
1439299
1439719
1440452
1440527
1440618
1440669
1440695
1440751
1444476
1444494
1444564
1444644
1444680
1444841
1444875
1444899
1445412
1445453
1445501
1445666
1445809
1445854
1445892
1446041
1446093
1446184
1446334
1446357
1446381
1446446
1446469
1446519
1446579
1446603
1446626
1446754
1446862
1446885
1447013
1447049
1447114
1447150
1447173
1447208
1447340
1447434
1447512
1447529
1447644
1447681
1447697
1447730
1447924
1447943
1447975
1447995
1448017
1448098
1448131
1448149
1448183
1448247
1448279
1448356
1448390
1448426
1448525
1448549
1448655
1448692
1448727
1448775
1448812
1448871
1448905
1448923
1448953
1448973
1448994
1449026
1449058
1449088
1449119
1449152
1449184
1449218
1449455
1449500
1449929
1449973
1450072
1450123
1450146
1450168
1450203
1450393
1450410
1450489
1450506
1450532
1450563
1450924
1450960
1451006
1451029
1451053
1451078
1451331
1451354
1451432
1451499
1451533
1451554
1451627
1451672
1451691
1451711
1451758
1451791
1451823
1451896
1451927
1452024
1452097
1452187
1452223
1452324
1452363
1452425
1452447
1452489
1452537
1452582
1452683
1452704
1452727
1452751
1452837
1452858
1452879
1452912
1452945
1453110
1453131
1453173
1453214
1453234
1453265
1453286
1453317
1453869
1453904
1453983
1454052
1454074
1454091
1455745
1455863
1455920
1455941
1455977
1456007
1456071
1456298
1456787
1456823
1456859
1456895
1456929
1456966
1457003
1457039
1457074
1457110
1457147
1457183
1457250
1457300
1457336
1457436
1457604
1457641
1457676
1457710
1457744
1457777
1457811
1457892
1457926
1457960
1457991
1458028
1458063
1458097
1458133
1458169
1458205
1458241
1458277
1458312
1458347
1458479
1458513
1458547
1458582
1458615
1458650
1458672
1458734
1458768
1458803
1458838
1458857
1458892
1458929
1459654
1459710
1459747
1459782
1459851
1459885
1459920
1459996
1460032
1460066
1460101
1460135
1460169
1460204
1460239
1460273
1460308
1460339
1460374
1460410
1460457
1460517
1460552
1460587
1460625
1460662
1460742
1460762
1460855
1461266
1461302
1461369
1461388
1461502
1461519
1461536
1461583
1461687
1461707
1461743
1461850
1461872
1461921
1461944
1461972
1462004
1462034
1462095
1462333
1462401
1462434
1462501
1462523
1462580
1462610
1462672
1462695
1463345
1465581
1465671
1465837
1465879
1465903
1465924
1465950
1465983
1466056
1466072
1466117
1466204
1466226
1466258
1466318
1466390
1466466
1466482
1466689
1466712
1466739
1466771
1467310
1467361
1467403
1467446
1467465
1467498
1467517
1467646
1467733
1467754
1467777
1467801
1467842
1467871
1467998
1468020
1468043
1468068
1468088
1468109
1468141
1468174
1468222
1468368
1468392
1468430
1468465
1468496
1468662
1468752
1468779
1468815
1469024
1469046
1469258
1469283
1469306
1469333
1469450
1469510
1469533
1469557
1469580
1469601
1469802
1469823
1469855
1469894
1469925
1469960
1470011
1470059
1470270
1470427
1470499
1470517
1470658
1470745
1470795
1470820
1470962
1499964
1499995
1500041
1500061
1500082
1500441
1500585
1500732
1500813
1500849
1500868
1500906
1500936
1500974
1501113
1501154
1501197
1501256
1501317
1501338
1501361
1501385
1502911
1502934
1503258
1503295
1503347
1503399
1503446
1503500
1503610
1503631
1503722
1503802
1503847
1503879
1503914
1503939
1504005
1504105
1504135
1504197
1504368
1504415
1504457
1504572
1504704
1504729
1504766
1504791
1504894
1504957
1504993
1505056
1505080
1505119
1505151
1505232
1505266
1505295
1505325
1505342
1505360
1505393
1505426
1505474
1505496
1505769
1505788
1505809
1505832
1505855
1505875
1505947
1505969
1506000
1506157
1506179
1506270
1506295
1506319
1506362
1506395
1506433
1506466
1506500
1506516
1506592
1506623
1506985
1507176
1507212
1507236
1507285
1507306
1507340
1507402
1507423
1507509
1507531
1507565
1507586
1507609
1507633
1507664
1507732
1509119
1517380
1517426
1517460
1517495
1517531
1517565
1517600
1517675
1517858
1517934
1517971
1518006
1518128
1518204
1518224
1518537
1518600
1518648
1518687
1520998
1521051
1521085
1521161
1521215
1521291
1521329
1521418
1521543
1521603
1521626
1521650
1521673
1521710
1521745
1521767
1521830
1521854
1521893
1521919
1522039
1522120
1522144
1522224
1522279
1522357
1522412
1522454
1522519
1522555
1522628
1522662
1522724
1522785
1522833
1522867
1522892
1522914
1522949
1523021
1523045
1523109
1523164
1523248
1523433
1523468
1523555
1524060
1524097
1524308
1524367
1524403
1524437
1525159
1525194
1525282
1525308
1525358
1525377
1525398
1525422
1525459
1525478
1525557
1525676
1525753
1525830
1525931
1525950
1525966
1525984
1526125
1526341
1526362
1526413
1526448
1526481
1526497
1526520
1526552
1526573
1526620
1526644
1526721
1527265
1527394
1527434
1527474
1528570
1528602
1528691
1528734
1528754
1528776
1529124
1529190
1529249
1529292
1529327
1529366
1529401
1529427
1529455
1529498
1529526
1529581
1529716
1529755
1529860
1529899
1529922
1529961
1530014
1530055
1530547
1530575
1530622
1530654
1530676
1530726
1530774
1530861
1530922
1530943
1530965
1530986
1531023
1531069
1531126
1531143
1531253
1531274
1531396
1531443
1531475
1531515
1531588
1531651
1531674
1531711
1531732
1531754
1531777
1531810
1531855
1531876
1531899
1531923
1531946
1531969
1532057
1532078
1532112
1532160
1532179
1532221
1532240
1532282
1532404
1532438
1532473
1532522
1532607
1532646
1532688
1532741
1532775
1532797
1532818
1532869
1532957
1532994
1533048
1533083
1533103
1533257
1533334
1533600
1533677
1533728
1533747
1533766
1533781
1533816
1533914
1533970
1533993
1534084
1534245
1534308
1534411
1534488
1534520
1534553
1534655
1534717
1534752
1534815
1534932
1534957
1534997
1535022
1535049
1535091
1535118
1535246
1535299
1535335
1535358
1535396
1535445
1535506
1535542
1535585
1535639
1535694
1535715
1535761
1535840
1535879
1535902
1535981
1536113
1536148
1536181
1536220
1536311
1536343
1536376
1536605
1536639
1536682
1536715
1536791
1536824
1536858
1536896
1536932
1537582
1537604
1537623
1537759
1537826
1537934
1537968
1538044
1538106
1538159
1538283
1538364
1538404
1538438
1539243
1539268
1539284
1539300
1539316
1539332
1539348
1539376
1539404
1539430
1542393
1542408
1542638
1542710
1542853
1542869
1543575
1543722
1543800
1543936
1543972
1544021
1544270
1544286
1544316
1544332
1544363
1544385
1544401
1544420
1544448
1547681
1547721
1547761
1547778
1547797
1547819
1547835
1554908
1555139
1555159
1555190
1555210
1555239
1555268
1555291
1555329
1555367
1555483
1555499
1555515
1555531
1555547
1557026
1557061
1557079
1557116
1557149
1557234
1557410
1557431
1557454
1557478
1557512
1557611
1557647
1557672
1557702
1557822
1557874
1557896
1557944
1557995
1558071
1558106
1558137
1558178
1558228
1558264
1558302
1558341
1558401
1558423
1558454
1558482
1558503
1558526
1558550
1558674
1558696
1558745
1558769
1558785
1558802
1558834
1558895
1558969
1558992
1559015
1559039
1559062
1559082
1560170
1560214
1560260
1560291
1560311
1560336
1560371
1560404
1560437
1560467
1560560
1560577
1560614
1560660
1560691
1560725
1560747
1560830
1560862
1560880
1560923
1560943
1561080
1561111
1561171
1561211
1561235
1561271
1561302
1561322
1561477
1561857
1561880
1561954
1561976
1562026
1562061
1562217
1562242
1562262
1562286
1562345
1562369
1562656
1562716
1562756
1562795
1562903
1562933
1562961
1562978
1564632
1564846
1564862
1564896
1564924
1564942
1564974
1564993
1565067
1565083
1623806
1623822
1623841
1623878
1623990
1624010
1624120
1624142
1624165
1624188
1624225
1624296
1624328
1661160
1661188
1661216
1661256
1661274
1661292
1661332
1661354
1662422
1662501
1662552
1662575
1662593
1662645
1662682
1662733
1662758
1662837
1662882
1662905
1662958
1662978
1663027
1663106
1663845
1663931
1663982
1664066
1664110
1664200
1664224
1664284
1664306
1664359
1664436
1664513
1664548
1664684
1664701
1664735
1664808
1664881
1664924
1664956
1665125
1665152
1665193
1665243
1665263
1665323
1665387
1665419
1665452
1665494
1665619
1665639
1665684
1665718
1665780
1665811
1665844
1665930
1666052
1666113
1666134
1666155
1666191
1666214
1666265
1666301
1666322
1666373
1666409
1666461
1666497
1666517
1666537
1670725
1670756
1670817
1670850
1670885
1670928
1670948
1671102
1671136
1671169
1671317
1671354
1671380
1671439
1671473
1671575
1671621
1671655
1671707
1671756
1671789
1671823
1672601
1672808
1672848
1672916
1672950
1673016
1673052
1673145
1673198
1673294
1673329
1673351
1673398
1673471
1673521
1673555
1673804
1673825
1673862
1673901
1673934
1674227
1674435
1674496
1674558
1674634
1674664
1674687
1674706
1674739
1674771
1674855
1674957
1674981
1675015
1675048
1675148
1675170
1675193
1675282
1675304
1675339
1675359
1675414
1675450
1675486
1675670
1675692
1675728
1675760
1675834
1675856
1675873
1675922
1675953
1675986
1676020
1676124
1676200
1676276
1676308
1676326
1676348
1676440
1676604
1676665
1676700
1676722
1676757
1676791
1676827
1676845
1676905
1676967
1677012
1677035
1677109
1677141
1677184
1677930
1677952
1677986
1689638
1689672
1689705
1689732
1689751
1689770
1689826
1689854
1689887
1689918
1689952
1690040
1690059
1690117
1690137
1690167
1690335
1690352
1690384
1690404
1690425
1690459
1690493
1690512
1690594
1690628
1690650
1690697
1690747
1690792
1690813
1690833
1691036
1691066
1691120
1691168
1691275
1691457
1691522
1691555
1691591
1691644
1691660
1691680
1691702
1692633
1692661
1692681
1692885
1693488
1693526
1693602
1693623
1693646
1693670
1693829
1693845
1693919
1693954
1694012
1694044
1694067
1694089
1694109
1694141
1694163
1694200
1694224
1694260
1694275
1694309
1694381
1694478
1694527
1694572
1694652
1694700
1694720
1694756
1694775
1694807
1694859
1694881
1694903
1695000
1695173
1695257
1695274
1695304
1695328
1695394
1707316
1707369
1707840
1707874
1707892
1707913
1707936
1708038
1708061
1715766
1724055
1724074
1724097
1724133
1724183
1724204
1724238
1724260
1724302
1724323
1724594
1724687
1724708
1731864
1731902
1731922
1731954
1732181
1732201
1732478
1732513
1732635
1732657
1732693
1732715
1732767
1732790
1732813
1737216
1737506
1737546
1737582
1737606
1737738
1737764
1737799
1737848
1737879
1738611
1738663
1738713
1738734
1738757
1738789
1738834
1738856
1738878
1738927
1738946
1738967
1739290
1740071
1740092
1740125
1740146
1740236
1740340
1741307
1741351
1741373
1741425
1741542
1741562
1742015
1742051
1742071
1742125
1742758
1742969
1743031
1743054
1743127
1743360
1743380
1743422
1743711
1743744
1749394
1749414
1750396
1750429
1750448
1750612
1750667
1750701
1750749
1751258
1751373
1751422
1751465
1751559
1751672
1754169
1754191
1754213
1755080
1755101
1755162
1755279
1755361
1756016
1756231
1756252
1756432
1756514
1756535
1756569
1756604
1756627
1756679
1756734
1756754
1756797
1756831
1757083
1757102
1757138
1757237
1757268
1757315
1757339
1757580
1757678
1757980
1760019
1760042
1760290
1760325
1760373
1760397
1760420
1760458
1760480
1760498
1760518
1761174
1761201
1761227
1761265
1761285
1761308
1761403
1764963
1765019
1765057
1767441
1767628
1767666
1767709
1767756
1768096
1768120
1768164
1768200
1768233
1768286
1768323
1768345
1768395
1768430
1768511
1768531
1773325
1773515
1773548
1773571
1773618
1773719
1773737
1773773
1773791
1773814
1773929
1773983
1774083
1774102
1774158
1774179
1774338
1774395
1774416
1774447
1775788
1775824
1775847
1775950
1775973
1776164
1776226
1776246
1776348
1776381
1776471
1776510
1776546
1776569
1776936
1776954
1777276
1777347
1777390
1777418
1777452
1777482
1777500
1777552
1777587
1777623
1777692
1777751
1777828
1777906
1777927
1777956
1778019
1778037
1778057
1778088
1778151
1778180
1778241
1778262
1778281
1778300
1778319
1778338
1778540
1778578
1778598
1778620
1778736
1778759
1778834
1778853
1778882
1778936
1778955
1779175
1779194
1779215
1779246
1779279
1779312
1779377
1779568
1779589
1779608
1779642
1779673
1779711
1779730
1779759
1779807
1779839
1779857
1779911
1779931
1779946
1779962
1780040
1780062
1780094
1780129
1780148
1780184
1780218
1780294
1780342
1780376
1780410
1780445
1780522
1780632
1780664
1780777
1780811
1780861
1780897
1781052
1781069
1781116
1781158
1781177
1781214
1781235
1781277
1781412
1781514
1781563
1781597
1781662
1781695
1781776
1781796
1781832
1781869
1781891
1781954
1781982
1782138
1782185
1782209
1782263
1782297
1782346
1782381
1783669
1783700
1783829
1783854
1783894
1783915
1783940
1783995
1784028
1784064
1784124
1784187
1784224
1784259
1784303
1784336
1784463
1784486
1784518
1784794
1784829
1784961
1784996
1785035
1789234
1789268
1789316
1789350
1789369
1789387
1789411
1789488
1789566
1789643
1789984
1790024
1790046
1790118
1790194
1790231
1790289
1790309
1790333
1790410
1790450
1790483
1790503
1790524
1790546
1790609
1790657
1790692
1790724
1790759
1790799
1790888
1790965
1791017
1791070
1791119
1791154
1791229
1791443
1791478
1791515
1791539
1791565
1791603
1791653
1791701
1791775
1791880
1791930
1791966
1792018
1792055
1792089
1792123
1792157
1792177
1792209
1792228
1792286
1792320
1792353
1792419
1793253
1794313
1794372
1794392
1794411
1794455
1794540
1794909
1794927
1795027
1795059
1795095
1844649
1844669
1844691
1874631
1874720
1874754
1875789
1875839
1875870
1875945
1875979
1876023
1876070
1876238
1876275
1876430
1876459
1876495
1876672
1876691
1876725
1876749
1876803
1876831
1876865
1876899
1876932
1876956
1877794
1877827
1877845
1877867
1877915
1877949
1877984
1878019
1878133
1878156
1878180
1878231
1878265
1879339
1879387
1879413
1879492
1879513
1879533
1899990
1900017
1900053
1900083
1900106
1900141
1900165
1900189
1900214
1900248
1900283
1900375
1900421
1900491
1914344
1914383
1914418
1914452
1914494
1914528
1914562
1914596
1914671
1914811
1914835
1915001
1915036
1915071
1915159
1915180
1915228
1915339
1915389
1915675
1915697
1915720
1915742
1915766
1915813
1915831
1915864
1944550
1944583
1944617
1944637
1944660
1944692
1944771
1944793
1944871
1945228
1945252
1946023
1946094
1946114
1946144
1946218
1946304
1946369
1946390
1946412
1946470
1946490
1946549
1946585
1946604
1946639
1946687
1946723
1946759
1946806
1946855
1946890
1946915
1946990
1947012
1947035
1947057
1947077
1947098
1947145
1947165
1947187
1947210
1947229
1947263
1947298
1947358
1948492
1948568
1948660
1948684
1948707
1948759
1948783
1948835
1948859
1948896
1948947
1949000
1949052
1949118
1949180
1949204
1949270
1949305
1949329
1949364
1949398
1949420
1949443
1949477
1949522
1949544
1949592
1949631
1949656
1949715
1949779
1949812
1951806
1951827
1951880
1954847
1954867
1955180
1955215
1955250
1955286
1955398
1955581
1955600
1955673
1955708
1955752
1955887
1955961
1955994
1956013
1956037
1956060
1956096
1956129
1956148
1956239
1956277
1956314
1956351
1956393
1956469
1956531
1956563
1956606
1956651
1956695
1956781
1956841
1956861
1956894
1956926
1958973
1959010
1959046
1959068
1959095
1959538
1959572
1959605
1959625
1959657
1959691
1959751
1959967
1960040
1960063
1960098
1960309
1960387
1960436
1960471
1960548
1960636
1960697
1960757
1960790
1960969
1960993
1961058
1961119
1961210
1961230
1961306
1961326
1961346
1961364
1961413
1961633
1961654
1961676
1961697
1962461
1962526
1962564
1962601
1962625
1962657
1962685
1962719
1962752
1962780
1962917
1962935
1964964
1964983
1965691
1965712
1965747
1965779
1965812
1966326
1966358
1966393
1966454
1966697
1966927
1966962
1967027
1967064
1967089
1967133
1967170
1967209
1967227
1967279
1967313
1967345
1967374
1967417
1967452
1967497
1967518
1967551
1967568
1967602
1967636
1967745
1967781
1967801
1967823
1967846
1967891
1967927
1967949
1967965
1967984
1968050
1968082
1968143
1968164
1968183
1968204
1968223
1968247
1968267
1968289
1968321
1968351
1968431
1968454
1968473
1968514
1968532
1968554
1968574
1968628
1968648
1968669
1968705
1968785
1968861
1968880
1968938
1968968
1968988
1969005
1969022
1969055
1969701
1969720
1969757
1969817
1969843
1969864
1969897
1969930
1970689
1970907
1970941
1970978
1971014
1971046
1971083
1971159
1971241
1971353
1971377
1971451
1971486
1971518
1971551
1971936
1971984
1972037
1972071
1972148
1972224
1972273
1972309
1972346
1972366
1972387
1972411
1972433
1972454
1972477
1972499
1974340
1974360
1974384
1988271
1988304
1988407
1988441
1988460
1988490
1988523
1988550
1988581
1988602
1988784
1988814
1988866
1988887
1988907
1989129
1989186
1992345
1992394
1992442
1992475
1992509
1992543
1992735
1993734
1993770
1993804
1993838
1993859
1993893
1993927
1993964
1994037
1994102
1994131
1994161
1995830
1995871
1995890
1995910
1996071
1996109
1996261
1996281
1996301
1997638
1997751
1997796
1997818
1998047
1998158
1998294
1998315
1998348
1998370
1998405
1998464
1998485
1998573
1998605
1998636
1998750
1998769
1999673
2004144
2004207
2004228
2004320
2004343
2004378
2004402
2004437
2004509
2004845
2004996
2005036
2005111
2005273
2005394
2005428
2005457
2005489
2005543
2005643
2005692
2005724
2005756
2005778
2005827
2005842
2005874
2005896
2005930
2006050
2006483
2006513
2006549
2006638
2006672
2006709
2006770
2006804
2006824
2006845
2006906
2006936
2006959
2006989
2007020
2007070
2007211
2007271
2007295
2007317
2007361
2007505
2007530
2007673
2007708
2007743
2007760
2007781
2007804
2007987
2008006
2008042
2008129
2008151
2008174
2008208
2008230
2008264
2008337
2008386
2008423
2008502
2008539
2010900
2010929
2010960
2011123
2025948
2025983
2026032
2026054
2026092
2026117
2026154
2026789
2026833
2026874
2027405
2027486
2027506
2027661
2027681
2027748
2027771
2027836
2027853
2028023
2028057
2028078
2028100
2028145
2028167
2028203
2028250
2028281
2028313
2028382
2028454
2028523
2028835
2028871
2028893
2028915
2028977
2029000
2029032
2029067
2029099
2029117
2029149
2029218
2029291
2029312
2029332
2029354
2029410
2029440
2029807
2029825
2029860
2029894
2029961
2029985
2030029
2030053
2030075
2030098
2030119
2030143
2032189
2032205
2032221
2032243
2032260
2032277
2032300
2034132
2034154
2034206
2034310
2034329
2034356
2034373
2034432
2034448
2034478
2034516
2034576
2034620
2034638
2034797
2034825
2034855
2034978
2035026
2035047
2035063
2035357
2035373
2035400
2035420
2035445
2035475
2035504
2035548
2036560
2036577
2036647
2036665
2036680
2036713
2036729
2036745
2036785
2036818
2036842
2036898
2036920
2037078
2037097
2037116
2037132
2037151
2037184
2037203
2038317
2038366
2038438
2038498
2038543
2039400
2039422
2039445
2039468
2039498
2039521
2039540
2039616
2039688
2039711
2039735
2039824
2039875
2039896
2039921
2039940
2039959
2040008
2041223
2041243
2041259
2041306
2041339
2041359
2041380
2041401
2041421
2041515
2041535
2041595
2041748
2041772
2041792
2041826
2047375
2047394
2047417
2047444
2047577
2047747
2047877
2047903
2047939
2047974
2048010
2048043
2048078
2048122
2048267
2048325
2048470
2048506
2048527
2048589
2048666
2048777
2048943
2048964
2049039
2049071
2053308
2053359
2053423
2053442
2053464
2053697
2053746
2053796
2053814
2053833
2139249
2139972
2140094
2140129
2140149
2140173
2141681
2141770
2143080
2143126
2143148
2143180
2143213
2143249
2143288
2143384
2143419
2143805
2143898
2146752
2146778
2146802
2146833
2146864
2146991
2147056
2147090
2147112
2147160
2147198
2147454
2147494
2147559
2147594
2147622
2147651
2147695
2147727
2147748
2147767
2147790
2147848
2149582
2149649
2149700
2381754
2381807
2381845
2381866
2381884
2381979
2382012
2382031
2382066
2382132
2382152
2382186
2382221
2382363
2382401
2382438
2382479
2382661
2382694
2382983
2383010
2383030
2383060
2383077
2383113
2383156
2383198
2383280
2383312
2383336
2383719
2383753
2383787
2383821
2386312
2386351
2386450
2386470
2386504
2386525
2386752
2386802
2386878
2386947
2386963
2388746
2388783
2388801
2388833
2388853
2388885
2389137
2391855
2391903
2391925
2392001
2392080
2392115
2392213
2392236
2392260
2392295
2392353
2392373
2392404
2392423
2392467
2392652
2392696
2392726
2392806
2394304
2394322
2394380
2394413
2394449
2394500
2394534
2394625
2395033
2395127
2395163
2395199
2395275
2395337
2395356
2395390
2395451
2395675
2395735
2395759
2395848
2395901
2395990
2396013
2396048
2396072
2396109
2396160
2396236
2396308
2396354
2396433
2403528
2403632
2403670
2404663
2404686
2404972
2405039
2405104
2405144
2405226
2405255
2405274
2405441
2405486
2405509
2405602
2405643
2405663
2405711
2405799
2405847
2405878
2405939
2405961
2406087
2406107
2406188
2406267
2406374
2406407
2406548
2406605
2406640
2406673
2406696
2406729
2406764
2406788
2411046
2411110
2411148
2411224
2411258
2411310
2411348
2411376
2411710
2412320
2412344
2412395
2412448
2412485
2412944
2413019
2413059
2413083
2413161
2413197
2413233
2413385
2413471
2413507
2417441
2417469
2417500
2417532
2417567
2417590
2417644
2417765
2417909
2417933
2417969
2418034
2418069
2418106
2418154
2418404
2418442
2418520
2418640
2418678
2420960
2421014
2421068
2421120
2421139
2421161
2421388
2421430
2421507
2422375
2422401
2422445
2422483
2422588
2423662
2423795
2423818
2423870
2423926
2423979
2424036
2424069
2424211
2424359
2424397
2424801
2424837
2424869
2424902
2424936
2424968
2425002
2425037
2425059
2425094
2425130
2425165
2425251
2425471
2425507
2425532
2425569
2425622
2425643
2425666
2425692
2425729
2425753
2425785
2425862
2425896
2425931
2425993
2426014
2426242
2426289
2426324
2426349
2426417
2426451
2426487
2426579
2426645
2426678
2426701
2426722
2426743
2426787
2484533
2484566
2484589
2484617
2484810
2484832
2484907
2484952
2485002
2485035
2485103
2485124
2485159
2485193
2485229
2485264
2485298
2485346
2485366
2485403
2485440
2485475
2485511
2485535
2485658
2485682
2485718
2485754
2485790
2485843
2485878
2486251
2486284
2487340
2487364
2487389
2487440
2487491
2487543
2487648
2487715
2487746
2487778
2487830
2487855
2487881
2487944
2487968
2487989
2488024
2488053
2488099
2488120
2488151
2488182
2488530
2488603
2488622
2488658
2488682
2488705
2488741
2488817
2488853
2488891
2488943
2488980
2489016
2489051
2489160
2489207
2637928
2638014
2638043
2638072
2638090
2638108
2638133
2638156
2638191
2638217
2638247
2638462
2638714
2638820
2638865
2638896
2638918
2639050
2639083
2683839
2683864
2683899
2683923
2683968
2683993
2684017
2684049
2684075
2684095
2684116
2684153
2684488
2684512
2684563
2684600
2684629
2685674
2685705
2685798
2685817
2685936
2686018
2686039
2686068
2686107
2686143
2686249
2686304
2686330
2686366
2686392
2686659
2686686
2686734
2686771
2686807
2686829
2686893
2686923
2686957
2687351
2687416
2687436
2687508
2687529
2687551
2687574
2687638
2687683
2687759
2687808
2687844
2688153
2688191
2688323
2688358
2688450
2688469
2688489
2688523
2688559
2689505
2689528
2689569
2689619
2689670
2689695
2689745
2689762
2691636
2691671
2691705
2691743
2691791
2691811
2691863
2691898
2691976
2692242
2692265
2692289
2692312
2692364
2692414
2692437
2692511
2692580
2692618
2692656
2692927
2692962
2692987
2693012
2693031
2693063
2695935
2695982
2696008
2696035
2696108
2696140
2696233
2696266
2696300
2696335
2696371
2696502
2696666
2696932
2696959
2697006
2697191
2697241
2697265
2697300
2697336
2697370
2697389
2697714
2697747
2697779
2697813
2697850
2697869
2698121
2698210
2698406
2698458
2698490
2698578
2698597
2698643
2698689
2698710
2698898
2698930
2698994
2699032
2699134
2699184
2699233
2699259
2699278
2699313
2699421
2699445
2699522
2699541
2699575
2701432
2701449
2701474
2701526
2701560
2702254
2702304
2702379
2702402
2702458
2702482
2702516
2702698
2702720
2702782
2702830
2702903
2702937
2703025
2703062
2703099
2703121
2703266
2703287
2703321
2703345
2703528
2703600
2703631
2703812
2703862
2703885
2703918
2703936
2703972
2704049
2704101
2704154
2704867
2704889
2704912
2704963
2720364
2720403
2720454
2720512
2720544
2720565
2720587
2720609
2720684
2720758
2720777
2720809
2723038
2723070
2723121
2723212
2723266
2723310
2723346
2723376
2723397
2723419
2723470
2723492
2723528
2723550
2723650
2723726
2723761
2723782
2723912
2723949
2723986
2724059
2724094
2724130
2724148
2724198
2724500
2724545
2724580
2724615
2724649
2724700
2724744
2725164
2725186
2725490
2725513
2725562
2725596
2725629
2725649
2725669
2725745
2725780
2725803
2725836
2725851
2726139
2726740
2726772
2726814
2726849
2727045
2727097
2727136
2727161
2727215
2727255
2727358
2727411
2727540
2727563
2727587
2727610
2755704
2755730
2755795
2755885
2763975
2764003
2764039
2769729
2769752
2769791
2769818
2769842
2769873
2769898
2769953
2769982
2770049
2772249
2772267
2772405
2772424
2772443
2772463
2772536
2772554
2772573
2772595
2772613
2772698
2772731
2772899
2772945
2773018
2773133
2773209
2773270
2773288
2773309
2773342
2773435
2773456
2774502
2774520
2774643
2782843
2782866
2782890
2783026
2783050
2783113
2783179
2783241
2784921
2784956
2785017
2785051
2785110
2785133
2785179
2785216
2795321
2795357
2795555
2795591
2795739
2795760
2795810
2796756
2796862
2796920
2796943
2796996
2797017
2797096
2797133
2797169
2797205
2797244
2797286
2797321
2797356
2797393
2797436
2797594
2797745
2797779
2797815
2797850
2798096
2798175
2798213
2798264
2798300
2798376
2798398
2798476
2798531
2798566
2798604
2798656
2798735
2798770
2798909
2798987
2799321
2799369
2799443
2799466
2799490
2799593
2799645
2799720
2799755
2799892
2799928
2799962
2799998
2800022
2800058
2800135
2800183
2800278
2800298
2800420
2800476
2800516
2800687
2800706
2800741
2800820
2800856
2800877
2800913
2800950
2801002
2801054
2801135
2801184
2801241
2801264
2801299
2801378
2801444
2801497
2801534
2801707
2801732
2801755
2801777
2801848
2801911
2801964
2802043
2802119
2802155
2802177
2802211
2802257
2802293
2802363
2802398
2802440
2802482
2802704
2802770
2802833
2802895
2802930
2803345
2803391
2803413
2803650
2803673
2803892
2803927
2803975
2804009
2804954
2805030
2805096
2805127
2805159
2805183
2805216
2805248
2805273
2805336
2807526
2807584
2807658
2807762
2807826
2807903
2807939
2807965
2808003
2808026
2808057
2808397
2808432
2808491
2808536
2808570
2808885
2808908
2811471
2811887
2811915
2811962
2811997
2812020
2812042
2812077
2812111
2812129
2812148
2812168
2812311
2812330
2812348
2812441
2812572
2812694
2812715
2812749
2812791
2812937
2812957
2812998
2813029
2813061
2813219
2813259
2813276
2813309
2813378
2813427
2813449
2813482
2813584
2813756
2813805
2813829
2813930
2814007
2814042
2814167
2814203
2814268
2814358
2814392
2814427
2814448
2814504
2814535
2814553
2814587
2814607
2814637
2814671
2814691
2814726
2814747
2814764
2815195
2815229
2815263
2815329
2815384
2815406
2815427
2815450
2816312
2816345
2816486
2816520
2816537
2816571
2816604
2816623
2816658
2816721
2816751
2816983
2817016
2817061
2817212
2817328
2817469
2817487
2817505
2817539
2817556
2817589
2817633
2817951
2817985
2818017
2818061
2818095
2820035
2820059
2820093
2820155
2820180
2820227
2821101
2821138
2821215
2821315
2821356
2821396
2821430
2821466
2821489
2821524
2821574
2821652
2821686
2821718
2821768
2821789
2821809
2821846
2821875
2821893
2821926
2821971
2822020
2822054
2822117
2822154
2822175
2822193
2822241
2823231
2823264
2823283
2823471
2823645
2823666
2823797
2823818
2823853
2823874
2833229
2833260
2833308
2833358
2833461
2833514
2833601
2833664
2833697
2833717
2833822
2833841
2833874
2833929
2833958
2834099
2834132
2834168
2834188
2834216
2834264
2834298
2834607
2834631
2834803
2834838
2834870
2834900
2834922
2835067
2835146
2835168
2835189
2835209
2835238
2835537
2835572
2835695
2835732
2835808
2835833
2835906
2835984
2836005
2836171
2836248
2837785
2837870
2838463
2838488
2839496
2839538
2839576
2839650
2839726
2839831
2839876
2839976
2840008
2840044
2840062
2840081
2840102
2840189
2840213
2840262
2840296
2840330
2841042
2841118
2841194
2841244
2841281
2841306
2841338
2841374
2841426
2841465
2841517
2841590
2841907
2842065
2842091
2842126
2842204
2842238
2842272
2842307
2842340
2842476
2842496
2842533
2842569
2842694
2842716
2842739
2842761
2842793
2842891
2842995
2843028
2843051
2843070
2843106
2843140
2843175
2843221
2843328
2843362
2843397
2843444
2843478
2843762
2843780
2843939
2844007
2844029
2844313
2844881
2844919
2845074
2845151
2845176
2845235
2845270
2845303
2845394
2845424
2845482
2845556
2845591
2845692
2845756
2845794
2845816
2845837
2845883
2845959
2845994
2846019
2846036
2846057
2846102
2846124
2846155
2846288
2846332
2846833
2846959
2847022
2847096
2847119
2847140
2847171
2847188
2847208
2847230
2847253
2847277
2847300
2847336
2847358
2847431
2847507
2847528
2847551
2847575
2847600
2847661
2847738
2847758
2847780
2847816
2847849
2847870
2847946
2847980
2848010
2848066
2848114
2848149
2848204
2848252
2848328
2848350
2848369
2848389
2848424
2848460
2848480
2848556
2848602
2848703
2848726
2848750
2848785
2848872
2848906
2848967
2849210
2849244
2849294
2849369
2849459
2849483
2849508
2849559
2849625
2850028
2850101
2850124
2850158
2850221
2850271
2850424
2850471
2850495
2850518
2850548
2850655
2850677
2850712
2850786
2850817
2850839
2850873
2850931
2850966
2851001
2851066
2851195
2851246
2851581
2851605
2851630
2851653
2851711
2851729
2851777
2851798
2851821
2851876
2852106
2852156
2852181
2852214
2852312
2852378
2852413
2852434
2852585
2852603
2852756
2852842
2852863
2852881
2852977
2853011
2853034
2853054
2853430
2853619
2854110
2854149
2854193
2854232
2854250
2854273
2854294
2854316
2854362
2854382
2854429
2854453
2854485
2854534
2854569
2854590
2854619
2854651
2854671
2854693
2854716
2854749
2854770
2854788
2854808
2854852
2854876
2854906
2854925
2854947
2855014
2855047
2855076
2855099
2855132
2855224
2855246
2855277
2855297
2855320
2855337
2855375
2855409
2855445
2855468
2855499
2855569
2855682
2855760
2855837
2855935
2855958
2855982
2856005
2856039
2856115
2856166
2856197
2856363
2856384
2856552
2856583
2856615
2856634
2856655
2856800
2856864
2856949
2856970
2857008
2857041
2857089
2857156
2857196
2857267
2857328
2857360
2857450
2857482
2857560
2857584
2857660
2857694
2857713
2857780
2857824
2857844
2857875
2857899
2857933
2857951
2858132
2858717
2858833
2858864
2858885
2858906
2858926
2858987
2860065
2860100
2860131
2860214
2860273
2860303
2860324
2864009
2864031
2864056
2864132
2864196
2864679
2864713
2864756
2865296
2865372
2865432
2865455
2865479
2865502
2865616
2865687
2865711
2865744
2865990
2866022
2866058
2866119
2866195
2866278
2866339
2866416
2866438
2866471
2866503
2866538
2866573
2866635
2866815
2866867
2866888
2866910
2867209
2867254
2867289
2867308
2867329
2873814
2873835
2873872
2873974
2874220
2874242
2874297
2874332
2874515
2874538
2874574
2874806
2875961
2875983
2876019
2876895
2876915
2876957
2876991
2877010
2877042
2877138
2878642
2878687
2878723
2878769
2878793
2878857
2878911
2878933
2878972
2878994
2879090
2879138
2879177
2879198
2879294
2879315
2879387
2879444
2879715
2879783
2879817
2879850
2879899
2879917
2879966
2879989
2880013
2880036
2880150
2880175
2880194
2880238
2880362
2880426
2880450
2880475
2880499
2880564
2880596
2880630
2880664
2880699
2892135
2892170
2892246
2892285
2892305
2893871
2893911
2893951
2893997
2894022
2894071
2894392
2894431
2894616
2894669
2894745
2894849
2894876
2894911
2894935
2894988
2895012
2895064
2895102
2895141
2895194
2895233
2895311
2895365
2895417
2895485
2895550
2895575
2895627
2895665
2895705
2895755
2895792
2895905
2895958
2896342
3045112
3045130
3045148
3045167
3045209
3045288
3045321
3045369
3045408
3045447
3045477
3045499
3045546
3045584
3045622
3045651
3045673
3045702
3045742
3045774
3045797
3045833
3046007
3046074
3046150
3046240
3046261
3046298
3046335
3046356
3046409
3046473
3046496
3046527
3046548
3046573
3046591
3046631
3046676
3046727
3046751
3046771
3046797
3046821
3046879
3046897
3046948
3046968
3047007
3047027
3047317
3047341
3047360
3047487
3047563
3047704
3047754
3047800
3047823
3047847
3047882
3048776
3048944
3048980
3049006
3049041
3049061
3049652
3049689
3049738
3049773
3049809
3049840
3062760
3062794
3062826
3062900
3062924
3063062
3063138
3063201
3063250
3063273
3063297
3063322
3064715
3064765
3070438
3070488
3070512
3070537
3070575
3070648
3070668
3070718
3070739
3070771
3070789
3070833
3070851
3070883
3070899
3070916
3070932
3070980
3070996
3071015
3071034
3071130
3071204
3071365
3071410
3071486
3071574
3071597
3071621
3071644
3071677
3071709
3071728
3071856
3071890
3071924
3072280
3072401
3072425
3072459
3072510
3072528
3072561
3072593
3072613
3072647
3072662
3072772
3072966
3073001
3073051
3073074
3073099
3073283
3073317
3073341
3073363
3073410
3073580
3073616
3073641
3073676
3073805
3073939
3073971
3074066
3074098
3074119
3074140
3074184
3074448
3074473
3074507
3074565
3074706
3074725
3074747
3074770
3074791
3074814
3074838
3074861
3074884
3074906
3074943
3074988
3075037
3075055
3075078
3075111
3075183
3075212
3075231
3075373
3075424
3075490
3075516
3075589
3075608
3076010
3076029
3076050
3076876
3076921
3076943
3076966
3077070
3077117
3077164
3077265
3077329
3077448
3077526
3077550
3077573
3077596
3078325
3078523
3078578
3078878
3080680
3084907
3084961
3085093
3085127
3085163
3085194
3085456
3085503
3085538
3085587
3085695
3085732
3088337
3088355
3089983
3090017
3090052
3090075
3090099
3090121
3090206
3090312
3090540
3090963
3090991
3091041
3091062
3091082
3091140
3091174
3091193
3091248
3091266
3091403
3091513
3091548
3091569
3091775
3091851
3091876
3091991
3093769
3093792
3093882
3094467
3094484
3094501
3094529
3094553
3094577
3094596
3094619
3094652
3094673
3094704
3094766
3094798
3094829
3094847
3094879
3094909
3095011
3095029
3095050
3095072
3095578
3095600
3095644
3095662
3095736
3095852
3095875
3095899
3095919
3095937
3096229
3096248
3096270
3096289
3096365
3097045
3097064
3097097
3097131
3097162
3097181
3097219
3097235
3097252
3097272
3097304
3097334
3097355
3097378
3097409
3097440
3097474
3097522
3097598
3097618
3097637
3097747
3097778
3097794
3097815
3097848
3097872
3098163
3098196
3098219
3098384
3098407
3098454
3098475
3098501
3098547
3098648
3098684
3098705
3098742
3098761
3098833
3098854
3098874
3098899
3098945
3098970
3098988
3099008
3099028
3099046
3099067
3099088
3099235
3099257
3099391
3099532
3099547
3099562
3099585
3099636
3099692
3099787
3099806
3100245
3100333
3100348
3100364
3100383
3100415
3100440
3100461
3100476
3101009
3101028
3101075
3101145
3101252
3101324
3101340
3101362
3101522
3101554
3101582
3101601
3101649
3101698
3102101
3102124
3102340
3102356
3102374
3102455
3102474
3102491
3102551
3102579
3104396
3104414
3104433
3104481
3104540
3104610
3104638
3104656
3104730
3104751
3105341
3105485
3105529
3105555
3105598
3105614
3105715
3105733
3105751
3105769
3105806
3105821
3105839
3106090
3106107
3106171
3106186
3106206
3106296
3106330
3106366
3106384
3106695
3106711
3106773
3106835
3106867
3106958
3106988
3107023
3107094
3107132
3107223
3107262
3107320
3107358
3107394
3107433
3107468
3107510
3107553
3107588
3107647
3107698
3107775
3107812
3107846
3107877
3107914
3107950
3107986
3108028
3108077
3108582
3108640
3108678
3108714
3108790
3108827
3108862
3108911
3108960
3108984
3109024
3109064
3109085
3109120
3109164
3109305
3109339
3109444
3109493
3109594
3109678
3109729
3109770
3109807
3109840
3109870
3109905
3109924
3109959
3109992
3110120
3110155
3123398
3123419
3123442
3123568
3123658
3123679
3126516
3126540
3126572
3126595
3126692
3126728
3126776
3126850
3126887
3126936
3126986
3127010
3127060
3127112
3127145
3127969
3127990
3128094
3128115
3128165
3128255
3128307
3128371
3128448
3128472
3128502
3128535
3128582
3128630
3128678
3128714
3128738
3128787
3128818
3128838
3128871
3128902
3128924
3128984
3129021
3129040
3129112
3129164
3129198
3129235
3129258
3129294
3129329
3129378
3129409
3129982
3130017
3130060
3130095
3130117
3130136
3130302
3130328
3130355
3130421
3130442
3130468
3130498
3130529
3130567
3130623
3130642
3130675
3130753
3130785
3130803
3130850
3130870
3130932
3131019
3131039
3131075
3131102
3131206
3131257
3131286
3131306
3131329
3131361
3131393
3131438
3131471
3131504
3131561
3131616
3131662
3131693
3131743
3131761
3131783
3131807
3131841
3131880
3131901
3131933
3131967
3132296
3132511
3132546
3132588
3132620
3132653
3132689
3132724
3132757
3132868
3132886
3133006
3133039
3133095
3133129
3133150
3133254
3133329
3133426
3133481
3133503
3133536
3133572
3133618
3133742
3133804
3133937
3133972
3133994
3134015
3134118
3134167
3134230
3134270
3139170
3139214
3139264
3139289
3139323
3139396
3139646
3139717
3139796
3139881
3144970
3144989
3145014
3145066
3145172
3145208
3145250
3145288
3145368
3145417
3145435
3145455
3145555
3145589
3145629
3145676
3145730
3145832
3145864
3145897
3145931
3145967
3146000
3146020
3146192
3146279
3146312
3146361
3146397
3146429
3146465
3146497
3146513
3146697
3146727
3146746
3169077
3169102
3169163
3169224
3169284
3169338
3169354
3169385
3169406
3169450
3169484
3169505
3169563
3170184
3170218
3170598
3170634
3188600
3188622
3188669
3188693
3191569
3191590
3191608
3191626
3191648
3191687
3191762
3191825
3198819
3198842
3198894
3198943
3198979
3199002
3199038
3199076
3199094
3199131
3199151
3199401
3199475
3199511
3199546
3199564
3199602
3199635
3199664
3199694
3199728
3199937
3199956
3199991
3200364
3200387
3200439
3200627
3200677
3200724
3200775
3200811
3200846
3200924
3200962
3200986
3201012
3201038
3201130
3201156
3201202
3201236
3201277
3201404
3201449
3201484
3201522
3201559
3201647
3201705
3201741
3201846
3202056
3202094
3202284
3203253
3203276
3203300
3203336
3203428
3203454
3203487
3203524
3203558
3203662
3203918
3203935
3203968
3207018
3207047
3207079
3207622
3207656
3207680
3207700
3207816
3207848
3207881
3207913
3208013
3208035
3208110
3208137
3208157
3208192
3208240
3208437
3208499
3208534
3208554
3208572
3208606
3208663
3211865
3211918
3212164
3212229
3212250
3212301
3212343
3212362
3212421
3212442
3212477
3212510
3212528
3212546
3212580
3212628
3212663
3212684
3212717
3212754
3212788
3212857
3212911
3212999
3213141
3213214
3213244
3213276
3213321
3213339
3213361
3213798
3213817
3213835
3213865
3213955
3214029
3214147
3214271
3214299
3214622
3214660
3214705
3214727
3214750
3214772
3214818
3214867
3214899
3214917
3214983
3215115
3215132
3215164
3215216
3215502
3215531
3215553
3215599
3215725
3215761
3215861
3215881
3215902
3216003
3216107
3216130
3216175
3216223
3216256
3216479
3216548
3216571
3216609
3216639
3216713
3216822
3216857
3216916
3216936
3216958
3216981
3217005
3217039
3217069
3217279
3217314
3217357
3217392
3217519
3217618
3217694
3217758
3217809
3217853
3217889
3217939
3217970
3217992
3218014
3218035
3218070
3218143
3218164
3218186
3218246
3218432
3218464
3218486
3218509
3218532
3218554
3218629
3218700
3218775
3218811
3218858
3218893
3219076
3219857
3219901
3220006
3221454
3221479
3221503
3221928
3221950
3221972
3222610
3222642
3222719
3222742
3222794
3222871
3222920
3222954
3223004
3226337
3226393
3226460
3226495
3226539
3226570
3226594
3226630
3226680
3226732
3226780
3226832
3228241
3228263
3228298
3228328
3228446
3228476
3228510
3228545
3228580
3228616
3228649
3228701
3229086
3229135
3229186
3229210
3229448
3229468
3229490
3229506
3229564
3229637
3229668
3229726
3229790
3229810
3229832
3229855
3229897
3229932
3229954
3230056
3230131
3230204
3230308
3230357
3230504
3230565
3230825
3230846
3230892
3230913
3231013
3231049
3231125
3231224
3231259
3231296
3231348
3231397
3231447
3231498
3231534
3231610
3231646
3231695
3231745
3231867
3231916
3231951
3231987
3232037
3232182
3232328
3232362
3232399
3232450
3232498
3232514
3232547
3232742
3232857
3232894
3232928
3232997
3233031
3233063
3233862
3234628
3234661
3234736
3234771
3234850
3234871
3234906
3235685
3235722
3236456
3236490
3236510
3236570
3236590
3236619
3236637
3236711
3236741
3236784
3236803
3236851
3236929
3240145
3240174
3240192
3240254
3240287
3240306
3240328
3240363
3240397
3240416
3240433
3240466
3240520
3240552
3240604
3240636
3240698
3240731
3240782
3240817
3240837
3240937
3240971
3241046
3241198
3241274
3241299
3241439
3241471
3241556
3241611
3241630
3241807
3241826
3241900
3241956
3242002
3242037
3242093
3242153
3242186
3242204
3242239
3242300
3242376
3242408
3242443
3242515
3242595
3242632
3242652
3242673
3242732
3242750
3242784
3242851
3242896
3242930
3243255
3243277
3243299
3243350
3243378
3243922
3243956
3243976
3243996
3244031
3244063
3244096
3244132
3244166
3244230
3244260
3244408
3244508
3244570
3244592
3244615
3244637
3244661
3244760
3244793
3244827
3244862
3244896
3244981
3244999
3245017
3245119
3246083
3246117
3246332
3249296
3249358
3249427
3249463
3249500
3249534
3249609
3249673
3249699
3250291
3250345
3250523
3250579
3251608
3252228
3252249
3252271
3252306
3252505
3252522
3252544
3252567
3252589
3252648
3252697
3252781
3252814
3252836
3252866
3252889
3253403
3253550
3253602
3253665
3253683
3254743
3255438
3255477
3255496
3255516
3255708
3255727
3255764
3255784
3255847
3255881
3256069
3256103
3256139
3256172
3258109
3258128
3258149
3258195
3258254
3258403
3258453
3258512
3258533
3260511
3261270
3261302
3261324
3261353
3261374
3261393
3261414
3261461
3261510
3261572
3261594
3261617
3261639
3261661
3261783
3261964
3261983
3262002
3262034
3262137
3262172
3263184
3263663
3263685
3263785
3263806
3264757
3264783
3264831
3264891
3264944
3264972
3265022
3265056
3265129
3265151
3265174
3265207
3265256
3265292
3265328
3265415
3265465
3266582
3266603
3266759
3266792
3267103
3267138
3267160
3267191
3267209
3267231
3267262
3268545
3268579
3268664
3268699
3268762
3268844
3268879
3268896
3268966
3272794
3272811
3272831
3272870
3272903
3272924
3272957
3272989
3273024
3273057
3273113
3273161
3273196
3273230
3273263
3273322
3273357
3273376
3273394
3273424
3273453
3273485
3273510
3273678
3273701
3274010
3274030
3274053
3274098
3274185
3274235
3274257
3274288
3274303
3274326
3274414
3274432
3274462
3274479
3274518
3274556
3274571
3274616
3274637
3274662
3274677
3274740
3274773
3274842
3275093
3275115
3275143
3275167
3275244
3275270
3275304
3275421
3275458
3275475
3275499
3275594
3275629
3275665
3275813
3275844
3275863
3275892
3275928
3276218
3276301
3276335
3276369
3276401
3276436
3276521
3276554
3276588
3276620
3276649
3276717
3276735
3276760
3276793
3276829
3276861
3276895
3276913
3276935
3276958
3276984
3277020
3277042
3277063
3277083
3277133
3277155
3277181
3277212
3277226
3277250
3277278
3277308
3277328
3277406
3277440
3277485
3277561
3277631
3277667
3278292
3278308
3278326
3278373
3278405
3278428
3279140
3279184
3279267
3279302
3279342
3279361
3279416
3279473
3279492
3279527
3279559
3279591
3279620
3279649
3279667
3279702
3279742
3280039
3280072
3280128
3280159
3280554
3280589
3280666
3280726
3280747
3280795
3280831
3280911
3280990
3281014
3281140
3281424
3281470
3281503
3281539
3281574
3281609
3281633
3281671
3281710
3281791
3281910
3281950
3281986
3282020
3282081
3282131
3282171
3282204
3282227
3282291
3282327
3282366
3282415
3282448
3282510
3282561
3282598
3282724
3282781
3282817
3282839
3282916
3282935
3282955
3282977
3283014
3283068
3283093
3283116
3283210
3283265
3283320
3283374
3283411
3283464
3283483
3283519
3283556
3283607
3283641
3283704
3283727
3283779
3283804
3283854
3283878
3283903
3283927
3283952
3283991
3284028
3284053
3284144
3284198
3284231
3284262
3284279
3284299
3284317
3284340
3284369
3284438
3284534
3284569
3284604
3284638
3284661
3284709
3285240
3285289
3285322
3285360
3285413
3285449
3285523
3285574
3285610
3285661
3285699
3285758
3285804
3285838
3286049
3286098
3286198
3286246
3286284
3286362
3286381
3286465
3286501
3286555
3286592
3286628
3286680
3286716
3286762
3286784
3286830
3286869
3286942
3286990
3287042
3287093
3287138
3287243
3287310
3287443
3287463
3287514
3287572
3287592
3287622
3287680
3287711
3287747
3287796
3287812
3287828
3287903
3288015
3290804
3290818
3290849
3290884
3291134
3291180
3291223
3291240
3291260
3291277
3291304
3291321
3291341
3291363
3291385
3291444
3291476
3291501
3291519
3291538
3291558
3291584
3291609
3291629
3291646
3291682
3291697
3291769
3291855
3291872
3291889
3291911
3291934
3292030
3292077
3292112
3292194
3292218
3292323
3292370
3292402
3292434
3292465
3292497
3292515
3292545
3292577
3292593
3292639
3292673
3292703
3292760
3292814
3292872
3292893
3292914
3292995
3293012
3293030
3293050
3293083
3293197
3293220
3293330
3293350
3293391
3293421
3293441
3293462
3293554
3293599
3293613
3294271
3294460
3294503
3294521
3294536
3305837
3305975
3306113
3306162
3306178
3306261
3306278
3306305
3306334
3306349
3306377
3306394
3306410
3306426
