점도 39242,1283
점등중에 52371,26731
점등하면서 52371,26636
점멸한다 39242,9732
점보 53592,12355
점보마을무용전 36224,21686|41496,29521
점보카이트 39572,3303
점사주 35592,7823|48373,4325
점이 45690,24149
점착초 21985,20923|23612,999|23612,1171|23612,5536|23612,5754|23818,495|23818,507|23818,2838|23818,2851|23818,5381|23818,5405|27609,952|27609,964|27609,976|27609,4782|27609,4815|27609,5723|27609,5735|29353,8469|31706,2049|31706,2507|31706,3081|31706,3559|31706,4286|35592,1958|35592,2037|41496,6427|46577,1042|46577,1478|46577,3885|46577,3897
점프 53592,12652
점프베기 36224,31838|36224,31960|36224,32381|36224,32833
점프베기는 36224,32326
점프베기로 36224,32819
