º3 45627,14863
º7 36858,15020
ºg 28798,11440|36858,29411|36858,29557|36858,29701|36858,29854|36858,30001|36858,34188|36858,34340|53550,6893
º¹ 36858,33616|36858,40725
º¹¼ö 36858,9992|36858,13414|36858,19370|36858,39671|45627,15922|45627,16137|45627,18141|45627,18161|45627,18441|45627,18636|45627,18823
º¹¾à 22194,2753|28798,391|28798,865|28798,2799|53550,1106|53550,4625
º¹¾àg 22194,4696|22194,6953|28798,403|28798,6615|28798,9472|45627,19066|53550,4009
º¹á 28798,9727
º¼ 22194,1864|22194,4794|28798,666|28798,3157|28798,7137|28798,10531|28798,10616|36858,35520|36858,35567|36858,35832|36858,46673|53550,614
º½º 36858,10437|36858,10540|36858,10579|36858,21140|36858,21179|36858,28168|36858,41705|36858,41986|36858,46105|36858,46928|45627,8971|45627,9492|45627,9531|45627,21506|45627,24250|45627,24296|45627,26702
º½º2 36858,20895
º½ºåä¹ú 36858,42186
ºà²û 36858,3851
ºàç 36858,3429|36858,3506|36858,3585|36858,6613|36858,6675|36858,6737|36858,18546|45627,926|45627,1004|45627,1080|45627,3368|45627,3445|45627,5957|45627,12442
ºàçüàç 22194,7800|22194,7843|28798,8212|28798,8283|28798,8512|28798,8553|36858,816|36858,1069|45627,646|45627,745|45627,1706|53550,4112|53550,4204
ºê 22194,942|22194,1005|22194,1516|22194,1601|22194,2099|22194,2461|22194,3094|22194,3185|22194,3405|22194,3480|22194,4089|22194,4164|22194,5688|22194,5781|22194,7521|22194,7646|28798,953|28798,1707|28798,1824|28798,3302|28798,3397|28798,3807|28798,6043|28798,7865|28798,7964|28798,9913|28798,10040|28798,11519|36858,747|36858,806|36858,839|36858,2174|36858,3479|36858,3900|36858,6864|36858,7276|36858,7338|36858,7384|36858,8984|36858,13919|36858,14190|36858,14367|36858,18816|36858,18965|36858,18990|36858,19380|36858,19539|36858,19684|36858,23169|36858,23510|36858,29456|36858,29468|36858,30142|36858,30189|36858,30201|36858,31865|36858,34251|36858,34395|36858,34542|36858,37721|36858,39133|36858,43222|45627,669|45627,711|45627,778|45627,1624|45627,1683|45627,1737|45627,3819|45627,3901|45627,3964|45627,4000|45627,6083|45627,9096|45627,10201|45627,10439|45627,10704|45627,13960|45627,13972|45627,15390|45627,16787|45627,18477|45627,18833|53550,1761|53550,1878|53550,2503|53550,2562|53550,2759|53550,2818|53550,3036|53550,5388|53550,5485|53550,6244
ºî 28798,6912|36858,40396|36858,42275|36858,50369|45627,19556|45627,24924
ºî¾ç 36858,49212|36858,49346|36858,49424|36858,49455
ºîåí 36858,13637|45627,15981|45627,16203
ºð³ëàç 36858,12607|36858,24751|36858,48235|45627,12329
ºð³ëàî 36858,45136
ºð½ç¹ 28798,9358|28798,9429
ºðè 36858,11780|36858,38224|53550,7209
ºñ 28798,2531|28798,2551|28798,2592|28798,2612|28798,3678|28798,7079|28798,7112|28798,8274|28798,8345|36858,143|36858,2877|36858,4590|36858,9365|36858,18719|36858,23251|36858,23592|36858,27048|36858,27297|36858,29372|36858,30781|36858,34149|36858,34741|36858,37319|36858,39791|36858,41403|36858,41625|36858,42149|36858,44081|36858,45126|36858,45432|36858,47916|36858,48122|36858,48383|36858,48606|36858,48852|36858,49116|36858,49373|36858,49722|36858,49849|36858,50266|36858,50665|36858,51101|36858,51342|45627,2102|45627,5248|45627,6441|45627,7471|45627,7508|45627,7672|45627,10627|45627,10760|45627,10773|45627,10786|45627,10799|45627,20304|45627,20317|45627,20330|45627,20343|45627,20559|45627,20572|45627,20585|45627,20598|45627,23008|45627,23137|45627,23413|45627,23679|53550,3982|53550,4002|53550,4098|53550,4199
ºñ³ 36858,5292|36858,14824|36858,15042|45627,2708|45627,2860|45627,2885|45627,14943
ºñ¹ö¼ 28798,509|28798,562|28798,7251|28798,7302|36858,1340|36858,2351|36858,4989|45627,2588|45627,5775|53550,2026
ºñº 28798,7142|36858,30326
ºñ¾à 22194,1661|28798,5212|36858,12040|45627,9107|53550,6627
ºñ¾æ 36858,14753
ºñàì 36858,5309|36858,5768|36858,14841|45627,2743|45627,5002
ºñåº 28798,8653
ºñæ² 28798,2159|28798,5062|28798,10965|53550,1352|53550,1415
ºñçàçñ 45627,27566
ºñçôá 22194,3561|28798,1921|53550,6367
ºò 28798,2116|28798,2226|28798,3957|28798,4028|28798,4752|28798,4849|28798,6172|28798,6244|28798,10949|36858,4797|36858,5114|36858,10169|36858,46292|45627,2452|45627,3180|45627,6775|53550,1292|53550,1324|53550,1381|53550,1399
ºòàå 45627,17391
ºòæî 45627,13443|45627,13718
ºóàº 36858,7115|36858,16820|36858,31807|45627,6186|45627,15668
ºóàº¹ø 36858,20479
ºóàº¾¾¾ñ 36858,15992|36858,16119|36858,16235|36858,29504|36858,29648|36858,29801|36858,29950|36858,30092|36858,34287|36858,34435|45627,3544
ºô 45627,19242
ºø 36858,51195|36858,51224|36858,51253|36858,51288|36858,51317|36858,51407|36858,51438
ºø¾î 22194,3832|28798,4449|28798,4540|28798,4596|36858,5186|36858,6108|36858,10202|45627,3209|45627,8736|45627,17379
ºøãµ 36858,51210
ºøãµàç 36858,51389
ºù 22194,1464|22194,1565|28798,1671|28798,1788|28798,3268|28798,3383|36858,2220|36858,7359|36858,7584|45627,3975
