얀가루루가 31706,1179|31706,5892|33821,1163|33821,1195|33821,1215|33821,2071|39242,7952|39572,1423|40740,1041|40740,1127|41496,15955|41496,15965|53592,1560|53592,2589|53592,3615|53592,4705|53592,5799|53592,6851|53592,16905|53592,16916
얀쿡 33821,660|33821,689|33821,703|33821,3919|33821,3950|39242,8047|39572,566|39572,3759|39572,3780|39572,3801|39572,3823|39572,3844|39572,3873|40740,774|40740,785|40740,832|40740,893|40740,1002|41496,12085|41496,12581|41496,12663|41496,15216|53592,1225|53592,2303|53592,3345|53592,4416|53592,5505|53592,6549|53592,16876
얀쿡과 41496,3325
얀쿡대포 39676,17895
얀쿡대포g 39676,29082
얀쿡등 41496,3295|41496,12306|41496,12366
얀쿡의 39339,9219|39339,9869|39339,9881
얀쿡콩 44611,1072
얀쿡토벌훈련 33821,1807
얀쿡포 39676,1989
