의도하지 39242,2151
의뢰는 53592,13644
의뢰받은 53592,351|53592,389|53592,427|53592,465|53592,503|53592,542|53592,579|53592,619|53592,659
의문의두개골 21985,21471|23818,3853|24394,6755|24394,6812|26312,902|26312,7700|27609,3260|29333,9187|29333,21937|30024,18558|30024,18605|30024,19321|30024,32202|30377,5867|30377,5921|35592,6223|39339,829|41496,12933|42405,3520|42405,3609|42405,5141|42405,7233|42405,7282|42405,7435|48373,6570|49617,967|52371,4047|52371,23979
의문의뼈 23612,1839|23818,3356|23818,3395|23818,3807|23818,3833|23818,3871|27609,3250|30024,11925|30024,12036|30024,29420|35592,7064|39339,1009|39339,2648|39339,6397|41496,12898|42405,7240|42405,7375|52371,7687|52371,22939
의미 45690,476
의외로 30377,29175|48576,25695
의존한다 30838,3561
의지 21985,36814
의한 30838,391|30838,1061|30838,1756|30838,3046|30838,3499|30838,5476|37895,1714|39242,8994|47905,6975|47905,7030|47905,7082|47905,7135|47905,7203|47905,7277|47905,7348|47905,7417|47905,7478|47905,7527|47905,7580|47905,7633|47905,7672|47905,7709
의해 30838,1102|30838,4834|39242,5420|39242,10794|39242,14671|39242,14688|44611,528|45690,23852|45690,25487|47905,4489
의해서 21985,76|24394,66|24394,35620|27368,84|27368,39974|28478,77|30024,66|30377,66|36224,68|36224,31867|39242,1163|39242,4700|39676,89|45690,73|45690,21301|48576,73|48576,25811|52371,559
의회한 53592,16258
