마구 39242,15097
마구경단 23612,1652|41496,5094
마구로계만 41496,5115
마그마 53592,3906
마다 39242,9332|42405,199|42405,294|44611,7733|47905,6174
마련하는게 45690,21139
마리린몬시로 39572,3342
마리수 44611,7884
마리씩 53592,14038
마린피셔 45690,8514
마린피셔g 45690,19008
마병주 48373,3942
마비 21985,8328|21985,8502|21985,18594|21985,18724|21985,18893|21985,19091|21985,29573|21985,30099|24394,5370|24394,5526|24394,5704|24394,5894|24394,6185|24394,29783|26312,399|26312,1436|26312,1545|26312,1777|26312,1880|26312,2352|26312,2465|26312,3809|26312,3924|26312,6403|26312,6507|26312,14005|26312,14722|26312,14817|26312,14880|26312,14984|26312,15453|26312,15563|26312,20756|26312,20863|26312,29505|26312,29615|26312,29871|26312,29976|27368,419|27368,683|27368,985|27368,1282|27368,1568|27368,1860|27368,2144|27368,2432|27368,2710|27368,2998|27368,3283|27368,3552|27368,3836|27368,4124|27368,4403|27368,4800|27368,5086|27368,5373|27368,5656|27368,5937|27368,6216|27368,6498|27368,6787|27368,7064|27368,7467|27368,7765|27368,8054|27368,8334|27368,8622|27368,8906|27368,9183|27368,9476|27368,9790|27368,10082|27368,10322|27368,10712|27368,10995|27368,11286|27368,11584|27368,11871|27368,12160|27368,12448|27368,12730|27368,13019|27368,13314|27368,13607|27368,13894|27368,14182|27368,14473|27368,14750|27368,15135|27368,15432|27368,15720|27368,16010|27368,16297|27368,16598|27368,17002|27368,17302|27368,17591|27368,17873|27368,18161|27368,18451|27368,18733|27368,19021|27368,19338|27368,19628|27368,19908|27368,20200|27368,20504|27368,20792|27368,21086|27368,21369|27368,21610|27368,22009|27368,22296|27368,22587|27368,22873|27368,23164|27368,23456|27368,23746|27368,24035|27368,24313|27368,24613|27368,24909|27368,25194|27368,25474|27368,25759|27368,26048|27368,26332|27368,26620|27368,26909|27368,27197|27368,27586|27368,27871|27368,28163|27368,28446|27368,28750|27368,29040|27368,29319|27368,29610|27368,29900|27368,30206|27368,30492|27368,30778|27368,31074|27368,31364|27368,31695|27368,31974|27368,32266|27368,32715|27368,33007|27368,33307|27368,33600|27368,33894|27368,34186|27368,34468|27368,34755|27368,35041|27368,35333|27368,35620|27368,35908|27368,36200|27368,36490|27368,36785|27368,37077|27368,37369|27368,37653|27368,37933|27368,38238|27368,38542|27368,38831|27368,39119|27368,39405|28478,365|28478,474|28478,594|28478,775|28478,922|28478,1142|28478,1312|28478,1494|28478,1683|28478,1955|28478,2188|28478,2296|28478,2417|28478,2594|28478,2733|28478,2956|28478,3124|28478,3374|28478,3603|28478,3712|28478,3836|28478,4007|28478,4150|28478,4310|28478,4534|28478,4650|28478,4767|28478,4896|28478,5095|28478,5258|28478,6532|28478,6657|28478,6794|28478,7003|28478,7123|28478,7248|28478,7376|28478,7575|28478,7796|28478,8603|28478,8753|28478,8969|28478,9090|28478,9219|28478,9400|28478,9620|28478,9747|28478,10676|28478,10873|28478,11029|28478,13773|28478,13946|28478,14212|28478,14342|28478,14476|28478,14691|28478,14805|28478,14936|28478,15546|28478,15668|28478,15886|28478,16009|28478,16135|28478,18149|28478,18270|28478,18391|28478,18517|28478,18642|28478,18767|28478,18888|28478,19012|28478,19269|28478,20012|29333,415|29333,1378|29333,1491|29333,1712|29333,2224|29333,2334|29333,3623|29333,5769|29333,11790|29333,12469|29333,12579|29333,12639|29333,12745|29333,13310|29333,13425|29333,18094|29333,26270|29333,26549|29333,32287|29353,404|29353,1433|29353,1553|29353,1828|29353,2371|29353,2483|29353,3850|29353,6101|29353,11935|29353,12590|29353,12695|29353,12754|29353,13382|29353,18248|29353,26172|29353,26265|29353,26499|29353,26588|29353,32186|30024,2833|30024,3021|30024,3227|30024,16410|30024,16560|30024,23110|30024,23230|30024,23403|30024,23563|30024,23733|30024,23943|30024,30987|30024,33459|30024,33635|30024,38006|30377,13367|30377,13627|30377,20618|30377,20786|30838,4595|35698,405|35698,1413|35698,1517|35698,1884|35698,3878|35698,6143|35698,12039|35698,12745|35698,12852|35698,12913|35698,13444|35698,18196|35698,26285|35698,26391|35698,26645|35698,26735|35698,32469|36224,7102|36224,7273|36224,17032|36224,17138|36224,17270|36224,17422|36224,20849|36224,21006|36224,25480|36224,26429|36224,28510|36224,30951|39242,7516|39242,7795|39242,12319|39242,12526|39242,15614|39676,435|39676,740|39676,1038|39676,1318|39676,1598|39676,1887|39676,2184|39676,2481|39676,2888|39676,3183|39676,3473|39676,3767|39676,4052|39676,4353|39676,4645|39676,4933|39676,5340|39676,5628|39676,5916|39676,6204|39676,6494|39676,6792|39676,7079|39676,7375|39676,7676|39676,8092|39676,8362|39676,8650|39676,8947|39676,9238|39676,9542|39676,9844|39676,10144|39676,10429|39676,10718|39676,11002|39676,11396|39676,11692|39676,11993|39676,12293|39676,12586|39676,12994|39676,13286|39676,13570|39676,13866|39676,14167|39676,14454|39676,14743|39676,15027|39676,15323|39676,15622|39676,15924|39676,16326|39676,16619|39676,16914|39676,17204|39676,17493|39676,17793|39676,18092|39676,18389|39676,18681|39676,18985|39676,19277|39676,19559|39676,19861|39676,20151|39676,20558|39676,20845|39676,21146|39676,21436|39676,21726|39676,22013|39676,22304|39676,22600|39676,22903|39676,23196|39676,23488|39676,23788|39676,24077|39676,24370|39676,24663|39676,24951|39676,25252|39676,25722|39676,26017|39676,26316|39676,26609|39676,26903|39676,27202|39676,27499|39676,27793|39676,28095|39676,28388|39676,28678|39676,28980|39676,29282|39676,29588|39676,29886|39676,30176|39676,30470|39676,30763|39676,31068|39676,31368|44611,3639|45690,12591|45690,12747|45690,12915|45690,13161|45690,19320|47905,1470|47905,1505|47905,1535|47905,10836|47905,10944|48373,336|48373,391|48373,483|48373,533|48373,571|48576,15252|48576,15469|48576,15665|48576,15933|48576,24694|49617,563|49617,1541|49617,1654|49617,1875|49617,2366|49617,2474|49617,5759|49617,11439|49617,12315|49617,12934|49617,17828|49617,17936|49617,25727|49617,25820|49617,26052|49617,26146|49617,31744|52371,19588|52371,19737|52371,19906|52371,20146|52371,25267
마비감소 42049,780|42049,7925|42049,14506|47905,1500|48345,813|48345,7924
마비강화 28478,6495|28478,6620|28478,6757|28478,14900|28478,18730
마비고기 23612,941|31706,1834|31706,2894|31706,4565|41496,2397
마비낭 21985,18700|24394,5485|26312,15502|28478,6853|28478,18829|29353,8977|29353,21906|29353,30975|30024,23207|30024,33597|36224,7409|41496,12188|42405,3919|48373,551|49617,13017
마비무효 37895,2922|37895,5854|37895,8481|42049,1022|42049,5370|42049,5590|42049,11464|47905,1476|47905,2080|48345,830|48345,1060|48345,5367|48345,5593|48345,11480|48576,11089|48576,11580|48576,23366
마비배가 42049,722|42049,1778|42049,3006|42049,5331|42049,11641|47905,1529|48345,756|48345,1753|48345,2998|48345,5308|48345,11684
마비버섯 23612,949|23612,2255|23612,3266|23612,3625|23612,3775|26312,7481|27609,2876|27609,2901|27609,2923|28478,19711|30838,4325|31706,2643|31706,3998|35592,5690|35592,5695|35592,5700|39339,2052|39339,2090|39339,2120|39339,3799|39339,5418|39339,5528|39339,5555|39339,5592|39339,8716|39339,8763|41496,6714|42405,9059|46577,2557|46577,3144
마비병 23612,3618|28478,19688|31706,921|31706,5879|39339,5652|41496,11635|48373,3990|48373,4055
마비병이 47905,4075
마비병이나 28478,23122
마비병추가 29333,32429|29353,32328|35698,32593|47905,4060|47905,4069|48345,14567|48373,3946|48373,4009|49617,31870
마비상태로 39242,7544|41496,11660
마비상태일때는 47905,5871
마비시키는 41496,4098
마비에 41496,2428|45690,22174|47905,1481
마비적치 28478,19701
마비축적치 30838,4306|30838,4364|30838,4985
마비탄 23612,3257|23612,3292|30838,4285|30838,4345|31706,320|31706,5273|41496,11186|41496,11221
마비탄lv1 39676,33366
마비탄lv2 39676,33487
마비투척나이프 23612,2241|41496,31357
마비함정 23612,1619|31706,4441|39242,11753|39572,410|41496,4069|42405,1228|42405,3380|42405,5806|42405,7053|47905,8544|48373,4683
마비함정술 39242,8857
마비함정와 41496,31017
마비함정을 39242,8881
마스크 53592,10719
마스터 53592,533
마스터백파이프 37895,4593|48576,5311
마스터버그 36224,2581
마스터베이글 44611,1076
마스터블레이드c 36224,21410
마스터블레이드g 36224,31264
마스터블레이즈 24394,2584
마스터세이버 30377,1831
마스터오딧세이 36224,2102
마스터으로부터 41496,8847
마스터하면 45690,24225
마스터한 53592,14491
마스터해야 45690,24155
마시면 53592,15102
마신 37895,1652
마왕 23818,5754|40740,3831|40740,3893|41496,30231
마왕티켓 26312,24212|29333,21275|29353,21236|35698,21380|41496,30248|42405,803|49617,20778
마을 31706,95|31706,1603
마을에서는 31706,1701|31706,2225
마을의 41496,32931|53592,15969
마음에 39242,10985
마음을 53592,13226
마이너스 30377,29445|47905,2816
마이너스의 28478,20197
마일드허브 44611,912
마자 39242,2168
마주치기 39676,33113
마지나리오카리나 37895,7804|37895,10861|37895,11008|37895,11138|48576,2002
마지나이램프 27368,18547
마지막 30024,37125|40740,7075
마진오카리나 37895,7819|37895,10883|37895,11030|37895,11152|48576,2285
마진의램프 27368,30302
마천루 21985,25598
마치고 31706,1666|44611,147
마친 53592,14515
마친다 53592,16198
마카라이트 42405,3370
마카라이트곡괭이 39242,5479
마카라이트광석 21985,904|21985,944|21985,1094|21985,1271|21985,2584|21985,5801|21985,6325|21985,6937|21985,7473|21985,7875|21985,8444|21985,8811|21985,12348|21985,14318|21985,14847|21985,14888|21985,29014|23612,1803|23612,3906|23612,4403|23612,4418|23818,2534|23818,2622|23818,4902|23818,4995|23818,5142|24394,763|24394,911|24394,1119|24394,1988|24394,2045|24394,4734|24394,6465|24394,6599|24394,6745|24394,6965|24394,7342|24394,14825|24394,28846|26312,818|26312,2006|26312,2946|26312,3654|26312,5083|26312,5200|26312,5338|26312,6067|26312,6260|26312,8168|26312,13108|26312,13934|26312,14026|26312,14140|26312,15987|26312,19441|26312,22163|26312,22264|27368,1196|27368,2058|27368,2914|27368,3199|27368,3479|27368,4726|27368,5013|27368,7981|27609,1909|27609,1943|27609,1995|27609,2594|27609,3630|27609,3682|27609,3935|27609,3998|27609,5484|27609,5546|27609,7258|28478,839|28478,1065|28478,10030|29333,1759|29333,1832|29333,1897|29333,2415|29333,2556|29333,2897|29333,3211|29333,3471|29333,3793|29333,4193|29333,4723|29333,5574|29333,5994|29333,6060|29333,6270|29333,6431|29333,8729|29333,8832|29333,11836|29333,12900|29333,17796|29333,18593|29333,19274|29353,1999|29353,2557|29353,3341|29353,3699|29353,4396|29353,4927|29353,5789|29353,5962|29353,6138|29353,6226|29353,11411|29353,11512|29353,11869|29353,11956|29353,12101|29353,13149|29353,13883|29353,16926|29353,18739|29353,19415|30024,901|30024,1098|30024,2366|30024,5107|30024,5152|30024,9197|30024,10045|30024,10230|30024,10429|30024,10626|30024,16513|30024,18188|30024,30086|30024,32557|30377,562|30377,593|30377,756|30377,924|30377,1091|30377,1312|30377,3361|30377,11339|30377,19710|30377,20157|30377,21188|35592,3725|35592,3766|35592,3861|35592,3961|35592,3996|35592,6314|35698,2060|35698,3242|35698,3543|35698,3737|35698,3899|35698,4516|35698,4965|35698,5230|35698,5673|35698,5870|35698,6232|35698,6354|35698,6633|35698,8497|35698,9364|35698,11973|35698,12776|35698,19474|36224,793|36224,1010|36224,1616|36224,2396|36224,5996|36224,18121|36224,25915|39339,3069|39339,5911|39339,5957|39339,6014|39339,8180|39339,8228|39339,8271|39676,1508|39676,1810|39676,2788|39676,3093|39676,4275|41496,7991|41496,9591|41496,9674|42405,1284|42405,4965|42405,5070|42405,5173|42405,5231|42405,5251|42405,5272|42405,5338|45690,4240|45690,4451|45690,4610|45690,4778|45690,6909|45690,8026|45690,8638|46577,2837|46577,2897|46577,4730|46577,5313|46577,5411|48373,9047|48576,4419|48576,4469|48576,4665|48576,4940|48576,7858|48576,11015|48576,11055|48576,11253|48576,11560|48576,11794|49617,2046|49617,2628|49617,2791|49617,4680|49617,5296|49617,6494|49617,11369|49617,11586|49617,12583|49617,12708|49617,17422|49617,18329|49617,19112|52371,1062|52371,1093|52371,1270|52371,1423|52371,1575|52371,1759|52371,7855|52371,7989|52371,10800
마카르파 42049,3618|48345,3602
마카르파u 42049,10236|48345,10296
마카르파u나쥬와 49617,23683
마카르파u블랑쉬 26312,27272
마카르파u슬립 29353,24000
마카르파u에카이유 29333,24119
마카르파u코일 49617,23599
마카르파u파르뮤 35698,24241
마카르파u파바트 29353,24074
마카르파u팬츠 35698,24110
마카르파u페프람 29333,24043
마카르파u후드 26312,27163
마카르파z 42049,14792|48345,14830
마카르파z나쥬와 49617,32482
마카르파z블랑쉬 26312,37018
마카르파z슬립 29353,32858
마카르파z에카이유 29333,33034
마카르파z코일 49617,32383
마카르파z파르뮤 35698,33184
마카르파z파바트 29353,32951
마카르파z팬츠 35698,33091
마카르파z페프람 29333,32940
마카르파z후드 26312,36900
마카르파나쥬와 49617,7927
마카르파블랑쉬 26312,10196
마카르파슬립 29353,8557
마카르파에카이유 29333,8568
마카르파코일 49617,7861
마카르파파르뮤 35698,8766
마카르파파바트 29353,8623
마카르파팬츠 35698,8700
마카르파페프람 29333,8501
마카르파후드 26312,10077
마커가 47905,8740
마크가 33821,3771|44611,3095
마크의 39242,4233
마후모후s미톤 29353,11679
마후모후s부츠 35698,11779
마후모후s쟈켓 29333,11535
마후모후s코트 49617,11177
마후모후s후드 26312,13735
마후모후미톤 29353,213
마후모후부츠 35698,214
마후모후쟈켓 29333,214
마후모후코트 49617,213
마후모후후드 26312,214
