카니발 41496,19046
카드 39572,1766|41496,29774|41496,29809|41496,29845|41496,29880|41496,29915|41496,29950|53592,16603
카드가 42405,357
카드를 53592,16683
카드에 33821,3823|39242,4292
카드의 42405,75|42405,275
카라미티 53592,4130
카리스마 44611,4502|44611,6262|44611,6826
카마인보우 28478,8633
카마인블레이드 24394,20047
카마인스팅 21985,17718
카마인엑스 30024,8332
카마인엣지 30377,4963
카브레라이트광석 21985,1504|21985,1704|21985,2124|21985,2177|21985,2249|21985,4383|21985,4935|21985,5522|21985,5589|21985,6705|21985,21269|21985,31666|21985,33289|23612,4027|23612,4483|23612,4499|23818,2179|23818,2243|23818,2379|23818,2430|23818,2561|23818,2649|23818,4915|23818,5008|23818,5169|24394,1966|24394,2024|24394,2090|24394,2269|24394,2470|24394,2872|24394,5832|24394,7331|24394,29205|24394,32003|26312,13901|26312,14010|26312,14049|26312,14124|26312,14753|26312,15110|26312,15486|26312,15656|26312,16686|26312,18148|26312,18484|26312,18673|26312,18839|26312,19406|26312,19508|26312,19891|26312,19997|26312,20104|26312,20433|26312,21289|26312,21813|26312,29710|27368,11479|27368,11782|27368,12932|27368,13533|27368,13807|27368,15358|27368,15923|27368,17503|27368,20717|27368,24821|27609,1956|27609,2008|27609,2638|27609,2695|27609,3728|27609,4589|27609,5559|27609,7306|27609,7366|28478,1797|28478,2820|28478,2883|28478,5935|28478,10747|28478,10802|29333,11690|29333,11795|29333,11818|29333,11921|29333,11941|29333,12856|29333,13345|29333,13515|29333,15501|29333,16810|29333,16912|29333,17271|29333,17737|29333,22249|29333,24487|29353,11836|29353,11940|29353,11992|29353,12065|29353,12962|29353,13463|29353,14301|29353,14434|29353,16901|29353,17001|29353,17353|29353,17842|29353,18328|29353,18462|29353,19388|29353,19639|29353,24542|29353,24623|29353,29168|30024,1662|30024,2173|30024,2345|30024,2511|30024,2565|30024,2624|30024,4452|30024,5532|30024,6891|30024,7912|30024,7974|30024,11460|30024,14064|30024,17330|30024,19151|30024,23368|30024,32911|30024,34484|30024,35382|30377,11133|30377,11183|30377,11575|30377,12385|30377,12429|30377,13485|30377,19521|30377,21387|30377,25961|30377,26133|35592,3733|35592,3826|35592,3869|35592,4076|35592,7582|35592,10665|35698,11940|35698,12044|35698,12096|35698,12204|35698,13123|35698,13526|35698,13651|35698,14349|35698,14790|35698,15028|35698,15754|35698,16345|35698,16922|35698,17025|35698,17413|35698,17520|35698,17921|35698,18143|35698,19442|35698,20089|35698,25998|35698,26995|35698,29547|36224,1506|36224,1564|36224,1594|36224,2384|36224,2463|36224,11372|36224,12105|36224,12869|39339,3109|39339,3167|39339,5984|39339,8241|39339,8284|39676,8283|39676,8839|39676,9450|39676,11586|39676,13192|41496,8068|42405,1555|42405,5664|42405,9432|42405,9630|45690,9011|45690,14977|46577,2850|46577,2910|46577,3447|46577,3507|46577,3672|46577,3741|46577,4782|46577,5326|46577,5424|48576,4861|48576,4916|48576,17657|49617,11336|49617,11444|49617,11496|49617,11570|49617,12025|49617,12045|49617,12534|49617,14346|49617,16455|49617,16557|49617,17406|49617,19085|49617,24195|49617,25740|52371,1957|52371,15406|52371,15908|52371,19295
카브레라이트소드 24394,1902|52371,15733
카브레라이트소드g 24394,31857
카브레라이트소드改 24394,2190|52371,17889
카엘크래프트 37895,4832|37895,10759|48576,18399
카엘크래프트계 48576,18174
카운트 39242,5921|39242,5942|39242,10004
카이저 42049,4428|42049,9956|48345,4445|48345,10002|53592,3981
카이저s가드 29353,23030
카이저s그리브 35698,23026
카이저s레깅스 35698,23106
카이저s레지스트 29333,22982
카이저s마스크 26312,26091
카이저s메일 29333,22903
카이저s암 29353,22928
카이저s코트 49617,22527
카이저s크라운 26312,25995
카이저s폴드 49617,22447
카이저x 42049,14403|48345,14433
카이저x가드 29353,32104
카이저x그리브 35698,32238
카이저x레깅스 35698,32356
카이저x레지스트 29333,32190
카이저x마스크 26312,36081
카이저x메일 29333,32107
카이저x암 29353,31993
카이저x코트 49617,31642
카이저x크라운 26312,35958
카이저x폴드 49617,31548
카이저가드 29353,10824
카이저그리브 35698,10847
카이저레깅스 35698,10926
카이저레지스트 29333,10732
카이저마스크 26312,12613
카이저메일 29333,10654
카이저암 29353,10747
카이저코트 49617,10300
카이저크라운 26312,12521
카이저폴드 49617,10223
카지키궁 28478,6409|28478,6552|28478,6679|28478,6819
카지키궁g 28478,18787
카치와리 30024,8633
카타나 53592,10156
카타크래프트 40740,3349|40740,3394
카피를 39242,10636
