부가되는 47905,5037
부가되어 30377,29255
부가되었지만 30838,2455
부가한다 39242,6865|39242,6954|39242,7043|39242,7132|39242,7221
부동 26312,12446|26312,25926|26312,35889|29333,10587|29333,22835|29333,32039|29353,10674|29353,22861|29353,31926|35698,10774|35698,22959|35698,32178|48345,4378|48345,9931|48345,14365|49617,10149|49617,22379|49617,31487
부두 41496,32997
부두에서 35592,5298
부드러운 45690,23976|45690,24307|45690,24427|45690,24511
부딪쳤다가 30838,668
부러뜨리는 45690,22796
부린 23818,5702|40740,3924
부메랑 23612,2274|31706,603|31706,4973|39339,5737|41496,3037|47905,6690|47905,6739|47905,6787|47905,6835|48373,8002
부메랑의 47905,9227
부분까지 40740,4827
부분에서 53592,11897
부분을 36224,32646|41496,2848|41496,3012|48576,26103
부분의 30838,2267
부분이 30024,37960|40740,3625|40740,3801|47905,10912
부산물 41496,5852
부수 35592,1666|35592,1756
부수적인 35592,3459|35592,4643
부식된용검c 36224,21532|36224,21642
부악 41496,8801|53592,5315
부악룡 41496,29175
부악룡가죽 28478,14980|28478,15025|29353,32204|30377,13698|35698,32482|41496,26088|45690,13300|48373,5031|48576,15844
부악룡갈기 28478,14988|28478,15033|29333,32318|41496,26121|42405,9092|45690,13060|48576,15889|52371,20105|52371,20290
부악룡체액 26312,36228|28478,15044|28478,19332|30024,3401|30024,17781|30377,12258|35698,32836|36224,12593|36224,23532|36224,31090|39676,24562|39676,26505|41496,26148|42405,6859|45690,13308|48576,16101|49617,31765|52371,18488|52371,20050
부여되고 24394,35016
부여되는 30838,4773
부여된다 21985,35030
부위 28478,21592|30024,37845
부위가 30838,1651|45690,24432
부위를 28478,21576|30838,295|45690,22191|45690,23015
부위에 30838,1623|39242,5559|45690,22088|45690,25074
부위에는 45690,23985
부위에서도 30024,37032
부위의 28478,21850|45690,24400|47905,10784
부위인 30838,1658
부위파괴 41496,15421|41496,17059|41496,17089|41496,17119|41496,17239|41496,17296|41496,17329|41496,17468|41496,17498|41496,18436|41496,18465|41496,18494|41496,18559|41496,18772|41496,18801|41496,18830|41496,18894|41496,19801|41496,19837|41496,21408|41496,21437|41496,21466|41496,22277|41496,22314|41496,22574|41496,22621|41496,23231|41496,23268|41496,23451|41496,23496|41496,23904|41496,24170|41496,24469|41496,24498|41496,24737|41496,24765|41496,25006|41496,25034|41496,25064|41496,25398|41496,25619|41496,25649|41496,25849|41496,25879|41496,25910|41496,26244|41496,26280|41496,26512|41496,26558|41496,26947|41496,26977|41496,27143
부위파괴를 45690,24404
부위파괴보수 33821,4256|33821,4387|33821,4604
부적 42049,15438|48345,15504
부족하게 36224,32313
부족하다 36224,32665
부츠 53592,10941
부터 26312,38440|45690,19548
부활은 39242,13239
부활이 39242,9635
부활하는 39242,1502
부활한다 39242,13197
