예검 53592,4747
예기치 39242,1530
예를 39242,3183|39242,3645|45690,439|47905,10282
예리도 21985,192|21985,415|21985,442|21985,11266|21985,11293|21985,21335|21985,21362|21985,21718|21985,21745|21985,22274|21985,22301|21985,23214|21985,23241|21985,24082|21985,24109|21985,25254|21985,25281|21985,26445|21985,26472|21985,27480|21985,27507|21985,27853|21985,27880|21985,28169|21985,28196|24394,182|24394,405|24394,424|24394,8542|24394,8561|24394,21344|24394,21363|24394,22082|24394,22101|24394,22962|24394,22981|24394,24002|24394,24021|24394,24550|24394,24569|24394,24897|24394,24916|24394,26142|24394,26161|24394,27344|24394,27363|24394,27696|24394,27715|24394,28171|24394,28198|26312,5488|26312,5853|26312,6939|26312,8318|26312,15324|26312,22716|26312,22831|26312,26191|26312,28650|26312,30399|26312,30649|26312,31188|26312,32573|26312,33465|26312,33643|26312,33815|26312,35291|26312,36073|26312,36373|29333,4995|29333,5320|29333,6226|29333,13191|29333,19743|29333,19857|29333,22275|29333,23075|29333,25429|29333,28849|29333,29676|29333,29808|29333,29961|29333,31563|29333,32478|29353,5238|29353,5566|29353,6595|29353,13259|29353,19874|29353,19985|29353,23126|29353,25387|29353,28841|29353,29681|29353,29812|29353,29966|29353,31384|29353,32377|30024,182|30024,403|30024,430|30024,11809|30024,11836|30024,20690|30024,20717|30024,21855|30024,21882|30024,23059|30024,23086|30024,24301|30024,24328|30024,25344|30024,25371|30024,26259|30024,26286|30024,26996|30024,27023|30024,27553|30024,27580|30024,27906|30024,27933|30024,28403|30024,28430|30024,28949|30024,28976|30024,29257|30024,29284|30377,182|30377,406|30377,425|30377,3848|30377,3867|30377,8104|30377,8123|30377,9954|30377,9973|30377,10958|30377,10977|30377,13035|30377,13054|30377,13773|30377,13792|30377,14576|30377,14595|30377,15234|30377,15253|30377,15864|30377,15883|30377,16888|30377,16907|30377,17234|30377,17253|30377,18017|30377,18036|30377,18793|30377,18812|30377,19769|30377,19788|30377,20012|30377,20031|30377,20577|30377,20596|30377,21000|30377,21019|30377,21635|30377,21654|30377,22311|30377,22330|30377,23010|30377,23029|30377,23908|30377,23927|30377,24139|30377,24158|30377,24417|30377,24444|30377,28924|30377,29043|35698,5278|35698,5643|35698,6601|35698,13309|35698,19943|35698,20057|35698,23196|35698,25475|35698,28998|35698,29891|35698,30023|35698,30177|35698,31662|35698,32640|36224,184|36224,409|36224,436|36224,9184|36224,9211|36224,16981|36224,17008|36224,18399|36224,18418|36224,19627|36224,19646|36224,20659|36224,20678|36224,21221|36224,21240|36224,21564|36224,21583|36224,21905|36224,21924|36224,22812|36224,22831|36224,23589|36224,23608|36224,24709|36224,24728|36224,25112|36224,25131|36224,25736|36224,25755|45690,189|45690,524|45690,545|45690,4066|45690,4087|45690,7832|45690,7853|45690,11473|45690,11494|45690,12540|45690,12561|45690,13384|45690,13405|45690,13972|45690,13993|45690,14339|45690,14360|45690,14749|45690,14770|45690,15473|45690,15494|45690,16234|45690,16255|45690,16749|45690,16770|45690,17275|45690,17296|45690,17779|45690,17800|45690,21108|45690,23328|45690,23424|45690,25576|45690,26038|47905,2281|47905,2313|47905,2323|47905,2390|48373,1669|48373,1717|48576,189|48576,406|48576,431|48576,4186|48576,4211|48576,5703|48576,5728|48576,7510|48576,7535|48576,9342|48576,9367|48576,10776|48576,10801|48576,11845|48576,11870|48576,12625|48576,12650|48576,13915|48576,13940|48576,15200|48576,15225|48576,16171|48576,16196|48576,17352|48576,17377|48576,18198|48576,18223|48576,18756|48576,18781|48576,20026|48576,20051|48576,20607|48576,20632|48576,21182|48576,21207|48576,21655|48576,21680|48576,22036|48576,22061|49617,4953|49617,5266|49617,6236|49617,12817|49617,19430|49617,19542|49617,22618|49617,24940|49617,28376|49617,29278|49617,29408|49617,29575|49617,30927|49617,31919|52371,675|52371,895|52371,922|52371,7469|52371,7496|52371,12418|52371,12445|52371,12843|52371,12870|52371,13355|52371,13382|52371,14654|52371,14681|52371,15694|52371,15721|52371,17036|52371,17063|52371,17850|52371,17877|52371,18535|52371,18562|52371,19007|52371,19034|52371,19536|52371,19563|52371,20359|52371,20386|52371,20916|52371,20943|52371,21316|52371,21343|52371,21701|52371,21728|52371,22121|52371,22148|52371,22773|52371,22800
예리도가 24394,34820|24394,35624|30024,37486|30377,28573|45690,24577|45690,25735|45690,25770|47905,4428|47905,4492|52371,26662
예리도는 39242,5601|47905,2439
예리도대응한 47905,4510
예리도레벨 21985,205|24394,195|30024,195|30377,195|36224,197|42049,4612|42049,6621|42049,9393|42049,10135|42049,10334|42049,10803|42049,10882|42049,13305|42049,13782|42049,13850|42049,14665|42049,15309|45690,202|47905,2273|47905,2864|48576,202|52371,688
예리도를 24394,34837|24394,34894|41496,11782|45690,21940|47905,2361
예리도소비 45690,23160
예리도에 36224,32167|44611,5501|45690,21965
예리도의 44611,4298|45690,24481|47905,2514|47905,4480
예리도입니다 21985,228|24394,218|30024,218|30377,218|36224,220|45690,225|48576,225|52371,711
예리도회복 41496,30855
예리한발톱 21985,1724|21985,18294|21985,30073|24394,29027|24394,29377|26312,30834|26312,33513|27368,21924|27368,25688|28478,2037|29333,28878|29353,25872|29353,26346|30024,1725|30024,30593|30377,5105|30377,7748|30377,24604|35592,6967|35592,7854|35592,8499|35592,9386|35592,10756|35592,11650|35698,29534|41496,16490|48373,9267|52371,5416|52371,23834
예리함을149 41496,5762
예쁜조개껍질 41496,32038
예사롭지 53592,14666
예열 45690,25110|45690,25165
예의가 45690,26186
예전부터 31706,3687
예정 39242,6100
예축방법은 40740,68
예측방법 40740,136|40740,1728|40740,4723|40740,5415|40740,6171|40740,7234
