원거리 28478,23178|28478,23277
원기드링크 23612,441|39572,402|41496,1844|42405,1444|42405,2664|42405,6553|48373,991
원래 47905,4031|47905,4086|47905,4141|47905,4196|47905,4251
원래g급 39242,8795
원래의 39242,10835|44611,299|47905,2336
원료 41496,6184|41496,6219|41496,6350|41496,6388|41496,6420|41496,6454|41496,6543|41496,6572|41496,6638|41496,6672|41496,6707|41496,6742|41496,6996
원반석 21985,781|21985,28362|23612,4306|23612,4317|23818,2136|24394,625|24394,2281|24394,6455|24394,29195|26312,328|26312,1248|26312,16003|26312,19338|27368,597|27609,1900|27609,1934|27609,2576|27609,2620|27609,5446|27609,7277|28478,521|29333,327|29333,533|29333,2169|29353,1477|29353,1597|29353,2585|29353,3079|30024,526|30024,636|30024,765|30024,953|30024,2163|30024,2586|30024,6220|30024,6749|30024,29603|30024,35394|30377,572|30377,642|30377,934|30377,1102|30377,11144|35592,3715|35592,3791|35592,3807|35698,1024|35698,1928|35698,1997|35698,2508|35698,4062|36224,537|36224,1527|39339,3040|39339,7708|39676,638|41496,7899|42405,5008|42405,6045|42405,7387|45690,4318|45690,4620|46577,5376|49617,1930|49617,1995|49617,2061|52371,1072
원인불명 53592,12039
원주 41496,31440
원하는 21985,35054
