가거나 39242,2397
가게 31706,4839
가격 21985,403|21985,11254|21985,21323|21985,21706|21985,22262|21985,23202|21985,24070|21985,25242|21985,26433|21985,27468|21985,27841|21985,28157|24394,393|24394,8530|24394,21332|24394,22070|24394,22950|24394,23990|24394,24538|24394,24885|24394,26130|24394,27332|24394,27684|24394,28159|26312,89|26312,650|26312,1615|26312,4905|26312,7292|26312,13610|26312,19141|26312,23182|26312,28825|26312,34156|27368,188|27368,4518|27368,7179|27368,10437|27368,14865|27368,16713|27368,21725|27368,27313|27368,32445|28478,266|28478,2088|28478,3501|28478,4430|28478,5773|28478,6425|28478,6899|28478,7925|28478,8863|28478,9512|28478,9862|28478,11147|28478,11958|28478,12640|28478,13123|28478,14099|28478,14585|28478,15094|28478,15439|28478,15781|28478,16245|28478,16588|28478,17550|28478,17764|28478,18047|28478,19513|29333,89|29333,667|29333,1551|29333,4546|29333,6580|29333,11410|29333,16525|29333,20159|29333,25606|29333,30290|29353,88|29353,652|29353,1668|29353,4751|29353,6896|29353,11554|29353,16618|29353,20317|29353,25565|29353,30292|30024,391|30024,11797|30024,20678|30024,21843|30024,23047|30024,24289|30024,25332|30024,26247|30024,26984|30024,27541|30024,27894|30024,28391|30024,28937|30024,29245|30377,394|30377,3836|30377,8092|30377,9942|30377,10946|30377,13023|30377,13761|30377,14564|30377,15222|30377,15852|30377,16876|30377,17222|30377,18005|30377,18781|30377,19757|30377,20000|30377,20565|30377,20988|30377,21623|30377,22299|30377,22998|30377,23896|30377,24127|30377,24405|30838,90|30838,795|30838,1262|30838,1894|30838,2602|30838,3109|30838,3789|30838,4144|30838,4941|31706,119|31706,128|31706,137|31706,146|31706,155|31706,164|31706,803|31706,812|31706,821|31706,830|31706,839|31706,1752|31706,1761|31706,1770|31706,1779|31706,1788|31706,2276|31706,2285|31706,2294|31706,2303|31706,2312|31706,2806|31706,2815|31706,2824|31706,2833|31706,2842|31706,3274|31706,3283|31706,3292|31706,3301|31706,3310|31706,3866|31706,3875|31706,3884|31706,3893|31706,3902|31706,4605|31706,4614|31706,4623|31706,4632|31706,4641|31706,4852|31706,4861|31706,4870|31706,4879|31706,4888|35698,89|35698,659|35698,1722|35698,4787|35698,6919|35698,11654|35698,16647|35698,20362|35698,25655|35698,30487|36224,397|36224,9172|36224,16969|36224,18387|36224,19615|36224,20647|36224,21209|36224,21552|36224,21893|36224,22800|36224,23577|36224,24697|36224,25100|36224,25724|39676,195|39676,2608|39676,5060|39676,7803|39676,11129|39676,12713|39676,16051|39676,20291|39676,25443|45690,509|45690,4051|45690,7817|45690,11458|45690,12525|45690,13369|45690,13957|45690,14324|45690,14734|45690,15458|45690,16219|45690,16734|45690,17260|45690,17764|48576,397|48576,4177|48576,5694|48576,7501|48576,9333|48576,10767|48576,11836|48576,12616|48576,13906|48576,15191|48576,16162|48576,17343|48576,18189|48576,18747|48576,20017|48576,20598|48576,21173|48576,21646|48576,22027|49617,88|49617,801|49617,1714|49617,4503|49617,6540|49617,11052|49617,16167|49617,19841|49617,25119|49617,29913|52371,883|52371,7457|52371,12406|52371,12831|52371,13343|52371,14642|52371,15682|52371,17024|52371,17838|52371,18523|52371,18995|52371,19524|52371,20347|52371,20904|52371,21304|52371,21689|52371,22109|52371,22761
가격대비 30838,367
가격도 30838,3482
가공점에서 21985,28126|24394,28130|27368,32416|28478,18018|30024,29216|30377,24376|36224,25695|39676,25414|45690,17733|48576,21996|52371,22730
가관주 48373,3520
가까워도 30838,1774
가까이 45690,21740
가까이에서 40740,2892
가끔 31706,3750|39242,633|39242,9068
가노스 42049,1711|42049,6282|48345,1688|48345,6297|53592,1338
가노스d 42049,2104|48345,2069
가노스d가드 29353,4653
가노스d그리브 35698,4616
가노스d레깅스 35698,4687
가노스d레지스트 29333,4456
가노스d메일 29333,4370
가노스d암 29353,4584
가노스d캡 26312,4806
가노스d헬름 26312,4689
가노스s가드 29353,14890
가노스s그리브 35698,14915
가노스s레깅스 35698,14985
가노스s레지스트 29333,14941
가노스s메일 29333,14872
가노스s암 29353,14822
가노스s캡 26312,17278
가노스s코트 49617,14498
가노스s폴드 49617,14429
가노스s헬름 26312,17161
가노스u 42049,8565|48345,8547
가노스u가드 29353,19591
가노스u그리브 35698,19565
가노스u레깅스 35698,19653
가노스u레지스트 29333,19453
가노스u메일 29333,19366
가노스u암 29353,19505
가노스u캡 26312,22387
가노스u헬름 26312,22277
가노스x 42049,11773|48345,11771
가노스x가드 29353,26879
가노스x그리브 35698,26905
가노스x레깅스 35698,27012
가노스x레지스트 29333,26878
가노스x메일 29333,26791
가노스x암 29353,26778
가노스x캡 26312,30285
가노스x코트 49617,26434
가노스x폴드 49617,26321
가노스x헬름 26312,30174
가노스z 42049,13109|48345,13076
가노스z가드 29353,29538
가노스z그리브 35698,29658
가노스z레깅스 35698,29768
가노스z레지스트 29333,29553
가노스z메일 29333,29446
가노스z암 29353,29433
가노스z캡 26312,33355
가노스z코트 49617,29114
가노스z폴드 49617,28992
가노스z헬름 26312,33245
가노스가드 29353,3882
가노스그리브 35698,3841
가노스레깅스 35698,3911
가노스레지스트 29333,3655
가노스메일 29333,3587
가노스암 29353,3815
가노스캡 26312,3888
가노스코인 21985,21878|29353,7512|29353,8155|33821,1942|41496,28632|42405,2698|42405,8235|49617,7243|49617,20055
가노스프렛셔 39676,17306
가노스프렛셔g 39676,28490
가노스헬름 26312,3772
가노커틀러스 30377,5501
가노커틀러스g 30377,26679
가노커틀러스改 30377,5657
가노토토스 23818,1957|30838,2342|33821,1879|33821,1912|33821,1972|39242,7713|39242,7817|40740,4927|40740,5100|41496,12617|41496,12675|41496,13318|41496,17623|41496,17680|41496,17844|41496,18928|53592,1348|53592,2519|53592,3466|53592,4534|53592,5624|53592,6673|53592,17092|53592,17098
가노토토스가 23818,1998
가노토토스를 53592,9772
가노토토스만 41496,5077
가노토토스의 41496,27388
가노트트스를 53592,9791
가노핀쇼테일 36224,14500
가노핀쇼테일g 36224,27288
가노핀스파이크 36224,14670
가는 21985,36391|30024,37802|30377,28753|30377,28911|39242,11278|47905,2472
가능 21985,433|21985,11284|21985,21353|21985,21736|21985,22292|21985,23232|21985,24100|21985,25272|21985,26463|21985,27498|21985,27871|21985,28187|21985,34837|21985,34967|21985,35223|21985,36346|23612,6372|23612,6386|24394,28189|24394,34499|24394,35784|27368,260|27368,4590|27368,7251|27368,10509|27368,14937|27368,16785|27368,21797|27368,27385|27368,32517|27368,39583|27368,39752|27368,39999|28478,296|28478,2118|28478,3531|28478,4460|28478,5803|28478,6455|28478,6929|28478,7955|28478,8893|28478,9542|28478,9892|28478,11177|28478,11988|28478,12670|28478,13153|28478,14129|28478,14615|28478,15124|28478,15469|28478,15811|28478,16275|28478,16618|28478,17580|28478,17794|28478,18077|28478,20978|28478,21003|28478,21094|28478,21252|28478,21277|28478,21365|30024,421|30024,11827|30024,20708|30024,21873|30024,23077|30024,24319|30024,25362|30024,26277|30024,27014|30024,27571|30024,27924|30024,28421|30024,28967|30024,29275|30024,36236|30024,36351|30024,36516|30024,36583|30024,36633|30377,24435|30377,28780|30377,29151|30377,30023|30838,564|30838,1605|30838,7465|30838,7552|35592,3509|36224,427|36224,9202|36224,16999|36224,31928|36224,31997|37895,9930|37895,10111|37895,10319|37895,10533|39242,214|39242,1718|39242,2923|39242,5510|39242,6139|39242,6548|39242,9874|39242,9957|39242,10609|39676,264|39676,2677|39676,5129|39676,7872|39676,11198|39676,12782|39676,16120|39676,20360|39676,25512|39676,31551|39676,31738|41496,500|41496,2330|41496,2372|41496,4169|41496,4952|41496,5047|41496,8970|41496,31705|45690,19664|45690,19938|45690,19995|45690,21539|45690,21712|45690,22805|45690,25472|48576,437|48576,4217|48576,5734|48576,7541|48576,9373|48576,10807|48576,11876|48576,12656|48576,13946|48576,15231|48576,16202|48576,17383|48576,18229|48576,18787|48576,20057|48576,20638|48576,21213|48576,21686|48576,22067|48576,24977|48576,25003|48576,25023|48576,25038|48576,25084|52371,913|52371,7487|52371,12436|52371,12861|52371,13373|52371,14672|52371,15712|52371,17054|52371,17868|52371,18553|52371,19025|52371,19554|52371,20377|52371,20934|52371,21334|52371,21719|52371,22139|52371,22791|52371,26359|52371,26439|53592,13139|53592,16759
가능성도 21985,35731
가능성이 27368,40388|39242,1938|52371,27075
가능하게 21985,28140|24394,28144|27368,32430|28478,18032|30024,29230|30377,24390|36224,25709|39676,25428|45690,17747|45690,22525|47905,8732|48576,22010|52371,22744
가능하고 30024,36384|30024,37200|39242,13395
가능하기 48576,25994
가능하다 21985,36835|24394,35554|24394,35687|24394,35954|30024,37007|30024,37346|30024,38150|36224,32118|45690,22480|45690,25184|48576,26778
가능하며 37895,88
가능하므로 30838,1112|45690,20901
가능하지만 24394,34783
가능한 28478,229|28478,23457|30024,38310|30377,29818|30838,272|33821,3738|35592,3426|35592,4610|41496,33007|41496,33152|41496,33208|41496,33268|41496,33327|41496,33376|41496,33418|41496,33491|42049,304|42049,2353|42049,3482|42049,4966|42049,7312|42049,9127|42049,11101|42049,13675|42049,15528|44611,534|45690,22779|45690,24562|47905,9979|48345,306|48345,2316|48345,3466|48345,4956|48345,7306|48345,9088|48345,11152|48345,13647|48345,15594|53592,14027|53592,17670
가능합니다 23612,7425|23818,2024|39242,3532|44611,284|44611,461
가능합니다만 39242,3579
가능해서 45690,21686
가드 21985,34749|21985,34793|21985,35117|21985,35478|21985,35496|21985,35517|21985,35759|21985,36036|21985,36668|21985,36678|21985,36727|24394,34542|24394,34676|24394,34850|36224,31973|39242,8267|39242,14654|39676,32550|39676,32660|45690,19626|45690,19763|45690,20352|45690,20373|45690,20418|45690,20433|45690,20449|45690,20474|45690,21165|45690,21373|45690,22129|45690,22217|45690,22922|45690,23509|45690,23524|45690,23538|45690,23568|45690,23765|47905,4997|47905,5011|47905,5031|53592,10831
가드가 39242,1760
가드강화 21985,36652|26312,3739|26312,7124|26312,7232|26312,12320|26312,21940|26312,22050|26312,23005|26312,23119|26312,25740|26312,29679|26312,29798|26312,32286|26312,32348|29333,3556|29333,6411|29333,6522|29333,10451|29333,19096|29333,20028|29333,22639|29333,26410|29333,28561|29333,28623|29353,3784|29353,6760|29353,10532|29353,19235|29353,20157|29353,20263|29353,22667|29353,26325|29353,26428|29353,28558|29353,28620|35698,3810|35698,6790|35698,10632|35698,19253|35698,19364|35698,20231|35698,22766|35698,26451|35698,26574|35698,28728|35698,28789|35698,29057|35698,29117|39242,12440|39242,12827|42049,3257|42049,8443|42049,8901|42049,9838|42049,11557|42049,12681|47905,4979|47905,4987|48345,1661|48345,3245|48345,4360|48345,8430|48345,8874|48345,11573|48345,12694|48373,2410|48373,2457|48373,2522|49617,3789|49617,6403|49617,10006|49617,18932|49617,19710|49617,22183|49617,25881|49617,25982|49617,28102|49617,28162|49617,28477
가드공격 21985,34766|36224,32011|45690,19879|45690,21830
가드공격에 45690,20326
가드는 36224,32501
가드도 24394,34779|30024,36932|36224,32484
가드로 45690,24136
가드를 21985,35069|24394,34813|30377,28985|45690,20496|45690,21157|45690,24194|45690,24212|47905,2723
가드상태가 47905,2746
가드성능 21985,36445|26312,1293|26312,3623|26312,3996|26312,6812|26312,12032|26312,12247|26312,12383|26312,14593|26312,16655|26312,18981|26312,19664|26312,19841|26312,22118|26312,25731|26312,25870|26312,32277|26312,33094|26312,35814|29333,1057|29333,2408|29333,3440|29333,3762|29333,6100|29333,9331|29333,10169|29333,10380|29333,10515|29333,12339|29333,13025|29333,14449|29333,16365|29333,17066|29333,17240|29333,17843|29333,19289|29333,22630|29333,22767|29333,28552|29333,29293|29333,31964|29353,1247|29353,2550|29353,3668|29353,3986|29353,6472|29353,9427|29353,10254|29353,10463|29353,10595|29353,12463|29353,13081|29353,14403|29353,16460|29353,17151|29353,17323|29353,17956|29353,19430|29353,22658|29353,22792|29353,28549|29353,29297|29353,31850|35698,1048|35698,3694|35698,4018|35698,6475|35698,9429|35698,10194|35698,10562|35698,10695|35698,12615|35698,14455|35698,16487|35698,17179|35698,17354|35698,19489|35698,22757|35698,22890|35698,28719|35698,29503|35698,32124|42049,551|42049,1114|42049,1673|42049,1858|42049,3124|42049,4243|42049,4308|42049,4386|42049,5228|42049,6130|42049,7083|42049,7542|42049,8524|42049,9830|42049,9915|42049,12673|42049,13064|42049,14362|47905,2535|47905,2543|47905,2597|47905,2649|48373,2269|48373,2322|49617,2621|49617,3675|49617,3859|49617,6112|49617,8736|49617,9557|49617,9937|49617,10070|49617,12058|49617,12641|49617,13976|49617,16008|49617,16709|49617,16906|49617,17562|49617,19127|49617,22174|49617,22311|49617,28093|49617,28865|49617,31434
가드성능이 21985,36476
가드시 47905,2550|47905,2604|47905,2657|47905,7745|47905,7801|47905,7859|47905,7913
가드에 21985,36810|45690,20860
가드율up 39242,14674
가드율이 39242,14691
가드의 39242,4809|45690,23063
가드중 45690,19926
가드중에 21985,35040|45690,19837|45690,20736
가드중일때 39242,1733
가드치가 47905,2568|47905,2622|47905,2675
가드하기 24394,34804
가드할 21985,35142
가드확률강화 39242,12736
가드확률강화술 39242,8248
가디언 53592,9393
가디언u가드 29353,23747
가디언u마스크 26312,26902
가디언u베스트 29333,23788
가디언u부츠 35698,23691
가디언u슈트 29333,23672
가디언u암 29353,23633
가디언u코일 49617,23225
가디언u코트 49617,23345
가디언u풋 35698,23808
가디언u헬름 26312,26781
가디언가드 29353,8056
가디언마스크 26312,9486
가디언베스트 29333,8022
가디언부츠 35698,8090
가디언소드 24394,4495|52371,15837
가디언소드계 52371,15668
가디언슈트 29333,7912
가디언암 29353,7947
가디언코일 49617,7376
가디언코트 49617,7489
가디언풋 35698,8202
가디언헬름 26312,9376
가라앉거나 35592,12103
가레오스 39572,4358|41496,17609|42049,1301|42049,5780|48345,1286|48345,5790|53592,1262
가레오스s가드 29353,13845
가레오스s그리브 35698,13806
가레오스s레깅스 35698,13887
가레오스s레지스트 29333,13881
가레오스s메일 29333,13775
가레오스s암 29353,13766
가레오스s캡 26312,16029
가레오스s코트 49617,13396
가레오스s폴드 49617,13316
가레오스s헬름 26312,15918
가레오스u 42049,8129|48345,8115
가레오스u가드 29353,18701
가레오스u그리브 35698,18598
가레오스u레깅스 35698,18680
가레오스u레지스트 29333,18553
가레오스u메일 29333,18472
가레오스u암 29353,18621
가레오스u캡 26312,21330
가레오스u코트 49617,18370
가레오스u폴드 49617,18259
가레오스u헬름 26312,21218
가레오스가드 29353,3042
가레오스그리브 35698,3002
가레오스레깅스 35698,3107
가레오스레지스트 29333,2853
가레오스메일 29333,2785
가레오스암 29353,2960
가레오스징거 39572,3950
가레오스캡 26312,2974
가레오스코트 49617,3105
가레오스폴드 49617,3027
가레오스헬름 26312,2878
가로 28478,21739
가로막는 39242,1548
가로베기 24394,34447|24394,35738|24394,35756
가로찍기 30024,36329
가로찍기는 30024,37186
가루루가 42049,2584|42049,6444|48345,2544|48345,6459|53592,1549
가루루가s가드 29353,15199
가루루가s그리브 35698,15200
가루루가s레깅스 35698,15306
가루루가s레지스트 29333,15237
가루루가s메일 29333,15157
가루루가s암 29353,15095
가루루가s캡 26312,17637
가루루가s코트 49617,14844
가루루가s폴드 49617,14732
가루루가s헬름 26312,17520
가루루가x 42049,11937|48345,11921
가루루가x가드 29353,27188
가루루가x그리브 35698,27201
가루루가x레깅스 35698,27297
가루루가x레지스트 29333,27179
가루루가x메일 29333,27089
가루루가x암 29353,27086
가루루가x캡 26312,30673
가루루가x코트 49617,26732
가루루가x폴드 49617,26629
가루루가x헬름 26312,30550
가루루가가드 29353,5301
가루루가그리브 35698,5242
가루루가레깅스 35698,5361
가루루가레지스트 29333,5078
가루루가메일 29333,4960
가루루가암 29353,5204
가루루가캡 26312,5567
가루루가코인 26312,8915|27368,8550|29333,20358|29333,20545|29353,7936|33821,1205|36224,20803|41496,28413|42405,2562|42405,4046|42405,5328|42405,6503|42405,8101|49617,7478
가루루가코트 49617,5032
가루루가페이크 26312,8581
가루루가폴드 49617,4918
가루루가헬름 26312,5452
가루치즈 44611,1167
가류주 48373,3617
가르는 39339,9800|40740,5944
가리면 40740,2917
가미가시마 41496,27978
가미자미 39572,6187|39572,6210|39572,6233|41496,13134|41496,16468
가미자미를 30838,2392
가바스 30377,19983|30377,20103|52371,21676|52371,21809
가벼운 39242,14234
가변 27368,39822|39676,31808
가브라스 31706,968|31706,5083|39572,6255|39572,6278|41496,13799
가브라스를 30838,2414
가브라스슈트바디 29333,8234
가브라스슈트벨트 49617,7601
가브라스슈트풋 35698,8414
가브라스슈트핸드 29353,8267
가브라스페이크 26312,9699
가브리브로스 44611,702
가비알갈비 44611,721
가산되지 39242,2625
가산됩니다 39242,2499|39242,2579|39242,2725|39242,4458
가산이 30838,5810
가산주 48373,3570
가서 53592,17324
가시다랑어 23612,2495|23612,2535|23818,1477|23818,1925|23818,3917|26312,10143|30838,903|30838,956|31706,2655|31706,3398|31706,4307|35592,4888|35592,4946|35592,4963|39339,425|39339,474|41496,9062|42405,3620|46577,356|46577,393|46577,3216|46577,5849|46577,5893|48373,3276|48373,4361|49617,517
가시복어 44611,982
가시열매 23612,2381|23612,5810|23612,5815|23612,6066|23818,449|23818,783|23818,788|23818,1408|23818,1424|23818,3480|30024,8876|30024,9025|30024,29895|30838,182|31706,2391|31706,3452|31706,3920|35592,1831|35592,2050|41496,7329|42405,7367
가야 27368,40186
가오렌 53592,1933
가오렌스피어 39676,15129
가오렌오브 39676,24179
가오렌즈벨 37895,7150|37895,11330|48576,12273
가오렌즈트카 24394,4366
가오렌즈호로우 37895,7161|37895,11341|48576,12477
가오렌즈호오비 24394,4155
가우시카 27609,8327|41496,13717
가우시카모피 26312,252|28478,416|29333,252|29333,338|29333,431|29353,251|29353,337|29353,829|29353,941|29353,1061|35698,252|35698,324|35698,421|35698,836|35698,5508|41496,13726|42405,4267|42405,7556|49617,251|49617,327|49617,400|49617,579|49617,993|49617,1308|49617,1402
가우시카뿔 21985,19472|24394,19267|26312,1104|30024,20266|35592,6190|41496,13696|48373,2060|48373,4297|48576,5982
가운데 39242,13221
가이드도 39242,14268
가이드시의 44611,3473|44611,3529
가이드율이 39242,8294
가이아이터 39676,18783
가장 28478,21599|28478,21683|28478,21792|28478,22174|28478,22388|30838,418|30838,1118|39242,12501|45690,20981|45690,21060|45690,22046|45690,22388|48576,26834
가장자리 39242,15410
가정부 53592,157
가져가서 28478,21899
가져올 39572,165|39572,247
가지 39242,5914
가지게 47905,10817|47905,10927
가지고 21985,35352|23612,6614|23612,7339|27368,40182|27368,40201|30377,29811|31706,3702|41496,30727|41496,31985|41496,32852|41496,33044|45690,22734|45690,22759|47905,6015
가지는 24394,34767|27368,39963|28478,22462|39676,32281
가지만 36224,32542
가진 21985,35592|30377,29232|30838,3449|30838,4534|40740,8080|41496,1809|48576,26066|53592,13071
가진다 27368,39940|48576,25585
가진다고는 39676,32486
가질수 30838,3001
가탄주 48373,3470
가하면 41496,1924
가호 26312,247|26312,2175|26312,2287|26312,5372|26312,5438|26312,6219|26312,6332|26312,8618|26312,9411|26312,9522|26312,11845|26312,11904|26312,12946|26312,13004|26312,13313|26312,13381|26312,13772|26312,17446|26312,17506|26312,18443|26312,18559|26312,20460|26312,20523|26312,20579|26312,20691|26312,23362|26312,23708|26312,23884|26312,23955|26312,24384|26312,24499|26312,26818|26312,26949|26312,27436|26312,27495|26312,28524|26312,28588|26312,28714|26312,28760|26312,30101|26312,30167|26312,30456|26312,30528|26312,31698|26312,31810|26312,32921|26312,33030|26312,33871|26312,33935|26312,35479|26312,35551|26312,36631|26312,36695|26312,36939|26312,37058|26312,37126|26312,37232|28478,22711|29333,247|29333,2078|29333,4931|29333,5636|29333,7055|29333,7947|29333,8058|29333,9987|29333,10046|29333,11028|29333,11086|29333,11349|29333,11572|29333,15057|29333,15939|29333,17709|29333,17946|29333,20331|29333,20771|29333,20947|29333,21017|29333,21426|29333,23141|29333,23202|29333,23709|29333,23836|29333,24290|29333,24349|29333,25316|29333,25367|29333,25495|29333,25539|29333,26760|29333,26999|29333,28081|29333,29150|29333,30026|29333,30097|29333,31694|29333,32728|29333,32780|29333,32979|29333,33133|29353,264|29353,2185|29353,2303|29353,5126|29353,5190|29353,5921|29353,6034|29353,7981|29353,8091|29353,10073|29353,10132|29353,11112|29353,11168|29353,11390|29353,11491|29353,11716|29353,15004|29353,15959|29353,16073|29353,17825|29353,18073|29353,18187|29353,20734|29353,20909|29353,20980|29353,21470|29353,21528|29353,23193|29353,23255|29353,23669|29353,23794|29353,24232|29353,24289|29353,25264|29353,25325|29353,25453|29353,25498|29353,26705|29353,26764|29353,27024|29353,28064|29353,29140|29353,29235|29353,30017|29353,30088|29353,31524|29353,32629|29353,32689|29353,33032|35698,247|35698,2241|35698,2360|35698,5210|35698,6005|35698,7395|35698,8125|35698,8236|35698,10011|35698,10070|35698,11224|35698,11281|35698,11541|35698,11608|35698,11816|35698,15104|35698,16037|35698,17904|35698,18043|35698,20533|35698,20893|35698,21063|35698,21127|35698,21563|35698,23264|35698,23326|35698,23728|35698,23854|35698,24382|35698,24436|35698,25354|35698,25415|35698,25543|35698,25588|35698,26824|35698,27140|35698,28206|35698,28297|35698,29346|35698,29441|35698,30224|35698,30294|35698,31803|35698,32861|35698,32919|35698,33267|47905,4899|48373,2848|48373,2927|48373,5436|48373,5477|48373,5527|48373,5604|48373,6281|48373,6327|48373,6382|49617,246|49617,2223|49617,4888|49617,5627|49617,7411|49617,7524|49617,9375|49617,9434|49617,10590|49617,10646|49617,10940|49617,11006|49617,11214|49617,14660|49617,14718|49617,15560|49617,17450|49617,17511|49617,17680|49617,20278|49617,20452|49617,20524|49617,20969|49617,22685|49617,22747|49617,23262|49617,23392|49617,23845|49617,23902|49617,24817|49617,24878|49617,25007|49617,25052|49617,26227|49617,26523|49617,27617|49617,28700|49617,28804|49617,29637|49617,29706|49617,31127|49617,31195|49617,32138|49617,32198|49617,32421|49617,32521|49617,32586|49617,32677
가호주 48373,5432
가확주 48373,3666
가희 53592,12593
