받고 44611,7813
받는 21985,36340|37895,2329|39242,14539|39572,76|47905,4920|47905,4959
받는다 47905,8642
받아도 44611,4352|47905,5839|47905,6515
받았다 53592,12847
받았을 39242,11326
받았을경우 31706,3735
받으면 39242,13146|39242,14295|41496,3698
받은 44611,3702|44611,3754|53592,13022
받은후 41496,29719
받을 33821,3517|33821,3602|33821,3684|41496,33451|42405,125|42405,210|42405,310|42405,1199|42405,3292|42405,4798|42405,5770|42405,7017|44611,7713
받을때까지 44611,7837
받을수 27368,40224|39676,32122|41496,33083|44611,7754|44611,7888
받음 44611,5511
받지 39242,14248|44611,7736|45690,25928
받지만 39676,32253
