µ1 25462,8658|25462,9582|25462,9781
µ2 25462,8663|25462,9587|25462,9786
µ3 25462,8668
µamp 40394,378
µitron 26875,1096|31382,5262|31382,5904
µµ 36858,1126|36858,6344|36858,6413|36858,6424|36858,6437|36858,7748|36858,13358|36858,13471|36858,13493|36858,13506|36858,15548|36858,15561|36858,15585|36858,32697|36858,32713|45627,2229|45627,2240|45627,5282|45627,5374|45627,5385|45627,11262|45627,11341|45627,11352|45627,11365|45627,16019|45627,16032|45627,16056|45627,19341|45627,19354|45627,19367
µµµ 36858,51140
µµµµµµµµºê 45627,18765
µµµµºê 36858,2117|36858,2158|36858,6807|36858,6848|36858,7322|36858,16334|36858,16455|36858,16496|36858,19359|36858,24021|36858,24273|36858,24536|36858,25101|36858,25384|36858,39074|36858,39117|36858,39306|36858,39447|36858,40997|36858,46080|45627,6026|45627,6067|45627,9205|45627,18812|45627,24229|45627,24264
µµµï¼ò 36858,33061|45627,14962
µµ½º 36858,468|36858,517|36858,599|36858,1193|36858,1310|36858,1414|36858,1706|36858,3661|36858,3709|36858,3782|36858,3801|36858,3820|36858,4032|36858,4248|36858,4301|36858,4388|36858,4405|36858,4422|36858,4659|36858,5196|36858,5249|36858,5318|36858,5337|36858,5412|36858,5713|36858,5860|36858,6010|36858,7455|36858,13901|36858,14123|36858,14172|36858,14278|36858,14437|36858,14485|36858,14788|36858,14880|36858,14899|36858,14969|36858,14987|36858,17396|36858,17758|36858,21299|36858,21462|36858,28145|36858,28398|36858,28891|36858,31204|45627,1202|45627,1298|45627,1317|45627,1526|45627,1841|45627,1893|45627,1967|45627,1984|45627,2320|45627,2623|45627,2675|45627,2752|45627,2827|45627,2978|45627,3141|45627,3801|45627,3946|45627,4932|45627,6512|45627,6553|45627,6626|45627,6643|45627,14391|45627,14805|45627,14823|45627,15726
µµ½ºàì 36858,9114|36858,9178|36858,9195|36858,9547|36858,17930|36858,18022|36858,18039|36858,18782|36858,22177|36858,28627|36858,28724|36858,28741|45627,5401|45627,5449|45627,5547|45627,7577|45627,7640|45627,8122|45627,16769|45627,22704
µµ½ºæî 36858,635|36858,674|36858,792|36858,906|36858,3886|36858,4181|36858,6270|36858,14314|36858,14353|36858,15511|36858,16512|36858,16673|36858,17946|36858,18117|36858,18291|45627,1353|45627,1392|45627,1669|45627,13760|45627,15191
µµ½ºçì 28798,2169|28798,2244|28798,3981|28798,4040|28798,5072|28798,5141|28798,10975|28798,11020|53550,666|53550,723
µµâø 45627,18206
µ¹ 28798,10302|36858,39355|36858,39385|36858,39520|36858,39548|36858,39576|36858,46171|36858,46207|36858,46235
µ¹à 28798,871|28798,1929|28798,3695|28798,5985|28798,7351|28798,10337
µ¹áø 36858,630|36858,6220|36858,6226|36858,6235|36858,14309|45627,1348
µ¼ö 36858,19495
µ¾çá 36858,7557|36858,7566|45627,3831|45627,3843
µå 22194,132|22194,135|22194,213|22194,216|22194,918|22194,981|22194,1492|22194,1577|22194,3070|22194,3381|22194,3456|22194,3677|22194,3680|22194,4065|22194,4140|22194,5141|22194,5144|22194,5664|22194,6052|22194,6183|22194,6499|22194,6618|22194,7937|22194,7964|28798,1683|28798,1800|28798,5569|28798,5618|28798,6563|28798,6604|28798,10016|28798,10756|28798,10793|36858,8306|36858,19753|45627,10877|45627,11021|45627,15407|53550,150|53550,1178|53550,1229|53550,1243|53550,1737|53550,1854|53550,2479|53550,2538|53550,2794|53550,2973|53550,4572|53550,5364|53550,5461|53550,5820|53550,6129|53550,6220
µçïàç 36858,23941|45627,8341
µé¾î 28798,10319
µë 28798,11266
µî 28798,2505|28798,2566|28798,5328|28798,5385|28798,7337|36858,455|36858,1951|36858,3416|36858,5007|36858,6600|36858,9079|36858,10385|36858,13853|36858,15905|36858,19736|36858,19937|36858,20841|36858,29395|36858,30606|36858,30620|36858,30848|36858,33216|36858,33370|36858,33924|36858,34172|36858,40067|36858,40342|36858,41648|36858,51124|45627,217|45627,913|45627,3355|45627,5944|45627,7542|45627,8919|45627,11526|45627,13701|45627,14718|45627,16717|45627,16973|45627,19531|45627,20951|45627,24902|45627,27181|53550,524|53550,537|53550,6573|53550,6600
µîà 45627,13467
µð½¼ 28798,1567|28798,4652
µð¾æºê 36858,10673|36858,10714|36858,10867|36858,10924|36858,21405|36858,21446|36858,21619|36858,21807|36858,21823|36858,27733|36858,28909|36858,42313|36858,42597|36858,42905|36858,46064|36858,47185|36858,47490|45627,9598|45627,9639|45627,9749|45627,12082|45627,12098|45627,22266|45627,22487
μdroid 27920,994|34808,668|34808,788|34808,1239|34808,2050|36679,3651|44736,308|44736,554
