0
204
1095
1111
1136
1152
1179
1328
1387
1403
1431
1446
1595
1625
1653
2317
2333
2350
2372
2389
2427
2526
2545
2576
2591
2933
2947
3051
3113
3133
3153
4104
4167
4191
4207
4276
4943
5243
5266
5369
5430
5461
5479
5493
5618
5634
5650
5666
5683
5699
5750
5765
5791
5848
5865
5900
5944
5961
5998
6015
6065
6423
6487
6591
6656
6671
6725
6742
6796
6811
6831
6848
6892
6909
7969
8117
8134
8226
8282
8588
8637
8671
8702
8736
8829
8863
9013
9030
9117
9135
9161
9179
9212
9228
9282
9301
9318
9345
9397
9428
9443
9459
9510
9582
9602
9676
9738
9803
9862
9883
9901
9918
10091
10137
10155
12723
16782
16814
16830
16861
16882
16902
16957
16989
17023
17055
17103
17123
17170
17323
17356
17418
17435
17451
17466
17509
17837
17879
18106
18123
18195
18215
18396
18429
18455
18497
18517
18533
18682
18718
18778
18802
18857
18900
18965
18989
19022
19050
19212
19260
19276
19292
19325
19357
19390
19526
19544
19574
19612
19695
19730
19787
19821
19858
19874
19890
19936
19954
19975
19994
20027
20100
20132
20672
20686
20786
20832
20862
20889
21190
21236
21255
21399
21432
21457
21481
21512
27162
27222
27242
27262
27302
27332
27368
27385
27424
27444
27756
27784
27861
28192
28289
28312
28334
28368
28400
28438
28454
28496
28521
388332
388359
388374
388395
388498
388518
388572
388612
388630
388662
392224
393216
393246
393283
393341
393370
393390
393482
393504
393522
394634
394673
394705
394738
394798
394841
394858
394888
395047
395064
395079
395110
395568
395617
395984
396002
396287
396307
396326
396345
396651
396668
397142
397161
397192
397457
397476
397498
397638
397657
397698
397720
397739
397757
397776
398335
398368
398395
398416
398437
398458
400367
400405
400422
400439
401369
401386
401406
401425
401456
401474
401496
401514
401547
401576
401616
401654
401670
401687
401810
401914
405587
405622
405978
406055
406103
406181
406204
406253
406345
406387
406436
406459
406508
406545
406567
406602
406652
407793
407830
407861
408306
408328
408349
408384
408553
408574
408592
408611
408632
408672
408746
408782
408826
408898
408934
408982
409030
409082
409104
409481
409497
409513
409551
412190
412210
412235
412339
412357
412431
412596
412613
412668
412688
412706
412741
412815
412833
413038
413057
413117
413751
413873
413893
413920
413977
414014
414126
414162
414199
414236
414253
414329
414347
414425
414500
414553
414633
414696
414736
414827
414933
414967
415054
415093
415116
415137
415159
415180
415202
415251
415304
415333
415388
415414
415469
415508
415550
415628
415677
415703
415730
415823
415944
416000
416039
416065
416146
416203
416246
416286
416339
416381
416423
416466
416557
416583
416606
416686
416713
416753
416796
416889
416917
416981
417004
417026
417045
417328
417344
417362
417380
417405
417490
417521
417706
417726
417747
417792
417948
417996
418014
418032
418074
418091
418198
418228
418260
418333
418369
418467
418488
418510
418531
418561
418576
418593
418649
418838
418863
418906
418926
419030
419113
419177
419329
419350
419371
419500
419627
420738
420768
420801
420822
421695
421746
421775
421898
421915
421932
421949
422185
422202
422355
422372
422409
422438
423129
423149
423219
423247
423263
423546
423574
431223
431323
431407
431605
431837
431897
431936
432854
432879
432904
432929
433026
433060
433134
433247
433294
433354
433433
433540
433578
433699
433779
433856
433909
434000
434054
434104
434145
434168
434193
434230
434255
434276
434300
434341
434393
434442
434466
434531
434631
434954
434976
435154
435192
435213
435242
435284
435408
435807
436370
436419
436442
436505
436531
436631
436661
436732
436767
436916
436957
437255
437275
437292
438096
438128
438144
438335
438425
438446
438463
438575
438613
438642
438670
438713
438785
441595
441613
441631
441648
442141
442319
442435
443030
443772
443855
443922
443941
443986
444038
444067
444107
444144
444224
444241
454580
454608
454733
454826
454841
454872
454903
454941
455080
455109
455175
455370
455453
455559
457827
457842
460149
462012
462029
462541
462570
462600
462630
462710
462892
462909
462926
462943
463302
463354
463381
463427
463482
463510
463528
463545
463568
463826
463969
464034
464140
464286
464928
465139
466096
466244
466297
466402
466888
466912
466936
466960
466984
467019
467035
467061
467168
467228
467277
467753
467792
467807
467846
467861
467879
467895
467929
467951
467984
468011
468048
468254
468271
468310
468435
468464
468481
468511
468542
468560
468588
468714
468777
468798
468819
468839
468856
468885
468911
468949
468982
469011
469032
469048
469066
469150
469168
469198
469720
469783
469817
469837
469921
470218
470236
470279
470308
470338
470398
470435
470472
470489
470516
470684
470702
471889
471918
471938
471957
471988
472071
472110
472246
472298
472473
472902
472921
474165
474181
474198
474221
474249
474269
474368
474404
474439
474487
474536
474571
474632
474654
474828
474873
474906
474935
474993
475013
475175
475193
475233
475388
475406
475426
475464
475604
475624
476331
476361
476391
476423
476440
507793
507880
507961
508204
508615
509001
509136
509274
509496
509717
509851
510073
510217
510353
510489
510632
510774
510908
511063
511202
511342
511482
511622
511762
511902
512042
512182
512321
512460
512599
512738
512877
513016
513155
513294
513715
513791
513885
514307
514447
514870
514915
515170
515423
515578
515799
515935
516073
516211
516349
516487
516625
516764
516985
517206
517244
517478
517682
517920
518008
518145
518195
520653
520686
520980
521014
521058
521089
521134
521168
521201
521235
521268
521301
521316
521349
521407
521501
521543
521565
521598
521671
521743
521758
521796
521833
521927
522022
522118
522157
522196
522234
522271
522359
522447
522535
522574
522613
522650
522691
522726
522789
522884
522978
523016
523101
523247
523350
524635
524735
524820
524884
525003
525022
525044
525061
525424
525575
525636
525785
525969
526033
526065
526096
528503
528523
558853
558887
569783
569832
569852
569872
570025
570049
570083
570120
570211
570257
570305
570324
570813
570849
570979
571013
571033
571049
571066
571085
571101
571337
571370
571404
571448
571870
571990
583295
583326
583376
587982
642150
642172
642199
642289
642669
642701
642739
642762
642834
642973
642995
643014
643046
643067
643088
643108
643124
643227
643251
643291
643410
643488
643507
644155
644234
644271
644295
644332
644372
644403
644432
644472
644488
644506
644551
644569
644601
644618
645162
645188
645203
645269
645301
645331
645385
645402
645419
645485
645570
645634
645674
645711
645777
645856
646441
646557
646649
646712
646790
646841
646893
646918
646944
646965
646988
647012
647127
647332
647777
647813
647837
647901
647924
647958
647981
648017
648054
648082
648114
648131
648149
648165
651723
651742
651776
651799
651822
651902
651962
652061
652136
652157
652192
652307
652323
652476
652493
652513
652528
652587
652602
652720
652796
652857
652890
653137
654073
654105
654138
654172
654260
654472
654511
654588
654622
654684
654717
654753
654787
654852
654887
654923
655009
655072
655107
655194
655226
655259
655292
655326
655357
655389
655414
655512
655556
655585
655616
655647
655705
655761
656562
656588
656691
656726
656761
656778
656807
656829
656850
656869
657015
657066
657089
657168
657194
657251
657346
657392
657416
657462
657629
657663
657694
657723
657827
657847
657868
658099
658154
658173
658287
658323
658346
658397
658432
658468
658500
658517
658538
658556
659529
659548
659572
659916
659958
659979
659996
660014
660095
660642
660670
660691
709570
709607
709654
709681
709698
709731
709906
709929
709949
709973
710019
710094
710111
710128
710522
710547
710564
710581
710608
710768
710870
710907
710937
711055
711082
711099
711139
711222
711254
711277
711319
711575
711607
711624
711642
711661
711687
712057
713420
713436
713467
713483
713510
713701
713732
732592
732612
732633
732660
732677
732709
733265
733489
733506
733539
1160048
1160062
1160083
1160164
1160240
1160256
1160275
1160323
1160429
1160613
1160653
1160694
1160715
1160745
1160775
1160791
1160808
1161007
1161048
1163221
1163248
1164885
1164917
1165115
1165134
1165297
1165317
1165348
1165370
1165398
1165862
1166608
1166667
1166804
1166833
1166891
1166912
1166934
1167112
1167151
1167175
1167385
1167416
1169326
1169344
1169363
1169390
1169408
1169457
1169496
1169598
1170050
1170100
1170279
1170321
1170339
1171146
1171165
1171216
1171234
1171295
1171375
1171546
1171657
1171674
1171777
1171797
1171850
1171990
1172016
1172035
1172148
1172223
1172851
1174106
1174127
1174367
1174384
1174532
1174549
1174575
1174606
1174680
1174711
1174742
1174803
1175206
1175244
1175500
1175648
1175705
1175759
1175781
1175798
1175830
1175863
1175898
1175929
1176113
1176146
1176446
1176479
1176523
1176540
1176602
1176838
1176873
1176887
1176916
1176933
1176966
1176984
1177067
1177085
1177142
1177170
1177360
1177377
1177438
1177454
1177527
1177560
1177614
1177631
1177817
1177848
1178018
1180969
1181003
1181071
1181105
1181126
1181179
1181253
1181281
1181343
1181390
1181424
1181890
1181925
1182072
1182117
1182164
1182225
1182243
1182280
1182314
1182402
1182436
1182471
1182505
1182543
1182591
1182629
1183384
1183585
1183660
1183696
1183747
1183781
1183952
1184125
1194445
1194468
1194531
1194567
1194602
1194665
1194716
1194789
1194814
1194838
1194860
1194884
1194913
1195428
1195456
1195528
1195559
1195627
1195658
1201026
1201043
1201089
1201187
1201203
1201238
1201256
1201276
1201309
1201715
1201743
1201764
1201952
1201968
1202002
1202035
1202300
1202337
1202387
1202422
1202526
1202560
1202593
1202626
1202651
1202701
1202773
1202811
1202872
1202903
1202920
1203006
1203026
1203078
1203093
1203133
1203149
1203166
1203205
1203225
1203248
1203264
1203281
1203313
1212533
1212552
1212570
1212589
1212609
1212629
1212649
1212669
1212689
1212709
1212729
1212749
1212769
1212789
1212809
1212829
1212849
1212869
1212886
1212907
1212930
1213001
1213020
1213078
1213127
1213145
1213244
1213260
1213333
1213352
1213424
1213469
1258438
1258453
1258474
1258489
1258521
1258741
1258757
1278691
1278718
1278741
1278757
1278806
1278824
1278846
1278877
1278907
1278937
1278964
1278995
1279028
1279046
1279065
1279094
1279192
1279237
1279275
1279323
1279340
1279355
1279400
1279415
1279446
1279463
1279807
1279845
1279863
1279881
1279911
1279928
1279961
1280465
1280500
1280518
1280564
1281292
1281310
1281327
1283409
1283439
1283460
1283492
1283535
1284185
1284202
1284220
1284317
1284348
1284367
1284518
1284536
1284556
1284573
1284591
1284610
1284628
1284673
1284690
1285125
1285153
1285169
1285184
1285200
1285217
1285607
1285634
1285650
1285669
1285684
1285718
1285745
1285775
1285795
1285813
1285879
1285912
1285972
1285999
1286021
1286058
1286075
1286288
1286374
1286407
1286424
1286441
1286478
1286688
1286719
1286769
1286827
1286863
1286906
1286941
1286974
1287521
1288537
1288746
1288976
1289161
1289183
1289205
1289222
1289269
1289302
1289318
1289335
1289352
1289369
1289388
1289441
1289475
1305523
1305542
1305571
1305588
1305607
1305623
1305639
1305668
1305686
1305703
1305735
1305954
1306190
1306219
1306242
1306259
1306292
1306327
1306345
1306378
1306438
1306467
1306575
1306594
1306639
1306659
1306691
1306802
1306819
1306839
1306874
1306935
1306957
1307186
1307204
1307229
1307260
1307312
1307370
1307429
1307449
1307533
1307587
1307603
1307622
1307665
1307725
1307970
1308015
1308036
1308169
1308189
1308223
1308255
1308320
1308352
1308583
1308602
1308633
1308650
1308707
1308738
1308758
1308819
1308904
1308923
1308944
1308978
1309015
1309033
1309146
1309222
1309257
1309290
1312851
1312900
1312931
1312965
1312999
1313035
1313069
1313183
1313340
1313361
1313435
1313495
1313515
1313550
1313589
1313626
1313658
1323650
1323683
1323714
1323749
1324873
1324919
1325546
1325582
1325627
1325661
1325682
1325888
1325995
1326029
1326061
1326093
1326126
1326170
1326188
1326432
1326570
1326594
1326626
1326662
1326684
1326719
1326984
1327022
1327056
1327107
1329874
1329910
1329960
1329996
1330030
1330091
1330168
1330228
1330260
1330308
1330474
1330630
1330650
1330677
1330709
1330759
1330787
1330970
1331020
1331053
1331085
1331107
1331152
1331189
1331219
1331253
1331340
1331427
1333363
1333383
1333419
1333458
1333610
1333639
1333661
1333686
1333725
1333750
1333785
1333838
1333878
1333938
1333969
1335215
1335306
1335332
1335453
1335487
1335590
1335615
1335704
1347039
1347089
1347237
1347261
1347314
1347533
1347587
1347706
1347728
1347779
1347810
1347829
1347863
1347911
1347947
1347985
1348032
1348102
1348132
1348149
1348168
1348244
1348276
1348304
1348628
1348675
1348693
1348708
1348741
1348788
1349184
1349217
1349318
1349346
1349395
1349428
1349480
1349507
1349738
1349777
1349805
1349822
1350153
1350359
1350484
1350501
1350554
1350572
1350768
1350787
1350806
1350855
1350888
1350921
1350954
1350972
1351230
1351245
1351260
1351303
1351335
1351368
1351403
1351502
1354556
1354757
1354817
1354855
1355056
1355116
1355158
1355196
1355272
1355378
1355440
1583504
1583523
1583542
1583571
1583590
1583619
1583648
1583677
1583706
1583735
1583764
1583783
1583802
1583821
1583840
1583859
1583878
1583897
1583916
1583935
1583954
1583973
1583992
1584011
1584030
1584049
1584068
1584087
1584106
1584125
1584144
1584163
1584182
1584201
1584220
1584239
1584258
1584277
1584296
1584315
1584334
1584353
1584372
1584391
1584410
1584429
1584448
1584467
1584486
1584505
1584524
1584543
1584562
1584581
1584600
1584619
1584638
1584657
1584676
1584695
1584714
1584733
1584752
1584771
1584790
1584810
1584830
1584850
1584870
1584890
1584910
1584930
1584950
1584970
1584990
1585010
1585030
1585050
1585070
1585090
1585110
1585130
1585150
1585170
1585190
1585210
1585230
1585250
1585270
1585290
1585310
1585330
1585350
1585370
1585390
1585410
1585430
1585450
1585470
1585490
1585510
1585537
1585557
1585577
1585597
1585617
1585637
1585657
1585677
1585697
1585717
1585737
1585757
1585777
1585797
1585817
1585837
1585857
1585877
1585897
1585917
1585937
1585957
1585977
1585997
1586017
1586037
1586057
1586077
1586097
1586117
1586137
1586157
1586177
1586197
1586217
1586237
1586257
1586277
1586297
1586317
1586337
1586357
1586377
1586397
1586417
1586437
1586457
1586477
1586497
1586517
1586537
1586557
1586577
1586597
1586617
1586637
1586657
1586677
1586697
1586717
1586737
1586757
1586777
1586797
1586817
1586837
1586857
1586877
1586897
1586917
1586937
1586957
1586977
1586997
1587017
1587037
1587057
1587077
1587097
1587117
1587137
1587157
1587177
1587197
1587217
1587237
1587257
1587277
1587297
1587317
1587337
1587357
1587377
1587397
1587417
1587437
1587457
1587477
1587497
1587517
1587537
1587564
1587584
1587604
1587624
1587644
1587664
1587684
1587704
1587724
1587744
1587764
1587784
1587804
1587824
1587844
1587864
1587884
1587904
1587924
1587944
1587964
1587984
1588004
1588024
1588044
1588064
1588084
1588104
1588124
1588144
1588164
1588184
1588204
1588224
1588244
1588264
1588284
1588304
1588324
1588344
1588364
1588384
1588404
1588424
1588444
1588464
1588484
1588504
1588524
1588544
1588564
1588584
1588604
1588624
1588644
1588664
1588684
1588704
1588724
1588744
1588764
1588784
1588804
1588824
1588844
1588864
1588884
1588904
1588924
1588944
1588964
1588984
1589004
1589024
1589044
1589064
1589084
1589104
1589124
1589144
1589164
1589184
1589204
1589224
1589244
1589264
1589284
1589304
1589324
1589344
1589364
1589384
1589404
1589424
1589444
1589464
1589484
1589504
1589524
1589544
1589564
1589591
1589611
1589631
1589651
1589671
1589691
1589711
1589731
1589751
1589771
1589791
1589811
1589831
1589851
1589871
1589891
1589911
1589931
1589951
1589971
1589991
1590011
1590031
1590051
1590071
1590091
1590111
1590131
1590151
1590171
1590191
1590211
1590231
1590251
1590271
1590291
1590311
1590331
1590351
1590371
1590391
1590411
1590431
1590451
1590471
1590491
1590511
1590531
1590551
1590571
1590591
1590611
1590631
1590651
1590671
1590691
1590711
1590731
1590751
1590771
1590791
1590811
1590831
1590851
1590871
1590891
1590911
1590931
1590951
1590971
1590991
1591028
1591065
1591092
1591119
1591146
1591171
1591211
1591300
1591323
1591345
1591363
1591447
1591484
1591517
1591790
1591820
1591861
1592017
1592050
1592138
1592354
1592508
1592558
1592707
1592728
1592833
1592856
1593405
1593569
1593607
1593630
1593859
1593888
1593929
1593959
1593990
1594014
1594042
1594071
1594099
1594123
1594153
1594180
1594200
1594675
1594715
1594743
1594775
1594810
1601778
1602257
1602283
1602306
1602329
1602350
1602397
1602435
1602565
1602637
1602834
1602857
1602890
1603029
1603327
1603349
1603544
1603562
1603635
1603695
1603713
1603733
1603767
1606502
1606604
1606620
1606648
1607069
1607113
1607218
1607248
1607279
1607312
1607399
1607430
1607516
1607551
1607640
1607850
1607886
1607959
1607991
1608021
1608055
1608196
1608286
1608375
1608438
1608471
1608505
1608592
1608657
1608689
1608736
1608771
1608807
1608852
1608942
1609004
1609033
1609068
1609159
1609194
1609228
1609287
1609509
1609543
1609578
1609643
1609721
1609811
1609897
1609936
1610025
1610134
1610223
1610253
1610425
1610444
1610462
1610481
1610496
1610600
1610668
1610693
1610717
1610743
1610767
1610784
1610827
1610888
1610904
1610923
1610982
1611027
1611061
1611119
1611151
1611175
1611206
1611228
1611304
1611326
1611348
1611365
1611920
1611944
1612077
1612096
1613871
1613908
1613926
1613945
1613964
1613983
1614002
1614021
1614040
1614059
1614077
1614096
1614115
1614134
1614153
1614172
1614190
1614209
1614228
1614247
1614266
1614285
1614304
1614321
1614339
1614358
1614377
1614396
1614415
1614434
1614453
1614471
1614490
1614509
1614528
1614547
1614566
1614585
1614603
1614622
1614641
1614659
1614678
1614697
1614714
1614731
1614748
1614765
1614782
1614799
1614816
1614834
1614853
1614872
1614891
1614910
1614929
1614948
1614967
1614986
1615005
1615024
1615043
1615061
1615080
1615099
1615118
1615137
1615156
1615175
1615193
1615212
1615231
1615250
1615269
1615287
1615306
1615325
1615344
1615363
1615382
1615400
1615419
1615438
1615457
1615476
1615495
1615513
1615532
1615551
1615570
1615589
1615608
1615627
1615645
1615664
1615683
1615702
1615721
1615740
1615759
1615777
1615796
1615815
1615834
1615853
1615872
1615891
1615929
1615947
1615964
1616083
1616142
1616246
1616318
1616350
1616384
1616405
1616433
1616547
1616598
1616618
1616640
1616668
1616765
1616921
1616941
1616979
1616998
1617036
1617735
1617754
1617788
1617881
1617909
1617941
1617978
1618002
1618034
1618074
1618102
1618275
1618417
1618496
1618533
1618553
1618586
1618618
1618932
1618981
1619046
1619100
1619137
1619227
1619275
1619309
1619359
1619408
1619442
1619488
1619522
1619868
1619924
1620238
1620272
1620528
1620562
1620580
1634313
1634414
1634477
1634504
1634538
1634600
1634619
1634655
1634690
1634724
1634800
1635654
1635678
1635781
1635813
1635893
1635915
1636072
1636092
1639773
1639883
1640035
1640135
1640156
1643248
1643268
1643306
1643361
1643382
1643400
1643488
1643577
1643610
1643631
1643693
1643726
1644769
1644795
1645212
1645244
1645280
1645370
1645391
1645467
1645570
1645732
1645793
1645880
1646012
1646047
1646160
1646206
1646283
1646525
1646549
1646650
1646822
1646901
1646950
1647040
1647065
1647100
1647134
1647169
1647393
1647456
1647834
1647887
1647923
1647953
1648837
1648875
1648952
1648987
1649018
1649094
1649310
1650609
1650667
1650692
1650760
1650827
1650866
1650908
1650966
1651021
1651051
1651094
1651142
1651197
1651239
1651267
1651296
1651339
1651380
1651414
1651449
1651497
1651554
1651662
1651688
1651715
1651783
1651828
1651911
1651983
1652030
1652060
1652109
1652547
1652693
1652733
1652764
1652849
1652895
1652923
1653022
1653118
1653158
1653189
1653228
1653369
1653399
1653466
1653490
1653516
1653545
1653702
1653734
1655770
1655789
1655849
1655882
1655902
1655962
1655978
1656012
1656094
1656128
1657090
1657805
1658077
1658093
1658127
1658156
1678427
1678477
1678523
1678551
1678583
1734398
1734420
1734457
1734494
1734529
1734552
1734642
1736260
1736496
1736545
1736579
1736613
1736648
1736706
1736808
1736842
1736890
1737055
1737187
1737252
1737326
1737418
1737455
1737490
1737542
1737593
1737646
1737762
1737917
1737953
1738646
1739064
1739101
1739832
1739882
1739936
1739964
1740121
1740197
1740232
1740264
1740651
1740688
1740723
1740743
1740774
1740822
1740846
1740934
1740966
1741302
1741392
1741623
1741658
1741763
1741816
1742158
1742340
1742365
1742417
1742445
1742493
1742701
1742732
1743067
1743382
1743594
1743667
1743701
1745285
1745309
1745360
1745398
1745435
1745511
1745549
1745936
1746028
1746061
1746082
1746899
1746948
1747133
1747965
1748022
1748189
1748225
1748368
1748430
1748617
1748636
1748741
1748886
1749056
1749330
1749366
1749418
1749455
1749506
1749530
1750209
1750247
1750283
1750320
1750356
1750392
1750428
1750666
1750704
1750741
1750943
1751127
1751185
1751234
1751272
1751349
1751587
1751613
1751871
1751974
1751996
1752030
1752049
1752143
1752176
1752235
1752307
1752342
1752416
1752492
1752611
1752822
1752856
1752903
1752967
1753080
1753103
1753135
1753242
1753412
1753462
1753483
1753503
1753797
1753886
1754051
1754083
1754132
1754304
1754338
1754428
1754460
1754484
1754525
1838211
1838232
1838256
1838286
1838314
1838580
1839905
1839927
1839959
1840142
1840202
1840240
1840262
1847185
1847220
1852480
1852506
1854821
1854844
1856744
1856776
1856800
1856832
1856866
1856900
1856954
1857131
1857467
1857493
1857545
1857685
1857704
1857763
1857853
1857876
1857940
1858012
1858040
1858069
1858160
1858195
1858232
1858321
1858398
1858663
1858689
1858844
1859122
1859151
1859183
1859219
1859378
1917552
1917597
1917651
1920067
1920095
1920119
1920170
1920192
1920583
1920663
1920686
1924764
1924801
1924826
1925103
1930095
1930120
1930188
1930227
1930467
1930502
1930664
1930796
1930830
1931031
1931134
1931170
1931204
1931285
1931534
1931569
1931757
1931809
1932115
1932203
1932253
1932270
1932878
1933154
1933378
1933430
1934153
1934188
1934709
1934744
1934776
1934810
1934871
1934946
1934970
1935085
1935165
1938902
1938937
1938961
1939242
1939282
1939314
1939581
1939622
1939658
1939736
1939840
1939874
1939910
1939946
1939979
1940069
1940105
1940141
1940189
1940440
1940463
1941370
1941810
1941862
1941898
1941934
1941969
1942006
1942067
1942102
1942294
1942612
1942647
1943101
1943137
1943173
1943400
1943493
1943555
1943573
1943617
1983333
1983966
1984163
1984202
1984228
1984762
1984799
1984866
1984948
1984988
1985030
1985066
1985134
1985163
1985195
1985363
1985400
1985437
1985471
1985507
1985744
1985981
1986097
1986115
1986950
1986985
1987009
1987167
1987201
1987236
1987274
1987646
1987669
1987705
1987727
1987817
1988535
1988597
1988632
1988651
1988666
1988840
1988890
1988922
1989038
1989057
1989078
1989107
1989125
1989169
1989186
1989201
1989217
1989233
1989252
1989300
1989327
1989343
1989363
1989446
1989523
1989542
1989557
1989590
1989630
1989645
1989695
1989712
1989734
1989756
1989775
1989893
1989950
4100795
4100835
4100851
4100869
4100886
4100905
4100945
4100976
4100992
4101021
4121293
4121315
4121350
4121393
4121526
4121541
4121586
4121799
4121830
4121914
4121932
4121976
4122005
4122078
4122251
4122308
4122325
4122610
4122906
4122955
4122992
4123025
4123186
4123714
4123749
4124809
4125156
4125192
4125229
4125980
4126097
4126130
4126152
4126228
4126250
4127200
4127545
4127579
4127928
4127964
4128001
4128591
4128638
4128675
4128819
4128871
4128907
4128939
4128974
4129004
4129034
4129066
4129108
4129154
4129171
4129334
4129370
4129516
4129535
4129569
4129602
4129680
4129758
4129792
4129824
4130039
4130055
4130077
4130113
4130348
4130436
4130469
4130504
4130538
4130600
4130634
4130683
4130731
4130849
4130882
4131038
4131144
4131344
4131546
4131653
4131674
4133563
4133626
4133648
4134340
4134374
4134397
4134483
4134561
4134583
4134615
4134660
4134747
4134782
4134884
4134914
4135000
4135030
4135190
4135231
4135296
4135373
4135480
4135495
4135517
4135540
4135748
4135899
4142613
4142640
4142673
4142719
4142752
4142858
4142936
4142973
4143006
4143052
4143105
4143139
4143184
4143263
4143296
4143327
4143429
4143474
4143519
4143618
4143674
4144952
4145077
4145137
4145199
4145290
4145368
4145390
4145414
4145436
4145483
4145559
4145578
4154525
4154639
4154725
4154745
4154905
4154942
4155033
4155067
4155098
4155193
4155395
4155430
4155772
4155798
4155833
4156306
4156467
4156544
4156774
4156824
4156915
4157185
4157318
4157741
4157846
4157879
4157905
4157977
4158008
4158069
4158131
4158206
4158241
4158345
4158441
4158462
4158483
4158506
4158592
4158617
4158652
4158711
4158745
4158823
4158888
4159179
4159242
4159320
4159355
4161209
4161509
4161544
4161578
4162048
4162125
4162171
4162201
4162222
4162271
4162322
4162414
4162647
4162684
4162757
4162861
4165300
4165334
4165388
4165433
4165467
4165500
4165549
4165638
4165672
4165761
4165797
4165826
4165861
4165895
4165943
4166017
4166231
4166264
4166312
4166347
4166398
4166469
4166503
4169630
4170384
4170584
4170831
4170907
4170973
4171009
4171076
4171142
4171488
4171513
4171589
4171652
4171728
4172297
4172322
4172354
4172414
4172569
4172757
4172790
4172880
4173023
4173057
4173116
4173133
4173208
4173272
4174462
4174514
4174556
4174635
4174723
4174758
4174857
4174919
4174953
4175034
4175082
4306690
4306719
4306922
4306947
4318665
4324025
4327484
4333340
4340364
4341809
4342439
4342460
4342632
4342676
4342798
4342819
4342839
4342862
4342933
4352183
4352201
4352228
4352247
4352263
4352297
4352331
4352380
4352416
4352449
4352491
4352539
4352575
4352610
4352669
4352891
4352952
4353016
4353177
4353308
4353372
4353605
4353667
4353703
4354249
4354283
4358684
4358717
4358752
4358900
4358936
4359228
4359278
4359313
4359498
4359604
4359735
4359870
4359898
4360045
4360105
4360686
4360716
4360752
4360791
4362516
4362556
4362919
4366287
4366323
4366508
4366536
4366572
4366621
4366672
4366736
4366773
4366794
4367217
4367345
4367368
4367402
4367465
4367482
4367518
4367803
4367839
4367878
4367914
4367950
4368080
4368105
4368167
4368325
4368413
4368449
4368485
4368521
4368627
4368716
4368754
4368790
4368894
4368955
4368990
4369026
4369063
4369099
4369420
4369466
4369503
4369539
4369577
4369706
4369809
4369860
4369967
4370125
4370309
4370592
4370632
4372780
4372953
4373044
4373072
4373179
4373321
4373348
4373372
4373435
4373471
4373508
4373544
4373755
4373775
4373853
4374038
4374074
4374138
4374311
4374925
4374966
4375056
4375188
4375218
4375324
4375430
4375456
4375488
4375524
4375614
4375653
4381462
4381482
4381572
4385567
4387016
4387081
4387242
4387291
4387340
4387703
4387729
4387777
4387843
4388067
4388086
4408055
4408285
4408480
4408504
4408525
4411989
4412021
4412044
4412092
4414965
4415026
4415297
4415383
4424231
4424274
4424307
4424339
4424387
4424421
4424470
4424657
4424685
4424720
4424798
4424822
4424861
4424888
4424925
4424957
4424992
4425120
4425154
4425193
4425251
4425939
4425990
4426023
4426059
4426287
4426309
4426371
4426558
4426584
4426616
4426909
4426935
4426981
4427016
4427051
4427446
4427481
4427516
4427550
4427601
4427627
4427668
4427694
4428788
4428891
4428942
4429045
4429226
4429261
4429594
4429647
4429748
4429780
4429850
4429867
4429900
4432537
4432578
4432595
4432669
4432888
4432913
4432947
4433025
4433045
4433069
4433115
4433134
4437839
4437871
4437957
4438199
4438218
4438893
4438916
4438942
4439031
4439065
4439214
4439468
4439531
4439582
4439698
4439788
4439808
4439956
4440061
4440192
4440365
4440400
4440594
4441033
4441057
4441095
4441138
4441229
4441494
4441529
4441579
4441629
4441708
4441731
4441845
4441972
4442118
4442142
4442291
4442365
4442394
4445126
4445174
4445235
4445264
4445298
4445386
4445437
4445542
4445598
4445802
4445838
4445890
4445907
4445939
4445958
4466233
4466258
4466280
4466314
4466349
4466387
4466422
4466462
4466481
4466697
4466734
4466769
4466818
4466852
4466886
4467130
4467167
4467722
4467874
4467944
4467965
4468002
4468088
4468137
4468182
4563670
4563707
4563736
4563776
4563813
4563894
4563962
4564007
4564061
4564099
4564277
4564300
4564401
4564551
4564618
4564682
4564799
4564866
4564902
4564921
4565264
4565800
4565836
4565862
4565981
4566005
4566050
4566097
4566121
4566141
4566183
4566209
4566254
4566274
4567558
4567607
4567626
4568682
4572362
4572397
4572433
4572493
4572515
4577033
4578243
4578278
4578664
4578701
4578737
4578799
4578835
4578872
4578906
4610465
4610483
4610559
4610581
4610632
4610669
4610705
4610748
4610769
4610805
4610882
4610946
4611363
4611399
4611450
4611951
4611983
4612522
4612602
4612641
4612698
4612720
4612757
4612794
4612964
4613941
4613976
4614325
4614359
4614396
4614734
4614799
4614849
4614872
4615172
4615209
4615245
4615282
4615306
4615342
4615402
4615480
4615514
4615550
4615587
4615621
4615638
4615676
4615713
4615744
4615776
4615795
4616009
4616055
4616088
4618367
4618404
4619345
4619395
4619543
4619579
4619658
4619792
4619827
4619878
4619916
4620093
4620120
4620308
4620338
4620688
4620721
4620757
4620789
4621258
4621294
4621315
4621432
4621471
4621550
4621781
4621845
4621995
4622045
4622083
4622140
4622513
4622552
4623189
4623241
4623303
4623474
4623508
4623582
4623652
4623693
4623742
4623840
4659817
4659849
4660007
4660043
4660066
4660131
4660152
4660186
4660216
4660543
4660626
4660672
4660708
4660744
4660768
4660832
4660866
4661054
4661083
4661117
4661149
4661425
4661459
4661493
4661543
4661575
4661630
4661816
4662080
4662208
4663142
4663221
4663253
4663396
4663446
4663497
4663533
4663620
4663696
4663727
4663816
4663866
4663888
4663921
4663957
4664029
4664077
4664126
4664199
4664220
4664252
4664270
4664347
4664394
4664566
4667886
4667910
4667932
4672556
4674065
4674156
4674244
4674280
4674318
4674354
4675080
4675155
4675192
4675226
4675330
4675404
4675467
4675491
4675544
4675618
4675721
4675929
4675964
4676050
4676072
4676109
4676172
4676204
4705525
4705603
4705631
4705663
4705698
4705745
4705765
4705919
4705941
4705994
4706064
4706085
4706130
4706179
4706229
4706323
4706404
4706433
4706523
4706799
4706877
4707505
4707526
4707654
4707701
4707723
4707814
4708002
4708106
4708126
4708466
4708636
4708674
4708764
4708939
4710828
4710856
4710945
4711082
4711246
4711272
4711412
4711516
4711657
4711704
4711740
4711770
4711818
4711839
4711949
4712037
4712059
4714450
4714488
4714512
4714653
4714718
4714761
4714931
4715019
4715053
4715112
4715140
4715174
4715372
4715406
4715519
4715812
4715986
4716012
4716038
4716073
4716122
4716165
4716276
4716324
4716405
4716439
4716473
4716507
4716540
4716646
4716792
4716900
4716930
4717013
4717033
4717065
4717112
4717185
4718480
4718815
4718895
4718919
4718967
4719006
4719165
4719213
4719316
4719392
4719426
4719691
4719731
4719913
4719936
4720091
4720140
4720269
4720468
4721145
4721266
4721473
4721578
4721603
4721731
4721780
4721816
4722035
4722128
4722155
4722190
4722225
4722546
4722693
4722716
4722752
4722781
4722830
4722998
4723035
4723071
4723107
4723214
4723263
4723465
4723509
4723562
4737534
4737703
4737730
4737847
4737868
4737905
4737934
4737961
4737976
4737994
4738047
4738084
4738108
4738126
4738143
4738180
4738195
4738299
4738352
4738383
4738411
4738442
4738459
4738475
4738493
4738894
4738959
4739027
4739062
4739513
4739550
4739652
4739716
4739986
4740044
4740096
4741041
4741152
4741231
4741361
4741604
4741653
4741688
4741908
4741974
4742000
4742073
4742106
4742264
4742300
4742334
4742530
4742557
4742578
4742628
4742676
4742746
4743393
4744566
4745500
4745551
4745654
4745688
4745720
4745794
4749730
4749750
4749786
4749850
4749885
4749931
4749964
4750024
4750060
4774454
4774486
4774520
4774612
4774651
4774807
4774829
4775319
4775344
4775483
4775991
4776026
4776055
4776094
4776197
4776314
4776849
4776883
4776944
4776984
4777102
4777124
4777296
4777869
4777989
4778023
4778251
4778298
4778330
4778362
4778451
4779049
4779107
4795081
4795102
4795187
4795222
4805476
4805527
4805564
4805723
4805748
4805785
4806124
4806188
4806266
4806373
4806410
4806428
4806448
4806731
4806779
4806923
4806977
4807015
4807038
4807538
4807589
4807608
4807802
4808067
4808142
4808171
4809062
4809113
4809138
4809164
4809216
4809243
4809298
4809346
4809871
4809900
4809952
4810000
4810356
4810460
4810488
4810551
4810984
4811036
4811070
4811184
4811272
4811303
4819289
4819352
4821540
4821563
4821828
4821995
4822029
4822093
4822122
4822142
4822162
4822180
4840595
4841135
4841155
4841764
4841993
4842041
4842752
4842780
4842800
4842820
4842861
4842935
4842968
4843061
4843250
4843421
4843442
4843461
4843499
4843518
4843558
4843587
4843606
4843634
4843654
4843686
4843707
4843734
4843872
4843893
4843969
5201443
5201498
5201529
5398442
5398863
5399196
5399254
5399278
5399316
5399366
5399412
5399607
5399963
5400157
5400196
5400313
5400600
5400629
5400982
5401015
5401038
5401061
5401095
5401124
5401148
5401177
5401212
5401243
5401270
5401307
5401343
5401418
5401455
5401487
5401562
5401628
5401649
5401681
5401733
5401761
5401783
5401826
5401850
5401878
5401923
5401948
5401973
5402022
5402047
5402149
5402427
5402472
5402507
5402540
5402572
5402701
5402724
5402776
5402918
5402940
5403145
5403426
5403519
5403561
5403584
5403618
5403716
5403749
5403780
5403809
5403863
5403898
5403918
5403933
5403997
5404036
5404060
5404560
5404638
5404686
5404725
5404875
5404981
5405010
5405047
5405193
5405218
5405241
5405266
5405494
5405517
5405540
5405579
5405605
5405627
5405652
5405687
5419301
5419327
5419348
5419878
5419913
5422744
5427202
5427265
5427302
5427323
5427514
5427571
5427630
5427671
5427989
5428049
5428106
5428131
5428157
5428184
5428214
5428281
5428315
5428482
5428510
5429165
5429212
5429246
5429297
5429351
5429414
5429477
5429530
5429567
5429585
5429887
5429914
5429941
5429968
5429995
5430022
5430051
5430102
5430123
5430216
5431947
5432040
5432075
5432110
5432221
5432254
5432288
5432347
5432380
5432412
5432485
5432640
5432691
5432720
5432755
5432824
5432846
5432874
5432928
5432964
5432985
5433016
5433122
5433254
5433287
5433429
5433703
5433739
5433773
5433808
5433842
5435599
5435666
5435701
5436129
5436176
5436194
5436227
5436262
5436321
5436353
5436464
5436500
5436539
5436576
5436628
5436691
5436738
5436821
5436851
5436924
5437040
5437072
5437160
5437193
5437373
5437406
5437442
5437471
5437536
5437570
5437603
5437704
5437769
5437801
5437835
5437899
5437934
5438109
5438161
5438187
5438381
5438416
5438545
5438677
5438706
5438733
5438812
5438845
5438895
5438930
5438964
5439811
5440047
5440080
5440251
5440284
5440328
5440392
5440414
5440464
5440511
5440587
5440664
5440685
5440729
5440749
5440781
5440816
5440862
5440950
5441001
5441035
5441194
5441240
5441272
5441305
5441348
5441370
5441404
5442826
5442864
5442904
5443258
5443278
5443307
5443342
5443375
5443452
5443626
5443754
5443788
5443868
5443916
5443947
5446233
5462669
5462696
5462723
5462784
5462813
5462840
5462861
5462932
5462992
5463131
5463153
5463298
5463319
5463359
5463412
5463445
5463545
5463562
5463595
5463631
5464119
5464157
5464183
5464291
5464366
5464397
5464511
5464613
5464659
5464832
5465111
5465389
5465413
5465480
5465527
5465594
5465613
5465644
5465665
5465686
5465707
5465739
5465835
5465958
5465993
5466042
5466092
5466295
5466368
5466388
5466577
5466707
5466767
5466800
5466887
5479694
5479712
5479814
5479877
5479917
5480020
5480090
5480114
5480149
5480350
5480390
5480442
5480467
5480487
5480586
5480610
5480663
5480685
5480704
5480726
5516708
5516806
5516840
5516893
5516928
5516962
5517022
5517053
5517087
5517144
5517169
5517201
5517668
5517742
5517774
5517800
5517851
5517924
5518077
5518177
5518383
5518432
5518469
5518514
5518713
5518740
5518780
5518836
5518857
5518900
5518970
5519039
5519066
5519167
5519190
5519241
5519290
5519322
5519355
5519452
5519506
5519604
5519665
5519729
5519805
5519856
5519910
5519969
5520069
5520113
5520137
5520186
5520257
5520286
5520320
5520348
5520396
5520412
5521791
5521890
5521924
5521945
5521977
5522025
5522043
5522078
5522098
5522257
5522289
5522603
5523245
5524111
5524143
5524310
5524346
5524768
5524887
5524919
5524953
5525004
5525054
5525127
5525162
5525184
5525220
5525296
5525382
5525403
5525425
5525447
5525468
5525643
5525665
5525683
5525704
5525736
5525768
5525800
5525821
5525852
5525912
5526218
5526250
5526273
5526309
5526386
5526446
5526482
5526559
5526609
5526766
5526798
5526885
5526920
5526966
5526986
5527436
5527472
5527509
5527541
5527628
5527704
5527859
5527877
5527951
5528097
5528164
5528248
5528272
5528321
5528357
5531376
5531447
5531510
5531542
5531767
5531799
5531823
5532033
5532065
5532153
5532184
5532201
5532219
5532237
5532308
5532397
5533655
5533697
5533745
5533777
5533810
5533986
5534007
5534069
5534086
5534128
5538452
5538867
5538915
5539085
5539122
5539160
5539183
5539436
5539460
5539481
5539535
5539597
5539628
5540403
5540423
5540648
5540670
5540711
5540746
5541878
5541901
5541924
5541950
5542280
5542312
5542400
5542430
5587382
5587442
5587469
5587496
5587535
5587577
5587616
5587641
5587676
5587720
5587745
5587789
5587878
5588019
5588101
5588132
5588166
5588303
5588349
5588600
5588639
5588687
5588764
5588814
5588850
5588940
5588975
5589172
5589200
5589277
5589313
5589361
5589697
5589719
5589753
5589779
5589830
5590333
5590366
5590437
5590469
5590584
5590750
5590867
5590885
5590917
5590949
5590968
5591000
5591150
5591265
5591329
5591367
5591439
5591614
5591682
5591718
5591751
5591838
5592316
5592654
5592733
5592758
5592778
5593010
5593033
5593079
5593119
5593277
5593312
5593373
5593424
5593452
5593469
5593491
5593557
5593660
5593685
5593706
5593726
5593747
5593780
5593815
5593832
5593881
5593915
5593936
5593984
5594001
5594049
5594073
5594105
5594132
5594159
5594188
5594211
5594235
5594262
5594291
5594322
5594346
5594399
5594476
5594524
5600427
5646952
5647075
5647174
5647251
5647328
5647405
5647482
5647559
5647629
5647652
5647674
5647723
5647938
5648864
5648906
5648933
5648953
5648975
5648993
5649087
5649117
5649219
5649257
5649292
5649346
5649396
5649430
5649449
5649598
5649714
5649738
5649816
5649991
5650094
5650985
5651050
5655665
5655729
5655750
5655783
5656134
5656191
5656298
5656418
5656459
5656511
5656532
5656550
5656564
5656598
5656641
5656673
5656715
5656734
5656769
5656787
5657683
5657702
5657887
5657944
5657976
5658009
5658125
5658142
5658558
5658596
5658631
5658763
5658840
5658904
5658955
5658980
5665230
5665253
5665326
5665362
5665438
5665531
5665567
5665602
5665886
5665950
5665988
5666022
5666071
5666120
5666169
5666217
5666246
5667481
5667984
5668018
5668108
5668310
5668339
5668429
5668466
5668504
5668534
5668594
5668629
5668661
5669296
5669355
5669378
5669430
5669455
5669534
5669571
5669678
5669704
5669757
5669806
5669829
5669948
5670012
5670077
5670119
5670673
5670707
5670725
5671082
5671242
5671281
5671583
5672056
5672077
5672097
5672145
5672263
5672282
5672531
5672549
5672568
5723790
5723908
5723929
5723995
5724018
5724078
5724109
5724287
5724336
5724369
5724395
5724452
5724592
5724615
5724667
5724719
5724963
5725081
5725301
5725325
5725472
5725494
5725544
5725590
5725613
5725895
5726011
5726090
5726375
5726521
5726730
5726813
5726966
5726999
5727033
5727066
5727153
5727177
5727283
5727317
5727339
5727407
5727456
5727504
5727537
5727561
5727594
5727713
5727760
5727824
5727870
5727891
5727981
5743846
5744021
5749831
5749892
5749969
5750018
5750040
5750728
5750758
5750778
5750812
5750943
5750991
5751342
5751370
5751422
5751525
5751657
5751681
5752749
5752775
5752824
5752867
5752900
5752935
5752956
5752988
5753042
5753060
5753191
5753270
5753398
5754170
5754555
5754603
5754711
5754898
5755145
5755193
5755418
5755576
5755639
5755688
5755722
5755770
5755802
5755918
5755945
5756047
5756066
5756154
5756182
5760583
5760610
5760640
5760668
5760706
5763269
5763320
5763402
5763468
5763502
5763536
5763572
5763662
5763696
5772459
5772485
5772554
5772606
5772631
5772651
5772677
5772810
5772838
5773038
5773057
5773074
5774469
5774494
5774893
5774911
5784749
5810361
5810461
5810501
5811448
5811482
5811516
5811536
5811571
5811603
5811637
5811656
5837833
5838435
5838474
5838500
5838555
5838601
5838671
5839181
5839221
5839556
5839588
5839623
5839708
5839727
5839792
5839831
5839853
5839883
5842521
5843014
5845266
5845297
5845330
5845361
5845387
5846142
5846244
5846387
5846557
5875992
5876026
5876100
5876130
5876503
5876531
5877018
5877053
5878256
5878294
5878329
5878350
5878385
5878409
5878428
5878449
5878468
5905925
5905949
5906473
5906532
5906587
5906627
5906824
5906875
5906905
5906949
5906981
5907028
5907103
5907124
5907161
5907183
5907297
5907362
5907383
5907433
5907465
5907488
5907511
5937313
5937340
5937361
5937394
5957516
5957555
5957618
5957670
5957696
5957742
5957799
5957840
5957861
5962063
5962121
5962161
5962201
5962224
5962244
5962275
5962307
5962358
5962378
5962397
5962414
5962435
5962482
5962512
5962545
5962595
5962631
5962693
5962840
5962961
5962994
5963042
5963091
5963126
5963231
5965199
5965285
5965485
5965517
5966112
5966186
5966396
5966420
5966530
5966554
5967028
5967115
5967651
5967677
5967708
5967740
5967909
5968028
5968063
5968168
5970767
5970791
5970819
5971015
5971289
5971420
5971475
5971519
5971577
5971614
5971748
5971784
5971819
5971848
5971895
5971985
5972007
5972057
6056339
6056454
6056473
6056501
6056533
6056813
6056840
6056857
6056962
6056981
6056998
6057015
6057107
6057145
6057203
6057401
6057418
6057435
6057577
6057609
6057629
6057676
6057713
6058110
6058145
6058168
6058216
6058321
6058367
6058520
6058552
6058603
6058637
6058656
6058965
6058992
6059026
6059046
6059097
6059141
6059173
6059191
6059230
6059248
6059267
6060075
6060091
6060189
6060288
6060331
6060351
6060401
6104942
6104961
6105025
6105062
6105147
6105179
6105277
6105299
6105323
6105346
6105456
6105478
6105504
6156111
6156130
6156150
6156183
6156210
6156316
6156349
6156411
6156442
6156486
6156512
6156569
6156608
6156683
6156717
6156742
6156770
6162336
6162356
6162377
6162402
6162423
6162444
6162462
6162912
6167510
6167544
6167656
6167687
6167750
6167769
6167790
6167879
6167913
6167985
6201593
6201736
6201780
6201807
6202484
6202537
6202579
6202662
6202784
6202809
6202829
6202885
6202940
6202976
6203011
6203106
6203168
6203433
6203469
6203508
6203544
6203635
6203758
6203776
6219564
6219589
6219637
6219769
6225494
6225518
6225606
6225845
6225945
6225994
6226020
6226053
6226138
6226165
6255572
6255747
6255922
6256097
6256500
6256750
6256921
6257171
6257396
6257496
6257596
6257767
6257867
6258167
6258467
6258617
6258767
6258917
6259070
6259241
6259466
6259591
6259692
6259992
6260167
6260268
6260495
6260723
6260951
6261122
6261373
6261448
6261524
6261726
6261897
6262410
6262581
6262752
6263101
6263272
6263414
6263556
6263631
6263773
6263915
6264050
6264345
6264644
6264832
6265233
6265457
6265681
6265869
6266121
6266309
6266526
6266952
6267140
6267329
6267520
6267711
6267902
6268093
6268217
6268497
6268848
6268997
6269188
6269517
6269708
6269899
6270090
6270281
6270561
6270752
6270826
6271046
6271295
6271419
6271643
6271867
6272091
6272315
6272485
6272709
6272933
6273157
6273381
6273605
6273829
6274053
6274277
6274447
6274719
6274843
6275123
6275290
6275441
6275990
6276301
6276471
6276782
6277093
6277342
6277844
6278118
6278218
6278457
6278969
6278991
6279131
6279156
6279181
6279225
6279279
6282152
6282293
6282322
6282351
6282390
6282408
6364660
6364682
6364748
6364773
6364799
6364827
6364894
6365357
6365399
6365514
6365710
6365819
6365849
6365873
6365982
6366040
6366067
6366090
6366280
6366317
6366336
6366398
6366423
6366467
6366499
6366574
6366608
6366633
6366673
6366701
6366730
6366800
6366838
6366902
6366926
6366960
6366997
6367051
6367092
6367146
6367254
6367290
6367325
6367366
6367419
6367454
6367515
6367539
6367564
6367600
6367637
6367693
6367718
6367759
6367781
6367819
6367872
6367898
6367937
6368000
6368039
6368074
6368255
6368305
6368356
6368396
6368421
6368463
6368487
6368682
6368731
6368785
6368835
6368872
6368911
6369831
6369963
6369987
6370065
6370118
6370198
6370291
6370384
6372123
6372150
6372189
6372212
6372269
6372298
6372324
6372359
6372409
6372444
6372468
6372505
6372586
6372616
6372652
6372676
6372768
6372806
6372831
6372856
6373217
6373269
6373335
6373399
6373453
6373534
6373585
6373623
6374031
6374085
6374168
6374195
6374263
6374347
6374371
6374415
6374455
6377246
6377384
6377427
6377496
6377661
6377716
6377942
6378008
6378034
6378144
6378168
6378246
6378272
6378299
6378324
6378507
6378531
6378611
6378704
6378754
6378784
6379011
6379046
6379178
6379229
6379266
6379341
6379407
6379427
6379465
6379490
6379513
6379566
6379644
6379699
6381183
6381210
6381447
6381527
6381580
6381716
6381987
6382052
6382091
6385945
6385968
6385996
6386154
6386182
6386206
6386234
6386262
6386318
6386360
6386396
6386422
6386445
6386465
6386484
6386506
6386555
6386592
6533807
6533838
6533891
6533918
6533940
6534171
6534787
6534819
6534861
6534894
6534918
6534939
6535188
6574556
6574583
6574609
6574636
6574659
6574686
6574728
6574749
6574771
6574793
6574850
6574873
6574922
6574963
6574988
6575028
6575084
6575135
6575202
6576745
6576769
6576796
6576824
6576866
6576947
6576989
6577046
6577099
6577167
6577190
6577255
6577279
6577371
6577476
6577528
6577553
6577645
6577737
6577775
6577848
6577885
6577935
6577960
6577996
6578040
6578199
6578251
6578275
6578314
6578366
6578480
6578517
6578582
6578623
6578663
6578807
6578861
6578983
6579050
6579078
6579102
6579126
6579151
6579203
6579228
6579308
6579343
6579394
6579418
6579452
6579471
6579492
6580525
6580586
6580614
6580642
6580681
6580723
6580751
6580790
6580858
6580881
6584093
6584118
6584144
6584163
6584184
6584296
6584388
6584418
6584679
6584718
6584748
6584802
6584829
6584881
6584931
6584968
6585021
6585046
6585086
6585178
6585214
6585235
6585505
6585543
6585572
6585596
6585633
6585672
6585806
6585858
6585913
6585978
6586013
6586104
6586237
6586301
6586338
6586950
6587002
6587053
6587090
6587117
6587504
6587570
6587609
6587637
6587738
6587777
6587857
6588144
6588169
6588251
6588286
6588339
6588430
6588468
6589088
6589167
6589295
6589360
6589443
6589471
6589527
6589560
6589719
6589753
6589814
6590428
6590452
6590529
6590580
6590606
6590624
6590647
6590673
6590778
6590872
6590937
6591004
6591059
6591095
6591256
6595762
6596270
6596351
6597271
6597772
6597801
6597840
6597906
6597941
6597978
6598005
6598032
6598098
6598137
6598162
6598619
6598656
6598734
6598996
6599162
6599191
6599234
6599269
6599397
6599428
6599519
6599544
6600097
6600164
6600326
6600406
6600442
6600489
6600566
6600646
6600677
6600701
6600727
6600755
6600775
6600827
6600866
6600929
6600969
6601004
6601040
6601103
6681972
6682006
6682031
6682053
6682087
6682220
6682273
6682550
6682585
6682641
6682667
6685152
6685379
6685407
6685484
6685609
6685671
6685694
6685715
6685735
6685811
6685860
6685911
6685949
6685985
6754292
6754330
6754361
6754386
6754409
6754437
6754460
6754480
6754729
6754755
6754805
6754873
6754925
6755064
6755114
6755152
6780519
6780554
6780589
6780616
6780657
6780686
6780722
6780787
6780827
6780907
6780945
6780982
6781022
6781087
6781112
6781167
6781219
6781279
6781450
6786628
6786652
6786713
6786749
6786779
6786820
6786861
6786891
6786942
6786967
6787006
6787167
6787256
6787274
6787304
6787369
6787403
6787429
6787480
6787506
6787533
6787561
6787586
6787613
6787649
6787930
6788205
6788233
6788299
6788630
6788651
6788705
6788758
6788810
6788862
6788928
6788992
6789028
6789065
6789680
6790219
6790380
6790431
6790450
6790475
6790804
6793193
6793244
6793333
6793371
6793462
6793501
6793523
6793868
6794037
6794074
6794097
6809851
6809888
6809914
6809944
6809988
6810056
6810081
6810518
6810548
6810602
6810628
6810651
6810699
6810724
6810759
6810824
6810932
6810961
6810994
6811017
6811066
6811129
6811154
6811179
6811227
6811252
6811341
6811367
6811391
6811493
6811558
6812190
6812245
6812274
6812677
6812703
6812752
6812815
6812869
6813404
6813444
6813512
6813542
6813580
6813604
6813627
6824514
6824543
6824574
6824628
6824668
6824691
6824716
6824741
6824795
6824832
6824874
6824928
6825031
6825082
6825118
6825153
6837779
6837880
6837921
6837958
6837995
6838033
6838060
6838110
6838174
6838200
6838264
6838291
6838337
6838388
6838510
6838547
6838584
6838603
6838654
6838690
6838716
6838743
6838784
6838821
6838913
6838952
6838977
6839003
6839041
6839324
6839353
6839443
6839505
6839759
6839798
6839822
6839865
6839918
6839946
6840000
6840037
6840178
6840232
6840259
6840286
6840324
6840360
6840439
6840478
6840518
6840558
6840639
6840735
6840804
6840861
6840887
6840905
6841011
6841061
6841083
6841113
6841137
6841163
6841192
6841221
6841256
6841277
6841344
6841424
6841486
6841506
6841543
6841608
6841648
6841699
6841764
6841792
6841833
6841874
6841897
6841947
6842026
6842068
6842109
6842134
6842208
6842241
6842280
6842821
6842844
6842873
6842966
6842996
6843031
6843070
6843123
6843147
6843174
6843238
6843303
6851126
6851256
6851310
6851361
6851416
6851438
6851530
6852291
6852355
6852408
6855495
6855550
6855594
6855660
6855717
6855778
6855814
6855881
6855906
6855926
6888711
6888775
6888835
6888880
6888913
6888939
6889016
6889095
6889134
6889183
6889218
6889257
6889294
6889386
6889409
6889625
6889645
6889723
6889759
6889889
6889914
6889977
6890110
6890204
6890255
6890352
6890429
6890636
6890657
6890700
6890735
6890789
6890824
6890876
6890927
6890948
6891164
6891228
6891346
6891410
6891445
6891481
6891525
6891967
6891994
6892025
6892062
6892082
6893733
6893782
6894061
6894096
6894146
6894188
6894962
6894991
6895018
6895083
6895156
6895258
6895303
6895337
6895355
6895418
6895534
6895555
6896622
6896667
6896698
6896729
6896758
6896787
7026397
7026418
7026887
7026914
7027002
7027485
7027548
7027573
7027941
7028016
7028132
7028165
7028201
7028222
7028434
7028510
7028538
7028567
7028616
7028658
7028678
7028729
7028839
7028863
7028900
7028969
7029013
7029082
7029404
7029431
7029524
7029578
7029623
7029730
7029751
7029784
7029816
7029846
7029876
7029915
7029960
7030359
7030386
7030462
7030499
7030520
7030548
7030587
7030614
7030642
7030672
7030712
7030739
7030793
7030858
7031488
7031524
7031563
7031580
7031602
7031625
7031677
7031704
7031792
7031815
7031853
7031879
7031902
7031927
7031966
7031995
7032022
7032077
7032108
7032160
7032290
7032318
7032348
7032383
7032420
7052056
7052087
7052124
7052161
7052200
7052235
7052439
7052469
7052496
7052526
7052674
7052725
7052762
7052814
7052879
7052955
7052993
7053045
7053073
7053092
7053124
7053150
7053191
7053231
7053285
7053307
7053332
7053373
7053443
7053488
7053527
7053552
7053578
7053600
7053622
7053737
7053763
7053792
7053830
7053870
7053920
7053972
7054023
7054063
7054093
7054168
7054194
7054251
7054284
7054321
7054346
7054369
7054388
7054424
7054458
7054601
7054782
7054807
7054827
7054847
7054888
7055389
7055636
7055685
7055737
7055771
7056826
7056865
7056926
7056944
7056992
7058061
7058085
7058106
7058130
7058150
7058174
7063165
7063184
7063205
7063225
7082358
7112131
7112156
7112191
7112216
7112246
7112271
7112297
7112319
7112340
7112378
7115609
7115638
7115663
7115684
7115706
7115754
7115776
7115840
7115935
7116037
7116060
7116084
7116192
7116476
7116537
7116565
7116693
7116767
7116831
7117108
7117178
7117270
7117361
7117479
7117514
7117533
7117621
7117813
7117872
7117931
7118454
7118496
7118569
7118604
7118671
7118720
7118741
7118777
7118923
7119055
7119092
7119112
7119521
7119558
7119592
7120513
7120537
7120604
7120638
7120955
7120974
7120995
7121032
7121049
7121089
7121245
7121279
7126443
7126731
7126788
7126951
7126977
7127040
7127239
7127273
7127318
7127409
7127445
7127533
7127592
7127769
7127787
7128006
7128095
7128159
7128191
7128213
7128238
7128274
7128294
7128318
7128341
7128514
7128544
7128561
7128587
7128612
7128699
7128717
7128918
7128955
7128991
7129050
7129099
7129148
7129218
7129249
7129338
7129438
7129472
7129732
7129757
7129796
7129820
7129841
7129875
7129909
7130087
7130217
7130252
7130381
7130442
7130527
7130690
7130738
7130937
7131193
7132101
7132285
7132303
7132321
7132356
7132397
7135877
7135905
7135931
7135956
7135980
7136010
7136044
7137626
7137724
7142347
7143698
7143745
7143967
7144099
7144285
7144317
7144526
7144587
7144621
7144657
7144676
7148557
7148593
7148614
7149787
7150738
7150765
7150843
7150970
7151020
7151055
7151091
7151260
7151298
7151333
7151375
7151410
7151450
7151472
7155702
7155737
7157564
7157615
7157693
7157758
7157783
7157860
7157937
7157955
7161271
7161292
7161360
7161380
7180450
7180488
7180520
7180584
7180605
7180627
7180676
7181075
7181488
7181509
7181544
7181674
7181753
7181773
7181837
7181869
7181985
7182003
7182203
7182460
7182489
7182524
7182555
7182589
7183498
7183784
7183861
7183908
7183956
7186469
7186502
7186537
7186572
7186599
7197531
7197596
7198184
7198217
7198268
7198293
7198329
7198365
7198384
7198436
7198515
7201038
7201142
7201193
7201586
7201621
7206310
7206367
7206459
7206564
7206588
7206667
7206761
7206800
7207046
7207074
7256754
7256779
7256798
7256830
7256847
7256865
7256896
7256926
7256945
7256979
7257152
7257202
7257236
7257323
7257359
7257791
7257812
7257898
7257987
7258010
7258044
7258370
7258433
7258482
7258527
7258573
7258618
7258720
7258766
7258788
7258808
7258830
7258930
7258995
7259045
7259064
7259115
7259189
7259208
7259226
7259245
7259276
7259311
7259327
7259341
7259364
7259384
7268247
7268266
7268297
7268520
7268563
7268598
7268612
7268637
7268697
7268789
7268834
7268863
7268894
7269037
7269082
7269209
7269405
7269479
7269530
7269701
7269778
7269801
7269839
7269862
7269899
7269950
7269995
7270054
7270102
7270491
7270511
7275449
7275463
7275505
7275554
7275607
7275640
7275730
7275764
7275837
7275871
7275901
7276183
7276225
7276243
7276277
7276311
7276328
7276372
7276404
7276475
7276701
7276734
7276780
7276829
7277014
7277034
7277084
7277132
7277180
7277217
7277254
7277280
7277360
7277386
7277427
7277467
7277485
7277792
7277830
7277875
7277907
7277941
7277990
7278010
7278047
7278063
7278095
7278114
7278460
7278475
7278738
7278758
7284978
7284994
7285036
7285166
7285240
7285257
7285276
7285338
7285370
7285446
7285502
7285534
7285551
7286502
7286534
7286553
7286585
7286602
7295099
7295115
7295133
7295184
7295216
7295248
7295290
7295322
7295354
7295380
7296325
7296342
7296467
7296495
7296771
7296803
7296943
7297069
7297088
7297117
7297153
7297180
7297402
7297419
7297456
7297984
7298058
7298124
7298144
7298171
7298230
7298247
7298283
7298319
7298356
7298392
7298418
7298767
7298785
7298812
7298841
7298880
7298901
7298918
7299150
7299192
7299252
7299269
7299295
7299523
7299556
7299706
7299737
7299758
7299819
7300179
7300208
7300242
7300303
7300329
7300352
7300405
7300454
7300489
7300504
7300565
7300599
7300623
7300640
7300678
7300780
7300889
7300928
7300959
7301054
7301069
7301122
7301249
7301409
7301446
7301463
7301562
7301583
7301779
7301805
7302847
7303045
7303091
7303109
7303142
7303175
7303208
7303754
7303769
7303786
7303802
7303818
7304662
7304694
7304770
7304794
7304865
7304893
7304938
7305916
7305937
7307338
7311733
7311752
7311772
7311791
7312047
7312073
7312099
7312116
7312423
7312512
7312547
7312691
7312861
7312883
7313070
7313086
7313117
7313149
7313168
7313186
7313294
7313333
7313363
7313380
7313704
7313735
7313768
7313801
7315533
7315555
7317103
7319406
7319441
7319574
7319592
7319613
7319690
7319708
7319731
7319752
7319771
7319804
7319881
7319913
7319958
7319975
7320002
7320019
7320729
7320746
7320779
7320810
7320837
7320868
7320900
7321188
7321235
7321270
7321349
7321505
7321577
7321625
7321660
7321766
7321802
7321830
7321865
7321902
7321942
7322020
7322059
7322137
7322553
7322670
7322876
7322964
7322986
7323070
7323132
7323878
7323897
7323934
7323955
7324042
7324064
7324124
7324161
7324185
7324237
7324269
7324288
7324318
7324377
7324398
7324435
7324506
7324533
7324649
7324683
7324713
7325245
7325326
7325358
7325404
7325435
7325452
7325609
7325624
7325640
7325674
7328691
7328742
7328777
7328801
7328837
7328899
7328933
7328956
7328979
7329032
7329066
7329090
7329299
7329332
7329381
7329415
7329491
7329513
7329576
7329653
7329688
7329765
7329845
7330000
7330078
7330155
7330189
7330265
7330340
7330417
7330536
7330571
7330616
7330665
7330687
7330717
7330747
7330776
7330792
7330823
7330921
7331312
7331348
7331675
7331929
7331985
7332021
7332041
7332090
7332139
7332188
7332237
7332302
7332449
7332500
7332551
7332806
7332844
7332962
7332998
7333032
7333094
7333252
7333329
7333381
7333500
7333756
7333807
7333828
7333918
7334051
7334091
7334182
7334328
7334475
7334621
7334641
7334679
7334715
7334789
7335460
7335543
7335578
7335746
7335781
7337252
7337279
7337328
7337433
7337512
7337568
7337627
7337744
7337971
7338006
7338138
7338174
7338223
7338272
7338476
7338622
7338656
7338785
7338835
7338886
7338966
7339004
7339217
7339366
7339526
7339603
7339636
7339715
7339751
7339785
7339820
7340121
7340144
7340183
7340290
7340474
7340670
7341035
7341084
7341588
7341611
7341662
7341727
7341858
7341892
7341929
7342089
7342124
7342158
7342381
7342418
7342444
7342687
7342905
7342942
7342975
7343013
7343051
7343398
7343432
7343479
7343565
7343599
7343622
7344349
7344382
7344408
7344435
7344472
7344530
7344576
7344609
7344641
7344851
7344897
7344951
7344979
7344996
7345023
7345106
7345139
7345172
7346628
7346667
7348887
7348905
7486395
7486414
7486434
7486458
7486491
7486525
7486547
7486617
7486698
7486741
7486768
7486800
7486820
7486880
7486930
7486948
7486981
7487055
7487091
7487124
7487141
7487928
7487961
7487996
7488024
8923805
8923832
8923857
8923882
8923898
8923914
8923948
8923973
8923992
8924011
8924042
8924073
8924136
8924297
8924394
8924437
8924504
8924570
8924598
8924628
8924665
8924923
8924946
8924963
8925008
8925029
8925052
8925246
8925278
8925297
8925320
8925350
8925763
8925814
8925852
8925872
8925897
8925921
8926012
8926035
8926060
8926082
8926103
8926174
8926245
8926303
8926320
8926346
8926377
8926467
8926643
8934208
8946775
8946793
8946824
8946857
8946875
8946894
8946918
8947231
8950199
8950232
8950265
8950299
8950996
8951053
8951087
8951123
8951362
8951412
8951793
8951826
8952046
8952771
8952792
8952875
8952910
8953467
8953501
8953540
8953683
8953714
8953749
8953777
8953829
8954605
8954636
8954689
8954707
8954726
8957455
8957487
8957716
8957743
8957809
8957827
8957862
8957895
8957934
8957984
8958072
8958148
8958167
8958218
8958250
8958266
8958322
8958437
8958465
8958495
8958671
8958706
8958729
8958907
8958947
8958976
8959681
8959719
8959748
8959791
8959825
8959997
8960024
8960084
8962416
8962490
8962523
8962556
8963000
8963235
8963254
8963331
8963428
8963810
8963874
8963891
8963924
8963944
8963966
8963986
8964006
8964026
8964070
8964121
8964168
8964216
8964238
8964286
8964348
8964365
8965570
8965590
8965620
8965683
8965732
8965761
8965793
8965813
8965876
8965896
8965913
8966022
8966430
8966473
8966538
8966577
8966595
8966635
8966653
8966687
8966761
8966777
8966808
8966825
8966845
8966874
8966896
8966918
8966950
8966974
8967204
8967223
8967258
8967590
8967641
8967673
8967700
8967716
8967734
8967792
8967866
8967900
8967933
8967951
8968519
8968750
8969717
8969738
8969760
8969823
8969841
8970358
8970377
8970420
8970438
8970455
8970471
8970506
8970545
8970578
8970676
8970751
8970850
8970884
8970903
8970922
8970952
8971013
8971046
8971083
8971131
8971243
8971275
8971313
8971328
8971345
8971389
8971615
8971632
8971649
8971671
8971763
8971804
8971993
8972076
8972335
8972413
8972504
8972540
8972674
8972708
8972737
8972803
8972846
8973148
8973222
8973254
8973327
8973402
8973428
8973461
8973491
8973524
8973557
8973600
8973643
8975104
8975121
8975153
8975184
8975267
8975356
8975389
8975419
8975450
8975500
8977243
8977277
8977339
8977396
8977452
8977470
8977487
8977512
8977531
8977553
8977606
8977684
8978104
8978123
8978157
8978175
8978194
8978218
8978453
8978475
8978489
8978507
8978547
8978584
8978655
8978677
8978695
8978714
8978747
8979505
8979560
8979593
8980339
8980375
8980474
8980511
8980546
8980606
8980629
8987976
8988012
8988048
8988080
8988109
8988142
8988176
8988246
8988279
8988311
8988334
8988382
8988404
8989048
8989077
8989113
8989149
8989197
8989220
8989342
8989375
8989409
8989427
8989454
8989618
8989654
8989685
8990681
8990749
8990789
8990855
8990923
8990978
8991009
8991042
8991357
8991449
8991600
8991620
8991706
8991737
8991794
8991856
8991891
8991936
8991983
8992032
8992049
8992081
8992107
8992148
8992183
8992217
8992239
8992267
8992299
8992429
8992515
8992536
8992694
8992745
8992773
8992803
8992823
8992841
8992862
8992917
8992973
9005337
9005371
9005421
9005490
9005546
9005576
9005593
9005660
9005679
9005712
9005782
9005813
9005848
9120427
9120485
9120553
9120609
9120652
9120693
9120717
9120757
9120824
9121047
9121099
9121134
9121198
9121231
9121256
9121307
9121369
9121406
9121459
9121603
9121628
9121651
9121693
9121735
9121768
9121789
9121809
9121874
9122019
9122058
9122122
9122158
9122250
9122272
9122323
9122364
9122675
9122821
9122853
9122930
9122994
9123084
9123102
9123152
9123204
9123226
9123257
9123293
9123358
9123397
9123434
9123515
9123536
9123558
9123581
9123618
9123668
9123703
9123790
9123814
9123854
9123905
9123930
9123950
9123986
9124004
9124039
9124104
9124154
9124203
9124226
9124276
9124384
9124463
9124500
9124724
9124760
9124839
9124889
9124909
9124986
9125036
9125080
9125129
9125193
9125216
9125235
9125667
9125690
9125726
9125761
9125799
9129509
9129541
9129577
9129598
9129650
9129705
9129793
9129826
9129862
9129886
9129948
9130013
9130062
9130111
9130133
9130208
9130258
9130290
9130309
9130419
9130443
9130738
9130775
9130810
9130849
9132487
9132688
9132742
9132761
9136488
9136680
9136746
9136807
9136883
9136917
9136968
9137018
9137048
9137072
9137107
9137172
9137316
9137383
9137433
9137495
9137532
9137597
9137658
9137746
9137780
9137817
9137878
9137928
9137968
9137993
9138047
9138099
9138141
9138163
9138186
9138218
9138240
9138259
9138393
9138412
9139284
9139308
9139329
9139498
9140383
9140448
9140484
9140520
9140557
9140579
9140616
9140653
9140730
9140766
9140790
9140812
9140862
9140884
9140917
9141033
9141178
9141242
9141372
9141475
9141547
9141574
9141624
9141847
9141909
9141945
9142008
9142039
9142064
9142113
9142894
9142915
9142940
9143036
9143062
9143103
9143145
9143167
9143244
9143274
9143291
9143370
9143427
9143457
9143512
9143636
9143668
9143695
9143810
9145717
9146297
9169076
9169108
9169128
9169270
9169296
9169321
9169344
9169368
9169440
9169463
9169481
9169507
9169772
9169793
9169826
9169844
9169952
9169968
9170022
9170197
9170225
9170243
9170259
9170289
9170304
9170333
9170705
9170853
9170871
9171220
9171240
9171275
9171358
9171385
9171445
9171762
9173290
9173375
9173419
9173437
9173466
9173584
9173617
9173652
9173677
9173706
9173898
9173915
9173933
9173953
9174059
9174133
9174208
9175119
9175147
9175164
9175313
9175332
9175349
9175371
9175444
9240120
9240191
9240337
9240385
9240416
9240434
9240484
9240626
9240649
9240670
9240692
9240720
9240753
9241262
9241299
9241450
9241481
9241496
9241710
9241741
9241783
9241814
9241902
9241924
9241947
9242008
9242030
9242060
9242097
9242198
9242222
9242294
9242311
9242330
9242349
9242382
9242416
9242522
9242541
9242592
9242621
9242665
9242693
9242745
9242767
9242794
9242872
9242905
9242945
9242977
9243080
9243110
9243136
9243155
9243194
9243352
9243383
9243456
9243521
9243542
9243594
9243733
9243756
9243786
9243828
9243856
9243873
9243889
9243905
10112070
10112099
10112120
10112199
10112262
10112291
10112308
10112347
10112384
10112401
10113594
10113610
10113655
10113734
10113767
10113786
10113820
10113847
10114018
10114051
10115105
10115137
10120303
10120375
10121572
10121653
10121675
10121713
10121750
10123812
10124298
10124375
10124395
10124481
10124530
10124568
10124683
10124747
10124777
10124799
10124832
10124930
10124953
10125222
10125338
10125801
10126268
10126299
10126318
10126405
10126427
10126450
10126472
10126535
10126570
10126588
10126623
10126660
10126700
10126715
10127089
10127160
10127175
10130523
10158738
10158867
10158997
10159016
10159042
10159074
10159108
10159139
10159209
10159227
10159332
10159484
10159503
10159529
10159563
10159727
10159780
10159818
10159835
10202010
10202041
10202061
10202091
10202583
10202840
10202887
10202908
10202939
10202985
10203027
10203048
10203128
10203147
10203168
10203189
10203280
10203301
10203317
10203732
10203921
10203955
10203985
10204018
10204052
10204093
10204125
10204152
10204169
10204189
10204206
10204239
10204285
10204820
10204853
10204874
10204922
10204947
10205047
10205063
10205079
10205115
10205146
10205409
10205472
10205498
10205962
10205999
10206087
10206102
10206190
10206391
10207046
10207233
10207248
10207281
10207300
10207320
10215878
10215893
10215945
10216019
10216049
10216109
10216151
10216175
10216190
10216602
10216630
10216646
10216675
10217736
10217755
10217783
10218009
10218041
10218062
10237893
10237913
10237937
10237968
10238054
10238100
10238156
10238183
10238562
10239208
10239243
10239422
10239492
10240424
10240444
10240460
10240485
10240537
10240565
10240597
10240630
10241792
10241821
10242018
10242390
10242424
10242443
10242468
10242482
10242547
10242567
10242605
10242626
10242643
10242734
10242755
10242814
10242846
10242864
10242881
10243118
10243259
10243381
10243401
10243547
10243566
10243587
10243625
10243668
10243759
10243857
10243983
10244011
10244230
10244247
10244278
10244312
10244336
10244392
10244456
10244474
10244548
10244602
10244644
10244660
10244676
10244703
10254861
10254877
10254905
10254945
10254996
10255027
10255085
10255116
10255866
10255932
10255965
10255984
10256085
10256118
10256183
10256224
10256243
10256300
10256343
10256800
10256822
10256839
10256871
10256928
10256952
10257935
10258029
10258124
10258203
10258346
10258435
10258479
10258523
10258591
10258606
10258623
10258863
10258990
10259021
10259063
10259230
10259269
10259380
10259401
10259435
10259586
10259607
10259640
10259747
10259778
10259809
10259826
10263485
10263501
10263532
10263551
10263617
10263652
10263683
10263701
10263733
10263821
10264086
10264120
10264153
10264189
10264226
10264261
10264288
10264325
10264346
10264378
10264457
10264490
10264511
10264585
10264618
10264634
10264696
10264724
10264764
10264781
10264808
10264862
10264903
10264943
10264963
10264984
10265005
10265024
10265044
10265062
10265092
10265110
10265125
10265152
10265177
10265336
10265365
10265385
10265449
10265509
10265578
10265594
10265623
10265648
10265691
10266899
10266918
10266935
10266950
10267152
10267172
10267526
10267543
10267608
10267638
10267655
10267702
10267720
10267779
10267796
10267813
10267832
10267860
10267909
10270442
10270459
10270475
10270547
10270592
10270683
10270706
10270755
10270788
10270822
10270995
10271032
10271104
10271144
10271161
10271319
10271338
10271354
10271424
10272549
10272569
10272820
10272854
10272872
10272902
10272918
10272944
10272987
10273016
10273048
10273121
10273176
10273192
10273211
10273249
10285707
10285723
10285741
10285774
10285923
10285982
10285999
10286158
10286257
10286287
10286379
10286400
10286577
10286607
10286623
10286650
10286705
10304285
10304302
10304322
10304343
10304365
10304399
10304433
10304490
10304540
10304612
10304630
10304662
10304709
10304788
10304812
10304841
10304860
10304902
10304942
10305490
10305560
10305577
10305607
10305628
10305662
10305683
10305722
10305811
10305829
10305877
10305895
10305930
10305951
10305994
10306026
10306057
10306077
10306106
10306121
10318782
10318802
10318826
10318849
10318956
10318981
10319006
10319120
10319143
10319161
10319274
10319302
10319341
10319372
10319402
10319449
10319485
10319503
10319533
10321349
10321367
10321383
10321432
10321546
10321566
10321833
10321911
10321968
10321998
10322022
