áfra 36938,215
ágælan 22408,1451
álvarez 25433,8969
álvaro 27976,4517|32813,5664|36750,5775
ávila 29721,7789|29721,12064|48987,57872
áx5 45627,21144
á³ª 36858,39409
áµéà 36858,13702
á½º 36858,2546|36858,2589|36858,8391|36858,8419|36858,8632|36858,8679|36858,15956|36858,17004|36858,17016|36858,18277|36858,29894|36858,33109|36858,33272|36858,39907|45627,4492|45627,4532|45627,5024|45627,5067|45627,9356|45627,9368|45627,15011|45627,15177|45627,19506
á¾ 36858,4493|36858,7164|36858,8098|36858,8397|36858,8972|36858,10880|36858,11208|36858,11523|36858,11835|36858,15341|36858,16086|36858,16868|36858,17022|36858,17206|36858,17750|36858,18283|36858,19162|36858,20031|36858,20338|36858,20546|36858,21291|36858,21632|36858,21836|36858,22381|36858,22768|36858,22789|36858,22993|36858,25863|36858,25917|36858,26728|36858,26753|36858,29751|36858,29900|36858,30954|36858,31857|36858,32083|36858,32455|36858,33411|36858,33476|36858,33497|36858,34237|36858,37707|36858,38282|36858,40600|36858,41277|36858,42610|36858,42918|36858,43530|36858,43854|36858,46360|36858,46375|36858,47503|36858,47524|36858,50161|36858,50215|36858,50704|45627,4218|45627,4498|45627,5187|45627,6234|45627,7086|45627,7419|45627,9374|45627,9762|45627,10023|45627,10189|45627,11791|45627,11969|45627,12111|45627,12633|45627,15183|45627,15718|45627,15969|45627,16190|45627,17258|45627,17846|45627,18158|45627,18241|45627,19032|45627,19718|45627,19767|45627,20660|45627,22082|45627,22103|45627,22500|45627,22904
á¾2 36858,33278
á¾º 22194,463|22194,762|22194,1338|22194,1923|22194,2896|22194,3909|22194,4580|22194,5005|22194,5516|22194,7018|28798,212|28798,1322|28798,2989|28798,4295|28798,5827|28798,6729|28798,7713|28798,8965|28798,10407|36858,369|36858,1865|36858,3330|36858,6514|36858,10299|36858,13767|36858,15819|36858,20755|36858,29287|36858,34064|36858,41540|36858,51016|45627,131|45627,827|45627,3269|45627,5858|45627,8833|45627,11440|45627,13615|45627,16631|45627,20865|45627,27095|53550,362|53550,892|53550,1573|53550,2339|53550,3256|53550,3847|53550,4341|53550,4853|53550,5232|53550,5967
áß 22194,2288|22194,3548|22194,4232|22194,5877|22194,6537|22194,6704|22194,7565|28798,916|28798,1526|28798,3453|28798,3770|28798,6014|28798,7380|28798,8418|28798,9133|36858,1605|36858,2052|36858,2637|36858,2745|36858,2867|36858,3238|36858,4565|36858,6189|36858,13305|36858,17226|36858,17424|36858,18622|36858,19206|36858,20067|36858,20570|36858,21046|36858,22024|36858,23423|36858,23768|36858,23873|36858,24357|36858,25194|36858,25767|36858,26460|36858,26825|36858,27083|36858,27332|36858,27541|36858,28189|36858,28675|36858,30734|36858,30979|36858,30989|36858,31057|36858,31168|36858,31348|36858,31372|36858,31549|36858,31702|36858,31928|36858,32172|36858,32325|36858,32500|36858,33560|36858,33644|36858,34641|36858,34700|36858,35009|36858,35068|36858,35382|36858,35719|36858,35760|36858,35876|36858,35977|36858,36247|36858,36514|36858,36543|36858,36739|36858,36768|36858,37208|36858,37241|36858,37345|36858,37495|36858,37552|36858,37782|36858,37841|36858,38063|36858,38122|36858,38354|36858,38414|36858,38656|36858,38843|36858,38880|36858,38912|36858,39484|36858,39770|36858,39810|36858,40697|36858,40902|36858,41841|36858,42109|36858,42393|36858,42721|36858,43017|36858,43258|36858,43571|36858,44055|36858,44165|36858,44440|36858,46972|36858,50059|36858,50470|36858,50861|45627,2083|45627,3683|45627,4242|45627,5236|45627,5672|45627,6272|45627,6972|45627,7159|45627,7461|45627,10485|45627,11196|45627,15942|45627,16948|45627,17996|45627,20017|45627,20484|45627,21139|45627,21204|45627,21545|45627,21727|45627,21931|45627,22123|45627,22552|45627,23071|45627,23670|45627,23939|45627,24618|45627,25323|45627,25660|45627,25900|45627,26123|45627,26549|45627,26739|45627,27257|53550,5553|53550,6312
áß¾óàç 28798,11238
áßèäçñ 36858,32875|36858,32999|36858,39209|36858,39373|36858,39592|36858,41080|36858,45049|36858,45388|36858,46117
áàç 22194,8354|36858,24742|36858,44958
áàçáöàî 36858,12599|36858,48227|45627,12321
áàü 36858,27934|36858,46017|45627,6848|45627,7105|45627,17589
áàüàå 36858,23818|36858,25896|36858,26359|36858,27960|36858,50194|45627,27237
áá 22194,909|22194,1467|22194,1483|22194,1568|22194,2056|22194,2187|22194,2418|22194,2549|22194,3029|22194,3360|22194,4044|22194,6470|22194,7139|22194,7288|28798,1674|28798,1791|28798,1965|28798,3271|28798,3386|28798,7834|28798,7953|28798,8121|28798,9177|28798,10163|36858,2223|36858,7362|36858,7587|36858,9751|45627,3978|45627,8305|53550,1696|53550,1813|53550,2450|53550,2952|53550,5355|53550,5452|53550,6088
áåõ¾î 22194,8149|28798,11447|36858,3433|36858,3510|36858,3589|36858,6617|36858,6679|36858,6741|36858,13869|36858,13964|36858,14041|36858,15921|36858,16047|36858,16174|36858,29418|36858,29564|36858,29708|36858,29861|36858,30008|36858,34195|36858,34347|45627,930|45627,1008|45627,1084|45627,3372|45627,3449|45627,5961|53550,6900
áçñº 36858,32890|36858,33048|36858,33873|36858,40353
áçñåð 36858,6453|36858,13485|36858,15577|36858,32674|45627,2256|45627,11381|45627,16048|45627,19383
áè 28798,4611
áñ 45627,10404
áö 22194,1648|22194,2121|22194,2218|22194,2483|22194,2580|22194,3116|22194,7170|22194,7319|28798,5202|36858,397|36858,400|36858,1893|36858,1896|36858,3358|36858,3361|36858,6542|36858,6545|36858,8763|36858,10038|36858,10327|36858,10330|36858,13795|36858,13798|36858,15847|36858,15850|36858,17068|36858,20116|36858,20783|36858,20786|36858,28564|36858,29325|36858,29328|36858,33140|36858,33312|36858,33588|36858,34102|36858,34105|36858,40785|36858,41578|36858,41581|36858,45236|36858,48955|36858,51054|36858,51057|45627,159|45627,162|45627,855|45627,858|45627,3297|45627,3300|45627,5886|45627,5889|45627,8861|45627,8864|45627,9429|45627,11468|45627,11471|45627,12898|45627,13011|45627,13643|45627,13646|45627,16527|45627,16659|45627,16662|45627,18200|45627,18319|45627,19623|45627,20893|45627,20896|45627,21452|45627,24979|45627,25046|45627,25772|45627,27123|45627,27126|53550,3627|53550,3694|53550,6617|53550,6979|53550,7057
áöµµ 22194,1219|28798,628|28798,7569|53550,484
áö¹èàú 36858,23947|45627,8347
áö¾à 22194,5928|28798,6299|28798,9492
áöàççïàú 45627,13391
áöàî 36858,2111|36858,7603|36858,8133|36858,16449|36858,24746|36858,39068|45627,4170
áöá 36858,393|36858,1889|36858,3354|36858,6538|36858,10323|36858,13791|36858,15843|36858,20779|36858,29321|36858,34098|36858,41574|36858,51050|45627,155|45627,851|45627,3293|45627,5882|45627,8857|45627,11464|45627,13639|45627,16655|45627,20889|45627,27119
áöáßàç 36858,7411|45627,3757
áöçüµ 22194,311|22194,358
áø 22194,5901|22194,6716|36858,983|36858,18554|36858,31525|36858,34833|36858,35155|36858,35499|36858,36062|36858,36334|36858,36854|36858,37127|36858,37635|36858,37924|36858,38208|36858,38497|36858,38696|36858,38726|36858,39047|36858,39538|36858,41056|36858,41288|36858,41926|36858,42225|36858,42254|36858,42506|36858,42847|36858,43113|36858,43144|36858,43438|36858,43758|36858,44041|36858,44067|36858,44291|36858,44320|36858,44568|36858,44598|36858,44906|36858,44934|36858,45115|36858,45199|36858,45499|36858,45530|36858,45715|36858,45746|36858,45962|36858,45993|36858,46750|36858,46950|36858,47234|36858,47841|36858,48302|36858,49065|36858,49440|36858,49471|36858,49683|36858,49711|36858,51331|36858,51423|45627,2134|45627,12450|45627,26870|45627,27507
áø¹éàç 36858,50787
áø¹ì 36858,1662
áø¼ö 36858,1145|45627,2272
áøáö 36858,16766|36858,28213|36858,31712|36858,33900|36858,47218|45627,15617|45627,19860
áøè 36858,20430|45627,25454
áøèëåá 28798,11710|45627,16886
áú 36858,2647|36858,8752|36858,17101|45627,5121|45627,9457|45627,15041|45627,15057|45627,19589
áúàúçç 36858,8473|36858,18372|45627,4588|45627,9470|45627,15225
áúááàº¹éàºàç 45627,19181
áúááàºáøè 45627,25465
áúæ 36858,33156|36858,39999
áúç³àç 36858,26923
áúç³àûàü 45627,18952
áü½â 36858,724|36858,830|36858,990|36858,1060|36858,1227|36858,2202|36858,6404|36858,6895|36858,7375|36858,7817|36858,8882|36858,13433|45627,401|45627,657|45627,756|45627,1442|45627,1694|45627,2141|45627,2211|45627,5356|45627,6118|45627,9238|45627,11329
áý 28798,11530|36858,19315|36858,42165|53550,6970|53550,7048
áýè 22194,475|22194,489|22194,496|22194,774|22194,788|22194,795|22194,1350|22194,1364|22194,1371|22194,1935|22194,1949|22194,1956|22194,2908|22194,2922|22194,2929|22194,3921|22194,3935|22194,3942|22194,4592|22194,4606|22194,4613|22194,5017|22194,5031|22194,5038|22194,5528|22194,5542|22194,5549|22194,7030|22194,7044|22194,7051|22194,8035|22194,8052|22194,8059|28798,224|28798,238|28798,245|28798,1334|28798,1348|28798,1355|28798,3001|28798,3015|28798,3022|28798,4307|28798,4321|28798,4328|28798,5839|28798,5853|28798,5860|28798,6741|28798,6755|28798,6762|28798,7725|28798,7739|28798,7746|28798,8977|28798,8991|28798,8998|28798,10419|28798,10433|28798,10440|28798,11324|28798,11338|28798,11345|36477,36|36858,27|36858,336|36858,1832|36858,3297|36858,6481|36858,10266|36858,13734|36858,15786|36858,20722|36858,29253|36858,34030|36858,41500|36858,50978|53550,374|53550,388|53550,395|53550,904|53550,918|53550,925|53550,1585|53550,1599|53550,1606|53550,2351|53550,2365|53550,2372|53550,3268|53550,3282|53550,3289|53550,3859|53550,3873|53550,3880|53550,4353|53550,4367|53550,4374|53550,4865|53550,4879|53550,4886|53550,5244|53550,5258|53550,5265|53550,5979|53550,5993|53550,6000|53550,6791|53550,6805|53550,6812
áþ 28798,11792|36858,38516
