키를 35592,11780
키리사키 24394,19779|24394,21233
키리사키g 24394,31329
키리오트시 24394,20321
키리키자미 30377,5233
키린 24394,13481|27609,9308|31706,1044|31706,5150|33821,1578|33821,1607|33821,1622|33821,2313|39242,8409|40740,7272|40740,7296|41496,23639|42049,4061|42049,9727|48345,4071|48345,9737|53592,1528|53592,1537|53592,2569|53592,3594|53592,4684|53592,5777|53592,6828
키린s글러브 29353,22467
키린s레깅스 35698,22505
키린s베스트 29333,22369
키린s부츠 35698,22587
키린s숄트 49617,22004
키린s암롱 29353,22366
키린s케이프 29333,22451
키린s코르노 26312,25547
키린s호른 26312,25439
키린s후프 49617,21923
키린x 42049,14169|48345,14206
키린x글러브 29353,31604
키린x레깅스 35698,31754
키린x베스트 29333,31638
키린x부츠 35698,31867
키린x숄트 49617,31151
키린x암롱 29353,31476
키린x케이프 29333,31709
키린x코르노 26312,35503
키린x호른 26312,35386
키린x후프 49617,31051
키린가죽 21985,10674|26312,11616|26312,25495|29333,9824|29333,22442|29353,9895|29353,22438|29353,22514|30377,12451|30377,13248|35698,9834|35698,22578|36224,2952|39676,5525|41496,23646|42405,7835|48373,2766|49617,9201|49617,15034|49617,21995
키린갈기 21985,10625|24394,13553|24394,13605|26312,11640|26312,25519|26312,35468|29333,15356|29333,27297|36224,13561|36224,13615|36224,13791|36224,27956|39676,5513|41496,23724|42405,4080|42405,8202|48373,6983|48576,11571
키린글러브 29353,9924
키린뇌각 21985,10618|21985,10667|24394,13546|24394,13598|26312,11628|30377,12397|30377,12441|30377,12591|30377,13231|30377,27719|36224,13554|36224,13608|36224,13784|36224,27946|36224,28124|41496,23618|42405,4085|42405,8207|48373,4511|49617,9218
키린뇌미 24394,13823|28478,14739|30377,13238|35698,21083|36224,13980|36224,14205|39676,13180|41496,23775|42405,2118|52371,1778
키린레깅스 35698,9792
키린베스트 29333,9764
키린부츠 35698,9863
키린상피 21985,10894|26312,25483|29333,22431|29353,22427|29353,22503|29353,31565|35698,22567|35698,31839|36224,2894|36224,14198|39676,13168|41496,23672|49617,21984|49617,26872
키린숄트 49617,9227
키린암롱 29353,9854
키린왕 24394,13742
키린을 53592,13113|53592,13123
키린의 30838,1691
키린의목걸이 53592,13103
키린인뢰미 21985,4133|24394,14056|29333,31699|30024,9865|30377,13709|30377,27726|41496,23800|45690,15415|48373,4572|49617,31102|52371,2444
키린제 24394,13963
키린창角 36224,14188
키린창각 21985,10887|24394,13816|24394,14038|26312,25507|26312,35456|27368,28956|28478,14866|29333,25066|29333,25191|30377,12763|30377,13431|30377,13469|30377,26650|30377,27709|36224,2884|36224,2942|36224,30901|41496,23826|48373,7025|49617,22039|49617,31110
키린케이프 29333,9847
키린코르노 26312,11689
키린특상피 21985,11104|26312,34723|26312,35430|27368,28930|29333,31682|29353,30778|29353,31552|35698,31079|35698,31831|36224,3144|36224,30911|39676,21320|41496,23697|42405,8676|42405,8992|48373,7072|49617,31094
키린호른 26312,11574
키린후프 49617,9160
키우는 53592,11632|53592,11670|53592,11707|53592,11744|53592,11781
키운 53592,16364
키워서 39242,12894
키친 39242,10534|39242,10991|39242,11003|41496,623|41496,663|41496,707|41496,751|41496,799|41496,839|41496,893|41496,962|41496,1029|41496,1100|41496,1172|41496,1230|41496,1296|41496,1363|41496,1695|41496,1863|41496,2527|41496,2567|41496,2608|41496,2645|41496,2831|41496,2891|41496,2944|41496,2995|41496,3057|41496,3524|41496,3608|41496,4358|41496,4517|41496,4574|41496,5335|41496,5386|41496,5533|41496,7023|41496,7436|41496,29650|41496,29679|41496,33059|44611,22|44611,441|44611,521|53592,11525
키친게시판에서 39242,10478
키친레벨에 39242,344
키친아이루 39242,9942|44611,265
키친아이루로 39242,10436
키친아이루로부터의 53592,14401
키친아이루를 39242,265
키친아이루에서 39242,318
키친아이루을 39242,10945
키친아이루의 53592,11498|53592,11532|53592,11567|53592,11602|53592,14414
키친에 53592,16460
키친에서 39242,2401|44611,362
키친의 44611,255
