0
52
78
91
155
244
261
290
317
1940
1955
1973
2043
2059
2158
2184
2199
2220
2242
2264
2286
4826
6999
7016
7189
7207
7226
7245
7266
8077
8440
8499
8515
8529
8545
8558
8751
8768
8786
8814
8831
8848
8865
8882
8898
8928
9241
9258
9331
9360
9390
9407
9502
9519
9571
9612
9630
9790
9893
9919
9932
10014
10030
10209
10235
10251
10267
10281
10307
10496
10522
10737
10859
11103
11364
11380
11396
11518
11566
12013
12027
12097
12113
12213
12232
12247
12264
12278
12498
12515
12530
12544
12561
12578
12592
12715
12734
12856
13108
13147
13230
13246
13267
13307
