길고 30838,613
길과 53592,8282
길기 52371,27002
길다 28478,20816|28478,22159|45690,22420|52371,26834
길드 31706,4836|33821,3820|39242,2555|39242,4289|39242,4436|39242,5793|39572,1763|41496,29771|41496,29806|41496,29842|41496,29877|41496,29912|41496,29947|41496,32940|42405,72|42405,272|42405,354|53592,689|53592,8506|53592,8544|53592,8580|53592,8616|53592,8653|53592,8691|53592,8729|53592,8767|53592,8805|53592,8845|53592,8883|53592,8922|53592,8961|53592,9000|53592,9040|53592,9080|53592,9120|53592,9159|53592,9198|53592,9237|53592,9278|53592,9317|53592,9357|53592,9397|53592,9436|53592,9477|53592,9517|53592,9557|53592,9597|53592,9636|53592,16680
길드가드글러브 29353,20693|29353,20767|29353,20939|29353,21028
길드가드로포스 26312,23666|26312,23913
길드가드마스크 26312,23787|26312,24038
길드가드베스트 29333,20850|29333,20929|29333,21102|29333,21195
길드가드부츠 35698,20858|35698,20926|35698,21092|35698,21175
길드가드슈트 29333,20730|29333,20804|29333,20976|29333,21065
길드가드커프스 29353,20814|29353,20892|29353,21065|29353,21157
길드가드코일 49617,20238|49617,20311|49617,20484|49617,20572
길드가드코트 49617,20359|49617,20436|49617,20608|49617,20699
길드가드타이즈 35698,20973|35698,21046|35698,21212|35698,21299
길드가드피어스 26312,23866|26312,24131
길드가드하트 26312,23741
길드가드헷 26312,24003
길드가준꽃다발 53592,16054
길드나이트글러브 29353,7710
길드나이트마스크 26312,9252
길드나이트베스트 29333,7792
길드나이트부츠 35698,7853
길드나이트세이버 30377,1620
길드나이트슈트 29333,7676
길드나이트스커트 49617,7253
길드나이트커프스 29353,7825
길드나이트코일 49617,7136
길드나이트타이즈 35698,7968
길드나이트페더 26312,9136
길드매니져로부터 41496,29098|41496,29130|41496,29184|41496,29218
길드의 53592,15020
길드카드를 53592,14541|53592,16110
길드카드의 53592,11919|53592,14735
길드포인트를 53592,16071
길어 45690,20984
길어서 48576,26091
길어져서 45690,25388
길어지고 47905,9221
길어진다 47905,9544
길을 44611,5382|45690,21275
길이 52371,26783
길이가 28478,22285|52371,26520
길이는 45690,20970
길지 28478,22289
