연걸하고 30377,29656
연결되고 30024,37120
연결된다 21985,36401
연결시켰을 21985,37300
연결시킨다 30377,29676
연결시킬 45690,20577
연결한다 45690,24080
연결할 21985,36223|30377,29572|45690,21467|45690,24055
연결해서 24394,35347
연계 45690,20824|45690,21705
연계가 45690,22558|45690,23817
연계는 45690,24201
연계의 45690,22311
연고로 30838,3021
연구도 45690,24607
연구의 53592,14005
연금 23612,5522|23612,5550|23612,5577|23612,5606|23612,5634|23612,5664|23612,5769|23612,5799|23612,5831|23612,5860|23612,5892|23612,5921|23612,5952|23612,5984|23612,6016|23612,6049|23612,6083|23612,6113|23612,6928|23612,7350|41496,454|41496,4222|41496,4264|53592,14503
연금술 23612,7326|23612,7397|26312,947|26312,1023|26312,10188|26312,10261|26312,19319|26312,27213|26312,27322|29333,889|29333,960|29333,8625|29333,16708|29333,24093|29353,364|29353,8678|29353,16800|29353,24049|35698,364|35698,8820|35698,16821|35698,24159|35698,24183|42049,478|42049,3692|42049,10275|47905,9962|47905,9969|48345,502|48345,3673|48345,10332|48373,8972|49617,1026|49617,1129|49617,7979|49617,16350|49617,23658
연금이 41496,496
연금제조가 47905,9973
연금조합 23612,7382
연금조합가능 23612,6916
연금조합에도 23612,7438
연금편 41496,427
연금편을 53592,14528
연기구슬 23612,1050|41496,3505
연기로 41496,3555
연기를 41496,3620
연기에 40740,2272
연마 26312,1243|26312,1486|26312,2423|26312,4557|26312,5913|26312,14520|26312,14775|26312,17979|26312,30657|26312,31196|29333,1200|29333,1438|29333,4240|29333,5381|29333,12264|29333,12535|29333,15528|29333,27677|29353,1197|29353,1494|29353,2441|29353,4459|29353,5628|29353,12397|29353,12653|29353,13267|29353,15529|29353,27163|29353,27642|35698,1226|35698,1465|35698,4498|35698,5706|35698,12544|35698,12809|35698,13317|35698,15588|35698,27281|35698,27733|47905,2455|47905,10841|47905,10949|48373,2215|49617,1303|49617,1603|49617,4359|49617,5329|49617,11984|49617,15132|49617,26707|49617,27187
연마용가죽 26312,10934|29333,9174|29353,8313|29353,9272|29353,9491|29353,21984|35592,10542|35698,8460|35698,9173|35698,22071|36224,1164|36224,1208|41496,13860|42405,7958|48576,2805|49617,8582|49617,21508|52371,8339
연마주 48373,2211
연보라 39242,15588
연분홍 40740,2002|40740,2051
연분홍의 53592,14261
연사 26312,25082|27368,198|27368,4528|27368,7189|27368,10447|27368,14875|27368,16723|27368,21735|27368,27323|27368,32455|27368,39967|27368,40023|27368,40048|28478,20315|28478,21490
연사1 28478,343|28478,347|28478,452|28478,572|28478,753|28478,900|28478,3581|28478,3690|28478,3814|28478,6508|28478,11229|28478,14198|28478,14328|28478,14462
연사2 28478,351|28478,456|28478,904|28478,1120|28478,1124|28478,1290|28478,2400|28478,2577|28478,2712|28478,2716|28478,2935|28478,3589|28478,3985|28478,4128|28478,4632|28478,4749|28478,5857|28478,5982|28478,6520|28478,6633|28478,6993|28478,8004|28478,8133|28478,8946|28478,8950|28478,8954|28478,9067|28478,9196|28478,11357|28478,11482|28478,13204|28478,13324|28478,13452|28478,14194|28478,14324|28478,14458|28478,15876|28478,17235|28478,17647|28478,18495
연사3 28478,460|28478,580|28478,761|28478,908|28478,1128|28478,1294|28478,1472|28478,2179|28478,2287|28478,2408|28478,2939|28478,3103|28478,3107|28478,3353|28478,3698|28478,3822|28478,3993|28478,4288|28478,4878|28478,5077|28478,5399|28478,5630|28478,5865|28478,6105|28478,6293|28478,6645|28478,6770|28478,7113|28478,8259|28478,8443|28478,8585|28478,9075|28478,9377|28478,9956|28478,11616|28478,11821|28478,12731|28478,12859|28478,13212|28478,13332|28478,13619|28478,15182|28478,15524|28478,15646|28478,15999|28478,16921|28478,17239|28478,17411|28478,18127|28478,18252|28478,18369|28478,18743|28478,18988
연사4 28478,1298|28478,1476|28478,1673|28478,1945|28478,2585|28478,3357|28478,4136|28478,4296|28478,5240|28478,5403|28478,5407|28478,5634|28478,5990|28478,6113|28478,6782|28478,7238|28478,7366|28478,7561|28478,7782|28478,8735|28478,9204|28478,9385|28478,10081|28478,10211|28478,10388|28478,12316|28478,12507|28478,12735|28478,12863|28478,12992|28478,13460|28478,13755|28478,14926|28478,15186|28478,15309|28478,15536|28478,16125|28478,16338|28478,16925|28478,17093|28478,17415|28478,18373|28478,18503|28478,18755
연사5 28478,1480|28478,5638|28478,6301|28478,9608|28478,9735|28478,10531|28478,12996|28478,13627|28478,13763|28478,13928|28478,13936|28478,15313|28478,15658|28478,16464|28478,17097|28478,17655|28478,18135|28478,18260|28478,18878|28478,18996
연사는 28478,20697
연사수 30838,7790
연사시는 47905,3800
연사의 30838,7718
연사주 48373,2833
연사활위력up 44611,4113|47905,2952|47905,4297|48345,417|48345,1399|48345,5676|48345,5894|48345,10113|48345,12539|48345,13190|48345,13779|48345,13825
연사활의 47905,2965
연석탄 41496,32067
연속 21985,34960|21985,34982|23612,6365|28478,20972|28478,21091|28478,21246|28478,22296|28478,23262|30024,36286|36224,31871|36224,31922|36224,32729|39339,9679|45690,21527|45690,22632|52371,26698
연속공격 30377,28567|30377,28594|36224,31888|36224,31900|48576,24959|48576,24998
연속공격으로 21985,37272
연속베기 36224,32841
연속수렵퀘스트를 53592,15863
연속으로 21985,34824|30024,36504|30024,36571|45690,20547
연속해서 24394,35817
연수의팔찌 53592,15817
연습은 33821,3816
연습의 33821,3284
연습퀘스트 33821,3838
연습퀘스트를 53592,8457
연습하자 21985,35793
연옥 30024,11581|30024,35861
연옥의주인 40740,8055|40740,8116
연이어 24394,35501
연장 37895,483|37895,3649|37895,3801
연장된다 28478,20779
연장을 37895,114
연주 37895,1723|37895,9927|37895,10108|37895,10316|37895,10530|39242,14532|48576,25181|48576,25594|48576,25620|48576,25676
연주3에 48576,25030
연주개시 48576,25065|48576,25375
연주를 48576,25942|48576,25964
연주만큼 48576,25655
연주순서 37895,9011
연주에 48576,25807
연주종료 48576,25391
연주중 48576,25098|48576,25119|48576,25135
연주중에 48576,25222
연주중에는 48576,26431
연주중은 48576,25898
연주할 48576,26014
연주효과 48576,26826
연주１ 48576,25111|48576,25407
연주２ 48576,25127|48576,25425
연주３ 48576,25145|48576,25171|48576,25443
연주３파생 48576,24971
연타가 48576,26774
연타한다 36224,32854
연풍주 48373,7795
연한주황 23612,6129
