0
275
334
730
763
784
805
826
847
864
880
897
926
944
1158
1173
1194
1215
1236
1272
1293
1313
1334
1354
1375
1391
1421
1441
1542
1558
1574
1595
1616
1656
1671
1697
1714
1731
1750
1766
1793
1813
1833
1853
1870
1890
1911
1932
1953
1974
2000
2018
2110
2131
2147
2165
2184
2354
2375
2466
2553
2640
2676
2705
2755
2806
2826
2846
2862
2881
2901
2946
2964
3013
3062
3222
3240
3269
3291
3307
3752
3767
4304
4529
4545
4566
4587
4602
4618
4634
4652
4672
4692
4710
4726
4744
4762
4788
4806
4826
4846
4867
4886
4902
4920
4941
4962
4982
5003
5020
5041
5062
5078
5095
5115
5132
5153
5174
5195
5216
5236
5262
5283
5303
5323
5342
5363
5383
5419
5436
5457
5478
5494
5516
5537
5558
5577
5594
5647
5683
5710
5755
5798
5994
6043
6061
6176
6195
6216
6237
6258
6277
6296
6315
6336
6354
6455
6504
6523
6543
6635
6656
6682
6703
6721
6741
6757
6775
6796
6817
6836
6855
6873
6894
6915
6936
6957
6977
6997
7016
7034
7053
7074
7093
7109
7130
7149
7168
7187
7208
7224
7245
7265
7286
7307
7323
7343
7362
7382
7402
7422
7442
7463
7484
7504
7525
7561
7608
7646
7672
7694
7767
7786
7813
7855
7895
8103
8152
8170
8605
8643
8664
8754
8775
8794
8813
8829
8850
8871
8892
8913
8934
8953
8971
8989
9010
9031
9052
9073
9093
9113
9134
9155
9176
9298
9316
9337
9358
9379
9400
9419
9438
9459
9476
9495
9516
9535
9554
9571
9587
9719
9738
9757
9778
9798
9818
9837
9856
9873
9889
9910
9930
9951
9972
9991
10012
10031
10047
10096
10117
10135
10156
10177
10203
10221
10241
10262
10283
10304
10328
10360
10376
10405
10420
10434
10470
10491
10526
10546
10571
10588
10736
10765
10783
10800
10816
10831
10969
10990
11009
11028
11047
11066
11085
11103
11133
11202
11220
11237
11258
11278
11299
11320
11356
11374
11394
11415
11432
11453
11473
11493
11514
11535
11556
11574
11595
11615
11634
11650
11668
11689
11708
11729
11750
11771
11797
11826
11847
11865
11886
11905
11925
11945
11966
11984
12006
12022
12040
12061
12082
12103
12123
12144
12165
12191
12209
12239
12260
12281
12327
12345
12366
12387
12408
12429
12455
12473
12488
12523
12546
12563
12587
12645
12660
12688
12706
12723
12744
12880
12898
12938
12965
12993
14868
14883
14898
15066
15132
15152
15171
15190
15209
15230
15248
15267
15296
15552
15571
15590
15609
15628
15647
15666
15687
15708
15729
15745
15763
15782
15803
15821
15847
15865
15885
15906
15925
15941
15959
15977
15998
16019
16040
16061
16081
16100
16116
16134
16166
16187
16206
16222
16240
16261
16281
16302
16323
16339
16357
16378
16399
16420
16441
16473
16499
16528
16548
16568
16588
16609
16630
16666
16684
16702
16723
16744
16765
16786
16802
16820
16835
16862
16888
16908
16926
16966
17054
17072
17113
17628
17643
17664
17683
17700
17721
17870
17891
17911
17932
17958
17987
18015
18035
18055
18075
18093
18114
18134
18155
18176
18197
18217
18235
18267
18288
18309
18326
18342
18360
18407
18427
18447
18467
18487
18503
18521
18542
18562
18583
18601
18619
18647
18668
18689
18709
18730
18751
18772
18793
18809
18827
18845
18862
18883
19010
19028
19056
19074
19092
19119
19140
19185
19203
19232
19253
19274
19294
19315
19335
19353
19371
19391
19412
19432
19453
19490
19506
19524
19543
19558
19585
19601
19643
19676
19740
19905
19934
20069
20104
20119
20140
20157
20178
20199
20235
20266
20355
20375
20401
20420
20448
20468
20488
20514
20542
20561
20578
20596
20616
20637
20657
20689
20708
20724
20745
20766
20787
20808
20826
20842
20861
20891
20912
20929
20955
20974
21001
21022
21038
21069
21086
21107
21128
21149
21170
21191
21212
21232
21253
21272
21288
21307
21327
21347
21373
21391
21410
21427
21447
21467
21488
21504
21522
21541
21558
21667
21753
21772
21797
21844
21884
21901
21925
22037
22052
22069
22144
22161
22187
22207
22225
22245
22264
22285
22303
22333
22352
22383
22411
22437
22458
22478
22499
22532
22553
22572
22591
22612
22633
22654
22675
22701
22720
22736
22756
22776
22795
22822
22851
22872
22892
22908
22927
22943
22964
22982
23001
23020
23039
23056
23077
23098
23134
23165
23181
23230
23251
23271
23320
23346
23365
23393
23414
23458
23479
23500
23521
23542
23563
23579
23598
23627
23648
23669
23718
23734
23753
23770
23786
23802
23818
23889
24011
24053
24075
24093
24193
24236
24287
24304
24639
24669
24696
24722
24932
24952
24973
24992
25012
25032
25051
25072
25128
25159
25176
25197
25218
25237
25257
25283
25302
25319
25340
25361
25380
25396
25414
25433
25463
25482
25514
25534
25555
25575
25593
25609
25627
25646
25667
25688
25706
25742
25761
25778
25795
25816
25837
25858
25894
25925
25954
25975
25996
26017
26038
26056
26075
26094
26113
26139
26158
26178
26199
26220
26239
26288
26307
26326
26345
26364
26383
26402
26423
26444
26464
26485
26541
26560
26581
26602
26621
26640
26661
26704
26749
26785
26804
26821
26847
26861
26896
26925
26941
26975
27003
27027
27043
27060
27088
27109
28118
28167
28216
28265
28281
28305
28320
28336
28351
28383
28409
29561
29609
29658
29674
29716
29748
29783
29805
29834
29863
29892
29913
29934
29956
29983
30022
30056
30100
30127
30145
30176
30202
30275
30305
30346
30395
30412
30445
30466
30487
30508
30620
30639
30687
30721
30767
30798
30843
30869
30893
30923
30941
30983
31008
31031
31054
31072
31118
31149
31170
31204
31246
31268
31295
31336
31365
31387
31422
31438
31468
31488
31567
31607
31688
31708
32011
32060
32109
32124
32173
32213
32262
32284
32318
32339
32358
32378
34391
34440
34489
34538
34567
34596
34610
34625
34652
34754
34823
34872
34889
34944
35001
35044
35074
35111
35153
35202
35229
35256
35276
35322
35364
35395
35410
35426
35465
57225
57240
57269
57286
57353
57373
57446
57471
57497
57541
57570
57583
57657
57672
57703
57740
57819
65499
65544
65561
66028
133448
133464
133477
133502
133559
133589
133658
133674
133744
133761
133982
135052
135087
135289
135311
135337
136132
136148
136164
136184
136203
136255
140577
140592
140608
140623
140638
140673
140698
140717
140741
213194
213242
213290
213328
213344
213384
213505
213522
213556
213572
213702
213719
213747
213886
213902
213996
214010
214033
214050
