격돌 27609,8612|27609,9462|31706,1462|31706,6097|35592,313|35592,518|35592,802|35592,1226|35592,8659|35592,8813|35592,9540|35592,9702
격룡의한쌍 30377,10600
격룡창 21985,1194|21985,1414|21985,31939
격류 53592,4525
격앙 33821,3207|40740,7127|53592,17213
격운 42049,9298|42049,10564|42049,15058|44611,4135|44611,4162|44611,7325|44611,7360|44611,7395|44611,7430|44611,7471|44611,7508|44611,7545|47905,8237|48345,9257|48345,10607|48345,15081
격진 53592,7222
격창그라비모스 21985,9377
격철 30024,5981
격추온슬롯 30024,1377
격추온슬롯g 30024,35128
격추왕 53592,7728
격퇴로는 53592,15455|53592,15538|53592,15618
격투 39339,9629|40740,2315|40740,2331
