후는 21985,34979|24394,35336|36224,32924
후라히야몬드 27609,2069|27609,4657|27609,7446
후란마르스 39676,14272
후부터 30024,37620
후에 21985,28123|24394,28127|27368,32413|28478,18015|30024,29213|30377,24373|30838,2837|36224,25692|37895,1655|39242,1362|39242,5867|39242,10515|39676,25411|41496,31154|42049,140|44611,237|45690,17730|45690,19988|45690,21576|45690,25396|47905,10101|48345,142|48576,21993|52371,22727|52371,26797|53592,16573
후에도 36224,31918|39242,10650
후의 24394,35319|36224,32738|45690,21644|45690,25372|52371,26452|52371,26468|52371,26995
후자 28478,22822
후자의 47905,10125
후크로다타키 30024,17189|48576,9271
후크로다타키改 30024,17468
