확률 23612,94|23612,715|23612,1360|23612,2013|23612,2751|23612,3502|23612,4191|23612,4947|23612,5721|23612,6715|23612,6747|23612,6760|23612,6791|23612,6804|23612,6834|23612,6847|23612,6878|23612,6891|23612,7061
확률로 37895,2325|37895,2407|37895,2483|41496,2665|41496,3022|41496,6310|44611,3310|44611,3375|44611,3805|44611,3863|47905,2357|47905,4916|47905,4955|47905,6181|47905,8626|47905,9352
확률을 23612,7467
확률이 23612,6497|23612,7032|23612,7139|23612,7179|23612,7219|23612,7261|23612,7302|39242,4813|39242,8270|39242,9296|44611,3906|44611,3963|44611,4043|44611,4149|44611,4193|44611,4413|44611,4807|47905,6230|47905,6311|47905,6386|47905,6706|47905,6755|47905,6803|47905,6851|47905,8278|47905,8349|47905,8426|47905,8496|47905,9689|47905,9728|47905,9767|47905,9807|47905,9847|47905,9888|48576,26226|48576,26257|48576,26310
확산 28478,20318|28478,21711|28478,23204|45690,991|45690,1213|45690,1397|45690,1612|45690,5925|45690,6154|45690,6353|45690,6560|45690,11519|45690,11679|45690,11861|45690,13430|45690,13574|45690,13751|45690,14385|45690,14543|45690,15566|45690,15769|45690,16010|45690,16324|45690,16533|45690,23273
확산1 27368,28875|28478,576|28478,3585|28478,4512|28478,6981|28478,17227
확산2 28478,355|28478,464|28478,757|28478,3593|28478,4516|28478,4628|28478,6512|28478,7101|28478,7105|28478,9071|28478,9596|28478,9723|28478,9944|28478,9948|28478,10649|28478,10653|28478,10846|28478,11233|28478,11361|28478,12055|28478,12727|28478,14669|28478,16671|28478,16913|28478,17403|28478,17651
확산3 28478,584|28478,1661|28478,1933|28478,3702|28478,4520|28478,4636|28478,4745|28478,4874|28478,5073|28478,5861|28478,6516|28478,6637|28478,7226|28478,7230|28478,7354|28478,7358|28478,7553|28478,8958|28478,9079|28478,9200|28478,9952|28478,10069|28478,10199|28478,10850|28478,11002|28478,11006|28478,11486|28478,11620|28478,12184|28478,12855|28478,14190|28478,14673|28478,14783|28478,14787|28478,14914|28478,15872|28478,16330|28478,16787|28478,16917|28478,17085|28478,18499|28478,18620
확산30 45690,23737
확산4 28478,765|28478,1665|28478,1669|28478,1937|28478,3111|28478,3826|28478,3997|28478,4140|28478,4753|28478,4882|28478,5236|28478,5986|28478,6109|28478,6641|28478,6774|28478,7557|28478,7774|28478,7778|28478,9208|28478,9381|28478,9604|28478,10077|28478,10207|28478,10376|28478,10519|28478,10661|28478,10858|28478,11825|28478,12988|28478,13751|28478,13924|28478,14320|28478,14918|28478,15528|28478,15650|28478,15995|28478,16456|28478,16683|28478,16799|28478,17089|28478,18131|28478,18624|28478,18747|28478,18866|28478,18870|28478,18992|28478,19128|28478,19247|28478,19370
확산5 28478,1941|28478,3361|28478,4300|28478,5081|28478,5244|28478,5411|28478,5642|28478,6297|28478,6778|28478,9389|28478,9731|28478,10384|28478,10527|28478,11014|28478,14454|28478,16121|28478,17865|28478,18139|28478,18628|28478,18751|28478,19000|28478,19251|28478,19382
확산시켜 30838,2847
확산열매 23612,2875|23612,6033|23818,1747|23818,1762|23818,3470|23818,3485|23818,3647|23818,3652|30838,2671|31706,2517|31706,3515|31706,4048|35592,1895|39339,6348|39339,6363|39339,6378|39339,6481|39339,6496|39339,6511|39339,7371|39339,7401|41496,7372|42405,6166|46577,4124|46577,4139
확산은 28478,20716|45690,24768
확산의 28478,21869
확산탄 23612,2866|23612,2901|23612,2937|30838,2569|30838,2629|30838,2691|30838,2750|30838,6125|30838,6162|30838,6213|30838,7307|30838,7344|31706,474|31706,6003|41496,10806|41496,10840|41496,10869
확산탄1의 41496,7402
확산탄3의 41496,9191|41496,9238
확산탄lv1 30838,8201|39676,33443
확산탄lv1추가 47905,3369|48345,5214|48345,13034
확산탄lv2 39676,33464
확산탄lv3 39676,33472
확산탄을 47905,3352
확산탄전레벨추가 47905,3336|48345,3112
확산탄추가 26312,6881|26312,14660|26312,33235|29333,6169|29333,12408|29333,29436|29353,6539|29353,12530|35698,6543|35698,12683|35698,29648|47905,3327|48373,3670|49617,6179|49617,12128
확산툭눈붕어 23612,1424|23612,2948|30838,2794|31706,2414|31706,4492|35592,4861|35592,4952|35592,5025|39339,436|39339,485|39339,545|39339,3359|39339,3409|39572,746|41496,9157|46577,3174|46577,3227|46577,5928
확산형의 45690,22858
확산활위력up 47905,3050|47905,4322|48345,573|48345,1082|48345,1163|48345,5295|48345,8216|48345,12814|48345,15247
확산활의 47905,3062
확실하게 45690,25834
확실하다는 53592,13559
확인 39242,14822|39242,14858|39242,14964
확인되지 31706,6187
확인된 44611,7615
확인하고 53592,17709
확인하자 48576,25560
확인한 53592,13952
확인할 23612,6239|53592,17732|53592,17772
확인해 53592,17496
확장 35592,80|35592,110|35592,3423|35592,4607|53592,14123|53592,14207|53592,14289|53592,14359
확장했다 53592,11066|53592,11090|53592,11118|53592,11143|53592,11172|53592,11199|53592,11225|53592,11253|53592,11280|53592,11303|53592,11330|53592,11356
확정 40740,804|40740,2613|40740,5358|40740,6274
확정보수 39572,311
