노란색과 39242,13283
노란씨 35592,1806
노란씨앗 31706,243|35592,1993|35592,2006|41496,7585
노란씨앗을 35592,1610
노랑 39242,15618
노래 40740,1062|40740,1080
노려 45690,25906|45690,25941
노려도 35592,5431
노려서 30838,693
노력으로 27368,39986
노리고 28478,23369|36224,32693|39242,1917|45690,21871|45690,22184
노리기 39676,32942
노리기도 36224,32650
노리는 28478,21580|28478,22486|45690,24410|45690,24948
노리도록 35592,3550
노리면 35592,5376|48576,26704
노리지 30838,299|30838,1498
노린다 30377,29777|36224,32807
노릴 28478,22303|45690,22080|45690,24337
노릴때 45690,23019
노릴때는 48576,26670
노릴떄는 48576,26623
노멀티켓 21985,658|24394,644|26312,587|26312,13800|27368,615|29333,539|29333,11585|29353,527|29353,11729|30024,655|35698,532|35698,1603|36224,647|39676,654|41496,29353|49617,675|49617,11227
노바크리스탈 21985,7341|23612,4734|23612,4748|24394,8449|26312,15096|26312,22865|26312,23398|26312,23981|26312,24109|27368,16919|27368,19544|27368,20116|27609,4051|27609,4290|27609,7858|28478,6708|28478,14274|29333,13044|29333,15747|29333,16171|29333,17862|29333,21043|29333,21173|29333,22498|29353,13110|29353,16000|29353,17986|29353,21006|29353,21135|30024,3588|30024,9634|30024,26752|30024,30949|30377,1694|35592,3929|35592,3936|35592,4254|35592,9262|35698,13926|35698,18719|35698,21153|35698,21277|35698,24587|35698,24735|36224,5814|36224,12825|36224,13998|39339,2815|39339,2860|39339,7790|39339,7848|39339,8545|39339,8587|39676,27125|41496,8297|42405,1602|42405,5695|45690,2806|45690,3441|45690,3506|46577,2937|46577,3699|46577,3779|46577,4822|48576,10142|49617,12521|49617,12670|49617,17592|49617,19800|49617,20550|49617,20677|49617,21693|49617,29077|52371,15888|52371,15942|52371,16276|52371,17233
노부다랑어 39572,4749
노블프래그랜스 21985,21199
노산 39572,1891|39572,3407|47905,1844
노산룡 28478,22332|31706,1108|31706,5820|35592,714|35592,1068|35592,10634|39242,117|40740,8192|41496,12815|41496,12881|41496,23875|41496,23912|41496,24082|53592,1964|53592,3002|53592,4069|53592,5165|53592,6197|53592,7252
노산룡갑각 21985,22427|21985,34549|28478,15941|29333,10121|30024,26416|30377,17416|39676,7559|41496,24060|48373,8650|49617,9509|49617,9735|52371,21096
노산룡견각 21985,22582|29333,22555|29353,20804|30377,17560|39676,15523|39676,15839|41496,24094|48373,1456|49617,22102
노산룡대발톱 23612,2310|23612,2343|26312,25682|30024,26407|30024,26564|30024,36109|30377,18178|36224,23060|41496,23851|48373,3103|52371,8937
노산룡비늘 24394,21481|26312,11980|28478,15930|29353,10206|30377,17408|30377,18167|35698,10144|35698,10365|36224,21851|39676,7572|41496,23920|48373,3491
노산룡뿔 21985,22420|26312,11993|28478,15923|30377,18160|30377,18326|30377,27881|36224,25044|41496,23887|48373,2773|52371,8887|52371,8930|52371,9124|52371,25923
노산룡상린 21985,22590|26312,25657|29353,22588|30024,36129|30377,17568|35698,22685|36224,23107|39676,15536|41496,23946
노산룡중각 21985,22946|21985,34557|24394,4450|26312,36601|26312,37833|28478,16185|29333,33734|29353,33643|30024,4866|30024,26926|30024,36118|30377,17939|30377,27891|36224,23504|39676,24838|41496,24125|42405,8724
노산룡창각 24394,1802|26312,28289|30377,17745|30377,18491|30377,18667|36224,23043|36224,23090|36224,23265|41496,24152|48373,2808|52371,9329|52371,9546
노산룡창갑각 26312,28263|29333,25029|29333,25155|29353,25008|30024,26732|30377,18499|35698,21201|35698,25103|36224,23051|36224,23098|39676,15812|41496,24182|42405,7932|48373,1580|49617,24562
노산룡창대조 21985,23142|26312,34632|26312,37846|27368,28048|29333,31005|29333,33747|29353,33651|30024,26917|30377,18675|35698,31197|35698,33865|36224,23512|39676,24851|41496,24210|42405,4500|48373,3445|49617,30388|49617,33208|52371,25756
노산룡천린 21985,23134|26312,37860|28478,16177|30024,26937|30377,17958|30377,18694|35698,34238|36224,23521|36224,31597|39676,24865|39676,31268|41496,24032|42405,4631|52371,9565
노산룡포 39676,7477|39676,15425|39676,15724|39676,24765
노산룡포g 39676,31170
노산룡홍옥 21985,22755|21985,23515|24394,34299|28478,16054|30024,26015|30024,26741|30377,18343|35698,25517|35698,29253|36224,23273|39676,15510|39676,15826|39676,31281|41496,24004|42405,3927|42405,9588|52371,25941
노산룡후린 21985,22954|28478,16196|30377,18508|30377,28056|35698,33857|41496,23977|49617,33195|52371,9554|52371,25933
노출되기 28478,23327
노출되어 30838,336
노타우찌덥밥 39572,5162
