상개옥 23612,3960|23612,3992|23818,2393|23818,5183|35592,4024|35592,4100|35592,4362|35592,6626|35592,7414|35592,7596|35592,8293|35592,8922|35592,9083|35592,9804|35592,10014|35592,10506|35592,10562|35592,11244|35592,11393|41496,8540|41496,9696|42405,5318|42405,9470|42405,9757|46577,2864|46577,2961|46577,5349
상공으로 41496,4588
상관 53592,8478|53592,17355
상관없이 39242,1422|47905,5797
상권 31706,954|31706,5676
상기의 39242,14352|53592,10344|53592,10688|53592,11017
상단은 42049,82|48345,84
상단찌르기 21985,34635|21985,35803|45690,20280|45690,21818
상단찌르기나 45690,20561|45690,20935
상단찌르기는 21985,34813
상단찌르기로 21985,35520
상단찌르기를 21985,35773
상단찌르기에서는 45690,22950
상단찌르기와 45690,22284
상단찌르기의 45690,22551
상당한 28478,22089|30024,38422|39242,13340
상당히 30024,38397
상대 39572,2923|39572,3638|39572,4337|39572,5454|39572,6166|45690,24439
상대가 30377,29718|30838,1641
상대로 21985,36108|28478,22656|45690,24519
상대에게 39676,32837|45690,21192
상대에게는 39676,32905
상대와의 28478,23427
상대의 28478,22769
상대하기에 45690,20921
상동 28478,19719|28478,19756
상룡암 27609,4129|39339,2288|39339,3950|39339,4075|39572,2166
상세 30838,26|30838,5308|53592,57
상세화된다 47905,6109
상승 27368,40493|30838,737|30838,1205|30838,1835|30838,2525|39242,8044|39242,8134|39242,8274|39242,8950|39242,9552|41496,723|41496,767|41496,852|41496,2793|41496,7752|41496,11787|41496,30821|44611,3064|44611,4156|44611,4200|47905,108|47905,142|47905,179|47905,4656|47905,4691|47905,5509|47905,5589
상승계 37895,632
상승은 23612,7064|30838,3052
상승을 39242,11223|45690,23903
상승치가 42049,15457|48345,15523
상승치는 39676,32760
상승통폭탄 23612,1474|23612,1514|31706,2490|31706,2988|35592,4691|41496,4497|42405,556|42405,674
상승통폭탄g 23612,1507|35592,4726|41496,4553|42405,565|42405,667|42405,1028
상승폭탄이 44611,3585
상승하고 47905,5267
상승하는 44611,3112|45690,24542
상승하여 47905,2573|47905,2627
상승하지 39242,9582
상승하지만 39242,9621
상승한 23612,7077
상승한다 39242,9391|39242,9526|39676,32724|47905,4744|47905,4790|47905,5284|47905,5373|47905,6390|47905,10583|47905,10627|47905,10670|47905,10713|52371,26667
상승했다 45690,23790
상승후 41496,29737
상식을 53592,15936
상암 30024,25164
상어지느러미 44611,992
상용골 21985,11970|21985,12027|21985,12339|21985,17028|21985,17417|21985,32205|23612,4808|23612,4819|24394,7193|24394,11545|24394,12084|24394,15212|24394,19631|24394,21208|26312,6607|26312,6970|26312,14156|26312,20802|27368,5844|27368,6124|27368,6413|27368,6703|27368,6995|27368,10627|27368,11201|27368,13218|27368,34398|28478,2669|28478,4081|28478,10013|28478,13290|29333,5508|29333,5724|29333,5859|29333,6075|29333,6446|29333,11234|29333,11372|29333,13692|29333,16396|29333,19721|29353,5293|29353,5393|29353,5752|29353,6313|29353,6626|29353,11095|29353,12254|29353,12439|29353,14359|29353,16414|29353,17342|29353,17581|29353,18752|29353,21275|30024,7513|30024,7692|30024,12877|30024,12914|30024,16882|30024,20617|30024,26427|30377,4659|30377,5737|30377,6113|30377,21857|35592,8930|35592,9110|35592,9869|35592,9942|35698,5833|35698,6450|35698,6865|35698,11415|35698,12397|35698,12792|35698,13539|35698,13664|36224,4763|36224,5072|36224,10912|36224,29161|39676,3400|39676,4860|39676,10355|41496,12642|42405,4016|42405,7813|42405,7889|42405,8359|45690,4967|45690,8808|48576,953|48576,8069|49617,5923|49617,6087|49617,6268|49617,6486|49617,8595|49617,10573|49617,10748|49617,13535|49617,14020|49617,16039|49617,16749|49617,16852|49617,18251|49617,18511|49617,18878|49617,25909
상위 21985,1398|21985,2052|21985,2317|21985,2492|21985,4226|21985,4466|21985,4661|21985,4850|21985,5039|21985,5442|21985,5696|21985,6608|21985,7026|21985,9350|21985,9790|21985,10781|21985,12099|21985,12261|21985,12501|21985,12687|21985,13432|21985,13684|21985,14401|21985,15141|21985,15640|21985,15835|21985,16353|21985,17497|21985,18948|21985,19716|21985,20425|21985,21178|21985,21572|21985,21954|21985,22514|21985,22678|21985,23436|21985,23759|21985,24865|21985,25335|21985,25448|21985,25586|21985,25921|21985,26091|21985,26709|21985,27061|21985,27709|23818,318|23818,611|23818,893|23818,1211|23818,1591|23818,2110|23818,2947|23818,3245|23818,3621|23818,4041|23818,4358|23818,4867|23818,5502|24394,1386|24394,1719|24394,1886|24394,2171|24394,2363|24394,3879|24394,4132|24394,4824|24394,5749|24394,7825|24394,8352|24394,9929|24394,10768|24394,10958|24394,11156|24394,11812|24394,12267|24394,12461|24394,12664|24394,12935|24394,13714|24394,14344|24394,15298|24394,16240|24394,16415|24394,17144|24394,18044|24394,19043|24394,19762|24394,21735|24394,22306|24394,22630|24394,23220|24394,23568|24394,24231|24394,24755|24394,25755|24394,26209|24394,26325|24394,26468|24394,26812|24394,26982|24394,27419|26312,38409|27368,10651|27368,10934|27368,11225|27368,11523|27368,11810|27368,12099|27368,12387|27368,12669|27368,12958|27368,13253|27368,13546|27368,13833|27368,14121|27368,14412|27368,14689|27368,15074|27368,15371|27368,15659|27368,15949|27368,16236|27368,16537|27368,16941|27368,17241|27368,17530|27368,17814|27368,18100|27368,18390|27368,18672|27368,18960|27368,19277|27368,19567|27368,19847|27368,20139|27368,20443|27368,20731|27368,21025|27368,21308|27368,21549|27609,451|27609,1541|27609,2544|27609,3414|27609,4447|27609,5396|27609,6142|27609,6901|27609,7774|27609,8246|28478,1324|28478,2746|28478,2969|28478,4162|28478,4909|28478,5895|28478,6020|28478,6670|28478,7388|28478,8171|28478,9233|28478,10235|28478,10693|28478,10890|28478,11519|28478,12082|28478,12211|28478,12761|28478,12889|28478,13489|28478,13786|28478,14225|28478,14817|28478,16022|28478,16366|28478,16826|28478,16952|28478,17265|30024,1359|30024,2071|30024,2261|30024,2438|30024,2699|30024,2878|30024,3481|30024,4375|30024,4559|30024,5426|30024,6472|30024,6812|30024,6978|30024,7155|30024,7600|30024,7795|30024,9537|30024,10722|30024,11356|30024,11553|30024,12220|30024,12977|30024,13212|30024,13383|30024,13568|30024,13973|30024,14145|30024,14758|30024,15327|30024,15860|30024,17172|30024,19062|30024,19562|30024,21476|30024,21936|30024,22048|30024,22187|30024,22527|30024,22692|30024,23281|30024,23613|30024,23773|30024,24571|30024,24924|30024,25590|30024,25921|30024,26658|30024,27234|30024,27770|30024,28099|30024,28633|30377,1598|30377,2664|30377,3500|30377,4743|30377,6193|30377,6621|30377,7400|30377,8583|30377,9127|30377,9550|30377,10392|30377,10579|30377,11076|30377,11252|30377,12326|30377,12524|30377,12682|30377,13352|30377,14047|30377,14712|30377,14878|30377,15521|30377,16119|30377,16472|30377,16962|30377,17494|30377,17659|30377,18259|30377,19101|30377,19449|30377,19621|30377,20246|30377,20667|30377,21307|30377,21769|30377,22648|30377,23234|30377,23558|35592,3687|35592,3690|35592,6680|35592,7640|35592,8335|35592,9133|35592,9973|35592,10582|35592,11025|35592,11136|35592,11287|35592,11446|36224,1284|36224,1696|36224,1878|36224,3241|36224,3414|36224,3929|36224,5161|36224,6249|36224,8130|36224,8356|36224,10323|36224,10743|36224,11004|36224,11263|36224,11530|36224,12708|36224,13886|36224,14087|36224,14842|36224,15718|36224,16554|36224,17462|36224,17824|36224,19176|36224,19881|36224,20237|36224,22133|36224,22459|36224,22977|36224,23187|36224,23727|36224,25201|39339,393|39339,775|39339,1752|39339,2403|39339,3719|39339,4429|39339,5145|39339,5868|39339,6657|39339,7568|39339,8501|39339,9174|39676,8027|39676,8297|39676,8585|39676,8882|39676,9173|39676,9477|39676,9779|39676,10079|39676,10364|39676,10653|39676,10937|39676,11331|39676,11627|39676,11928|39676,12228|39676,12521|39676,12929|39676,13221|39676,13505|39676,13801|39676,14102|39676,14389|39676,14678|39676,14962|39676,15258|39676,15557|39676,15859|41496,8095|41496,8165|41496,8253|41496,8322|41496,8611|41496,8651|41496,10063|41496,10196|41496,11973|41496,12137|41496,12331|41496,12418|41496,12721|41496,12984|41496,13184|41496,13311|41496,13445|41496,13635|41496,13771|41496,13826|41496,14057|41496,14109|41496,14201|41496,14325|41496,14375|41496,14463|41496,14592|41496,14645|41496,14710|41496,14834|41496,14885|41496,14973|41496,15030|41496,15082|41496,15135|41496,15241|41496,15318|41496,15396|41496,15486|41496,15594|41496,15674|41496,15758|41496,15898|41496,15999|41496,16079|41496,16160|41496,16215|41496,16432|41496,16569|41496,16648|41496,16924|41496,16981|41496,17094|41496,17301|41496,17361|41496,17415|41496,17473|41496,17555|41496,17709|41496,17787|41496,17877|41496,17959|41496,18046|41496,18098|41496,18124|41496,18152|41496,18387|41496,18470|41496,18645|41496,18806|41496,18957|41496,19192|41496,19273|41496,19354|41496,19436|41496,19525|41496,19605|41496,19659|41496,19723|41496,19919|41496,19970|41496,20048|41496,20126|41496,20343|41496,20423|41496,20558|41496,20622|41496,20676|41496,20730|41496,20788|41496,20870|41496,20958|41496,21042|41496,21147|41496,21203|41496,21307|41496,21442|41496,21522|41496,21600|41496,21686|41496,21739|41496,21765|41496,21791|41496,21844|41496,21897|41496,21949|41496,22006|41496,22111|41496,22172|41496,22369|41496,22447|41496,22679|41496,22760|41496,22959|41496,23012|41496,23099|41496,23179|41496,23325|41496,23379|41496,23555|41496,23611|41496,23966|41496,24025|41496,24114|41496,24175|41496,24203|41496,24288|41496,24393|41496,24561|41496,24872|41496,24956|41496,25039|41496,25428|41496,25455|41496,25542|41496,25654|41496,25717|41496,25884|41496,26589|41496,26642|41496,26721|41496,26775|41496,26843|41496,26896|41496,26952|41496,27008|41496,27039|41496,27065|41496,27091|41496,27118|41496,27148|41496,27385|41496,28766|41496,30291|41496,30448|41496,30501|41496,30556|41496,31775|41496,31837|41496,31896|41496,32164|41496,32319|41496,32417|41496,32485|41496,32809|44611,4893|45690,1451|45690,2700|45690,2896|45690,3330|45690,5072|45690,5276|45690,6405|45690,7204|45690,7418|45690,8317|45690,8906|45690,9108|45690,10404|45690,10661|45690,11735|45690,12104|45690,12792|45690,13627|45690,14052|45690,14430|45690,14892|45690,15611|45690,25864|46577,311|46577,540|46577,1005|46577,1421|46577,1928|46577,2206|46577,2519|46577,2789|46577,3379|46577,4037|46577,4420|46577,4682|46577,5287|46577,6047|48373,1466|48373,1525|48373,1599|48373,1658|48373,1765|48373,1812|48373,1963|48373,2143|48373,2204|48373,2399|48373,2511|48373,2826|48373,2905|48373,2971|48373,3114|48373,3769|48373,4064|48373,4199|48373,4259|48373,5001|48373,5234|48373,5391|48373,5586|48373,5647|48373,5777|48373,5985|48373,6070|48373,6122|48373,6171|48373,6366|48373,6423|48373,6688|48373,6853|48373,7039|48373,7513|48373,8162|48373,8274|48373,8557|48373,8705|48373,8801|48373,9213|48576,1053|48576,1986|48576,2903|48576,3212|48576,4770|48576,5056|48576,6260|48576,6466|48576,6842|48576,8165|48576,8365|48576,8612|48576,9953|48576,11366|48576,12261|48576,13039|48576,13242|48576,14254|48576,14707|48576,15534|48576,16477|48576,16918|48576,17468|48576,18316|48576,18877|48576,20146|48576,21292|52371,1865|52371,2737|52371,2920|52371,3127|52371,3557|52371,4411|52371,4826|52371,5079|52371,6677|52371,7089|52371,7310|52371,8421|52371,9227|52371,10031|52371,11137|52371,11731|52371,12519|52371,12989|52371,14052|52371,14919|52371,15267|52371,16013|52371,17170|52371,17324|52371,17498|52371,17995|52371,18201|52371,18683|52371,19787|52371,20596|52371,21172|52371,21406|52371,21798|53592,14826|53592,14900|53592,14973
상위의 39242,8743|39242,8774
상자내 23612,6376
상자의 35592,11931
상점판매 28478,19566|28478,19610|28478,19662|28478,19831|30838,143|30838,191|30838,243|30838,862|30838,913|30838,966|30838,1326|30838,1373|30838,1422|30838,1981|30838,2678|30838,3176|30838,3237|30838,3297|30838,3358|30838,3414|30838,3851|30838,3901|30838,4215|30838,4332|30838,4451
상질의모피 26312,13792|26312,13812|26312,13959|26312,14167|26312,14189|26312,19524|29333,11577|29333,11597|29333,12516|29333,16735|29353,11721|29353,11741|29353,11972|29353,16939|35592,6936|35698,11836|35698,15488|41496,13752|42405,3802|49617,11219|49617,11239|49617,11798|49617,11841|49617,16377
상질의휘어진뿔 21985,16249|24394,14451|26312,12005|26312,18824|26312,22850|26312,24236|26312,32084|28478,12115|28478,12260|29333,5909|29333,16257|29333,19876|29333,21345|29353,16355|29353,20004|29353,21260|30024,13662|30377,14120|30377,27181|36224,10227|39676,4568|39676,10641|39676,13209|39676,25925|41496,22294|42405,9193|48373,1646
상처없는 53592,16900
상처있는 53592,16911
상태 24394,34595|24394,34666|27368,229|27368,4559|27368,7220|27368,10478|27368,14906|27368,16754|27368,21766|27368,27354|27368,32486|27368,39569|28478,20896|28478,21167|30024,36438|30024,38133|36224,32559|39242,12595|39676,233|39676,2646|39676,5098|39676,7841|39676,11167|39676,12751|39676,16089|39676,20329|39676,25481|39676,31537|40740,2887|45690,19545|45690,20651|45690,20662|47905,10070|52371,26062
상태가 30377,28730|39242,2174|39242,14259|44611,4763|45690,23459|45690,25134|47905,1663|47905,1707|48576,25924
상태내성 26312,36444|26312,36521|29333,32548|29333,32621|29353,32448|29353,32522|35698,32696|35698,32770|47905,2060|49617,31974|49617,32048
상태라면 30377,29822|30377,30029|39242,3680
상태로 21985,35075|21985,35175|23612,6943|24394,34643|24394,35235|24394,35449|39242,563|39242,919|40740,2785|41496,463|41496,3852|44611,7799|45690,23571|53592,14518|53592,16349|53592,16456
상태로부터 30024,37907|40740,3576|40740,3735
상태를 28478,23052|28478,23071|30377,29110|41496,1560|45690,23527|52371,26755
상태에서 24394,35669|39242,13669|44611,5487|45690,20477|47905,2718|53592,14536
상태에서는 39676,31872
상태에서도 36224,32091
상태에서만 28478,223
상태여도 52371,26953
상태의 21985,224|24394,214|30024,214|30377,214|36224,216|39242,10776|45690,221|45690,25283|48576,221|52371,707
상태이므로 39242,13329
상태이상 27368,40116|28478,19667|28478,20188|30838,4798|36224,32745|39242,825|39242,884|39676,31969|41496,805|41496,1552|41496,1662|41496,1879|41496,5976|41496,6291|41496,6785|41496,6929
상태이상공격 39242,7785|39242,11810|44611,3629
상태이상공격강화 42049,1045|42049,3644|42049,3766|42049,5596|42049,7705|42049,8655|42049,9448|42049,9539|42049,11308|42049,11963|44611,3663|47905,4630|48345,3625|48345,3708|48345,5599|48345,7704|48345,8637|48345,9399|48345,9542|48345,11982
상태이상공격강화는 39242,12969
상태이상공격강화로 30838,4644
상태이상공격강화술 39242,7763
상태이상공격을 48576,26615
상태이상병을 28478,19865
상태이상속성공격을 39242,840
상태이상속성병 28478,22446
상태이상속성수치가 47905,4639
상태이상속성을 30838,4526
상태이상속성탄 30838,4107
상태이상에 47905,5042
상태이상으로 28478,21818
상태이상을 28478,22480|39242,11886
상태이상의 28478,19884|39242,913
상태이상이 30024,38063|30024,38089|39242,14940
상태이상탄 30838,6066|30838,6188|30838,7207|30838,7353|41496,4756|41496,4832
상태일 39242,549|39242,14852
상태일때 47905,8716
상토각오 39242,5043|39242,12173
상하기 36224,32220
상한 47905,2301
상한선 47905,5637
상한에 39242,11081
상한은 39242,2360|39242,4250|41496,7780
상한을 41496,2715|41496,2783
상한이 41496,716|41496,760|41496,7730
상한치가 39242,3565
상한치는 39242,3608
상향 45690,23692
상황 45690,24280
상황도 28478,23376
상황에서 30838,1540
상황을 28478,22991
상황이 45690,24929
상회하고 45690,23499
