클레오빠삐용 39572,1876|39572,3363
클로버 39572,5232
클리어 26312,38416|26312,38431|30838,985|30838,1441|31706,1476|31706,1501|31706,1528|31706,1559|31706,1589|31706,4784|31706,4805|31706,6115|31706,6148|31706,6168|33821,629|33821,1727|33821,1814|33821,1839|33821,1934|33821,1960|33821,2058|33821,2082|33821,2180|33821,2204|33821,2299|33821,2321|33821,2415|33821,3314|33821,3357|33821,3734|33821,3755|33821,3888|33821,4094|33821,4225|33821,4780|33821,5396|35592,327|35592,358|35592,435|35592,532|35592,563|35592,638|35592,718|35592,766|35592,816|35592,847|35592,915|35592,989|35592,1042|35592,1072|35592,1118|35592,1157|35592,1188|35592,1240|35592,1271|35592,1516|35592,1559|35592,6373|35592,6519|35592,7313|35592,7474|35592,8247|35592,8983|35592,9861|35592,10006|35592,10291|35592,10381|35592,10498|35592,10610|35592,10639|35592,11054|35592,11165|35592,11316|35592,11470|35592,11740|39242,5991|39242,6034|39242,6077|39572,333|41496,29498|44611,1267|44611,1281|44611,1293|44611,1306|53592,368|53592,406|53592,444|53592,482|53592,520|53592,556|53592,596|53592,636|53592,676|53592,707|53592,739|53592,770|53592,801|53592,833|53592,864|53592,897|53592,928|53592,961|53592,995|53592,1028|53592,1062|53592,7835|53592,7866|53592,7897|53592,7928|53592,7959|53592,7990|53592,8021|53592,8052|53592,8084|53592,8117|53592,8149|53592,8182|53592,8214|53592,8250|53592,8301|53592,8334|53592,8365|53592,8400|53592,8435|53592,8467|53592,11964|53592,12830|53592,12908|53592,12984|53592,13059|53592,13466|53592,13547|53592,13628|53592,13701|53592,13783|53592,14852|53592,14926|53592,14999|53592,15082|53592,15166|53592,15241|53592,15313|53592,15384|53592,15776|53592,15872|53592,15928|53592,15999|53592,16032|53592,17347|53592,17487
클리어가 33821,3427
클리어길드 41496,8841
클리어로 33821,2710|33821,2921|33821,3134|33821,3242|33821,4466|33821,4573|41496,8668|41496,29054|41496,29093|41496,29125|41496,29179|41496,29213
클리어시 47905,8244|47905,8315|47905,8392|47905,8462
클리어시에 39242,13536
클리어클리어로 41496,8735|41496,8806
클리어한 33821,3811|53592,15144|53592,15291
클린 45690,25816|45690,25881
