사거리 45690,23122
사검 24394,7463|24394,7677|24394,7838|24394,8002|24394,8180|24394,8374|24394,29397|24394,29582|24394,29930
사격술 44611,4073|44611,6017|44611,6585|44611,6709
사격중을 39676,32435
사냥감을 53592,13259|53592,13333
사냥꾼t셔츠 29333,20378
사냥꾼t셔츠x 29333,30677
사냥꾼을 40740,5908
사냥꾼의 40740,5972
사냥꾼티켓 29333,20419|41496,30430|42405,843
사냥시 39242,2389
사냥한 53592,13264|53592,13341
사다르메리크 21985,3198
사다르스드 21985,2922
사람과 28478,23538
사람만이 53592,13799
사람은 45690,23603|53592,13074|53592,17463
사람의 48576,26875
사랑 53592,11778
사룡 40740,620|53592,15415
사룡가죽 21985,6869|21985,6921|24394,8246|29333,8280|29333,17259|35592,10407|35698,17041|35698,17994|35698,18796|36224,24895|41496,13778|42405,7953|49617,7645|49617,12013|49617,16937|49617,18499|52371,21887
사룡갈기 21985,8094|24394,14810|26312,2922|26312,10120|27368,1738|27368,5001|29333,2828|29353,3022|30024,6210|30377,5563|35698,8742|36224,14405|39676,1774|41496,18053|48373,3590|48373,7771
사룡머리 21985,6876|21985,6914|21985,7121|24394,8439|24394,30097|26312,9745|27368,27501|30024,2784|36224,18344|41496,13886|42405,5201|45690,2616|48373,4159
사룡비늘 21985,8049|24394,14852|26312,2934|26312,3840|26312,4758|27368,1750|27368,1792|27368,4989|29333,2844|29333,8559|29353,3033|29353,4695|29353,8614|30377,5726|35698,3046|35698,3953|39676,1786|41496,17995|42405,8224|45690,8628|48373,4723|48373,4779|48373,7725|49617,3085|49617,7918
사룡상갈기 21985,4356|21985,4573|26312,15974|26312,27219|27368,11757|28478,7440|29333,24099|29353,13835|35698,13877|35698,26987|36224,27443|39676,8540|41496,18078|45690,19101|49617,13386
사룡상린 21985,4313|24394,12361|24394,32189|26312,15962|26312,17244|27368,11770|27368,34374|29333,14985|29353,13824|29353,14950|29353,24055|29353,26838|30377,26849|35592,8398|35698,13866|35698,14727|35698,15048|35698,19691|35698,24189|39676,8553|39676,9758|41496,18027|49617,13375|49617,14557|49617,23664
사룡상피 21985,7114|24394,8432|24394,30078|26312,24426|29333,21495|29353,15835|29353,19768|29353,21459|29353,21739|35698,14265|35698,15915|35698,19038|35698,21627|35698,21825|41496,13808|48576,6969|49617,19574|49617,21034|49617,21230
사룡자린 24394,15642|26312,21263|26312,22359|27368,15911|29333,18531|29353,18679|29353,29494|35698,18658|39676,8565|39676,10343|41496,18105|42405,4426|49617,18303
사룡특상피 21985,7312|24394,30089|26312,31554|27368,24520|27368,39333|29353,27782|29353,30717|35592,10793|35698,26159|35698,27874|35698,29018|35698,29376|35698,31016|36224,30728|41496,13833|48373,799|48576,22756|49617,28400|49617,29607|49617,30308|52371,22066
사룡핑크갈기 24394,12568|24394,15882|24394,32720|26312,21275|27368,15897|27368,34659|28478,7489|29333,18542|29353,18690|35698,18669|35698,29743|36224,14946|36224,30041|39676,27409|41496,18131|42405,4431|48373,4834|49617,18315
사막 23818,5528|33821,1786|33821,4054|35592,7914|39572,721|39572,1647|39572,1908|39572,3922|39572,4234|39572,4315|40740,441|40740,457|40740,4777|40740,4793|42405,4757|42405,4836|42405,5541|47905,6954|47905,7004|47905,7061|47905,7114|47905,7174|47905,7243|47905,7319|47905,7388|48373,512|48373,7732|48373,8445|53592,7848
사막에서 39572,691|39572,3899
사막에서의 53592,7851
사막의 23818,5656|23818,5719|33821,2907|40740,6925|40740,6985
사막이나 47905,7178|47905,7247|47905,7323|47905,7392
사망 41496,1068|41496,1139|41496,1264|41496,1330
사무라이 53592,9075
사바스챤 39572,2729
사사자 23818,5666|40740,6942
사수 26312,38355|29333,34251|29353,34138|30838,725|30838,1193|30838,1823|35698,34321|47905,4280|49617,33674
사신 53592,7020
사실 45690,24127|45690,26109
사실은 45690,25204
사용 21985,34985|21985,35220|24339,84|30377,28777|30838,561|35592,4779|35592,5251|39242,6741|39242,10844|41496,2446|41496,2503|41496,4003|41496,4166|41496,4771|41496,4847|41496,5305|41496,5355|41496,5406|41496,5508|41496,5553|41496,5601|41496,7532|41496,7578|41496,7621|41496,8967|41496,9568|41496,9643|41496,31208|41496,31427|45690,19980|45690,23452|45690,25748|49486,84
사용가능 41496,3828|41496,3959|41496,11339|41496,11531|47905,3116|47905,3155|47905,3184|47905,3220|47905,3247|47905,3287|47905,3318|47905,3357|47905,3386|47905,4025|47905,4080|47905,4135|47905,4190|47905,4245
사용가능음색 37895,9004
사용가능한적 37895,3853|37895,9026
사용도 36224,32114
사용되고 30838,5357
사용될때 37895,9021
사용불가 41496,1834|41496,6945
사용사용할 47905,4034|47905,4089|47905,4144|47905,4199|47905,4254
사용시의 41496,91|41496,7838|41496,8910|41496,10376|41496,11483|41496,11885|41496,27559|41496,28965|41496,30683|41496,31474
사용에 30838,3025
사용율도 39242,12574
사용을 39242,12904|47905,1653
사용이 21985,34963
사용퀘스트 23818,5446|27609,8191|39339,9119|46577,5994
사용하기 30838,7701
사용하기가 30838,1121
사용하기는 30838,2210
사용하는 24394,35505|30024,37895|30377,29939|30838,491|30838,4809|36224,32138|39242,879|39242,1954|39242,2219|39242,12938|39242,13495|39676,32875|45690,23598|45690,24264|47905,8824|47905,8874|47905,8925|47905,8997|48576,25660
사용하는것에 39242,459
사용하도록 21985,35877
사용하면 30024,38458|30838,7610|37895,1665|39242,1047|39242,1127|39242,2841|39242,13408|41496,2317|41496,3466|44611,5438
사용하므로 39242,12391
사용하자 30377,29632|45690,21891
사용하지 30377,30041
사용하지만 39242,12564
사용한 53592,14605|53592,15727|53592,16654
사용한다 21985,36195
사용할 27609,335|30838,2491|30838,3958|30838,4627|36224,32147|36224,32521|39242,772|39242,11568|39242,14117|39339,219|39572,194|39676,31999|45690,24831|48576,26889
사용할수 27368,40353|39676,32381|48576,25750
사용해 30377,29841|39242,9699|48576,26386
사용해도 36224,32367|36224,32457|39242,14509
사용해서 24394,34799
사용해서까지 39242,13040
사용후 41496,3682
사원체 52371,14283|52371,14511
사이 39676,33191
사이는 45690,25125
사이드 45690,21672|45690,21725
사이드스텝 21985,34735|45690,20173
사이에 39242,15174
사이에만 45690,20775
사이즈 40740,28|40740,4629|40740,4658|40740,6106|40740,8196|40740,8223|40740,8282|40740,8321|40740,8359|53592,7507|53592,7547|53592,7585
사이즈가 40740,694
사이즈는 40740,3556|40740,3715|40740,4819|40740,4975
사이클론 30377,11265|53592,3931
사이클론g 30377,25985
사이클롭스해머 30024,12351|48576,619
사일런트 53592,3956
사자 53592,2656
사자무 52371,2757
사자왕 52371,2943
사자황 52371,3153
사정거리가 30838,3517
사정거리는 30838,1798
사정거리를 45690,22846
사진 53592,4452
사창 21985,6805|21985,7043|21985,7244
사투 40740,580
사항 35592,11720
