귀곡참파도 52371,2108|52371,2351
귀마개 28478,22588|37895,2668|42049,2626|42049,2907|42049,3946|42049,4767|42049,6475|42049,6843|42049,8650|42049,9615|42049,11973|42049,12436|42049,13385|42049,14838|42049,14988|47905,1859|48345,2595|48345,2901|48345,3948|48345,4765|48345,6492|48345,6868|48345,8632|48345,9621|48345,11955|48345,12460|48345,13349|48345,15011
귀마개가 30377,29003
귀섬 27368,10178
귀신버섯 44611,894
귀신봉 24394,12689
귀신참파도 52371,1885
귀신창라쟌 21985,13917
귀인 27368,436|27368,700|27368,1002|27368,1299|27368,1585|27368,1877|27368,2161|27368,2449|27368,2727|27368,3015|27368,3300|27368,3569|27368,3853|27368,4141|27368,4420|27368,4817|27368,5103|27368,5390|27368,5673|27368,5954|27368,6233|27368,6515|27368,6804|27368,7081|27368,7484|27368,7782|27368,8071|27368,8351|27368,8639|27368,8923|27368,9200|27368,9493|27368,9807|27368,10099|27368,10339|27368,10729|27368,11012|27368,11303|27368,11601|27368,11888|27368,12177|27368,12465|27368,12747|27368,13036|27368,13331|27368,13624|27368,13911|27368,14199|27368,14490|27368,14767|27368,15152|27368,15449|27368,15737|27368,16027|27368,16314|27368,16615|27368,17019|27368,17319|27368,17608|27368,17890|27368,18178|27368,18468|27368,18750|27368,19038|27368,19355|27368,19645|27368,19925|27368,20217|27368,20521|27368,20809|27368,21103|27368,21386|27368,21627|27368,22026|27368,22313|27368,22604|27368,22890|27368,23181|27368,23473|27368,23763|27368,24052|27368,24330|27368,24630|27368,24926|27368,25211|27368,25491|27368,25776|27368,26065|27368,26349|27368,26637|27368,26926|27368,27214|27368,27603|27368,27888|27368,28180|27368,28463|27368,28767|27368,29057|27368,29336|27368,29627|27368,29917|27368,30223|27368,30509|27368,30795|27368,31091|27368,31381|27368,31712|27368,31991|27368,32283|27368,32732|27368,33024|27368,33324|27368,33617|27368,33911|27368,34203|27368,34485|27368,34772|27368,35058|27368,35350|27368,35637|27368,35925|27368,36217|27368,36507|27368,36802|27368,37094|27368,37386|27368,37670|27368,37950|27368,38255|27368,38559|27368,38848|27368,39136|27368,39422|36224,32183|39676,452|39676,757|39676,1055|39676,1335|39676,1615|39676,1904|39676,2201|39676,2498|39676,2905|39676,3200|39676,3490|39676,3784|39676,4069|39676,4370|39676,4662|39676,4950|39676,5357|39676,5645|39676,5933|39676,6221|39676,6511|39676,6809|39676,7096|39676,7392|39676,7693|39676,8109|39676,8379|39676,8667|39676,8964|39676,9255|39676,9559|39676,9861|39676,10161|39676,10446|39676,10735|39676,11019|39676,11413|39676,11709|39676,12010|39676,12310|39676,12603|39676,13011|39676,13303|39676,13587|39676,13883|39676,14184|39676,14471|39676,14760|39676,15044|39676,15340|39676,15639|39676,15941|39676,16343|39676,16636|39676,16931|39676,17221|39676,17510|39676,17810|39676,18109|39676,18406|39676,18698|39676,19002|39676,19294|39676,19576|39676,19878|39676,20168|39676,20575|39676,20862|39676,21163|39676,21453|39676,21743|39676,22030|39676,22321|39676,22617|39676,22920|39676,23213|39676,23505|39676,23805|39676,24094|39676,24387|39676,24680|39676,24968|39676,25269|39676,25739|39676,26034|39676,26333|39676,26626|39676,26920|39676,27219|39676,27516|39676,27810|39676,28112|39676,28405|39676,28695|39676,28997|39676,29299|39676,29605|39676,29903|39676,30193|39676,30487|39676,30780|39676,31085|39676,31385|52371,26752
귀인게이지 52371,26242|52371,26256|52371,26595|52371,26725
귀인게이지가 52371,26629
귀인게이지를 52371,26903
귀인게이지의 47905,5698|47905,5761
귀인베기 52371,26112|52371,26705|52371,26736
귀인베기1 52371,26236|52371,26271|52371,26349|52371,26446
귀인베기2 52371,26459
귀인약 21985,11835|23612,468|23612,501|23818,1054|27609,5754|39339,6516|39572,1286|41496,1009|42405,1880|42405,2592|42405,5419|42405,6529|46577,1452|48373,147|52371,11455
귀인약g 21985,8295|21985,11988|23612,496|23612,2124|24394,9492|24394,11731|24394,15032|24394,31137|24394,31318|30024,12725|35698,18730|36224,9764|41496,1078|42405,2018|42405,2755|42405,3043|42405,3198|42405,5442|42405,6265|42405,9030|48373,193|48373,9287
귀인약의 30838,5117
귀인연계의 52371,26338|52371,26366|52371,26417
귀인적 23612,2120|39572,844|41496,6013|42405,1590|42405,3203|42405,9523
귀인적과 39242,6522
귀인탄 23612,3426|30838,5083|30838,5212|30838,6079|30838,7220|39676,33391|41496,11394
귀인피리 39242,12777
귀인피리술 39242,6477
귀인화 30377,28483|30377,28726|30377,29106|30377,29750
귀인화r 30377,30090
귀인화중의 30377,28514
귀인화하고 30377,29848
귀인화하는 30377,30014
귀인화해제 30377,28656
귀족매미 39572,5143
귀중한 21985,36086|39242,13028
귀참파 52371,1686
귀창라쟌 21985,13451
귀철 30024,2456
귀철의명 30024,3306
귀철환 30024,2898
귀철환改 30024,3092
귀치도 24394,3758|52371,18004
귀치도계 52371,17826
귀환구슬 23612,1195|23818,4075|27609,1013|27609,2918|27609,5613|27609,6528|31706,1951|31706,2428|31706,3091|31706,3537|31706,4320|39339,3926|39339,4698|41496,3641|46577,3909
귀환한다 41496,3673
