0
15
33
47
99
127
143
263
280
321
370
398
417
437
457
478
497
515
533
552
571
590
610
631
652
674
694
713
732
752
772
792
820
840
861
882
904
924
943
962
982
1002
1022
1052
1072
1093
1114
1136
1156
1175
1194
1214
1234
1254
1284
1304
1325
1346
1368
1388
1407
1426
1446
1466
1486
1504
1523
1544
1565
1584
1604
1622
1639
1656
1755
1773
1791
1809
2240
2260
2299
2318
2336
2367
2386
2408
2427
2446
2461
2499
2514
2533
2550
2569
2587
2710
2727
2743
2759
2775
2795
2817
2838
2856
2874
2892
2911
2930
2950
2968
2987
3007
3026
3046
3077
3110
3125
3182
3280
3294
3312
3330
3345
3360
3385
3676
3693
3721
3899
3914
3929
3944
