배가 47905,9634
배고픔 26312,1302|26312,1377|26312,2916|26312,3011|26312,3134|26312,3203|26312,3309|26312,3377|26312,4782|26312,4851|26312,7064|26312,7181|26312,7243|26312,7587|26312,9107|26312,9865|26312,9989|26312,12149|26312,14670|26312,16369|26312,16430|26312,16894|26312,16955|26312,17199|26312,17315|26312,21257|26312,21368|26312,21486|26312,21556|26312,22370|26312,22432|26312,23012|26312,23126|26312,23651|26312,26766|26312,29213|26312,29284|26312,32804|26312,32867|26312,33284|26312,33393|26312,36254|26312,36309|29333,451|29333,1215|29333,1294|29333,2822|29333,3004|29333,3073|29333,3137|29333,4416|29333,6352|29333,6469|29333,6531|29333,6756|29333,7653|29333,8401|29333,10283|29333,12418|29333,14192|29333,14253|29333,14644|29333,14909|29333,18510|29333,18706|29333,18776|29333,19412|29333,20035|29333,20715|29333,23657|29333,25970|29333,26034|29333,29014|29333,29484|29333,32351|29333,32406|29353,439|29353,1256|29353,1376|29353,2996|29353,3193|29353,3260|29353,3368|29353,3434|29353,4636|29353,6702|29353,6767|29353,7095|29353,7687|29353,8436|29353,10365|29353,12540|29353,14132|29353,14599|29353,14858|29353,18658|29353,18852|29353,18920|29353,19550|29353,20211|29353,20272|29353,20678|29353,23618|29353,25907|29353,25961|29353,29005|29353,29470|29353,29576|29353,32250|29353,32305|35698,441|35698,1233|35698,1345|35698,3040|35698,3145|35698,3265|35698,3333|35698,3404|35698,4670|35698,6730|35698,6809|35698,7092|35698,7830|35698,8579|35698,10303|35698,12693|35698,14178|35698,14649|35698,14953|35698,18637|35698,18835|35698,18904|35698,19612|35698,20238|35698,20843|35698,23676|35698,26013|35698,26072|35698,29199|35698,29697|35698,32515|35698,32570|44611,3457|44611,3498|44611,3513|44611,5799|44611,6094|44611,6403|44611,6619|44611,6814|44611,7061|44611,7182|47905,7956|48373,2700|48373,2751|48373,4703|48373,4751|48373,4811|48373,5129|48373,5192|49617,480|49617,1319|49617,1396|49617,3064|49617,3259|49617,3326|49617,3414|49617,6344|49617,6410|49617,6714|49617,7113|49617,7722|49617,9671|49617,12141|49617,13681|49617,14214|49617,14273|49617,14466|49617,18297|49617,18408|49617,18521|49617,18589|49617,19717|49617,20223|49617,23210|49617,25459|49617,25517|49617,28586|49617,28647|49617,29030|49617,29152|49617,31792|49617,31847
배고픔감소 42049,1330|42049,2132|42049,8593|42049,13138|47905,8004|48345,1322|48345,2095|48345,8574|48345,13105
배고픔무효 42049,1345|42049,8159|42049,13160|47905,7963|48345,1328|48345,8144
배고픔증가 42049,661|42049,1444|42049,1516|42049,3291|42049,5978|42049,6196|42049,6354|42049,8242|42049,8906|42049,8938|42049,11350|42049,12914|42049,12946|42049,14520|42049,14552|47905,8047|47905,8093|48345,1433|48345,1486|48345,3279|48345,5978|48345,6191|48345,6352|48345,8229|48345,8884|48345,11366|48345,12911|48345,14574
배럴 27368,40319|27368,40434
배부름 42049,483|42049,5878|47905,9382|48345,497|48345,5885
배수진의술 39242,9596
배에 40740,962
배율 27368,39815|27368,39825|28478,19506|30838,7797|39676,31801|39676,31811|44611,5451|48576,25686
배율은 27368,39879
배율이 28478,21641
배틀s캡 26312,14618
배틀s헬름 26312,14482
배틀u캡 26312,19914
배틀u헬름 26312,19803
배틀캡 26312,1325
배틀헬름 26312,1207
배팅요령으로 48576,26697
배포중 31706,3796
