휴대고기굽기세트 23818,454|27609,3771|39339,992|41496,30906|46577,1046
휴대마비함정 23818,2463|27609,7421|39339,7899|41496,30993|46577,4859
휴대숫돌 23818,418|23818,4261|27609,6523|39339,4525|39339,7637|41496,30831|46577,2697|46577,4144|46577,4928
휴대식량 23818,1767|27609,1751|27609,6176|27609,6199|39339,7257|41496,30865|46577,1820
휴식 39242,10225|47905,6123
휴식만으로 39242,11213
휴식시키고 44611,7831
휴식시키면 39242,10228
휴펠 30024,22913
휴프노캐논 45690,16087
휴프노클라리넷 37895,7996|37895,10922|37895,11059|37895,11175|48576,18042
휴프노휘슬 37895,7949|37895,10900|37895,11047|37895,11164|48576,17768
휴화산 33821,3200|40740,2990|40740,3010|53592,8097
휴화산에서의 53592,8101
