ú1 28798,11432|28798,11512|28798,11589|28798,11723|36858,130|36858,173|36858,343|36858,29157|36858,29261|36858,34748|36858,41410|45627,86|45627,1241|53550,6883|53550,6957|53550,7028|53550,7102|53550,7142|53550,7174
ú2 28798,11625|28798,11663|28798,11776|28798,11784|36858,1839|36858,34038|36858,47923|36858,48129|36858,48390|36858,48613|36858,48859|36858,49123|36858,49380|45627,806|45627,3653|53550,7204
ú2àç 36858,41416
ú3 36858,262|36858,3304|36858,9871|36858,29161|36858,41508|36858,50297|36858,50701|45627,3248|45627,6102
ú3àç 36858,50324
ú4 36858,6488|36858,10467|36858,12321|36858,12513|36858,12675|36858,12813|36858,12964|45627,5837|45627,8987
ú5 36858,134|36858,10273|36858,13148|45627,8812|45627,11616
ú6 36858,13658|36858,13741|36858,19190|36858,24059|36858,24311|36858,24574|36858,24824|36858,25139|36858,25422|45627,11419|45627,12798
ú7 28798,11404|28798,11567|36858,15793|36858,19878|36858,20917|45627,13594|45627,14683|45627,19960|45627,20181|45627,20427|45627,20688|45627,25597|45627,25837|45627,26069|45627,26316|53550,6865
ú7àç 36858,24063|36858,24315|36858,24578|36858,24829|36858,25143|36858,25426
ú8 22194,8111|28798,11707|36858,20729|36858,26224|36858,26413|36858,26725|45627,16610|45627,17866|53550,6943|53550,7006
ú8àç 36858,13662|36858,25974|45627,19964|45627,20185|45627,20431|45627,20692
ú9 22194,8183|22194,8236|22194,8289|23522,62|28798,11486|45627,13509|45627,20844|45627,21052|45627,27456|53550,7084|53550,7133
ú9àç 45627,25601|45627,25841|45627,26073|45627,26320
úg2 22194,8133|22194,8204|22194,8256
úg3 22194,8306|22194,8340
úµé¾îáøºî 36858,38855|36858,40838|45627,17532|45627,25056
ú¹ì 36858,45622|36858,45869
ú¼º 45627,26481
