îµ 36858,13622
îµµ 36858,49967
î¹ö¼ 28798,526|28798,579|28798,5351|28798,5408|28798,6550|28798,6591|28798,8731|28798,8784|36858,1096|36858,4979|36858,19728|45627,5803
î¹ý 28798,2001|28798,3169|28798,3188|28798,3211|28798,7442|28798,7620|28798,8434|28798,9217|28798,9756|28798,9775|28798,9794|28798,9817|28798,10199
îºîåí 36858,107|36858,29133|45627,17896|45627,27751
î¼droid 33589,1540
î½º 36858,2722|36858,3642|36858,4945|36858,7921|36858,7947|36858,8000|36858,8015|36858,10680|36858,10721|36858,10874|36858,10931|36858,14011|36858,14653|36858,15726|36858,15741|36858,15970|36858,21412|36858,21453|36858,21626|36858,21814|36858,21830|36858,22394|36858,27740|36858,28916|36858,35588|36858,38574|36858,39333|36858,42320|36858,42336|36858,42604|36858,42912|36858,46071|36858,47192|36858,47497|45627,1137|45627,2444|45627,3428|45627,5081|45627,5200|45627,5338|45627,5470|45627,6247|45627,6730|45627,6748|45627,6804|45627,6834|45627,6866|45627,6907|45627,7080|45627,7124|45627,7283|45627,9605|45627,9646|45627,9756|45627,10036|45627,12089|45627,12105|45627,14516|45627,14574|45627,15365|45627,17607|45627,17649|45627,17824|45627,17840|45627,19026|45627,22273|45627,22494|45627,25187|45627,25244
î½º³ 36858,8030|36858,15756|45627,6819|45627,14546
î½º¹ú 45627,14531
î½º½éàå 36858,15268|36858,29031|36858,41185|45627,16487|45627,18045|45627,19205|45627,25489
î½ºâü 36858,30514
îáö 36858,39803|45627,18469|45627,18679|45627,18864
îáöàç 36858,137|36858,29165
îåí 36858,91|36858,13615|36858,29113
