육덕 21985,22878
육성 39242,3147|39242,3204|39242,3248|39242,3453|39242,3504|39242,9826
육성으로 39242,3481
육성은 39242,3575|39242,11077
육성의 39242,10903
육성이나 39242,9865
육성한 39242,10579|39242,10691
육소주 48373,5066
육식룡의 27609,8378|27609,8478
육식룡의리더 35592,908|44611,1260
육식룡의알 27609,3272|33821,5222|41496,32725|42405,2394
육질 30838,2280|30838,2893|45690,20887|45690,25054
육질에 24394,35616
육질에의해 30838,4767
육질을 30838,4680|45690,22700
육질의 45690,24423
육질이 30024,37423|30838,4713|36224,32639|45690,23972|45690,24303|45690,24326|45690,24507
