뇌격제g 27609,8451
뇌광 53592,6640
뇌광엑기스 29353,26195
뇌광젤리 29333,29200|29353,31591|29353,32804|49617,25759
뇌광주 35592,7636|48373,7344
뇌광충 21985,3926|21985,8455|21985,10635|21985,10692|21985,30253|23612,1456|23612,5877|23612,5975|23818,1856|23818,4658|24394,4724|26312,10599|27609,517|27609,554|27609,7911|27609,7989|29353,3536|29353,4501|29353,9981|30024,16523|30024,17291|30024,31122|35592,2416|35592,2572|39339,1249|39339,1295|39339,1362|39339,7114|39339,7148|39339,7197|41496,9976|42405,2927|42405,3736|46577,735|46577,828|46577,872|46577,1176|46577,5055|48373,7369|48576,15433|49617,2072|52371,19713
뇌궁 28478,15077|28478,15223|28478,15355
뇌내성 26312,3317|26312,3385|26312,3695|26312,3764|26312,7940|26312,8227|26312,8811|26312,20979|26312,21037|26312,22005|26312,22068|29333,3188|29333,3510|29333,3579|29333,6951|29333,7330|29333,18238|29333,19113|29353,3376|29353,3442|29353,3740|29353,3807|29353,7269|29353,7377|29353,18389|29353,19252|35698,3454|35698,3765|35698,3833|35698,7289|35698,7502|35698,18337|35698,19318|35698,19380|37895,3434|37895,3495|42049,1487|42049,1658|42049,1700|42049,8017|42049,8046|42049,8448|42049,8478|44611,1547|44611,1780|44611,2437|44611,2685|44611,2896|47905,969|47905,976|47905,983|47905,999|47905,1005|47905,1021|47905,1028|47905,1044|47905,1052|48345,1476|48345,1638|48345,1653|48345,8011|48345,8440|48373,7193|48373,7348|48373,7395|49617,3457|49617,3745|49617,3812|49617,18052|49617,18108|49617,18949
뇌내성강화 37895,3394|37895,3452|37895,4903|37895,7268|37895,8353|48576,7816|48576,11461|48576,12112|48576,18451|48576,23026|48576,23271
뇌속성 30838,3271
뇌속성을 39242,7127
뇌신 53592,4675
뇌신검인드라 36224,4697
뇌신검인드라g 36224,28155
뇌신보검키린 36224,14110
뇌신보검키린g 36224,30750
뇌신키린 36224,13908
뇌인바쥬라 36224,3072
뇌전 46577,6264
뇌전낭 21985,1982|21985,3649|24394,5112|28478,9665|28478,19067|29353,29162|29353,30964|30024,9856|30024,17558|30024,28343|30024,29139|30024,34319|30377,12963|30377,26669|35592,6816|35698,31855|36224,2869|36224,2927|36224,27278|39676,20471|41496,12425|45690,15202|45690,16464|45690,16504|48576,8996|49617,31117|52371,2212|52371,23478
뇌전엑기스 21985,3914|21985,10904|24394,5131|26312,24791|27368,33806|28478,9136|29353,14349|29353,22457|29353,22533|30024,16687|35592,6710|35592,9180|35592,11429|36224,7418|41496,12009|42405,2258|42405,2304|42405,4290|42405,6296|42405,6342|42405,7514|45690,12707|48373,4249|49617,12596|49617,17438|52371,1770|52371,20061
뇌전젤리 21985,3857|21985,4152|21985,11115|24394,5327|24394,6053|24394,6122|26312,34838|28478,9454|30024,3174|30024,17763|30024,24086|30377,20936|35592,8458|35592,9300|35592,10137|35592,11662|36224,26576|36224,28644|39676,24575|39676,30382|41496,12040|45690,13071|45690,16692|48373,593|48576,15897|48576,16112|48576,24887|52371,2433|52371,20113|52371,25402
뇌창 21985,10547|21985,10806|21985,11031
뇌추풀풀 30024,17692
