â³ 36858,2041|36858,7045|36858,7226|36858,7578|36858,13274|36858,20594|45627,3703|45627,11170
â³ª 36858,25713
âµõ 36858,46627
â¹ 45627,19083
âº 36858,414|36858,1910|36858,3375|36858,6559|36858,10344|36858,13812|36858,15864|36858,20800|36858,29351|36858,34128|36858,41604|36858,51080|45627,176|45627,872|45627,3314|45627,5903|45627,8878|45627,11485|45627,13660|45627,16676|45627,20910|45627,22304|45627,27140
â¼¼æ 22194,1168|28798,6906|53550,2156
â½º 36858,2078|36858,7060|36858,7241|36858,7539|36858,8768|36858,16717|36858,17073|36858,20609|36858,28207|36858,30470|36858,33145|36858,33317|45627,3718|45627,3892|45627,6298|45627,9434|45627,11185|45627,15574|45627,15774|45627,19628|45627,19797
â¾æ³ë½º 36858,473|36858,522|36858,536|36858,585|36858,921|36858,3466|36858,3666|36858,3714|36858,3768|36858,3787|36858,3825|36858,4037|36858,4051|36858,4119|36858,7173|36858,7460|36858,10447|36858,13906|36858,14128|36858,14177|36858,14234|36858,14249|36858,14283|36858,28150|36858,28227|36858,28242|36858,30051|36858,41715|45627,484|45627,533|45627,963|45627,1207|45627,1221|45627,1284|45627,1303|45627,1407|45627,1531|45627,1545|45627,1592|45627,3635|45627,3806|45627,3951|45627,14140|45627,14234|45627,14249|45627,15731
â¾æ³ë½º20 36858,4069
â¾æ³ë½ºµéà 36858,3980|45627,1475
â¾æ³ë½º¹ßåé 36858,604|36858,3806|45627,1322
â¾æ³ë½ººñ 36858,570|36858,3753|36858,4104|45627,1269|45627,1607
â¾æ³ë½ºã 36858,14264|36858,28257
âà 45627,16385|45627,16418|45627,17101|45627,17281|45627,18254|45627,18686|45627,19743|45627,19775|45627,21170|45627,21531|45627,21712|45627,21916|45627,24281|45627,24306|45627,24579|45627,24606|45627,24829|45627,24852|45627,24879|45627,25254|45627,25284|45627,25311
âàå 36858,18542|36858,27463|36858,36121|36858,40975|36858,44678|36858,45276|36858,47486|45627,12438|45627,12938|45627,16765|45627,26677
âàç¾¾¾ñ 22194,4749|22194,4770|22194,5205|22194,5258|22194,7922|22194,7949|28798,3106|28798,3127|28798,10741|28798,10778|36858,19767
âàçáõç 36858,9055|36858,13200|36858,19302|36858,20234|36858,20466|36858,20692|36858,21117|36858,22095|36858,25850|36858,26116|36858,26910|36858,28318|36858,28546|36858,28805|36858,29044|36858,30280|36858,30306|36858,33685|36858,33999|36858,40162|36858,40497|36858,40882|36858,41215|36858,41469|36858,46278|36858,46583|36858,46849|36858,47071|36858,47419|36858,47716|36858,50028|36858,50437|36858,50830|45627,10243|45627,11883|45627,12181|45627,12564|45627,12883|45627,13102|45627,14050|45627,16583|45627,17910|45627,19218|45627,19427|45627,19610|45627,19876|45627,20817|45627,21113|45627,22995|45627,24002|45627,24457|45627,24703|45627,25112|45627,25502|45627,27037
âàì 22194,174|22194,255|36858,27807
âàú¹ì 36858,2318|36858,2706|36858,3559|36858,8264|36858,8284|36858,8535|36858,9266|36858,9701|36858,18106|36858,20559|36858,31135|36858,36148|36858,36401|36858,36924|36858,41018|36858,47158|45627,4389|45627,7267|45627,7853|45627,8248|45627,8699|45627,11982|45627,12489|45627,16152|45627,18630|45627,19318|45627,24544|45627,24594
âàú¹ì2 36858,18594
âàú¹ì¾æá¾ 36858,36660|36858,36940|36858,46692
âàý³ 36858,43454|36858,43774|36858,43921|36858,46403
âá 22194,601|28798,4428|28798,4519|36858,5138|36858,6060
âã 36858,15611|36858,30358|45627,14341
âãßàú 45627,13494
âå 36477,443
âçá 28798,2382|28798,2400|28798,4181|28798,5236|28798,5254|28798,6339
âçø 36858,36621
âè 28798,2502|28798,2563|53550,521|53550,534|53550,6570|53550,6597
âêàç 36858,29121
âñ¾æ 36858,8638
âõ 36858,8492
âøãê 28798,1061|28798,1092|28798,5960|45627,297|45627,1831|53550,3362|53550,3391|53550,3455|53550,3472|53550,4516
âøèæ 28798,4772|28798,6186
âü 36858,13118|36858,25652|36858,25947|36858,26194|36858,26386|36858,26612|36858,26994|36858,27243|36858,30485|36858,30818|36858,34767|36858,49399|36858,49854|36858,50271|36858,50670|36858,51347
âüá 45627,23770
âˆ 41468,1183
