0
227
256
298
317
336
357
378
404
422
453
654
675
707
726
747
768
788
809
830
849
885
904
924
954
974
995
1016
1065
1111
1130
1150
1185
1203
1229
1248
1269
1288
1309
1330
1351
1370
1388
1409
1445
1476
1497
1518
1538
1559
1579
1598
1654
1673
1694
1714
1735
1756
1775
1796
1816
1836
1857
1873
1892
1913
1933
1954
1974
1995
2016
2036
2057
2078
2099
2117
2133
2152
2168
2183
2199
2216
2233
2309
2324
5369
5439
5455
5476
5495
5514
5535
5555
5574
5593
5614
5634
5653
5674
5695
5716
5742
5773
5793
5813
5849
5868
5889
5910
5930
5946
5965
5986
6007
6028
6074
6093
6167
6188
6209
6230
6279
6298
6319
6340
6361
6382
6403
6419
6445
6463
6482
6503
6523
6544
6565
6586
6607
6628
6648
6664
6695
6728
6746
6762
6781
6802
6820
6839
6866
6880
6905
6923
6972
7060
7109
7158
7179
7557
7578
7595
7612
7633
7652
7671
7692
7711
7730
7759
7779
7815
7834
7855
7876
7894
7915
7936
7962
7981
8002
8023
8044
8065
8084
8102
8118
8137
8157
8183
8202
8220
8241
8258
8279
8300
8321
8347
8378
8398
8418
8434
8453
8483
8502
8523
8549
8568
8588
8607
8626
8647
8678
8698
8734
8753
8780
8820
8841
8879
8910
8962
8989
9264
9284
9300
9318
9334
9365
9385
9406
9426
9462
9481
9498
9519
9551
9582
9603
9622
9641
9660
9680
9700
9721
9742
9761
9780
9801
9827
9846
9865
9927
9976
9990
10016
10035
10064
10084
10105
10124
10143
10164
10185
10231
10252
10270
10289
10309
10325
10344
10364
10385
10404
10425
10446
10467
10503
10534
10550
10565
10588
10606
10634
11189
11413
11430
11458
11506
11534
11554
11574
11595
11614
11635
11654
11675
11691
11710
11727
11748
11767
11799
11820
11851
11877
11896
11915
11936
11977
11997
12016
12037
12103
12134
12155
12176
12194
12214
12235
12267
12286
12312
12333
12354
12371
12392
12438
12457
12475
12496
12514
12560
12579
12599
12620
12641
12662
12683
12703
12734
12770
12788
12819
12837
12858
12878
12896
12915
12931
12949
12968
12987
13008
13026
13047
13066
13086
13107
13123
13141
13160
13180
13199
13225
13243
13274
13323
13375
13391
13419
13482
13509
13562
13807
13823
14440
15093
15114
15135
15156
15173
15219
15237
15255
15404
15422
15441
16017
16036
16057
16078
16098
16124
16143
16161
16181
16202
16223
16239
16258
16278
16299
16318
16339
16359
16380
16399
16417
16438
16474
16493
16514
16533
16553
16573
16592
16613
16660
16696
16715
16736
16755
16786
16807
16826
16845
16871
16902
16923
16941
16962
16988
17007
17093
17111
17130
17151
17172
17193
17213
17233
17254
17272
17287
17303
17322
17342
17363
17399
17430
17444
17459
17496
17511
17528
17628
17666
17715
17839
17854
17890
17916
18891
18920
18951
19010
19335
19350
19370
19389
19410
19431
19452
19468
19487
19536
19557
19606
19625
19646
19667
19688
19734
19753
19774
19795
19816
19836
19892
19911
19932
19952
19972
20028
20046
20065
20084
20105
20125
20146
20164
20200
20219
20249
20270
20289
20310
20331
20352
20373
20391
20437
20468
20487
20508
20529
20550
20586
20605
20625
20643
20663
20684
20699
20718
20739
20756
20803
20822
20842
20863
20883
20904
20930
20961
20977
21004
21041
21061
21095
21113
21131
21168
21210
21249
21313
21368
21385
21414
21435
21456
21477
21495
21521
21540
21580
21601
21621
21640
21666
21685
21703
21722
21741
21760
21836
21855
21875
21896
21917
21963
21982
22003
22023
22043
22064
22085
22103
22149
22168
22185
22203
22234
22255
22274
22295
22316
22336
22357
22376
22412
22431
22451
22472
22492
22513
22529
22548
22568
22585
22621
22640
22656
22676
22697
22733
22764
22793
22828
22845
22863
22887
23023
23037
23067
23088
23910
23930
23951
23970
23991
24012
24048
24067
24096
24116
24137
24158
24179
24200
24221
24242
24258
24277
24298
24314
24333
24354
24373
24392
24412
24433
24454
24475
24495
24521
24540
24561
24582
24602
24622
24643
24662
24728
24747
24768
24789
24809
24830
24856
24887
24917
24937
24958
24979
25000
25024
25057
25076
25096
25115
25135
25161
25180
25199
25220
25241
25262
25298
25317
25334
25353
25374
25393
25414
25433
25453
25472
25491
25510
25542
25578
25609
25638
25664
25690
25709
25729
25750
25783
25823
25872
25929
25982
26987
27013
27066
27167
27188
27208
27229
27250
27296
27315
27334
27355
27376
27392
27411
27432
27451
27471
27492
27513
27533
27554
27574
27594
27625
27644
27663
27683
27703
27723
27744
27764
27790
27809
27829
27850
27869
27890
27909
27928
27947
27967
27988
28023
28057
28090
28115
28132
28153
28179
28210
28246
28265
28284
28305
28353
28373
28394
28420
28439
28460
28481
28502
28522
28542
28563
28599
28618
28639
28688
28709
28730
28750
28786
28817
28844
28859
28935
28955
29010
29026
29043
29059
29075
29095
29583
29601
29618
29644
30001
30025
30058
30073
30092
30111
30139
30155
30175
30192
30215
30267
30302
30340
30354
30374
30406
30434
30483
30509
30542
30561
30610
30626
30642
30676
30750
30791
30830
30892
30926
30959
30989
31055
31087
31115
31149
31167
31188
31218
31257
31289
31319
31336
31357
31381
31407
31424
31464
31501
31532
31547
31588
31614
31630
31660
31688
31709
31743
31779
31849
31864
31887
31914
31960
32103
32152
32201
32230
32258
32361
32376
32393
32414
32524
32545
32594
32675
32739
32758
32831
32932
32949
32972
32989
33011
33033
33051
33074
33333
33360
33392
33446
33495
33643
33681
33707
33726
33783
55544
55570
55590
55605
55618
55637
55687
55712
55727
55745
55791
55827
55852
55867
55882
55934
55965
55994
56261
56301
63838
63852
63905
63958
63978
64140
64168
64210
64232
97958
97974
97989
98069
98154
98644
98696
98751
98818
98852
98867
98881
98897
98914
98944
98967
98991
99017
99609
99677
103984
104014
104033
104055
104070
104096
104135
104185
104201
104257
104278
104296
140689
140726
140822
140864
140881
140895
140930
140964
140981
141012
141030
141141
141165
141213
141227
141242
141260
141275
141298
