리더 27609,8483|53592,5371
리더로부터 44611,7686
리더의 44611,517
리로드 26312,1357|26312,7054|26312,8329|26312,12119|26312,12483|26312,14652|26312,19948|26312,22783|26312,22942|26312,25822|26312,32528|26312,33211|26312,33748|26312,33925|26312,35363|26312,36685|27368,194|27368,4524|27368,7185|27368,10443|27368,14871|27368,16719|27368,21731|27368,27319|27368,32451|27368,39593|27368,39619|27368,39695|28478,21022|28478,21045|29333,1277|29333,6344|29333,10253|29333,10625|29333,12400|29333,14566|29333,17351|29333,19810|29333,19968|29333,22718|29333,28798|29333,29414|29333,29897|29333,30089|29333,32772|29353,1311|29353,6694|29353,10336|29353,10711|29353,12522|29353,14522|29353,17429|29353,19939|29353,20098|29353,22744|29353,28791|29353,29409|29353,29901|29353,30080|29353,31453|29353,32681|30838,5296|30838,5393|30838,5411|30838,5463|30838,5479|30838,5634|30838,5800|30838,5825|30838,5892|30838,6241|35698,1289|35698,6722|35698,10275|35698,10811|35698,12675|35698,14574|35698,17461|35698,20009|35698,20170|35698,22842|35698,28953|35698,29624|35698,30112|35698,30286|35698,31731|35698,32911|39676,201|39676,2614|39676,5066|39676,7809|39676,11135|39676,12719|39676,16057|39676,20297|39676,25449|39676,31563|39676,31599|39676,31679|39676,32430|45690,19903|45690,20255|45690,20751|47905,3395|48373,2691|48373,2742|48373,2990|48373,3073|48373,3136|48373,3191|48373,3254|48373,3308|48373,3371|48373,3422|48373,4136|48373,4219|49617,1379|49617,6336|49617,9641|49617,10187|49617,12117|49617,14090|49617,17011|49617,19495|49617,19650|49617,22262|49617,28325|49617,28970|49617,29511|49617,29698|49617,31028|49617,32190
리로드가 47905,3805
리로드값 30838,5451|30838,5905
리로드속도 47905,3402|47905,3452|47905,3501|47905,3551|47905,3602|47905,3656|48345,634|48345,655|48345,3177|48345,4253|48345,5228|48345,6111|48345,7550|48345,8713|48345,8800|48345,9839|48345,12733|48345,13064|48345,13267|48345,13354|48345,14152|48345,14699
리로드속도값 30838,5499|30838,5516
리로드속도의 47905,3410|47905,3460|47905,3509|47905,3560|47905,3611|47905,3665
리로드시에 28478,19931
리로드치 30838,77|30838,782|30838,1249|30838,1881|30838,2589|30838,3096|30838,3776|30838,4131|30838,4928
리로드표시 30838,5646|30838,5656|30838,5666
리로드표시가 30838,6291|30838,6350
리로드한 47905,3725
리로드할수 30838,6331
리로드해 28478,23199
리바티켓 29353,9451
리벨루비 39339,2918|39339,3258|39339,6069|39572,4670
리벳클럽 30377,13802|36224,10001
리스크가 30377,29971
리스크도 45690,26056
리스트가 23612,6934
리스트를 53592,11931
리스트의 53592,16396
리오레우스 33821,2122|33821,2155|39242,7351|39242,8076|39572,1084|40740,2225|40740,2296|40740,2443|41496,19809|41496,20310|41496,20561|45690,24359|47905,1895|53592,1512|53592,2544|53592,3765|53592,4659|53592,5750|53592,6802|53592,16963|53592,16969|53592,16978
리오레우스1마리 33821,2219
리오레이아 33821,4166|33821,4199|33821,4234|39242,7339|39572,1095|40740,1766|40740,1888|40740,2067|41496,19162|41496,19492|41496,19662|47905,1888|53592,1300|53592,2348|53592,3418|53592,4487|53592,5577|53592,6624|53592,16938|53592,16944|53592,16953
리오레이아등 41496,12334
리오소올 42049,4729|48345,4728
리오소올u 42049,10465|48345,10505
리오소올u가드 29353,24555
리오소올u그리브 35698,24598
리오소올u레깅스 35698,24687
리오소올u레지스트 29333,24603
리오소올u메일 29333,24515
리오소올u암 29353,24447
리오소올u캡 26312,27812
리오소올u코일 49617,24061
리오소올u코트 49617,24149
리오소올u헬름 26312,27701
리오소올z 42049,14947|48345,14976
리오소올z가드 29353,33223
리오소올z그리브 35698,33367
리오소올z레깅스 35698,33472
리오소올z레지스트 29333,33308
리오소올z메일 29333,33237
리오소올z암 29353,33128
리오소올z캡 26312,37372
리오소올z코일 49617,32698
리오소올z코트 49617,32809
리오소올z헬름 26312,37255
리오소올가드 29353,11423
리오소올그리브 35698,11441
리오소올레깅스 35698,11557
리오소올레지스트 29333,11311
리오소올메일 29333,11242
리오소올암 29353,11322
리오소올캡 26312,13329
리오소올코일 49617,10843
리오소올코트 49617,10956
리오소올헬름 26312,13209
리오코인 26312,23483|27368,17791|29333,7172|29333,23894|30024,33965|33821,2188|33821,4263|33821,4272|35698,23799|36224,20969|41496,28703|42405,2741|42405,4092|42405,6561|42405,8256
리오하트 42049,4648|48345,4649
리오하트u 42049,10387|48345,10436
리오하트u가드 29353,24381
리오하트u그리브 35698,24458
리오하트u레깅스 35698,24530
리오하트u레지스트 29333,24442
리오하트u메일 29333,24371
리오하트u암 29353,24311
리오하트u캡 26312,27633
리오하트u코일 49617,23924
리오하트u코트 49617,23995
리오하트u헬름 26312,27517
리오하트z 42049,14874|48345,14903
리오하트z가드 29353,33086
리오하트z그리브 35698,33227
리오하트z레깅스 35698,33324
리오하트z레지스트 29333,33175
리오하트z메일 29333,33094
리오하트z암 29353,32994
리오하트z캡 26312,37194
리오하트z코일 49617,32547
리오하트z코트 49617,32639
리오하트z헬름 26312,37086
리오하트가드 29353,11258
리오하트그리브 35698,11303
리오하트레깅스 35698,11373
리오하트레지스트 29333,11177
리오하트메일 29333,11108
리오하트암 29353,11190
리오하트캡 26312,13143
리오하트코일 49617,10668
리오하트코트 49617,10779
리오하트헬름 26312,13026
리치가 36224,32675|45690,22416|48576,26081
리치는 30024,36924|45690,22338
리치에서는 48576,26540
리치의 45690,20966
리타이어 23612,6297|33821,719|33821,809|33821,912|33821,1008|33821,1130|33821,1234|33821,1333|33821,1437|33821,1543|33821,1638
리타이어의 53592,9693|53592,9729
리포트 53592,14009
