히데요시방어 39572,4728
히든가 30377,16484
히든건랜스 45690,12115
히든게이즈 27368,14947
히든돈 37895,6281|37895,9810|48576,14719
히든보우 28478,13798
히든브레이커 30024,24936
히든블레이즈 24394,23580
히든세이버 52371,15279
히든스나이퍼 39676,11212
히든스팅거 21985,27073
히든엣지 36224,20249
히미코가네 39572,2693
히어로 53592,9553
히어로블레이드c 36224,21187|36224,21295
히어로블레이드ｃ 30377,19798
히키야키 52371,6110
히트 24394,35284|30838,656|30838,4060|39242,5563|45690,24772|45690,24808|45690,25819|45690,25884
히트가 39242,8640
히트되는 45690,24755
히트를 28478,22232|28478,22299|45690,25211
히트수 30838,73|30838,778|30838,1245|30838,1877|30838,2585|30838,3092|30838,3772|30838,4127|30838,4924
히트수가 28478,22139|28478,22181|30024,37705|30838,1786
히트수는 28478,20756
히트수를 28478,20680|30838,1026
히트시켜야 30838,1632
히트지만 28478,23265
히트후에 30838,2159
히프노 42049,6139|48345,6150
히프노s가드 29353,14637
히프노s그리브 35698,14606
히프노s레깅스 35698,14687
히프노s레지스트 29333,14682
히프노s메일 29333,14598
히프노s암 29353,14554
히프노s캡 26312,16911
히프노s코트 49617,14231
히프노s폴드 49617,14122
히프노s헬름 26312,16805
히프노x 42049,11603|48345,11622
히프노x가드 29353,26552
히프노x그리브 35698,26607
히프노x레깅스 35698,26698
히프노x레지스트 29333,26596
히프노x메일 29333,26512
히프노x암 29353,26463
히프노x캡 26312,29940
히프노x코트 49617,26110
히프노x폴드 49617,26015
히프노x헬름 26312,29833
히프노가드 29353,8815
히프노레지스트 29333,8741
히프노메일 29333,8643
히프노암 29353,8696
히프노캡 26312,10396
히프노코트 49617,8120
히프노티켓 26312,10341|26312,10469|29333,8698|29333,8800|29353,8761|49617,8063
히프노폴드 49617,7997
히프노헬름 26312,10269
히프녹 31706,906|31706,1580|31706,5541|33821,2446|33821,2477|33821,2495|35592,757|35592,1109|39242,7683|40740,1585|41496,8659|41496,14976|41496,29084|53592,1805|53592,1815|53592,2832|53592,3892|53592,4951|53592,6051|53592,7108|53592,16922
히프녹등 41496,12246
