곤란한 53592,9824|53592,9869|53592,9911|53592,9953|53592,9997|53592,10043|53592,10105|53592,10164|53592,10206|53592,10248|53592,10291|53592,10383|53592,10439|53592,10494|53592,10549|53592,10605|53592,10727|53592,10782|53592,10838|53592,10892|53592,10948
곤충 40740,6495
곤충들만 35592,3444
곤충등의 47905,6503
곤충망 23612,1858|23818,1787|23818,4609|27609,472|27609,1562|27609,3282|27609,7905|27609,7983|27609,8093|31706,509|31706,2941|31706,5556|39339,1236|39339,2107|39339,6393|39339,6814|39339,7101|41496,3891|41496,4923|41496,4977|41496,5025|41496,5515|41496,10260|41496,33237|41496,33287|42405,735|42405,756|46577,675|46577,822|46577,1152|46577,1516|46577,1698|46577,3946|46577,5029|46577,5663|47905,6251|47905,6324|47905,6399|47905,6567|47905,6682|47905,6731|47905,6779|47905,6827
곤충망g 23612,1885|31706,590|31706,5628|41496,5560|42405,730|42405,751|42405,3327|42405,5800|42405,7047|48373,8068
곤충망의 44611,3844
곤충망이나 39242,13485
곤충망포인트 41496,33251
곤충망활어 39339,567|39572,2339|39572,6200
