바꾸는 48576,25968
바꾸면서 48576,25257
바꿀 39676,32860
바꿔서 28478,23081|48576,25938
바뀌야 30024,38355
바뀌어 39339,3606|39339,4318
바뀌지 41496,7784
바뀐다 35592,3581|39242,9300
바뀝니다 31706,1679|39242,10359|39242,15682
바늘이 53592,14266
바람을 40740,7483|40740,7502|40740,7554
바람직하지는 28478,22865
바랍니다 44611,348
바렛샤워 27368,10519|27368,11091|27368,12256
바로 24394,34637|24394,35674|30024,37913|39242,11462|41496,4528|45690,22504
바로바로 36224,32270
바르세이트 30024,22199
바바 40740,6669
바바리안타스크 21985,12706|45690,16782
바바리안타스크g 21985,32296
바바코인 21985,21867|26312,7990|26312,9477|29333,7000|29353,7319|33821,821|33821,4394|35698,7341|35698,7656|35698,8081|41496,28269|42405,2477|42405,8010
바바콩가 33821,742|33821,773|33821,791|33821,1829|33821,4311|33821,4341|33821,4371|39242,8206|39339,9266|39339,9786|39572,909|39572,4949|39572,4974|39572,4999|39572,5025|40740,5836|40740,6422|41496,3739|41496,13146|41496,13193|41496,16952|41496,17209|53592,1664|53592,2690|53592,3719|53592,4806|53592,5904|53592,6957|53592,17179|53592,17184
바바콩가아종 33821,2538|33821,2570|33821,2591
바벨 21985,2512|45690,16267
바사루 42049,2420|42049,6209|48345,2383|48345,6224
바사루s가드 29353,14758
바사루s그리브 35698,14736
바사루s레깅스 35698,14851
바사루s레지스트 29333,14802
바사루s메일 29333,14738
바사루s암 29353,14690
바사루s캡 26312,17067
바사루s코트 49617,14359
바사루s폴드 49617,14290
바사루s헬름 26312,16972
바사루u 42049,8488|48345,8471
바사루u가드 29353,19446
바사루u그리브 35698,19388
바사루u레깅스 35698,19505
바사루u레지스트 29333,19305
바사루u메일 29333,19199
바사루u암 29353,19336
바사루u캡 26312,22176
바사루u코트 49617,19143
바사루u폴드 49617,19032
바사루u헬름 26312,22076
바사루x 42049,11673|48345,11693
바사루x가드 29353,26712
바사루x그리브 35698,26766
바사루x레깅스 35698,26864
바사루x레지스트 29333,26722
바사루x메일 29333,26656
바사루x암 29353,26621
바사루x캡 26312,30115
바사루x코트 49617,26281
바사루x폴드 49617,26170
바사루x헬름 26312,30002
바사루가드 29353,4976
바사루그리브 35698,4912
바사루레깅스 35698,5031
바사루레지스트 29333,4772
바사루메일 29333,4671
바사루모스 39242,7725|39242,8137|40740,646|40740,2842|40740,2856|40740,2874|40740,2946|40740,2971|41496,12685|41496,21013|46577,6120|47905,1827|53592,1446|53592,1458|53592,2444|53592,3543|53592,4609|53592,5700|53592,6750|53592,17046
바사루모스등 41496,12147
바사루모스의 21985,36695|40740,2898
바사루배쉬 30024,19080
바사루배쉬g 30024,32299
바사루블로우 30024,18900
바사루암 29353,4876
바사루캡 26312,5149
바사루코트 49617,4733
바사루폴드 49617,4628
바사루헬름 26312,5030
바살복숭아 39572,2033|39572,5938
바스톤헥센 39676,16721
바스톤헥센g 39676,27005
바어력이 39242,10368
바위나 45690,21283
바위는 44611,5405
바이오레이터 39676,17595
바이오레이터g 39676,28780
바이올런스죠 30024,15343
바이올렛버스트 45690,11201
바이올렛시져 24394,20521|52371,5690
바이올렛캐논 45690,10908
바이퍼바이트 36224,7159
바인드큐브 30024,16620
바인드큐브g 30024,31049
바쥬라 36224,2797
바큠스틱 21985,27452|21985,27572
바탕으로 45690,25004
