중간 28478,21545
중간정도의 39242,8426
중개옥 23612,4084|23818,5031|35592,4072|35592,4414|35592,6785|35592,7769|35592,8441|35592,9283|35592,10738|35592,11541|41496,8620|42405,9801|46577,3545
중거리쪽이 30838,1079
중골총창 21985,13320|45690,16718|45690,16906
중괴주 48373,5735
중급 53592,12877
중단찌르기 21985,34621
중단찌르기와 21985,34806
중독된 39242,2090
중독시키기 39242,970
중독이 39242,15265
중량급 41496,4737|41496,4817|41496,4880
중량이 41496,4034
중복 37895,1302|37895,1388|37895,2672|39242,6545|44611,3928|44611,3981|44611,4002|44611,4105|44611,5841|53592,17616
중복되서 37895,2551
중복될때 37895,709|37895,793|37895,850|37895,934|37895,3141|37895,3192|37895,3253|37895,3314|37895,3383|37895,3441|37895,3502|37895,3560|37895,3659|37895,3736|37895,3811
중복이 37895,84|37895,1635|37895,1736
중복하지 37895,2517
중복효과시간 37895,156|37895,431|37895,652|37895,1225|37895,1791|37895,2612|37895,3048
중시의 52371,26546
중시하는 24394,35116|24394,35479|30024,37756
중시해서 30838,1031
중심 39242,15379
중심으로 30377,29114
중심으로하는 52371,26569
중앙 28478,21982
중에 44611,3077|44611,4339|48576,26831
중에는 24394,35930|30024,37314
중에도 39242,13374
중에서 21985,36067
중에서도 45690,21055|53592,13892
중요하게 30024,37735
중요하다 28478,22933|39676,33129
중요하다고 21985,36997
중요한 21985,35990|21985,36029|21985,36168
중용골 21985,12979|21985,13030|21985,13259|21985,28544|21985,28839|21985,32196|23612,4870|23612,4881|24394,18371|24394,20614|24394,28544|24394,32197|26312,29523|26312,37157|27368,24231|27368,24544|27368,27802|27368,29250|27368,32618|27368,34387|28478,1604|28478,1873|28478,2049|28478,6860|28478,8355|28478,8403|28478,18195|29333,28171|29333,28237|29333,28536|29333,29828|29333,30196|29333,33368|29353,27014|29353,27153|29353,28222|29353,28389|29353,28872|29353,33068|29353,33187|30024,15057|30024,33087|30024,34656|30377,6952|30377,12045|30377,16794|30377,22073|35698,26836|35698,28698|35698,33303|36224,21136|36224,27628|39676,16239|39676,17131|39676,18316|39676,19475|39676,20772|39676,21653|41496,12730|42405,9400|45690,12486|45690,16968|48576,1365|48576,20904|48576,22544|49617,26575|49617,27319|49617,28895|49617,29620|52371,4717
중의 30838,7488
중인 24339,87|49486,87
중점을 45690,20864
중창그라비모스 21985,10071
중창그라비모스로 21985,9460
중한한뼈 29333,29665
중화창그라비모스 21985,10342
중후한뼈 21985,12988|21985,13039|21985,13265|21985,31835|24394,3179|27368,25676|27368,26839|28478,3451|28478,4374|29333,27323|29333,28871|29333,29325|30024,19867|30024,19927|30024,29439|30024,30271|30024,33419|30377,7819|35698,27440|35698,29031|35698,29880|36224,29168|39676,17719|41496,13210|45690,17016|45690,18159|48576,1612|48576,3565|48576,3873|48576,22282|52371,22957
