투구게 44611,1008
투구벌레 23818,1846|23818,4711|27609,599|27609,661|27609,1680|27609,1746|27609,7957|27609,8031|39339,1348|39339,1416|39339,6931|39339,6987|39339,7252|41496,31879|46577,711|46577,778|46577,893|46577,1210|46577,1269|46577,1583|46577,1649|46577,1815|46577,5165|46577,5713
투기훈련을 53592,13688
투망머신 35592,373|35592,4839|53592,11123
투망머신으로 35592,5332
투망머신은 35592,5242
투망으로서 41496,3953
투망은 35592,5395
투성이 40740,623
투어 39242,5937|39242,9999
투어를 35592,11736
투척 26312,345|26312,3681|26312,3750|26312,8995|26312,16712|26312,16772|29333,322|29333,3496|29333,3565|29333,7529|29333,14504|29353,319|29353,3726|29353,3793|29353,7562|29353,14462|35698,319|35698,3751|35698,3819|35698,7705|35698,14513|47905,9192|48373,2635|49617,382|49617,3731|49617,3798|49617,6989|49617,14030
투척기술up 42049,1650|42049,6101|47905,9198|48345,1630
투척나이프 23612,2185|23612,2217|23612,2249|23612,3811|27609,6332|27609,6359|39339,799|39339,856|39339,924|41496,31260|42405,1428|46577,650
투척무기의 44611,4632
투척술 44611,4628|44611,6330|44611,7307|44611,7377
