장군 53592,6894
장난 40740,6448
장난꾸러기 39339,9252|39339,10015|40740,6593
장독 40740,1291|40740,1306
장례 40740,5977
장면만을 39242,11666
장비로 39242,1992|47905,10087
장비의 53592,10414|53592,10470|53592,10523|53592,10580|53592,10636|53592,10813|53592,10867|53592,10923|53592,10979
장비하고 28478,19872|47905,10050|48576,26204
장소 39242,12283|42405,1167|42405,3266|42405,4766|42405,5744|42405,6985
장소를 36224,32700
장소에 45690,21878
장수잼 44611,1154
장식품 35592,6086|35592,7030|35592,7956|35592,8610|35592,9486|35592,10230|35592,10959|47905,10800|47905,10850|48373,22
장애물을 30024,37441|44611,5388
장인 26312,5906|26312,9740|26312,12884|26312,17926|26312,23342|26312,24598|26312,26366|26312,27371|26312,28465|26312,28700|26312,33698|26312,34410|26312,34611|26312,36571|26312,37544|26312,38094|29333,5374|29333,7425|29333,8332|29333,10962|29333,15472|29333,20494|29333,21581|29333,23257|29333,24221|29333,25248|29333,25481|29333,29845|29333,30868|29333,31000|29333,32669|29333,33992|29353,5621|29353,8368|29353,11050|29353,15475|29353,21629|29353,23310|29353,24170|29353,25204|29353,25439|29353,29851|29353,30538|29353,32570|29353,33882|35698,5699|35698,7603|35698,8455|35698,11158|35698,15537|35698,20629|35698,21715|35698,23380|35698,24319|35698,25294|35698,25529|35698,30061|35698,30837|35698,32817|35698,34078|47905,2267|48373,1396|48373,1477|49617,5322|49617,6886|49617,10528|49617,15081|49617,20002|49617,21121|49617,22802|49617,23780|49617,24758|49617,24993|49617,29461|49617,30202|49617,30383|49617,32096|49617,33428
장인의쇠망치 53592,14589
장인의장갑 53592,16624
장전 30838,6265
장전속도 30838,5783|30838,5845|30838,5862
장전수 26312,11928|26312,13018|26312,13528|26312,26309|26312,26499|26312,27509|26312,28604|26312,28778|26312,31084|26312,36319|26312,36702|26312,37611|26312,38177|29333,7472|29333,10068|29333,11100|29333,20524|29333,23379|29333,24363|29333,25383|29333,25555|29333,27573|29333,32414|29333,32787|29333,34071|29353,10154|29353,11182|29353,23441|29353,24303|29353,25341|29353,25514|29353,27556|29353,32313|29353,32696|29353,33962|35698,7650|35698,10092|35698,11295|35698,20659|35698,23500|35698,24450|35698,25431|35698,25604|35698,27647|35698,32578|35698,32926|35698,34158|45690,23118|47905,5596|48373,4127|48373,4210|49617,6934|49617,9456|49617,10660|49617,20032|49617,22933|49617,23916|49617,24894|49617,25068|49617,27101|49617,31855|49617,32205|49617,33508
장전수up 28478,209|47905,5603|48345,4176|48345,4621|48345,10195|48345,10395|48345,10872|48345,10957|48345,12124|48345,14538|48345,14708|48345,15372
장전수up의 28478,21445|45690,23637
장전수가 30838,4545
장전수도 30838,616
장전이 39676,32021
장점도 28478,21378
장주 48373,1392
장착 39676,31571|47905,3833
장착시 28478,22516
장착시만 27368,39832|39676,31818
장탄수 27368,216|27368,4546|27368,7207|27368,10465|27368,14893|27368,16741|27368,21753|27368,27341|27368,32473|39676,220|39676,2633|39676,5085|39676,7828|39676,11154|39676,12738|39676,16076|39676,20316|39676,25468
