태고룡골 21985,13249|24394,32526|26312,35068|26312,35266|28478,15600|29333,30746|29333,31449|29333,31913|29353,31245|30024,32212|30024,32730|30024,34662|35698,32296|41496,12832|45690,17206|48576,1605|48576,7460|48576,9250|49617,30814
태고의 40740,4549|40740,4600
태고의괴 23818,2687|27368,21540|27368,37852|27609,7393|39339,9005|41496,27945|46577,5469
태고의봉형괴 21985,25387|21985,31492|23818,2708|39339,9027|41496,28132|46577,5479
태고의용목 21985,32739|26312,36215|27368,37839|28478,14999|29333,32305|29353,32191|30377,13690|30377,20946|35698,32474|36224,25621|39676,24549|41496,26060|42405,9068|45690,13052|45690,13104|45690,14681|48576,15825|48576,15870|48576,16093|49617,31757|52371,20042|52371,20086
태고의용태 21985,29368|26312,36202|28478,15007|29333,32292|41496,25977|42405,3103|45690,13112|48373,7080|48576,15833|48576,15878|49617,31749|52371,20094|52371,20282
태고의작은괴 23818,2720|23818,5040|30377,18907|30377,24733|36224,28803|39339,9015|41496,28084
태고의큰괴 23818,2697|23818,5052|30024,21988|30024,34132|39339,9039|41496,28038
태고의판형괴 23818,2732|24394,26264|24394,31828|27609,7403|39339,9050|41496,27991
태극 30377,17879
태도 52371,24|52371,21287|52371,21413|52371,26031
태도는 52371,26777
태도를 53592,10168
태도선 52371,21672|52371,21805|52371,21980
태도와 24394,35046
태도은 52371,26924
태도의 33821,5602|36224,32179|47905,5694|47905,5757
태도파생 24394,3732|24394,3794|24394,4537|24394,7395|24394,8491|24394,13373|24394,18437|24394,19685|24394,19931|24394,21294|24394,25671
태양 40740,8083
태풍 30377,11698
