성격 39242,4633|39242,4887|39242,11720|39242,12513
성격별 39242,11704
성격에 39242,4696
성격의 39242,11624
성격이 39242,12943
성격이나 39242,4835
성공 23612,6494|23612,6712|23612,6744|23612,6757|23612,6788|23612,6801|23612,6831|23612,6844|23612,6875|23612,6888|23612,7029|23612,7058|23612,7136|23612,7176|23612,7216|23612,7258|23612,7299|44611,3903|44611,3960|47905,9686|47905,9725|47905,9764|47905,9804|47905,9844|47905,9885
성공시 44611,5690
성공시켜 30838,1036
성공시킨 53592,12962
성공시킴 53592,7765
성공율 41496,217|41496,279|41496,343|41496,408
성공하면 23612,6266|35592,3556
성공한 23612,6211
성공확률이 23612,7445
성과 53592,8324
성녀 53592,7196
성능 27368,39861|30377,29517|44611,3599
성능비도 30838,372
성능은 36224,32470
성능을 21985,35499|39676,32482|45690,21376
성능이 45690,23516|48576,26573|48576,26603
성실작업술 39242,9415
성을 53592,15989
성장시킨 39242,10622
성장이 39242,11310
성장하는 39242,10023|39242,10031
성질을 45690,22730
성퀘스트를 53592,8285
성향이 39242,1108
