멜랑쥬광석 21985,1962|21985,3280|21985,5344|21985,29025|21985,31845|23612,4253|23612,4598|23612,4611|24394,3150|24394,23947|24394,28857|24394,32015|26312,30405|26312,37700|27368,24838|27368,28364|27368,30707|27368,36419|28478,5349|28478,11104|29333,26987|29333,27890|29333,28034|29353,26669|29353,26988|29353,27475|29353,27630|29353,27955|30024,1927|30024,3770|30024,4846|30024,30097|30024,31141|30024,35587|30377,2146|30377,11768|30377,12955|30377,20519|30377,21551|30377,25609|30377,26145|35592,3884|35592,4193|35592,10898|35698,27103|35698,28572|35698,30049|35698,30205|35698,31519|35698,31642|36224,2657|39676,18565|39676,21346|39676,23398|39676,24587|39676,28300|41496,8174|42405,3034|45690,16666|45690,18540|49617,26549|52371,2424|52371,16542
멜트브레이버 30377,15084
멜트워리어 30377,14545|30377,14721|36224,11138
멜트워리어改 30377,14890
멜호아 42049,3549|48345,3533
멜호아u 42049,10175|48345,10233
멜호아u그리브 35698,23922
멜호아u라마 29353,23862
멜호아u레깅스 35698,24023
멜호아u브랏트 49617,23528
멜호아u브르메 26312,27094
멜호아u슈탐 29333,23972
멜호아u아스트 29353,23930
멜호아u옷하 49617,23460
멜호아u트론코 29333,23903
멜호아u프롤 26312,26975
멜호아z 42049,14710|48345,14747
멜호아z그리브 35698,32934
멜호아z라마 29353,32704
멜호아z레깅스 35698,33050
멜호아z브랏트 49617,32321
멜호아z브르메 26312,36826
멜호아z슈탐 29333,32879
멜호아z아스트 29353,32817
멜호아z옷하 49617,32213
멜호아z트론코 29333,32795
멜호아z프롤 26312,36710
멜호아그리브 35698,8544
멜호아라마 29353,8402
멜호아레깅스 35698,8649
멜호아브랏트 49617,7822
멜호아브르메 26312,9953
멜호아슈탐 29333,8433
멜호아아스트 29353,8506
멜호아옷하 49617,7688
멜호아트론코 29333,8366
멜호아프롤 26312,9830
