구르기가 21985,35226
구멍난기면 23612,5390|39572,5291|39572,5397|39572,5556
구멍함정 23612,1592|41496,4010|47905,8539
구멍함정와 41496,31059
구멍함정을 27609,329|39339,172|46577,164
구별할 31706,3258
구분해서 45690,21886
구성 39242,11711
구세주 53592,2993
구슬 41496,3111
구시대의 40740,7881|40740,7898
구운고기의 44611,3402
구울 47905,9521|47905,9571
구울수 41496,5641|41496,5723
구입 23612,6724|23612,6767|23612,6811|23612,6854|23612,6898|41496,137|41496,194|41496,255|41496,318|41496,382|41496,532|41496,575|41496,614|41496,698|41496,790|41496,1421|41496,1479|41496,1593|41496,1643|41496,1792|41496,1907|41496,2063|41496,2162|41496,2257|41496,3656|41496,3986|41496,4025|41496,4085|41496,4126|41496,4225|41496,4267|41496,4311|41496,4404|41496,4711|41496,5282|41496,5329|41496,5380|41496,5488|41496,5530|41496,5578|41496,5628|41496,5752|41496,8487|41496,8957|41496,9041|41496,9088|41496,9136|41496,9185|41496,9232|41496,9281|41496,9810|41496,9840|41496,9872|41496,10417|41496,10454|41496,10488|41496,10523|41496,10558|41496,10593|41496,10627|41496,10661|41496,10695|41496,10730|41496,10824|41496,10914|41496,10945|41496,10976|41496,11007|41496,11039|41496,11073|41496,11108|41496,11142|41496,11205|41496,11269|41496,11520|41496,11559|41496,11608|41496,11654|41496,11701|41496,11748|41496,14256|41496,14519|41496,14765|41496,32922
구입가능한 41496,32957
구입해도 23612,6420
구족 35698,9458|35698,9559|35698,9930|35698,10036|35698,10103|35698,10233|35698,10660|35698,10777|35698,22178|35698,22281|35698,22645|35698,22780|35698,22855|35698,22964|35698,25063|35698,25186|35698,31436|35698,31547|35698,32088|35698,32183|35698,32433|35698,32535|35698,33817|35698,33927
구체적으로 45690,23709
구출 21985,35938
구하는 45690,24875
구한 53592,15981
