è² 22194,614|28798,1753|28798,1767|28798,1890|28798,1904|28798,3348|28798,3362|28798,3479|28798,3493|28798,4483|28798,4574|28798,7911|28798,7925|28798,8042|28798,8056|28798,9971|28798,9985|28798,10106|36858,5032|36858,21105|36858,22083|36858,45023|36858,45166|36858,45214|45627,13090|45627,23990|53550,1781|53550,1795|53550,1918|53550,2630|53550,2644|53550,2874|53550,2995|53550,3092|53550,4673|53550,5420|53550,5434|53550,5565|53550,5579|53550,6175|53550,6189|53550,6336|53550,6350
è²ºñ 45627,10525|45627,20115
è²á 28798,2294|28798,4076|28798,4897|28798,6272|28798,11070|53550,759|53550,1455|53550,3708
èº 36858,44646|45627,22033
è¼ó 45627,27562
è½ 22194,3837|28798,4409|28798,4500|36858,9604|53550,5899
è¾à 36858,375|36858,1871|36858,3336|36858,6520|36858,10305|36858,13773|36858,15825|36858,20761|36858,29293|36858,34070|36858,41546|36858,51022|45627,137|45627,833|45627,3275|45627,5864|45627,8839|45627,11446|45627,13621|45627,16637|45627,20871|45627,27101
è¾ç 36858,51322
èàý 22194,8128|22194,8274|36858,39626|45627,18397
èãê 22194,2664|28798,620|53550,5707
èä 36858,4541|36858,7213|36858,8145|36858,8430|36858,9905|36858,10942|36858,11248|36858,11567|36858,11878|36858,19914|36858,27051|36858,27300|36858,31029|36858,31043|36858,37256|36858,38592|36858,38625|36858,38974|36858,40667|36858,40755|36858,42161|36858,47855|36858,48196|36858,48360|36858,48583|45627,4117|45627,4270|45627,4549|45627,7135|45627,10085|45627,12970|45627,13194|45627,26792|45627,27292
èå¹ 36858,2084|36858,2088|36858,7075|36858,7079|36858,13320|36858,13324|45627,3737|45627,3741|45627,11211|45627,11215
èæ 22194,503|22194,802|22194,1378|22194,1963|22194,2936|22194,3949|22194,4620|22194,5045|22194,5556|22194,7058|22194,8066|22194,8310|28798,252|28798,1362|28798,3029|28798,4335|28798,5867|28798,6769|28798,7753|28798,9005|28798,10447|28798,11352|36477,20|36858,11000|36858,11013|36858,11160|36858,11289|36858,11302|36858,21724|36858,21737|36858,21750|36858,21927|36858,21940|36858,22495|36858,22508|36858,22521|36858,25582|36858,25698|36858,25796|36858,25805|36858,25816|36858,25827|36858,25836|36858,25923|36858,25986|36858,26038|36858,26047|36858,26058|36858,26069|36858,26080|36858,26091|36858,26102|36858,26758|36858,26834|36858,26843|36858,26854|36858,34560|36858,34596|36858,34929|36858,34965|36858,35372|36858,37036|36858,38586|36858,38619|36858,38650|36858,38680|36858,38710|36858,38741|36858,38774|36858,38837|36858,38874|36858,38906|36858,38937|36858,38968|36858,38999|36858,39029|36858,40440|36858,40621|36858,40647|36858,40675|36858,40749|36858,40779|36858,40896|36858,42635|36858,42672|36858,42735|36858,42766|36858,42796|36858,42861|36858,42935|36858,42972|36858,43032|36858,43063|36858,43480|36858,43553|36858,43586|36858,43621|36858,43656|36858,43715|36858,43793|36858,43871|36858,43903|36858,43935|36858,43995|36858,44025|36858,47563|36858,47591|36858,47685|36858,49762|36858,49822|36858,49838|36858,49879|36858,49894|36858,49992|36858,50010|36858,50045|36858,50139|36858,50221|36858,50235|36858,50253|36858,50307|36858,50417|36858,50454|36858,50550|45627,6327|45627,6435|45627,6448|45627,6461|45627,6474|45627,6487|45627,9799|45627,9812|45627,9825|45627,10117|45627,12152|45627,12165|45627,17505|45627,17518|45627,17546|45627,17559|45627,17572|45627,22614|45627,22627|45627,22966|45627,22979|45627,25014|45627,25027|45627,25040|45627,25070|45627,25083|45627,25096|45627,27003|53550,402|53550,932|53550,1613|53550,2379|53550,3296|53550,3887|53550,4381|53550,4893|53550,5272|53550,6007|53550,6819
èæ¹ 22194,8292|45627,22848
èæàå 36477,498|36858,45160|36858,49986|36858,50393|36858,50781|36858,51383
èæáøáö 36858,5599|36858,9588|45627,4409|45627,8719|45627,9908|45627,16440|45627,24555|45627,25230
èç 36858,15388|36858,20138|36858,40809|45627,16510|45627,18341|45627,25001
èê 45627,19078
èð¾îá 45627,18093
èñ 28798,2280|28798,4883|28798,5161|28798,11056|53550,1441
èñ¼òá¾ 36858,23155|36858,23496|36858,44133|36858,44408|36858,44693|36858,44716|45627,23059|45627,23339|45627,23635|45627,23658
èñà 36858,30772|36858,40424
èò 36858,19490
èûà 45627,19237
èþ 22194,1157|22194,1726|22194,3555|22194,4437|22194,4512|28798,1915|28798,2319|28798,2788|28798,6895|28798,9344|28798,9415|28798,10511|28798,10596|36858,15011|44649,105|45627,14853|53550,802|53550,1014|53550,2145|53550,4521|53550,6361
èþè 22194,32|22194,8137|36477,411|36858,34333|36858,34370|36858,37411|36858,39653|36858,43834|36858,44990|45627,18423|45627,21667|45627,22681|45627,22884
