식권 44611,7895
식권은 44611,7769
식물 53592,14348
식사 26312,359|26312,6291|26312,6358|26312,7603|26312,8730|26312,12432|26312,12507|26312,13896|26312,14405|26312,14475|26312,18516|26312,18585|26312,25912|26312,25981|26312,26552|26312,31759|26312,31828|26312,32639|26312,32693|26312,35868|26312,35937|26312,36262|26312,36327|29333,375|29333,5719|29333,6786|29333,7248|29333,10573|29333,10640|29333,12148|29333,12220|29333,16024|29333,20540|29333,22821|29333,22889|29333,23461|29333,28151|29333,28897|29333,28951|29333,32018|29333,32086|29333,32359|29333,32422|29353,5993|29353,6058|29353,7111|29353,10660|29353,10733|29353,11831|29353,12284|29353,12354|29353,16030|29353,16097|29353,22847|29353,22914|29353,28148|29353,28889|29353,28943|29353,31857|29353,31970|29353,32258|29353,32321|35698,6087|35698,7122|35698,10760|35698,10833|35698,12428|35698,12499|35698,16121|35698,20677|35698,22945|35698,23012|35698,28253|35698,28313|35698,29066|35698,29135|35698,32164|35698,32224|35698,32523|35698,32586|44611,482|44611,7773|47905,9425|48373,4709|48373,4757|48373,4906|48373,4953|48373,5012|49617,437|49617,5708|49617,6744|49617,6818|49617,10135|49617,10209|49617,11331|49617,11823|49617,11931|49617,15643|49617,20050|49617,22365|49617,22433|49617,23002|49617,27639|49617,28427|49617,28495|49617,31473|49617,31534|49617,31800|49617,31863
식사계 44611,58
식사계1마리 44611,600|44611,1373
식사계2마리 44611,607|44611,1380
식사계3마리 44611,614|44611,1387
식사계4마리 44611,621|44611,1394
식사계5마리 44611,628|44611,1401
식사를 44611,7857
식사를10회 44611,7673
식사술 44611,5000|44611,6291|44611,6743|44611,7342
식사효과와는 39242,6538
식으로 45690,21176
식의 24394,35777|45690,22601
식재료의 44611,538
식재알람 44611,588
식칼 36224,5385
식한주 35592,7832|48373,4858
