소개받는 39242,192
소거 41496,3030
소관을 53592,7606
소금어 26312,22155|26312,24415|27609,1312|29333,18189|29353,18341|29353,21448|30377,1322|33821,731|33821,830|33821,924|33821,1030|33821,1847|33821,2527|33821,2626|33821,2733|33821,2833|33821,2944|33821,3047|33821,3157|33821,4015|33821,4134|33821,4281|33821,4383|33821,4560|35592,4959|35592,5012|35592,5046|35592,5100|35592,6322|35592,6480|35698,18277|35698,21613|41496,9432|42405,1649|48576,13389|49617,7971|49617,23720
소닉 53592,3856
소닉보우 28478,8847
소닉보우g 28478,19033
소닉보우ⅰ 28478,8990
소닉보우ⅱ 28478,9116
소닉보우ⅲ 28478,9245
소닉보우ⅳ 28478,9429
소닉비드로 30024,19179|37895,5178|48576,9514
소닉비드로改 37895,5189|48576,9747
소닉비드로계 48576,9319
소드 53592,9817|53592,10348|53592,10692|53592,11021
소레이유 45690,6645
소뢰검 24394,13477|24394,13738|24394,13959
소르 24394,27208
소리 40740,3561|40740,3720|47905,10385
소리가 40740,811|40740,981|40740,1271|40740,1473|40740,2623|40740,7340
소리에 39242,1077
소비 30024,36407|30838,7651|44611,5258|45690,25580|47905,2444|52371,26248
소비가 44611,3484|44611,3540|44611,4604|44611,4715|45690,21112|45690,24486|47905,7772|47905,7828|47905,7886|47905,7940
소비는 30838,7637
소비되지만 30024,37327
소비량은 45690,23332
소비량이 47905,2327|47905,2340
소비량이2배가 47905,2394
소비없이 28478,19951
소비와 45690,26042
소비하는 24394,34899|47905,7759|47905,7815|47905,7873|47905,7927|52371,26684
소비하므로 21985,36019
소비하지 24394,34842|36224,32350|47905,2366
소비한 39242,6161
소수점 39242,5827
소식주 48373,4699
소심 39242,5235|39242,12689
소심함 42049,4197|42049,13894|42049,14939|47905,5415|48345,4208|48345,13876|48345,14968
소암 24394,23811
소올 53592,3756
소올스파르타커스 27368,9886
소올스파르타커스改 27368,18829
소올오브캣 24394,5424
소올오브캣g 24394,29762
소요시간 39242,8530
소용 30838,7009
소울쿠키 44611,1058
소음기 30838,6999
소음기는 30838,6837
소음기를 30838,6926
소음장치 27368,40309|27368,40368
소재 28478,19523|41496,4199|41496,4240|41496,4281|41496,6607|41496,7137|41496,27381|41496,27460|41496,27508
소재가 30838,531|44611,4141|44611,4185
소재를 39242,8716|39242,8756|39242,8778|39242,8819
소재와 35592,11878
소재의 30838,3669
소재재료 41496,27521
소전투장 41496,29280|41496,30472|41496,30525|41496,30580
소지 53592,73|53592,91|53592,113|53592,130|53592,148|53592,166|53592,183|53592,200|53592,218|53592,235|53592,252|53592,270|53592,288|53592,306|53592,324
소지가 30838,1108
소지금이 53592,12122|53592,12151
소지로 41496,210|41496,272|41496,336|41496,401
소지수 28478,19509|30838,86|30838,791|30838,1258|30838,1890|30838,2183|30838,2598|30838,3105|30838,3785|30838,4140|30838,4937|41496,103|41496,7850|41496,8922|41496,9754|41496,10388|41496,11495|41496,11897|41496,19132|41496,27571|41496,28225|41496,28977|41496,30695|41496,31486|41496,31720
소지시 41496,6494
소지시에만 23612,7415
소지의 27368,40152
소지하고 23612,6537|41496,143|41496,487
소지함 53592,9836|53592,9880|53592,9922|53592,9964|53592,10008|53592,10058|53592,10119|53592,10175|53592,10216|53592,10260|53592,10303|53592,10397|53592,10453|53592,10507|53592,10563|53592,10619|53592,10741|53592,10796|53592,10851|53592,10906|53592,10962
소취 37895,2052|37895,5622|48576,5903|48576,24366
소형 39242,793|39242,4940|39242,4970|39242,5000|39242,5092|39242,5125|39242,11937|39242,12801|47905,1877
소형목적 39242,5304|39242,12772
소형아수종 41496,13012
소형우선 39242,5216|39242,5249
소형의 39242,4736
소형조룡종 41496,13062
소형최우선 39242,5026|39242,5326
소홀히 30024,37529
