0
306
322
348
375
399
451
473
527
558
577
596
615
636
655
674
714
730
800
827
867
896
914
931
947
965
992
1051
1083
1100
1396
1410
1436
1464
1493
1510
1602
1673
1690
1706
1734
1761
1777
1794
1809
1963
1980
1996
2012
2027
2044
3316
10995
11021
11036
11052
11330
11622
11950
11967
11984
12385
12493
12629
12669
12855
12895
12970
13045
13063
13081
13097
13114
13222
13240
13423
13464
13696
13718
13739
13760
13780
13799
13819
13839
13860
13879
13898
13915
13934
13964
13992
14034
14106
14132
14148
14176
14192
14206
14221
14237
14274
14300
14335
14351
14367
14382
14397
14413
14429
14445
14461
