¹½º 28798,2180|28798,2255|28798,3992|28798,4051|28798,5083|28798,5152|28798,10986|28798,11031|53550,677|53550,734
¹½ã 36858,31246
¹¾æ 36858,16394|36858,16565|36858,19431|36858,27157|36858,27406|36858,41113|36858,41917|45627,18925|45627,21280|45627,21443|45627,21608|45627,24343|45627,24426
¹¾æ½º 36858,25628|36858,25909|36858,26000|36858,26745|36858,49808|36858,50207
¹¾æ½º¾æá¾ 36858,26578|36858,50610
¹ß 36858,4748|36858,9660|36858,33423|45627,2390|45627,12743|45627,13182|45627,24727|45627,27600|45627,27624
¹à 45627,27501
¹àç 45627,627|45627,27427|45627,27472|45627,27688
¹àì 36858,42198
¹àìµå¼º 36858,25613|36858,49793
¹àì¾æ 36858,3097|36858,3138|36858,11684|36858,11827|36858,12136|36858,17344|36858,17385|36858,20044|36858,21283|36858,22602|36858,22781|36858,23490|36858,27518|36858,27527|36858,37985|36858,38271|36858,39921|36858,44402|36858,44687|36858,46352|45627,11598|45627,11961|45627,21881|45627,22095|45627,23333|45627,23629|45627,25219|45627,25299|45627,27541
¹àì¾æ2 36858,27472
¹á 22194,513|22194,812|22194,1388|22194,1973|22194,2946|22194,3959|22194,4630|22194,5055|22194,5566|22194,7068|28798,262|28798,1372|28798,3039|28798,4345|28798,5877|28798,6779|28798,7763|28798,9015|28798,10285|28798,10457|36477,48|53550,412|53550,942|53550,1623|53550,2389|53550,3306|53550,3897|53550,4391|53550,4903|53550,5282|53550,6017
¹ã 28798,11699|36858,670|36858,1021|36858,1410|36858,1999|36858,2697|36858,3705|36858,4177|36858,4297|36858,4655|36858,4780|36858,4922|36858,5408|36858,6377|36858,6844|36858,7006|36858,7451|36858,7634|36858,7894|36858,8237|36858,8384|36858,9110|36858,9257|36858,9408|36858,10863|36858,11191|36858,11818|36858,12013|36858,12644|36858,13251|36858,13897|36858,13992|36858,14069|36858,14168|36858,14349|36858,14626|36858,15320|36858,15493|36858,15949|36858,16202|36858,16330|36858,16659|36858,16997|36858,17376|36858,17897|36858,17926|36858,18943|36858,19355|36858,19674|36858,19840|36858,20020|36858,20535|36858,20886|36858,21803|36858,21998|36858,22364|36858,23981|36858,24233|36858,24791|36858,27210|36858,28384|36858,28607|36858,30388|36858,31846|36858,32625|36858,32964|36858,33102|36858,34514|36858,35828|36858,36392|36858,36915|36858,37687|36858,38549|36858,42593|36858,46919|36858,47794|36858,48050|36858,48274|36858,48527|36858,48988|45627,585|45627,707|45627,1665|45627,1791|45627,2043|45627,2172|45627,3797|45627,3942|45627,4053|45627,4201|45627,4485|45627,5060|45627,5176|45627,6223|45627,6360|45627,6549|45627,6707|45627,6896|45627,7398|45627,7844|45627,7977|45627,8380|45627,8525|45627,8962|45627,9082|45627,9349|45627,9745|45627,9881|45627,10006|45627,11128|45627,11952|45627,12078|45627,12367|45627,13756|45627,16926|45627,17434|45627,18808|45627,19295|45627,20394|45627,21497|45627,22065|45627,22262|45627,23925|45627,24769|45627,25805|45627,26036
¹æ½éàº 45627,1751
¹æ¾î 28798,1555|36477,308|36477,324|45627,12974
¹æà 36858,24462
¹æåáàï 36858,32580
¹ææð 36858,36088
¹èä 36858,19002|36858,19034|45627,13832
¹é 22194,586|28798,4471|28798,4562|36858,19322|53550,4685
¹é³â½ç 28798,3179|28798,9785
¹é¼öá 45627,27490|45627,27677
¹éàºàç 36858,45730|36858,45977|45627,7029
¹éàï 45627,7187|45627,7202|45627,18055|45627,18070|45627,19151|45627,19166
¹ì 36858,25621|36858,25902|36858,25993|36858,26571|36858,26685|36858,26738|36858,49254|36858,49801|36858,50200|36858,50603|45627,18586
¹ì³ 28798,2135|28798,2339|28798,6150|28798,6222|28798,6484
¹ìàú¹ì 36858,9565|36858,36414|45627,8068|45627,8140|45627,18648
¹ìàú¹ì¹ 36858,9494
¹ìáö 22194,297|22194,334|22194,381
¹ìáö¹ 22194,364
¹ìáö¹ý 22194,317
¹ð 36477,356|36858,1016|36858,1184|36858,1301|36858,2290|36858,3124|36858,3501|36858,3533|36858,4292|36858,4442|36858,4477|36858,4650|36858,4775|36858,4917|36858,5068|36858,7629|36858,7785|36858,7854|36858,7889|36858,9970|36858,11670|36858,11813|36858,13956|36858,13987|36858,14476|36858,14587|36858,14621|36858,15636|36858,16992|36858,17168|36858,17371|36858,19971|36858,20015|36858,21243|36858,21269|36858,24228|36858,27205|36858,30383|36858,33070|36858,33097|36858,33460|36858,38804|36858,39873|36858,48045|36858,48983|45627,999|45627,1031|45627,1884|45627,2004|45627,2038|45627,2167|45627,2311|45627,2416|45627,2566|45627,4014|45627,4048|45627,4196|45627,4361|45627,4480|45627,6355|45627,6544|45627,6702|45627,8520|45627,9344|45627,11753|45627,11921|45627,11947|45627,14366|45627,16115|45627,16280|45627,16331|45627,19494|45627,21289|45627,25800|53550,7087
¹õ 25595,4|28952,4
¹ö 45627,23741|45627,27431
¹ö¼ 28798,555|28798,608|28798,5380|28798,5437|28798,6535|28798,6576|28798,7239|28798,7281|28798,7290|28798,7332|28798,8716|28798,8760|28798,8769|28798,8813|36858,1084|36858,1261|36858,1328|36858,1351|36858,2342|36858,4967|36858,5000|36858,19643|36858,19716|45627,2604|45627,2613|45627,5703|45627,5791|45627,5813|53550,1154|53550,1166|53550,1205|53550,1217|53550,2014|53550,4978|53550,4992|53550,5001|53550,5761|53550,5808|53550,6503|53550,6526
¹ø 36858,31600|45627,15509|45627,23758|53550,6877|53550,7114
¹øâ½ 28798,7419|28798,8865
¹ù 22194,8114|22194,8260|36858,9370|36858,9412|36858,16206|36858,18724|36858,18766|36858,18947|36858,24194|36858,28611|36858,34377|36858,39612|36858,39660|36858,48010|45627,7677|45627,7719|45627,7981|45627,8487|45627,15304|45627,15344|45627,18383|45627,18430
¹ù¹ùäá 36858,1025|36858,2299|36858,4926|36858,6381|36858,7794|36858,13405|36858,15497|36858,32629|36858,32788|36858,32968|36858,33757|36858,40271|45627,2176|45627,4370|45627,5319|45627,6711|45627,11310|45627,15867|45627,15913|45627,19247|45627,19299|53550,6911
¹ú 28798,971|28798,2213|28798,2314|28798,3825|28798,4100|28798,4114|28798,4822|28798,4836|28798,4917|28798,5100|28798,5114|28798,5183|28798,5197|28798,6061|28798,6292|28798,11015|28798,11090|36858,15714|36858,30449|45627,14489|53550,783|53550,797|53550,1475|53550,3645|53550,3732|53550,3746
¹ú²ü 28798,3645|28798,3650|28798,7065|28798,7098|36858,932|36858,2185|36858,4063|36858,4208|36858,7349|36858,7486|36858,8875|36858,9001|36858,30217|45627,285|45627,735|45627,1571|45627,1717|45627,1822|45627,3852|45627,4399|45627,10208|45627,13879|45627,14005|53550,1048|53550,1076
¹û 45627,27657
¹ý 22194,341
¹ýáö 36858,49999
¹þà 36858,113|36858,29139|45627,17950|45627,21150
¹þáö 22194,304
