블랙 42049,3790|48345,3782|53592,3606
블랙건랜스 45690,7231
블랙고어버스터 45690,7690
블랙고어캐논 45690,7448
블랙랜스 21985,23186|21985,23307
블랙레그스 35698,9060
블랙류트 37895,6144|48576,16146|48576,16288
블랙미라블레이드 24394,22477
블랙보우 28478,16572
블랙보우g 28478,19416
블랙보우ⅰ 28478,16717
블랙보우ⅱ 28478,16835
블랙블레이드 24394,22050|24394,22170
블랙사이스 52371,20457
블랙사이스계 52371,20333
블랙소드 30377,17263|36224,21875|36224,21996
블랙스미스 30024,1576
블랙스미스로부터 48576,20814
블랙스케일 49617,8473
블랙스킨 29333,9066
블랙스파인 49617,8416
블랙캐논 39676,5730
블랙캐논g 39676,30572
블랙크로우 29353,9105
블랙템페스트 21985,16371
블랙트윈대거 30377,22978|30377,23098
블랙파라솔 27368,8718
블랙페이스 26312,10834
블랙풋 35698,9005
블랙피스트 29353,9162
블랙피어스 26312,8283
블랙하이드 29333,9009
블랙해머 30024,25316|30024,25447
블랙헤드 26312,10744
블러드 53592,5965
블러드오닉스 53592,13181
블러드플룻 37895,6866|37895,10342|48576,8628
블러드플룻改 37895,6878|37895,10362|48576,8867
블러드호른 30024,17033|37895,6854|37895,10322|48576,8380
블레이드 53592,3657|53592,9860
블레이드스팅거 21985,17175
블레이드엣지 30377,4369
블레이드엣지改 30377,4577|36224,23618
블레이즈레인 30377,11888
블레이즈블레이드 24394,851
블레이즈블레이드g 24394,28688
블레이즈블레이드改 24394,1048
블루 53592,3209
블루s저지 35698,12003
블루블레이드보우 28478,7905
블루블레이드보우ⅰ 28478,8049
블루블레이드보우ⅱ 28478,8181
블루블레이드보우ⅲ 28478,8310
블루윙 24394,18879
블루저지 35698,372
블루크로우블레이드 24394,21122
블루테일 21985,20258
블루프로미넨스 21985,20447
블루피어스 26312,8092
블리자드 53592,4246
블팡고 39572,3735
