0
94
114
135
149
696
764
1359
1456
1538
1554
1567
1585
1602
1653
1809
2560
2577
2859
2873
3083
3119
3136
3153
3170
3209
3379
3396
5270
5284
5298
5617
5632
5848
6031
6203
6497
6751
6818
6845
6861
11680
11729
11778
11837
12131
12258
12296
12368
12387
12403
12559
12588
12606
12622
12639
12655
12681
12697
12712
12729
13317
13345
13438
13455
13474
13493
13524
13545
13563
13580
13596
13626
13641
13657
13672
13688
13703
13787
13803
13818
13845
13871
13921
14046
14063
14079
14095
14130
14145
14159
14175
14191
14207
14421
14448
14463
14487
14503
14527
14545
14567
14596
14612
14671
14687
14704
14719
14736
14762
14777
14794
14813
14863
