0
24
50
74
154
175
188
208
676
776
1087
1245
1514
1644
1812
1891
1946
1991
2039
2483
2540
2619
2679
2893
2924
2980
3013
3070
3172
3222
3260
3340
3379
3441
3622
3687
3732
3904
3952
4078
4174
4660
4723
4777
4864
4984
5063
5177
5270
5364
5426
5553
5628
5704
5845
7749
8073
8209
8515
8618
8781
9307
9403
9510
10147
10290
10478
11357
11561
11698
12434
12765
12895
13082
14335
14657
14747
14859
14984
15085
15450
15544
15639
15812
15831
15889
15947
15967
16034
16093
16155
16217
16288
16354
16416
16476
16540
16674
16744
16814
16878
16936
16952
17020
17083
17147
17210
17274
17337
17399
17459
17525
17598
17668
17740
17796
17852
17920
17989
18056
18116
18178
18244
18303
18365
18427
18459
18476
18535
18600
18630
19343
19415
19477
19521
19578
19635
19652
19715
19778
19838
19897
19955
19985
20028
20410
20435
20462
20891
20961
20995
21103
21124
21182
21257
21318
21463
21486
21522
21558
21866
21885
21906
21967
22026
22084
22117
22142
22224
22247
22319
22625
22650
22669
23814
23834
23869
23901
23921
23980
24041
24099
24155
24390
24450
24509
24766
24824
24886
24954
25016
25073
25367
25431
25491
25554
25617
25678
25738
25772
25794
25831
25854
25991
26011
26248
26335
26393
27969
27994
28060
28126
28146
28172
28705
28785
28849
28881
28943
29020
29173
29206
29227
29263
29301
29334
32548
32612
32680
32754
32824
32900
32975
33053
33119
33191
33262
33326
33399
33466
33547
33617
33693
33767
33833
33902
33972
34052
34127
34196
34273
34346
34418
34481
34554
34634
34704
34772
34849
34920
34953
34975
35097
38899
38963
38984
39005
39075
39097
39165
39184
39240
39320
39343
39375
39408
39444
39508
39574
39639
39701
39734
41483
41508
41541
41655
41770
41884
41948
42016
42124
42188
42256
42318
42377
42412
42469
42526
42663
43429
43449
43479
43515
43555
43612
43683
43748
43783
44700
44718
44737
44755
44774
44889
44908
45830
45851
45911
45970
46142
46166
46198
46269
46314
46735
46813
47565
47608
47733
47789
47830
47850
48894
48919
48951
49014
49057
49115
49173
49232
49264
49306
49387
49424
49460
49485
49501
49521
49922
49943
49967
50035
50757
50778
50805
50922
50948
50972
50993
51060
51080
51102
51134
51158
51193
51249
51274
51295
51354
51374
51398
51460
51525
51585
51608
52343
52403
52733
52793
52848
53994
54014
54093
54157
54217
54276
54336
54400
54436
54470
54528
54552
54739
54818
54858
56322
56387
56445
56569
56630
56690
56755
56823
56884
56945
57004
57064
57121
57178
57235
57292
57324
57381
57438
57495
57552
57590
57624
57896
58174
58441
58718
59226
59286
59307
59324
59339
59356
59378
59428
59445
59495
59516
59539
59554
59569
59600
59616
59747
59763
59794
59810
60175
60243
60278
60311
60642
60659
60686
60701
60732
60849
60899
60922
60961
60979
61034
61160
61357
61377
61435
61452
61632
61656
61690
61751
61813
61830
61858
61892
61910
61940
62237
62286
62325
62392
62432
62455
62476
62495
62513
62844
62863
62977
63045
63109
63135
63168
63204
63222
63274
63300
63337
63372
63392
63412
63432
63450
64457
64518
64561
64631
64652
64689
64734
64772
64791
64808
65065
65082
65100
65117
65174
65194
65261
65291
65360
65443
65474
65496
65514
65545
65602
65679
65700
65816
65879
65920
67086
67115
67147
67167
67197
67221
67283
67311
67333
67354
67426
67486
67547
67613
67673
67738
67755
68192
68224
68245
68262
68286
68354
68429
68443
68460
68476
68518
68548
68582
68659
68677
68735
68802
68863
68933
68962
69031
69106
69127
69191
69261
69329
69389
69455
69518
69582
69641
69663
69677
69911
70126
70291
70315
70345
70375
70405
70434
70464
70494
70516
70539
70564
70578
70630
70675
70689
70756
71398
71425
71505
71524
71543
71617
71653
71685
71732
71748
71792
71813
72215
72271
72340
72403
72470
72533
72560
72594
72661
72708
72733
72754
72772
72841
72871
72905
72942
72992
73036
73073
73111
73152
73184
73219
73432
73533
73553
73582
73601
73621
73685
73742
73809
73828
73847
73865
73885
74132
74157
74213
74279
74337
74365
74381
74412
74433
74466
74506
74520
74731
74812
74888
74946
75004
75062
75125
75157
75234
75249
75403
75417
75441
75470
75494
75528
75552
75577
75603
75627
75660
75688
75713
75739
75766
75790
75811
75832
75856
75880
75901
75923
75946
75969
75990
76011
76031
76056
76081
76103
76126
76150
76171
76197
76416
76445
76464
76644
76675
76746
76765
76791
76903
76921
76938
76957
77011
77128
77156
77345
77361
77382
77411
77428
77450
77500
77516
77561
77577
77592
77622
77641
77661
77884
77905
77939
77960
77993
78017
78468
78885
78915
78946
79002
79025
79046
79066
79097
79122
79144
79162
79193
79215
79242
79302
79361
79417
79434
79501
79653
79695
79713
79734
79948
80174
80235
80336
80370
80387
80416
80445
80501
80521
80537
80558
80593
80610
80630
80652
80718
80749
80824
80853
80873
80930
80998
81060
81078
81099
81116
81344
81381
81413
81431
81510
81568
81626
81684
81742
81800
81894
81917
81947
82008
82067
82096
82112
82167
82234
82752
82783
82815
82884
82904
82922
82942
82976
83042
83072
83097
83164
83183
83210
83229
83248
83271
83345
83365
83884
83901
84614
84791
84822
84842
85049
85113
85175
85241
85258
85281
85304
85372
85432
85497
85561
85626
85700
85788
85859
85934
85995
86058
86118
86188
86270
86362
86422
86489
86521
86563
86903
86926
86959
86985
87008
87030
87053
87076
87154
87667
88040
88111
88139
88222
88713
89363
89385
89405
89427
89492
89516
89540
89558
