기가 39242,12123
기간트해머 30024,9968
기검챠챠브 36224,17839
기검챠챠브g 36224,31102
기계장치 53592,11109
기구가 44611,4844
기구소환술 44611,4825|44611,6527|44611,6752
기능에 27368,39970|27368,40051
기대 53592,244
기대하기에도 39242,12602
기대할 30838,1167|30838,1674|30838,2935|30838,4581
기동 30377,29710
기동력이 36224,32100|45690,21560
기동성으로 45690,21066
기동성을 21985,35587|21985,36158
기동성의 21985,35961
기동성이 21985,35668
기록 53592,13916
기록되므로 31706,3832
기록됩니다 33821,3827|39242,4296
기록을 53592,14709
기록이다 53592,13398
기록한 53592,16731
기리며 53592,16011
기면 53592,4867
기면왕유산 27368,17477|27368,27488|35592,11334|35592,11478|35698,20582|36224,17904|36224,31236|41496,13968|42405,1775|48373,8152
기면족보물 27368,17490|27368,38746|35592,9683|35592,9832|35592,11267|35592,11435|35698,7434|36224,17232|36224,17684|36224,17734|36224,17912|41496,13911|42405,5217|42405,6177|42405,7565|48373,4675|48373,8118
기면족비보 24394,6347|27368,27475|27368,38733|35592,11572|36224,18103|36224,18317|36224,31245|41496,13941|42405,3168|48373,8203
기면족의독부 36224,17629
기면족의비노 27368,17398
기면족의주사 36224,18028
기면족의휘석 23612,5396|39572,5320|39572,5403|39572,5578|39572,5601
기묘 53592,2751
기본 21985,35432|21985,35812|24394,35220|28478,21121|28478,22739|30024,38166|30377,29543|31706,1738|31706,2262|36224,32779|39242,2767|39242,3120|39242,3216|39242,3286|39242,3348|39242,3733|39676,32823|41496,1039|41496,1110|41496,1182|41496,2073|41496,6039|41496,7175|42049,185|42049,2234|42049,3363|42049,4847|42049,7193|42049,9008|42049,10982|42049,13556|42049,15431|44611,5013|45690,2073|45690,3053|45690,11112|45690,12276|45690,14157|45690,16844|45690,17072|45690,18012|45690,18196|45690,18577|45690,18763|45690,20407|45690,21361|45690,21411|45690,22882|45690,23168|45690,23809|45690,23864|45690,23994|45690,24018|45690,24245|45690,24490|48345,187|48345,2197|48345,3347|48345,4837|48345,7187|48345,8969|48345,11033|48345,13528|48345,15497|48576,26479|52371,26873
기본47 45690,23723
기본공격 30377,28315|30377,29661|30377,30111|45690,21792
기본공격으로도 30377,30051
기본보다 52371,26479
기본보수 33821,624|33821,1722|33821,2410|33821,3883|33821,4775|33821,5391|39572,316
기본보수의 47905,8249|47905,8320|47905,8397|47905,8467
기본성능이 21985,36530
기본시 27609,276
기본연계 52371,26327|52371,26411
기본연계로의 52371,26392
기본으로 47905,4992
기본은 39242,12203|39242,12372
기본의 39242,2716|44611,4975|47905,10476
기본이 30838,281|39242,3317|48576,25951
기본이나 45690,24724
기본이다 24394,35295
기본이동과 39242,8416
기본적으로 21985,35444|21985,36176|33821,520|39676,32312|39676,33098
기본적인 28478,21394
기본치수치 41496,2111|41496,2206
기본탄 30838,3593
기본탄lv2 39676,32961
기본탕 30838,3636
기본형은 45690,22813
기분으로 36224,32280
기상술 44611,5047|44611,5083|44611,6044|44611,6082|44611,6146|44611,6853|44611,6932
기색 26312,9096|26312,10336|26312,10464|26312,10912|26312,11094|26312,11225|26312,12711|26312,12812|26312,13122|26312,13188|26312,16183|26312,16251|26312,19304|26312,23642|26312,24558|26312,24655|26312,26757|26312,26940|26312,27612|26312,27680|26312,34400|26312,35030|26312,35136|27609,8952|29333,7646|29333,8693|29333,8795|29333,9156|29333,10822|29333,11162|29333,13996|29333,14077|29333,16688|29333,20708|29333,21540|29333,21637|29333,23650|29333,23826|29333,24427|29333,30524|29333,30813|29333,30930|29333,31370|29353,7680|29353,8878|29353,9254|29353,10911|29353,11243|29353,13997|29353,14063|29353,16780|29353,20671|29353,21586|29353,21685|29353,23611|29353,23784|29353,24366|29353,30528|29353,30648|29353,31098|29353,31215|35698,1680|35698,2562|35698,7823|35698,9151|35698,11016|35698,11358|35698,14040|35698,14107|35698,16806|35698,20836|35698,21672|35698,21771|35698,23669|35698,23844|35698,24515|35698,30827|35698,30947|35698,31471|47905,8135|48373,825|48373,1263|48373,1320|48373,6762|48373,6810|48373,6869|49617,7106|49617,8058|49617,8183|49617,8564|49617,10388|49617,10758|49617,10822|49617,13545|49617,13611|49617,16330|49617,20216|49617,21078|49617,21176|49617,23203|49617,23382|49617,23980|49617,30147|49617,30263|49617,30756
기세당당한 53592,14868
기술 21985,36090|31706,863|31706,5000|41496,517
기술을 24394,35497|39242,2796
기술종 48576,25304
기식 29353,8756
기신쌍거 30377,12893
기아노스 33821,5210|33821,5456|33821,5466|33821,5514|33821,5524|33821,5572|33821,5582|33821,5630|33821,5640|33821,5688|33821,5698|33821,5747|33821,5757|33821,5805|33821,5815|33821,5864|33821,5874|33821,5926|33821,5936|33821,5987|33821,5997|33821,6044|33821,6054|39572,3007|39572,3037|39572,3067|39572,3088|41496,14020|42049,509|48345,528|53592,1111
기아노스u 42049,7590|48345,7594
기아노스u가드 29353,17535
기아노스u그리브 35698,17533
기아노스u레깅스 35698,17618
기아노스u레지스트 29333,17458
기아노스u메일 29333,17374
기아노스u암 29353,17452
기아노스u캡 26312,20136
기아노스u코트 49617,17149
기아노스u폴드 49617,17034
기아노스u헬름 26312,20020
기아노스가드 29353,1098
기아노스가죽 23612,6071|24394,7545|26312,7870|29333,856|29333,5256|29353,5456|30377,8288|30377,8321|30377,8362|30377,9403|35698,850|35698,1035|35698,2925|35698,4245|36224,6822|36224,6889|36224,26384|41496,14064|42405,7579|45690,8008|45690,8059|48576,5919|48576,5964
기아노스그리브 35698,969
기아노스들을 27609,8555
기아노스레깅스 35698,1073
기아노스레지스트 29333,1082
기아노스메일 29333,975
기아노스벌룬 30024,20629|37895,5544|48576,5676|48576,5857
기아노스벌룬改 37895,5557|48576,6081
기아노스비늘 24394,7507|24394,7599|26312,1079|27368,1182|28478,3646|29333,1044|29333,6890|29353,843|29353,955|29353,1036|29353,7208|30377,8279|30377,8312|35592,6400|35592,6487|35698,1010|35698,7229|36224,5961|36224,6810|36224,6865|41496,13998|42405,3876|45690,8017|45690,8068|48373,1150|48576,5928|49617,1187|52371,8009
기아노스비옥 39572,1856|39572,3154
기아노스상린 26312,20063|27368,15332|27368,33204|29333,17434|29353,17511|35592,6737|35592,6946|35698,17594|36224,26374|41496,14037|48373,1241|48576,6371|49617,17076
기아노스상피 24394,7908|24394,29558|26312,19325|26312,20077|29333,15408|29333,16714|29333,17447|29333,27309|29353,16806|29353,17524|30377,9651|35698,13795|35698,16827|35698,17607|35698,18511|41496,14090|42405,7913|45690,8415|45690,18352|48373,7684|48576,6350|49617,16356|49617,17090
기아노스슈트바디 29333,6801
기아노스슈트풋 35698,7137
기아노스슈트핸드 29353,7118
기아노스암 29353,997
기아노스첨조 24394,7896|24394,29549|27368,15318|27368,33219|28478,1401|30377,8658|30377,9884|30377,25070|41496,14181|42405,1826|45690,8403|45690,18342|48576,6362|48576,24410
기아노스캡 26312,1140
기아노스코트 49617,1210
기아노스크로우즈 30377,8070|30377,8231|36224,6661
기아노스크로우즈改 30377,8436
기아노스페이크 26312,7791
기아노스폴드 49617,1144
기아노스허벅지 39572,3102
기아노스헬름 26312,1038
기어든 39242,9747
기어들고 39242,11658
기어들어 39242,15192
기어들어갔을경우 39242,9573
기어들었을 39242,9789
기억 39242,5727|39242,6340
기억됩니다 39242,5888
기억시키고 39242,6215|39242,6281
기억할 21985,35649|39242,5763|39242,6385
기억해 30377,29983
기울이자 45690,24714
기자미 42049,2737|42049,6585|48345,2721|48345,6603|53592,1603
기자미s가드 29353,15550
기자미s그리브 35698,15498
기자미s레깅스 35698,15609
기자미s레지스트 29333,15549
기자미s메일 29333,15434
기자미s암 29353,15438
기자미s캡 26312,18000
기자미s코트 49617,15153
기자미s폴드 49617,15043
기자미s헬름 26312,17887
기자미u 42049,8723|48345,8687
기자미u가드 29353,19889
기자미u그리브 35698,19852
기자미u레깅스 35698,19958
기자미u레지스트 29333,19758
기자미u메일 29333,19654
기자미u암 29353,19786
기자미u캡 26312,22731
기자미u코트 49617,19445
기자미u폴드 49617,19339
기자미u헬름 26312,22624
기자미x 42049,12100|48345,12088
기자미x가드 29353,27501
기자미x그리브 35698,27503
기자미x레깅스 35698,27593
기자미x레지스트 29333,27518
기자미x메일 29333,27411
기자미x암 29353,27412
기자미x캡 26312,31029
기자미x코트 49617,27048
기자미x폴드 49617,26960
기자미x헬름 26312,30923
기자미z 42049,13280|48345,13241
기자미z가드 29353,29865
기자미z그리브 35698,29985
기자미z레깅스 35698,30075
기자미z레지스트 29333,29859
기자미z메일 29333,29771
기자미z암 29353,29776
기자미z캡 26312,33712
기자미z코트 49617,29475
기자미z폴드 49617,29371
기자미z헬름 26312,33605
기자미가드 29353,5642
기자미그리브 35698,5606
기자미레깅스 35698,5720
기자미레지스트 29333,5395
기자미메일 29333,5284
기자미블레이드 24394,20963
기자미스팅거 21985,17334
기자미암 29353,5531
기자미캡 26312,5927
기자미코트 49617,5343
기자미폴드 49617,5230
기자미헤드액스 30024,7818
기자미헬름 26312,5816
기자자미헬스 37895,6498|37895,9797|48576,19400
기재 33821,570|42049,15514|48345,15580
기절 26312,488|26312,582|26312,1479|26312,1554|26312,2538|26312,2658|26312,3437|26312,3552|26312,4379|26312,4491|26312,5121|26312,5239|26312,6036|26312,6153|26312,14119|26312,14258|26312,14768|26312,14826|26312,15625|26312,15730|26312,16483|26312,16592|26312,18104|26312,18213|26312,18632|26312,18742|26312,21601|26312,21706|26312,22113|26312,22211|26312,25652|26312,25790|26312,28258|26312,28385|26312,29565|26312,29624|26312,32747|26312,32858|26312,37828|26312,37957|29333,505|29333,605|29333,1431|29333,1498|29333,2515|29333,2626|29333,3257|29333,3372|29333,4108|29333,4758|29333,5503|29333,9350|29333,9472|29333,11916|29333,12528|29333,12586|29333,13484|29333,13592|29333,14305|29333,15652|29333,16076|29333,18820|29333,19235|29333,19342|29333,22550|29333,22688|29333,25002|29333,25125|29333,26287|29333,29004|29333,29634|29333,29737|29333,33729|29333,33856|29353,492|29353,591|29353,1487|29353,1607|29353,2672|29353,2794|29353,3492|29353,3602|29353,4325|29353,4962|29353,5747|29353,5859|29353,9446|29353,9570|29353,12060|29353,12646|29353,12702|29353,13525|29353,13629|29353,14262|29353,15650|29353,16142|29353,18963|29353,19371|29353,19481|29353,22583|29353,22715|29353,25003|29353,25127|29353,26213|29353,26274|29353,28995|29353,29638|29353,29740|29353,33638|29353,33747|30024,36997|35698,496|35698,597|35698,1458|35698,1524|35698,2711|35698,2820|35698,3523|35698,3626|35698,4362|35698,5003|35698,5073|35698,5828|35698,5941|35698,9447|35698,9639|35698,12166|35698,12802|35698,12859|35698,14310|35698,15712|35698,15820|35698,16176|35698,18949|35698,19425|35698,19541|35698,22680|35698,22814|35698,25098|35698,25220|35698,26338|35698,26398|35698,29189|35698,29849|35698,29951|35698,33852|35698,33961|39242,542|39242,5549|39242,5569|39242,14802|39242,14849|39242,14958|47905,1303|48373,331|48373,386|48373,436|48373,701|48373,741|48373,5855|48373,5902|48373,8575|48373,8628|49617,652|49617,739|49617,1596|49617,1661|49617,2745|49617,2859|49617,3508|49617,3607|49617,4201|49617,4296|49617,4719|49617,5449|49617,5564|49617,8755|49617,8875|49617,11565|49617,11700|49617,13072|49617,13178|49617,13811|49617,13916|49617,15254|49617,15696|49617,15801|49617,18633|49617,18737|49617,19068|49617,19178|49617,22097|49617,22232|49617,24557|49617,24680|49617,25770|49617,25827|49617,28548|49617,28640|49617,29221|49617,29337|49617,33190|49617,33306
기절값 30838,1959|30838,2031|30838,2102|48576,25291|48576,25312
기절값을 48576,26147
기절값이 48576,26180
기절낭 24394,17062|28478,6387|29333,28542|29353,30164|30377,20502|36224,13408|36224,30050|41496,12255|45690,16176|48576,18150
기절등을 48576,26792
기절무효 37895,2861|37895,8575|37895,10594|42049,697|42049,1978|42049,5295|42049,8302|42049,12905|47905,1309|47905,2086|48345,731|48345,1946|48345,5286|48345,8290|48345,12879|48576,13398|48576,24660
기절배가 42049,1607|42049,5106|42049,5696|42049,6031|42049,6727|42049,6935|42049,8536|42049,10759|42049,11513|42049,15264|47905,1365|48345,454|48345,1568|48345,5097|48345,5689|48345,6048|48345,6727|48345,6953|48345,8538|48345,10765|48345,11529|48345,15256
기절수치의 47905,1337
기절시간이 47905,1371
기절시킬 48576,26156
기절을 48576,26666
기절치가 30024,37038|30838,2450|48576,25493|48576,25690
기절치를 30024,36976
기절치에서는 48576,26559
기절하기 44611,5658
기절하지 47905,1314
기절확률감소 42049,13216|47905,1330|48345,13221
기절효과 41496,3496
기준 30024,37583
기척 53592,7424
기초 33821,4820
기초의 33821,4816
기초훈련 33821,4687|33821,4811|33821,4879|33821,4956|33821,5038|33821,5103|33821,5180|33821,5258
기타 39242,15032
기타는 28478,22042
기폭식 41496,4410|41496,4464
기폭한다 41496,4433|41496,4488
기폭할 47905,10370
기폭했을 47905,10295
기품있는 53592,15007
기회가 28478,22848|28478,23288
