한가운데 40740,3754|40740,4901|40740,5074
한계 45690,23746
한계가 27368,40160|39676,32046|42049,127|48345,129
한곳을 30377,28849
한글날 44611,5773
한다 21985,36050|24394,35869|28478,21183|28478,23106|30838,686|30838,1737|30838,4063|35592,5272|39242,13256|39242,13695|39242,14065|39242,14170|44611,4681|45690,22968|47905,2007|48576,25778|53592,7658|53592,13243|53592,13938|53592,14045|53592,14582|53592,16353
한마리 39242,240
한마리를 39242,11010
한마리의 53592,11850|53592,16371
한모금 53592,15098
한발 30838,7648
한발로 30838,2398
한발에 21985,35246
한발은 21985,35823
한발이 21985,35564
한밤의 39339,9837|39339,9848|40740,8101|40740,8153
한방약 23612,248|31706,2166|31706,4073|39339,3931|41496,1628|42405,2134|42405,2572|42405,6513|48373,760
한번 39242,9500|39242,10507|44611,5481|45690,21434|47905,3722
한번밖에 45690,21651
한번의 39242,13705|41496,5243
한벌의 40740,2250
한손검 21985,35296|36224,24|36224,31793|36224,32725|41496,27883|41496,28115
한손검과 21985,35579
한손검에서 30377,28694
한손검으로부터 30377,462|30377,4020|30377,8159|30377,10008|30377,11012|30377,13088|30377,13827|30377,14632|30377,15290|30377,17288|30377,19827|30377,21057|30377,21691|30377,22365
한손검을 53592,9828
한손검의 33821,5427
한손검이나 45690,20360
한손검이라면 36224,32572
한손검이은 36224,32633
한손검인 47905,10032
한손검파생 30377,2233|30377,5411|30377,18739
한쌍 30838,982|30838,1438|31706,1525|35592,6515|35592,7470|35592,8243|35592,8979|35592,9857|35592,10494|40740,1826|40740,1841|40740,2239|41496,29495
한점에 35592,5365
한정되어 30024,38322
한정되지 21985,36240
한줄기 40740,2090|40740,2108|40740,2168
한쪽을 39242,3587
한편 28478,22436|30377,28902|30377,29213|39676,32634|48576,26423|52371,27047
한편으로는 30838,2955
한해 23612,6534
