청각보호 26312,2233|26312,2296|26312,5551|26312,5621|26312,6274|26312,6341|26312,8628|26312,11280|26312,11377|26312,13320|26312,13388|26312,17621|26312,17673|26312,18499|26312,18568|26312,20637|26312,20700|26312,22545|26312,22608|26312,26423|26312,26490|26312,27803|26312,27866|26312,30664|26312,30731|26312,31750|26312,31819|26312,32978|26312,33039|26312,33878|26312,33942|26312,35047|26312,35153|26312,36999|26312,37067|26312,37356|26312,37426|29333,2088|29333,5062|29333,5132|29333,5652|29333,9526|29333,11365|29333,15203|29333,15955|29333,17956|29333,19561|29333,22082|29333,23326|29333,23396|29333,24574|29333,27150|29333,28097|29333,29160|29333,30033|29333,30104|29333,31387|29333,32989|29333,33348|29353,2242|29353,2310|29353,5271|29353,5371|29353,5976|29353,6041|29353,9623|29353,11404|29353,11505|29353,15183|29353,15235|29353,16013|29353,16080|29353,18133|29353,18194|29353,19699|29353,22128|29353,23369|29353,23432|29353,24505|29353,27179|29353,27245|29353,28103|29353,29183|29353,29244|29353,30024|29353,30095|29353,31151|29353,31270|29353,33214|29353,33275|35698,2298|35698,2367|35698,5345|35698,5414|35698,6021|35698,9304|35698,9502|35698,11548|35698,11615|35698,15290|35698,15339|35698,16053|35698,18053|35698,19760|35698,22213|35698,23448|35698,23517|35698,24658|35698,27288|35698,27344|35698,28244|35698,28304|35698,29388|35698,29448|35698,30231|35698,30301|35698,31481|35698,33427|37895,2624|37895,2692|37895,6095|37895,8026|37895,8778|37895,9985|37895,10190|47905,1778|48373,5520|48373,5597|48576,14022|48576,14245|48576,16272|48576,16468|48576,21368|48576,26909|49617,2241|49617,5016|49617,5084|49617,5643|49617,8928|49617,10947|49617,11013|49617,14828|49617,14887|49617,15576|49617,17690|49617,19250|49617,21651|49617,21760|49617,22832|49617,22917|49617,24120|49617,26723|49617,26787|49617,27627|49617,28752|49617,28811|49617,29644|49617,29713|49617,30766|49617,32463|49617,32528|49617,32757
청괴조갑각 26312,4199|27368,4308|29333,3967|29353,4187|30024,15237|35698,4220|39676,4249|41496,15628|48373,2052|49617,4062
청괴조견각 26312,21107|28478,4970|28478,5000|29333,18408|29353,18559|30024,15404|35698,18486|39676,12178|41496,15654|49617,18198
청괴조비늘 26312,5215|28478,4705|29333,3954|29353,4174|30024,15245|30377,6102|41496,15544|42405,1892|49617,4049
청괴조상린 26312,17136|29333,18396|29353,18547|30024,15412|41496,15574|49617,18186
청괴조중각 26312,32426|27368,24206|28478,5159|29333,28696|29353,28692|30024,15610|35698,28862|39676,18279|41496,15681|42405,8623|49617,28235
청괴조후린 27368,37555|28478,5330|29333,28688|29353,28684|30024,15599|39676,29485|41496,15601|49617,28227
청귀 30377,18712|36224,22990
청룡도 24394,17832|24394,18061|24394,18267|52371,18574
청새치 23818,1948|24394,24675|24394,24828|24394,32358|26312,27243|28478,6572|28478,6702|28478,6838|28478,18813|29353,24111|30024,6204|35592,5203|41496,9401|42405,3642|46577,3186|46577,3239|46577,5940
청색 28478,193|42405,390
청색으로 39242,5638
청소에 30838,631|30838,1463
청소해주기 39242,11961
청얀쿡 40740,900|41496,15566|53592,16879
청얀쿡포 39676,4154
청엽 52371,10736
청조 53592,4281
청풍조 30377,13622
청화룡중각 29353,33171|35698,33434
청화룡후린 29353,33179|35698,33442
