0
25
53
72
233
320
348
376
392
408
425
454
471
486
514
529
543
694
722
749
767
784
814
832
849
867
882
897
936
955
1103
1158
1178
1196
1216
1235
1254
1275
1294
1312
1332
1350
1369
1389
1408
1427
1447
1467
1486
1501
1854
1869
1887
1903
1952
1967
2071
2089
2162
2195
2255
2272
2289
2308
2324
2442
2458
2477
3751
3772
3810
3826
3844
3941
3958
3978
4005
4023
4041
4060
4075
4094
4114
4133
4152
4172
4187
4228
4248
4267
4315
4334
4351
4369
4385
4404
4426
4447
4465
4481
4498
4515
4566
6116
6133
6148
6164
6192
6208
6235
6611
6640
6747
6858
6876
6893
6910
6939
7032
7084
7133
7161
7180
7200
7227
7244
7345
7372
7410
7427
7443
7457
7584
7614
7642
7662
7681
7702
7722
7741
7760
7779
7799
7817
7835
7854
7872
7890
7910
7929
7959
7979
7997
8013
8031
