낫게 39339,9353|39339,9364|39339,9985
낫게갑각 21985,17406|24394,21026|26312,5871|26312,17955|26312,22692|27368,9113|28478,8071|29333,5326|29353,5584|30377,4425|30377,4473|35698,5661|39676,3953|41496,18601|42405,7687|49617,5284|49617,15098|49617,19394
낫게강조 21985,33648|24394,20184|24394,20405|24394,31476|26312,30979|28478,8385|28478,8519|30024,8189|30377,2158|30377,5323|30377,27006|36224,2187|36224,24229|39676,19463|41496,18813|48373,1867|48576,19499|52371,5953|52371,6185
낫게견각 21985,17595|24394,19867|26312,17931|26312,22668|26312,24029|26312,30991|28478,8206|29333,15477|29333,19697|29353,15480|29353,19828|30024,7895|30024,7950|30377,4845|30377,27023|35698,15542|35698,19896|36224,23821|39676,10319|41496,18626|48576,19010|48576,19055|49617,15086|49617,19382|49617,27010
낫게다리 21985,17602|21985,17862|21985,33662|24394,21019|30024,7967|30377,4852|35698,5649|35698,15554|35698,19908|39676,3941|41496,18678|42405,3887
낫게발톱 21985,17399|24394,21198|26312,5859|28478,7168|30377,4466|30377,4649|39676,3965|39676,6130|41496,18755|42405,7650|48373,3269
낫게소각 21985,17242|24394,31493|26312,5883|29333,5338|29333,15489|29333,19709|30377,4483|35592,8779|41496,18571|48373,2715|49617,5272
낫게주각 21985,17803|21985,17852|24394,20133|24394,20881|26312,33649|28478,8663|29333,29814|29353,29818|30024,8415|30024,8469|30024,8699|30377,5047|30377,5095|35698,30029|36224,24447|39676,21902|41496,18842|42405,4682|42405,8817|48576,19742|48576,19960|49617,29414
낫게주조 21985,17796|21985,17845|21985,18066|24394,20126|24394,20177|24394,20398|26312,33661|27368,26539|28478,8805|30024,8422|30024,8476|30377,5040|30377,5088|30377,5306|36224,24430|36224,24631|39676,21914|41496,18877|48373,3323|49617,29426|52371,5637
낫게중각 21985,3288|24394,31486|26312,30967|28478,8338|28478,8378|29333,27454|29353,27454|30024,8182|35698,27547|36224,24236|39676,19451|41496,18652|48576,19489|49617,27003|52371,5960
낫게중족 21985,18073|21985,18562|24394,20143|24394,20194|24394,20888|28478,8345|28478,8670|29353,27461|29353,29825|30024,8199|30024,8432|30377,5057|30377,27016|35698,27554|35698,30036|41496,18703|52371,6192
낫게집게 21985,17235|24394,19850|24394,21191|28478,8081|29353,5572|29353,15492|29353,19840|29353,27468|29353,29832|30024,7902|30024,8486|30377,4642|39676,10331|41496,18729|42405,9545|48373,1689|52371,5970
낫게첨조 21985,17585|21985,33655|24394,19860|26312,17943|26312,22680|26312,24159|28478,8216|29333,27466|30024,7960|30377,4835|36224,1980|36224,23804|36224,23848|36224,24041|41496,18784|48373,1446|48576,19272|52371,5198
