분노 26312,38110|26312,38185|29333,34008|29333,34079|29353,33898|29353,33970|35698,34094|35698,34166|39242,2171|39242,12148|47905,5892|49617,33444|49617,33516|53592,2705
분노시 24394,34939
분노의염제 40740,8061|40740,8122
분노한 53592,2033|53592,3072|53592,4140|53592,5233|53592,6268|53592,7319|53592,15503|53592,15668
분류 44611,3041
분류하고 44611,3125
분별법 30024,37560
분별하는 40740,153|40740,1745|40740,4740|40740,5432|40740,6188|40740,7251
분산시키는 39242,731
분산시킵니다 39242,679
분산이 39242,1237
분실물우산 23818,4401|23818,4424|27368,3741|27368,5280|27368,8819|27368,16204|27368,20692|27368,35809|27368,36103|35592,8934|35592,11506|39339,850|39339,895|39339,963|39339,8661|39339,8684|41496,27467|42405,6382|46577,4169|46577,4209|46577,5557|46577,5580
분위기 39242,12614
분이 47905,8033|47905,8079|47905,8125
분진 41496,1973
분진의 39242,14467|39242,15344
분진이나 39242,13378
