벌꿀 23612,155|23612,206|23612,333|23612,447|23612,5503|27609,2145|27609,2167|27609,3448|27609,3470|27609,3492|33821,4869|33821,4946|33821,4995|33821,5028|33821,5093|33821,5170|33821,5248|33821,5330|35592,5521|35592,5553|35592,5585|35592,6202|35592,6295|35592,7053|35592,9509|35592,9756|39339,2280|39339,4551|39339,6755|41496,6158|42405,611|42405,990|42405,2485|48373,8850
벌레 35592,6072|35592,7016|35592,7942|35592,8596|35592,9472|35592,10216|35592,10945|41496,9716|53592,14175
벌레가 39242,2107
벌레도 39242,2094
벌레를 35592,3524|39242,966|41496,5500|41496,5545|41496,5593|53592,14179
벌레목 35592,1133|53592,11285
벌레수풀 35592,862|35592,885|35592,930|35592,1004|35592,1087|35592,2112|41496,32987|53592,11230|53592,11258
벌레수풀을 53592,14197
벌레의 44611,5295
벌레잡이 53592,11216|53592,11244
벌레형 39242,1298
벌릴 21985,36276
벌릴수 45690,21626
벌목용기계톱 30377,12536
벌통 35592,5470
