헌터 26312,38428|39242,2685|39242,15197|39572,28|39572,219|39572,1776|39572,2449|39572,3200|39572,3908|39572,4500|39572,5060|39572,5771|40740,3087|40740,4342|40740,4496|42049,371|42049,5033|48345,373|48345,5023|53592,192|53592,11946
헌터s가드 29353,12113
헌터s그리브 35698,12130
헌터s레깅스 35698,12277
헌터s레지스트 29333,11971
헌터s메일 29333,11881
헌터s암 29353,12026
헌터s캡 26312,14223
헌터s코트 49617,11665
헌터s폴드 49617,11530
헌터s헬름 26312,14083
헌터u 42049,7379|48345,7373
헌터u가드 29353,17057
헌터u그리브 35698,16971
헌터u레깅스 35698,17082
헌터u레지스트 29333,16969
헌터u메일 29333,16859
헌터u암 29353,16949
헌터u캡 26312,19566
헌터u코트 49617,16614
헌터u폴드 49617,16504
헌터u헬름 26312,19454
헌터가 39242,875|39242,1412|39242,1569|39242,1668|39242,13556|39242,13645|39242,13948|39242,14734|39242,15043|44611,3698|44611,3750
헌터가드 29353,559
헌터그리브 35698,463
헌터들도 53592,13308
헌터들의 53592,15249
헌터레깅스 35698,564
헌터레지스트 29333,571
헌터로 33821,3730|53592,13081
헌터를 53592,11957
헌터메일 29333,473
헌터보다도 39242,960
헌터보수 41496,27603|41496,27647|41496,27688
헌터보우 28478,250
헌터보우g 28478,18169
헌터보우ⅰ 28478,385
헌터보우ⅱ 28478,496
헌터보우ⅲ 28478,619
헌터보우ⅳ 28478,803
헌터암 29353,461
헌터에게 39242,707
헌터에게도 39242,13928
헌터에서 45690,21328
헌터와 39242,2902|39242,14179|39242,15162
헌터와의 42405,179
헌터의 39242,1511|39242,6518|39242,6600|39242,6652|39242,8412|39242,13978|39242,14320|39242,14460|39242,15337|40740,278|40740,308|40740,954|40740,1452|40740,5807|40740,7317|44611,4219|53592,11890|53592,15174|53592,15398
헌터의경험 53592,14690
헌터의기적 53592,16713
헌터즈 41496,30621
헌터즈호른 37895,4097|37895,9374|37895,9559|48576,1070
헌터즈호른改 37895,4108|37895,9393|37895,9579|48576,1277
헌터쪽으로 39242,1697
헌터카링거 30377,8133|36224,378|36224,492
헌터카링거g 36224,25765
헌터카링거改 30377,435|36224,601
헌터캡 26312,550
헌터코트 49617,707
헌터폴드 49617,620
헌터헬름 26312,455
