0
25
53
83
109
134
171
198
325
432
450
501
574
689
806
823
928
1013
1133
1151
1316
1418
1502
1531
1547
1586
1604
1644
1673
1714
1754
1782
1802
1828
1844
1872
1888
1919
8960
8976
8992
9030
9046
9062
9078
9094
9132
9148
9164
9198
13364
13383
13402
13419
13436
13473
13501
13543
14120
14138
14157
14219
14269
14314
14334
14396
14411
14433
14496
14558
14573
14669
14719
14758
14786
14872
14888
14961
14976
15003
15079
15114
15128
15142
15175
15331
15369
15396
15488
15569
15585
15623
15649
15663
15705
258514
258534
258578
258606
258645
258708
258752
258784
258841
258856
258881
258922
259253
259285
259320
259352
259387
259420
259454
259488
259524
259545
259579
259629
259652
259676
259709
259727
259760
259795
259832
259854
259871
259909
259944
259987
260005
260238
260276
260299
260435
260457
260476
260842
260863
260884
260952
260974
261456
261477
261851
263086
263242
263262
263828
264719
264764
264786
264834
267859
268159
268181
268212
268262
268296
268316
268471
268493
268551
268574
268596
268618
268924
268946
268969
268991
269025
269112
269167
269201
269220
269370
269388
269898
269920
274247
274291
274312
274344
274363
274396
274445
274547
274584
274672
274708
274729
275141
275173
275196
275229
275277
275305
275341
275377
275412
275449
275482
275528
275547
275586
275694
275745
275763
275798
275906
275939
275973
276009
276058
276093
276156
276174
276191
277632
277653
277700
277734
277767
277787
277833
277879
277899
277976
278026
278131
278162
278218
278237
278272
278293
278327
278363
278394
278415
278436
278472
278530
278561
278673
278694
278741
278789
278807
278988
279024
279064
279085
279110
279196
279245
279294
279343
279427
279487
279504
279539
279559
280618
280683
280715
280739
280756
280778
280952
281017
281052
281102
281166
281190
281252
281288
281309
281332
281356
282076
282115
283887
283924
283986
284022
284057
285454
285504
285555
285607
285643
285669
285726
285878
286093
286127
286148
286193
286243
286283
286315
286374
286421
286450
286467
286504
286537
286584
286619
286653
286670
286753
286788
286821
286855
287033
287055
287075
287238
287284
287301
287319
287393
287428
287476
287497
287533
287580
287601
288113
288147
288180
288272
288347
288369
288391
288457
288491
288511
288531
288561
288726
288830
288854
288887
288909
288943
288979
289012
289032
289171
289220
289241
289262
289354
289390
289770
289804
289865
289884
290127
290190
290228
290266
290319
290489
290539
290563
290614
304996
305045
305099
305131
305216
305237
305320
305562
305585
305610
305645
305715
305739
306026
306056
306075
306099
306149
306266
306302
306338
306388
306426
306443
306463
307086
307325
307360
307395
307436
307478
307495
307514
307547
307590
307611
307633
307667
307689
307709
307729
307792
307819
307914
307948
307968
308014
308072
308174
308209
308260
308295
308425
309730
311478
311514
311580
311613
311648
311763
311784
311807
312162
312184
312313
312347
312407
312466
312488
312522
312546
312679
312698
312729
312764
312798
312831
312850
312871
312905
312939
312981
313121
313145
313191
313225
313307
313336
313365
313400
313436
313470
313506
313553
313575
313594
313624
313692
313714
313734
313768
313803
313848
313868
314059
314153
314173
314218
314289
314313
314333
314379
315380
315404
315418
315452
315485
315641
315684
315721
315939
318948
318985
319006
319027
319064
319101
319138
319189
319228
319263
319300
319335
319353
320134
320466
320500
320863
320899
320932
320977
321012
321035
321135
321155
321198
321236
321273
321308
321935
321953
321973
321991
322021
322042
322115
322137
322178
322265
322298
322318
322382
322425
322445
322490
322511
322615
322655
322689
322724
322759
322793
322879
322961
322995
323018
323038
333429
333490
333570
333608
333659
334483
334520
334556
334593
334629
334649
334673
334689
334712
334753
334785
334819
334855
334905
334954
335037
335197
335987
336008
336043
336131
336276
336351
374791
374887
374937
375010
375030
375476
375513
375737
375773
375810
375844
375893
375913
375947
375998
376033
376068
376120
376174
376209
376247
376285
376367
376403
376423
376462
376715
376758
376914
376971
377098
377289
377314
377444
377481
377532
377567
377745
377765
377800
377862
377908
377944
377977
378011
378034
378064
378208
378244
378291
378446
378466
378585
378619
378861
378896
378932
378981
379015
379052
379089
379141
379181
379211
379231
379294
379513
379550
379575
379595
379614
379658
379681
379722
379756
379800
379821
379865
379900
379948
380021
380445
380501
380536
380573
380631
380669
382097
383832
383869
383907
383933
383969
384003
384156
384190
384228
384248
384328
384346
384543
384579
384615
385019
385069
385114
385143
385178
385216
385304
385410
385426
385462
385552
385601
385624
385648
385673
385762
385810
385843
385859
385893
385914
385963
385997
386061
386095
386130
386164
386239
386292
386313
386334
386368
386402
386435
386455
386981
387012
387056
387091
387125
387161
387206
387240
387263
387296
387331
387354
387388
387452
387729
389009
389028
390999
391023
391049
391112
391165
391216
391241
391351
391371
391393
391425
391460
391846
392050
392083
392116
392136
392159
392192
397961
397988
398023
398099
398175
398225
398242
398266
398301
398318
398339
398374
398393
398425
398444
398465
398487
398537
398557
398606
398623
398694
398727
398776
398796
398815
398834
398867
398898
399057
399120
399168
399203
399302
399324
399361
399383
399417
399435
474080
474101
474150
474218
474267
474303
474337
474360
474492
474515
474534
474552
474597
474619
474642
474665
474698
474717
475489
475526
475562
475596
475630
475669
475707
475758
475788
475841
475879
475928
475957
475974
475992
476024
476055
476092
476160
476241
476531
476563
476587
476621
476659
476676
476695
490304
490329
490356
490379
490398
490448
490480
490514
490534
490757
490833
490883
490908
490946
491010
491031
491065
491101
491910
491927
491946
493132
493177
493208
493254
493312
493356
493602
493653
493706
493743
493846
493899
493933
493967
494011
494045
494068
494087
494123
494158
494176
494227
494516
494567
494603
494654
494689
494723
494744
495254
495382
495416
496023
496076
496103
496126
496143
496186
496220
496241
496274
496325
496361
496394
496428
496463
496518
496913
496964
496998
497143
497174
497208
497241
497275
497314
497346
497584
497602
497625
497675
497829
497852
497902
498139
498177
498198
498220
498253
498297
498347
498422
498493
498526
498544
498577
498599
498632
498667
498947
498971
499089
502166
502201
502280
502332
502397
502418
502556
502601
502625
502679
502707
502742
502764
502881
502973
503024
503236
503257
503795
503827
503846
510306
510326
510357
551584
551620
551685
551709
551743
551878
551931
553345
553394
553417
553467
553539
553569
553594
553623
553643
553693
553728
553751
553772
553798
553820
553869
553905
553942
553975
553996
554018
554056
555504
555555
556903
556927
556953
557005
557026
558046
558082
558116
558154
558191
558227
558263
558297
558346
558379
558416
560583
560622
560652
566863
566888
567169
567233
567275
567350
567372
567391
567465
567560
567578
567654
567673
567726
567776
567831
567893
567956
568007
568311
569088
569136
569181
569299
569419
569437
569472
569496
569530
569565
569601
569632
569654
569677
569764
569787
569809
569831
569864
569897
569931
569966
569989
570026
570045
570976
571416
571439
571461
571497
571519
571537
571570
571592
571610
571630
571688
571762
571796
571816
571839
571871
571905
571924
571983
572016
572311
572348
572369
572391
572436
572456
573769
573880
573919
573956
573978
574030
574082
574133
574201
574253
574303
574326
574347
574463
574499
574537
574561
574601
574627
574666
574703
574765
574787
574810
574832
574867
585173
585203
585244
585284
585329
585381
585415
585448
585471
585495
585564
585598
585648
585670
585720
585783
585835
585868
585918
585954
585971
586006
586042
586080
586104
586121
586144
586166
586186
586220
586253
586286
589820
589838
589871
589888
589947
589969
590206
590240
590382
590430
590479
590501
590643
590667
590689
590712
590729
590763
590883
590907
590953
591006
593350
593372
593395
593430
593455
593606
594960
595198
595220
595243
595278
595337
595361
595396
595743
596059
596083
596115
596145
596335
596355
596399
596423
596460
598959
598991
599013
599072
599126
599149
599170
599394
599420
599471
599522
599663
599727
599776
599813
599837
599887
599950
599972
599994
600068
600087
600106
600130
600148
600171
600242
600275
600355
600431
600460
600494
600526
600569
609812
609843
609874
609905
609936
610001
610053
610090
610152
610189
610335
610649
610685
610721
610744
610783
610822
610846
610981
611090
611125
611176
611199
611222
611275
611339
611391
611419
611434
611454
611477
611499
620362
620383
620411
620461
620507
620531
620569
620594
620618
620654
620679
620933
620958
621020
621059
621081
621169
621252
621275
621301
621325
621378
621434
621472
621525
621578
621631
621655
621689
621740
621762
621786
622541
622579
622646
622682
622758
622866
623051
623122
623146
623183
623220
623244
623280
623370
623394
623417
623482
623519
623552
623604
623704
623742
623779
623872
625325
625347
625371
625738
625793
626180
626360
626383
626420
626466
626502
626525
626548
626735
626773
626825
627061
627084
627110
627258
627283
627334
627427
627492
627530
627569
627622
627662
627742
627778
627813
627850
627871
627934
627984
628023
628149
628215
628239
628277
628295
628324
628588
628620
628654
628673
628798
628817
628891
628928
628947
628974
629008
629080
629113
629147
629167
631036
631057
631094
631130
631764
631813
631848
631876
631910
632005
632038
632106
632128
632150
632187
632324
632349
632402
632425
632450
632500
632521
632554
632590
632625
632671
632705
632738
632759
632836
632871
632905
632940
632960
633048
633125
633186
633219
633251
633298
633333
633368
633404
633450
633483
633505
633580
633642
633678
633715
633747
633781
633815
633849
633884
633917
633936
633971
634005
634037
634070
634105
634139
634185
634219
634241
634275
634491
639652
639859
640027
640120
640171
640203
640238
640502
640525
640550
641234
641257
641282
641304
641355
641405
641428
641478
641622
641643
642151
642174
642199
642258
642314
642345
642382
642404
642452
642564
642599
642620
642642
642663
642745
642779
642822
642841
642888
642921
642954
643054
643087
643162
643211
643243
643266
643300
644176
644197
644233
644468
644519
644568
644592
644615
644647
644667
644715
644737
644770
644843
644864
644886
644907
644951
644972
645903
646017
646068
646425
646469
646516
646564
646697
646733
757471
757512
757565
757597
757701
757726
757775
757812
757849
757884
757901
758061
758091
758125
758146
758182
758204
758237
758294
758385
758435
758468
758490
758523
758611
758642
758663
758727
758761
758783
762392
762426
762474
762511
762549
762585
762621
762690
762724
762756
762837
762859
762890
762918
763055
763075
763091
763194
763218
763255
763290
763325
763365
763387
763421
763464
763938
763954
764263
764297
764334
764368
764393
764415
764437
764456
764481
764499
765070
765084
765122
765147
765175
765203
765225
765241
765279
765415
766512
766749
766985
767000
767016
767348
767418
767433
767522
767547
768118
768135
768173
768456
768476
768536
768693
768714
768763
768781
768859
768877
768905
768965
770033
770056
770106
770125
770143
770163
770204
770275
770291
770308
770338
770356
770377
770412
770436
770506
770533
770563
770578
770913
1406644
1406713
1406733
1406897
1413149
1413182
1413450
1413961
1414089
1414140
1414163
1414187
1414209
1414257
1414924
1414947
1414971
1415006
1415042
1415113
1415187
1415221
1415950
1416195
1416318
1416343
1416367
1416462
1416511
1416532
1416581
1416629
1418307
1418332
1418383
1418422
1420137
1421945
1422042
1422493
1422515
1422538
1422590
1422616
1422651
1422675
1422697
1422789
1422813
1422831
1422856
1422875
1422925
1423058
1423081
1423114
1423154
1423172
1423206
1423255
1426240
1426268
1426317
1426428
1426455
1427571
1427639
1427666
1427748
1427786
1427826
1427881
1427908
1427934
1427956
1427993
1428085
1428124
1428149
1428175
1428215
1428257
1428354
1428437
1428464
1428489
1428515
1428549
1428585
1429583
1429869
1429922
1429958
1430008
1430071
1536947
1536966
1536984
1537016
1537044
1537062
1537089
1537234
1537252
1537271
1537301
1537319
1537337
1537356
1537376
1538054
1538072
1538311
1538347
1538379
1538421
1538443
1538466
1538533
1538567
1538634
1538793
1539066
1539085
1539118
1539141
1539160
1539282
1539301
1599077
1599100
1599160
1599179
1599198
1599300
1599316
1599339
1599360
1599795
1599926
1599970
1599989
1600030
1604313
1604335
1604355
1604376
1604409
1605410
1605460
1605529
1605596
1605618
1605674
1605724
1605752
1605986
1606008
1606044
1606173
1606191
1606254
1606273
1606309
1606336
1606358
1606377
1606398
1606430
1606588
1606607
1606627
1606808
1606941
1606958
1608011
1608028
1608049
1608147
1608281
1608299
1608472
1608493
1608515
1610192
1610213
1610332
1610934
1610963
1610982
1611001
1611447
1611480
1611636
1611657
1611677
1611752
1611773
1611794
1641859
1641887
1641920
1641966
1642080
1642128
1642214
1642244
1642274
1642293
1642349
1643334
1643358
1643395
1643413
1643434
1643454
1643506
1643524
1643541
1643572
1643700
1643751
1643787
1643807
1643830
1643880
1644615
1644742
1644863
1644881
1644902
1644923
1644953
1644976
1645606
1645772
1645808
1645842
1645863
1645896
1646071
1646092
1646111
1661150
1661175
1661200
1661230
1661268
1661285
1661318
1661353
1661390
1661425
1661501
1661578
1661598
1662705
1662742
1662765
1662788
1662846
1662868
1662891
1662939
1662958
1663034
1663193
1663224
1663296
1685062
1685091
1685122
1685140
1685158
1685191
1685210
1685243
1685276
1685402
1685419
1685459
1685477
1685920
1685969
1686005
1686067
1686104
1686126
1686149
1686171
1686221
1686244
1686266
1686302
1686336
1686356
1686456
1779489
1779520
1779611
1779659
1779696
1779712
1779740
1779756
1779772
1779958
1783559
1783582
1789030
1789273
1789348
1789367
1789419
1789437
1789473
1789506
1789529
1789561
1789620
1789708
1789795
1789817
1789840
1789861
1789884
1789908
1790042
1790091
1790127
1790203
1790225
1790248
1790270
1790294
1790331
1790350
1790372
1790390
1790425
1790445
1790506
1790529
1790578
1790652
1790688
1790750
1790794
1790812
1790915
1790950
1790972
1791035
1791053
1791094
1791126
1791147
1791188
1791206
1791242
1791264
1791284
1791304
1791509
1791566
1791589
1791730
1791806
1791895
1791914
1791935
1791954
1791990
1792018
1792066
1792113
1792161
1792189
1792220
1792290
1792307
1792324
1792356
1792414
1793849
1794515
1794547
1794565
1794583
1794604
1794637
1794658
1794715
1794750
1794792
1794825
1794892
1794925
1794947
1794966
1794988
1795022
1795361
1795381
1795425
1795496
1795530
1795568
1795598
1795619
1795650
1795671
1795965
1796015
1796052
1797176
1797199
1797235
1797259
1797298
1797351
1797401
1797425
1797447
1797470
1797493
1851421
1851441
1851461
1851512
1851648
1851672
1851697
1851721
1851788
1851815
1851962
1851998
1852030
1852049
1852066
1852119
1852138
1852221
1852264
1852297
1852335
1852350
1852408
1852427
1852454
1852494
1853124
1853242
1853287
1853305
1853443
1853585
1853616
1853660
1853736
1853772
1853825
1853869
1853897
1854727
1854747
1854766
1854799
1854819
1854839
1861884
1861912
1861937
1862013
1862498
1862520
1862542
1862563
1866391
1868023
1868045
1868065
1868099
1868120
1868740
1869227
1869263
1869285
1869304
1870038
1870069
1870090
1870109
1870145
1870290
1870322
1870354
1870436
1870457
1870479
1871585
1871884
1871943
1871964
1871984
1872066
1872085
1872683
1872720
1875007
1875475
1875548
1875570
1876044
1876079
1876099
1876120
1876176
1876192
1876224
1876396
1877178
1877200
1877223
1877300
1877363
1877450
1877484
1877519
1877564
1877627
1877662
1877679
1877708
1877728
1877748
1877795
1877830
1878578
1878599
1878622
1878719
1878755
1878791
1878813
1878855
1878873
1878976
1879000
1879068
1879121
1879144
1879618
1879681
1879768
1879812
1879832
1879864
1880598
1880629
1880652
1880673
1880695
1880753
1880776
1880953
1880973
1881005
1881029
1881338
1881422
1881452
1881473
1884527
1884680
1884703
1884724
1884746
1884768
1885400
1885434
1885496
1885626
1886101
1886124
1886167
1886205
1886228
1886247
1886282
1886511
1886531
1886551
1886587
1886607
1886631
1886665
1886688
1886713
1886733
1886755
1888161
1888182
1889049
1889074
1889136
1889171
1889193
1889841
1889865
1889887
1889945
1890068
1890098
1890119
1890173
1890249
1890273
1890307
1890329
1890633
1890652
1890686
1891674
1891700
1892071
1892247
1892281
1892888
1893062
1893215
1893244
1893313
1893372
1893390
1893409
1893526
1893640
1893674
1893696
1893727
1893750
1893767
1893797
1893980
1893999
1894019
1894068
1894129
1894146
1894163
1894661
1894692
1895025
1895169
1895415
1895468
1895484
1895517
1895550
1895608
1895628
1896035
1896111
1896143
1896175
1956098
1956143
1956169
1956200
1956452
1956497
1956561
1956610
1956656
1956679
1956730
1956765
1956834
1956868
1956917
1956952
1956971
1957638
1957690
1957724
1957744
1957776
1957827
1957923
1957955
1957978
1958007
1958043
1958062
1958083
1958102
1958163
1958185
1958206
1958235
1958331
1958360
1958406
1958455
2039127
2039148
2039178
2039205
2039242
2039266
2039291
2039325
2039349
2039386
2039597
2039660
2039709
2039730
2039767
2039792
2039812
2039860
2039879
2039916
2039951
2040002
2040024
2040048
2040130
2040153
2040257
2040291
2040313
2040348
2040369
2040407
2040458
2040508
2040545
2040606
2040669
2040692
2040733
2040954
2040993
2041026
2041058
2041082
2041230
2041755
2041778
2041811
2041847
2041870
2041928
2041964
2041987
2042009
2042031
2042081
2042106
2055853
2055888
2055923
2055958
2055992
2056028
2056046
2056294
2056315
2056333
2056455
2056505
2056540
2056562
2056599
2056623
2056658
2056771
2056853
2056897
2056984
2057039
2057057
2057089
2057121
2057142
2057220
2057258
2057305
2057384
2057402
2057432
2057486
2057505
2057825
2057856
2058008
2058073
2058111
2058144
2058998
2059028
2059063
2059114
2059149
2059185
2059368
2059418
2059568
2059600
2059633
2059668
2059760
2059821
2059857
2059894
2059927
2059947
2061041
2061074
2061151
2061184
2061205
2061240
2061271
2061318
2061351
2061418
2062567
2062610
2062628
2062646
2062934
2063175
2063221
2063259
2063278
2063296
2063329
2063361
2063413
2063429
2063458
2063473
2063493
2063513
2063531
2063593
2063613
2063647
2063676
2063707
2063738
2063775
2063795
2063817
2063840
2063883
2063905
2063937
2063970
2064004
2064025
2064056
2064086
2064123
2078467
2078551
2078604
2078636
2078683
2078702
2078732
2078767
2078804
2078822
2078853
2078896
2078928
2078968
2078989
2079028
2079063
2079426
2079458
2079486
2079681
2079740
2079772
2079815
2079861
2079926
2079969
2080015
2080165
2080197
2080242
2080271
2080303
2080444
2159170
2159221
2160565
2160586
2160611
2160635
2161120
2161146
2161172
2161223
2161283
2161302
2161338
2161374
2161424
2161447
2161466
2161497
2161519
2161544
2161623
2161643
2161831
2161849
2161881
2161926
2161984
2162590
2162609
2162628
2163865
2163901
2163952
2163987
2164024
2164045
2164079
2164113
2164138
2164157
2164178
2164213
2164233
2164254
2164272
2164304
2164432
2164452
2164486
2164505
2164547
2164569
2164592
2164635
2164657
2165248
2165266
2165526
2165722
2165759
2165780
2165812
2165876
2165948
2165970
2165995
2166102
2166134
2166154
2166186
2166220
2166261
2166291
2166311
2166343
2166376
2166409
2166458
2166489
2166521
2166555
2166587
2169485
2169570
2169607
2169626
2169650
2169669
2169719
2169737
2169757
2169855
2169900
2169937
2169969
2170062
2177182
2177206
2177241
2177274
2177294
2177318
2177696
2177751
2178045
2178064
2178082
2178117
2178162
2178331
2178354
2178392
2178467
2178737
2178857
2194567
2194593
2194633
2194667
2194702
2194736
2194772
2194797
2194818
2194863
2194909
2194930
2194971
2194989
2195024
2195101
2195227
2195259
2195528
2195566
2195585
2196078
2196113
2196187
2196223
2196257
2196292
2196561
2196599
2197916
2197955
2198004
2198027
2198048
2198082
2198313
2198692
2198727
2198776
2198814
2198996
2199098
2199707
2199767
2199790
2199814
2199839
2199929
2199954
2199988
2200065
2200131
2202033
2202066
2202116
2202137
2202157
2202264
2202343
2202363
2202398
2202437
2202537
2202557
2202600
2202623
2202723
2203672
2203695
2203731
2203753
2203817
2203835
2203895
2203932
2203952
2203974
2203996
2204031
2204065
2204099
2204134
2204169
2204200
2204245
2204263
2204333
2204424
2204978
2206834
2206866
2206902
2206929
2206955
2206969
2207007
2207040
2207073
2207089
2207492
2207730
2207764
2207785
2207841
2208419
2209280
2209298
2209343
2209464
2209539
2209573
2209609
2209642
2209661
2209698
2209734
2209767
2209814
2209950
2210005
2210028
2210049
2210151
2210185
2210217
2210246
2210268
2210304
2210323
2210345
2210366
2210385
2210405
2210429
2210445
2210751
2210788
2210849
2210896
2210926
2210967
2210984
2211034
2211076
2211189
2211242
2211258
2211324
2213553
2213662
2213678
2213706
2214258
2214273
2214344
2214377
2214398
2214427
2214442
2214457
2214494
2214626
2214676
2214695
2214744
2214777
2215307
2215359
2215411
2215462
2215486
2215509
2215532
2215555
2215625
2215709
2215745
2215782
2215801
2215833
2215854
2215888
2215927
2215962
2216173
2216235
2216256
2216276
2216311
2216411
2216447
2216496
2216557
2216607
2216641
2216771
2216821
2216865
2216914
2216965
2217003
2217022
2217059
2217301
2217349
2418111
2418183
2418207
2418243
2418287
2418333
2427056
2427074
2427191
2427212
2427246
2427280
2427302
2427323
2427385
2427407
2427428
2427454
2427480
2427501
2427523
2427546
2427582
2427617
2427932
2427956
2427978
2428002
2428018
2428036
2428084
2428118
2428314
2428330
2428368
2428385
2428433
2428713
2428737
2428774
2428825
2428861
2428923
2428947
2428980
2429013
2429049
2429084
2429108
2429187
2429212
2429237
2429273
2429312
2429364
2429409
2429486
2429523
2429548
2429574
2432934
2433198
2433249
2433412
2433949
2433988
2434026
2434122
2434185
2434209
2434246
2434269
2434344
2434367
2434405
2434429
2434453
2434505
2434585
2434619
2434682
2434744
2434807
2434870
2434934
2435010
2435060
2435148
2435171
2435195
2435218
2435243
2435306
2435326
2435344
2435460
2435548
2435569
2435592
2435616
2435702
2435778
2435799
2609448
2609491
2609513
2609547
2609567
2609590
2609764
2609790
2609815
2609837
2609857
2618688
2618708
2618729
2618752
2618770
2618805
2618820
2710694
2710745
2710987
2711083
2712681
2712885
2712908
2712930
2712952
2713781
2713868
2713904
2713922
2714892
2714918
2714942
2715047
2715120
2715143
2715179
2715203
2715230
2715252
2715275
2715300
2715324
2715421
2716645
2716666
2716732
2716749
2716771
2716848
2716872
2716896
2716930
2717076
2717097
2717126
2717168
2764053
2764074
2764120
2764197
2764247
2764265
2764328
2764402
2764426
2764473
2764494
2764558
2764608
2764630
2764650
2799443
2799483
3105310
3106532
3106562
3106586
3106603
3106635
3106699
3106719
3106780
3106829
3106849
3106913
3106960
3107043
3107077
3107127
3107177
3107198
3107221
3107245
3107397
3107448
3107486
3107539
3107573
3107685
3107723
3107760
3107808
3107868
3107905
3107953
3107987
3108069
3108104
3168439
3168483
3168597
3168618
3168662
3168683
3168703
3168723
3168786
3168852
3168873
3169761
3169895
3169933
3169984
3170005
3170125
3170152
3170215
3170248
3170311
3170512
3170535
3170559
3170582
3170605
3170652
3170690
3170741
3170868
3170903
3170936
3171039
3171074
3171100
3171136
3171157
3171216
3171238
3171261
3171285
3171348
3171371
3171395
3171469
3171506
3171937
3171974
3172010
3172089
3172113
3172137
3172172
3172209
3172288
3172310
3172386
3172441
3172505
3172540
3172563
3172587
3172689
3172742
3172779
3172833
3172883
3172961
3172988
3173025
3173050
3173088
3173167
3173204
3173285
3173337
3173357
3173422
3173473
3173582
3173780
3173833
3173856
3173881
3173904
3173940
3173989
3174012
3174036
3174088
3174179
3174575
3174628
3174647
3174669
3174732
3174767
3174798
3174874
3174937
3175022
3175061
3175262
3175316
3175339
3175389
3175413
3175451
3175474
3175548
3176517
3176540
3176567
3176629
3176718
3176736
3177217
3177242
3177310
3177336
3177413
3177438
3177464
3177490
3177575
3177633
3177653
3177686
3177722
3177757
3177792
3194849
3194895
3194947
3194985
3195037
3195090
3195126
3196388
3196424
3196449
3196470
3196519
3196570
3197733
3197769
3197807
3197845
3197896
3197988
3198028
3198067
3198145
3198196
3198219
3198255
3198290
3198314
3198338
3198362
3211763
3211790
3211847
3211872
3211909
3211929
3211979
3212110
3212147
3212171
3212207
3212242
3212277
3212300
3212343
3212364
3212383
3212581
3212618
3212655
3212690
3212744
3212767
3212802
3212838
3212861
3212905
3212942
3212979
3213002
3213026
3213468
3213492
3213545
3213768
3215060
3215095
3215131
3215168
3215204
3215298
3215377
3215431
3215466
3215515
3215636
3215659
3215806
3215855
3215933
3215971
3216059
3216172
3216207
3216242
3216423
3216449
3216489
3216621
3216643
3216666
3216685
3216722
3216759
3216848
3216882
3216917
3216969
3217041
3217078
3217122
3217185
3217225
3217259
3217284
3217308
3217342
3217376
3217413
3217447
3217481
3217617
3217654
3217705
3217740
3217774
3217810
3217847
3217881
3217931
3217981
3218013
3218238
3218302
3218338
3218384
3218420
3218459
3218503
3218541
3218679
3218741
3218778
3218812
3218847
3218881
3218939
3218966
3219176
3219198
3219272
3219310
3219346
3219371
3219411
3219427
3219445
3324625
3324670
3324736
3324788
3325341
3325392
3325417
3325443
3326311
3326356
3339820
3339872
3339897
3339922
3339977
3340017
3340038
3340108
3340143
3340305
3340397
3340423
3340446
3340471
3340521
3340585
3340924
3346876
3346939
3346995
3347071
3347092
3347152
3347183
3347206
3347282
3347344
3347445
3347480
3347530
3347565
3347601
3347678
3347713
3347735
3347752
3347863
3347940
3347975
3348051
3348102
3348180
3348203
3348255
3348283
3348335
3348386
3348436
3348460
3348533
3348581
3348616
3348671
3348705
3374726
3374750
3374771
3374805
3374826
3374846
3374868
3374884
3374902
3374928
3374958
3374978
3374998
3375021
3375084
3375146
3375183
3375256
3375290
3375339
3375615
3375637
3375667
3375701
3375733
3375759
3377828
3377844
3377862
3377882
3377904
3377925
3377946
3377971
3377990
3378012
3378032
3378062
3378083
3378115
3378148
3378215
3378248
3443205
3443265
3443326
3443345
3443374
3443444
3443463
3443507
3443541
3443588
3443618
3443665
3443940
3443970
3443993
3444012
3444033
3444856
3444891
3444927
3444990
3445026
3445049
3445084
3445121
3445277
3445323
3445376
3445462
3445529
3445563
3445621
3445680
3445730
3445748
3445789
3445812
3445847
3445881
3445915
3445949
3446263
3446288
3446314
3446352
3446385
3446438
3446456
3446478
3446514
3446549
3446585
3446634
3446768
3446786
3446805
3446847
3446870
3446913
3446977
3447029
3447055
3447074
3447102
3447126
3447144
3447225
3447362
3447863
3447888
3447950
3448012
3473124
3473161
3473184
3473221
3473244
3473264
3473286
3473306
3473352
3473376
3473860
3473896
3473913
3475212
3475245
3475265
3475287
3475332
3478300
3479524
3479893
3479915
3481148
3481167
3481215
3481231
3481270
3481291
3481307
3481611
3482013
3482034
3482065
3482292
3482326
3482345
3482416
3482437
3482469
3484952
3484990
3485030
3485094
3485117
3485154
3485177
3485198
3485277
3485298
3500979
3500997
3501015
3501046
3501302
3501368
3501424
3501444
3501474
3501492
3501515
3501570
3501593
3501610
3501629
3501651
3501669
3502110
3502144
3502179
3502211
3502236
3502446
3502467
3502498
3502543
3502565
3502623
3503285
3503309
3503332
3503510
3503532
3503685
3503768
3503807
3503826
3503851
3503905
3503940
3503958
3504034
3504052
3504071
3504092
3504113
3504135
3504196
3504214
3504244
3504284
3504318
3504495
3504518
3504568
3504603
3504626
3504650
3504674
3504697
3504717
3504760
3504792
3504813
3504833
3504897
3504918
3504939
3505080
3509154
3509253
3509276
3509297
3509342
3509384
3509446
3509468
3509490
3509508
3509558
3509615
3510021
3510040
3510059
3510120
3510142
3510323
3510343
3510377
3510398
3510416
3510446
3510462
3510695
3510717
3510750
3511457
3511501
3514816
3514882
3514956
3515030
3515052
3515075
3515118
3515138
3515160
3515181
3515217
3515240
3515269
3515302
3515334
3515355
3515375
3515406
3515440
3515466
3515550
3515570
3515607
3515628
3515649
3515667
3515688
3515711
3515750
3515775
3515797
3515860
3515883
3515907
3515929
3515954
3515977
3516019
3516135
3516156
3516306
3516329
3516350
3516414
3516483
3516550
3516585
3516636
3516661
3516680
3516703
3516747
3516788
3516832
3516855
3516878
3516900
3517687
3517735
3517757
3517792
3517812
3517835
3518168
3518199
3518220
3518238
3518257
3518290
3537425
3537475
3537526
3537549
3537598
3537622
3537644
3537661
3537693
3538027
3538131
3538151
3538173
3538196
3538578
3538652
3538671
3538692
3538709
3538925
3538942
3539506
3539529
3539578
3539614
3539664
3539719
3539741
3539764
3539853
3539940
3540093
3540143
3540197
3540220
3540244
3540471
3540493
3540528
3540550
3540585
3540606
3540641
3540754
3540787
3540808
3540871
3540921
3540970
3540987
3541006
3541024
3541044
3541061
3541098
3541117
3541213
3541335
3541355
3541373
3541395
3541413
3541434
3541519
3542812
3543024
3543065
3543122
3543156
3543198
3543250
3543270
3546950
3546968
3547009
3547058
3547078
3547321
3548596
3548870
3548890
3549093
3549112
3549133
3549473
3549493
3549575
3549606
3549639
3549803
3549840
3549866
3549911
3549947
3550085
3550131
3550165
3550201
3550222
3550239
3550312
3550332
3550497
3550569
3550593
3550673
3550694
3550742
3556678
3556722
3556748
3556770
3557857
3557936
3557979
3558070
3558121
3558153
3558174
3558227
3558260
3559516
3559553
3559599
3559636
3559902
3559924
3559958
3560705
3560853
3560946
3560969
3561004
3561036
3561057
3561079
3561127
3561263
3561679
3562773
3562900
3562978
3563014
3563049
3563082
3563118
3563147
3563201
3563291
3563311
3563829
3563861
3563896
3563927
3563949
3564017
3564094
3564265
3564301
3564470
3564523
3564566
3564598
3564630
3564651
3564670
3564689
3564766
3564787
3564829
3564847
3567053
3567157
3567530
3567588
3567623
3567784
3567804
3567850
3567930
3567965
3568012
3568041
3568075
3568095
3568115
3571593
3571628
3571698
3571883
3571923
3571963
3571982
3572015
3572179
3572197
3572218
3572240
3572261
3572285
3572320
3572354
3572374
3572975
3572993
3573071
3573130
3573178
3573215
3573252
3573287
3573323
3573356
3573388
3573513
3573662
3573697
3573716
3573742
3573762
3573784
3977729
3977785
3977822
3977844
3977882
3977931
3977950
3978120
3978156
3978433
3978454
3978475
3978509
3978543
3978575
3978594
3978613
3978715
3978761
3978806
3978857
3978969
3979006
3979167
3979202
3979994
3980115
3980379
3980414
3980503
3980537
3981963
3991503
3991527
3991548
3991571
3991597
3991751
3991790
3991827
3991867
3992113
3992142
3992241
3992279
3992329
3992367
3992387
3992407
3992443
3992479
3992504
3992548
3993016
3993054
3993079
3993106
3993189
3993226
3993247
3993307
3993343
3993376
3993413
3993464
3993482
3993505
3993544
3993576
3993633
3993655
3993689
3993724
3993803
3993872
3993890
3993924
3993953
3994219
3994688
3994727
3994763
3994788
3994812
3994836
3994873
3994912
3994950
3994973
3995010
3995098
3995134
3995171
3995204
3995239
3995281
3996652
3996696
3996718
3996743
3996778
3996814
3996837
3996860
3996893
3996910
3997179
3997212
3997268
3997302
3997325
3997348
3997443
3997583
3997628
3997661
3997694
3997728
3997749
3997767
3997821
3997896
3997928
3997961
3997995
3998027
3998046
3998079
3998113
3998146
3998179
3998215
3998247
3999493
3999530
3999566
3999589
3999625
3999790
3999827
3999863
3999898
4000000
4000034
4000141
4000173
4000191
4000212
4000248
4000551
4000568
4000602
4000619
4000655
4000757
4000804
4000840
4001011
4001032
4001140
4001162
4001210
4001232
4001255
4001305
4001329
4001405
4001439
4001610
4022168
4022185
4022203
4022222
4022251
4026485
4026672
4026714
4026782
4027003
4027037
4027103
4027137
4027225
4027279
4027300
4027754
4028170
4028204
4028288
4028310
4028331
4028646
4028707
4028756
4028794
4028935
4028981
4029018
4029068
4029217
4029240
4029263
4029369
4029390
4029410
4029432
4032302
4032324
4032373
4032397
4032447
4032487
4032521
4032559
4032582
4032688
4032711
4032735
4032854
4032933
4033011
4033049
4033086
4033107
4033182
4033253
4033276
4033309
4033369
4033394
4033445
4033496
4033560
4033582
4033943
4033962
4033997
4034019
4034122
4034172
4034499
4034521
4034544
4034596
4034646
4034668
4034692
4036315
4036413
4036449
4036500
4036601
4036680
4036699
4036750
4036775
4036814
4036868
4037068
4037242
4037271
4037307
4037340
4037361
4037380
4100185
4100210
4100234
4100279
4100314
4100340
4100368
4100394
4100437
4100513
4100535
4100561
4100586
4100626
4100659
4100689
4100741
4100764
4100915
4100940
4100979
4101031
4101059
4101263
4101313
4101348
4101371
4101447
4101483
4101533
4101557
4101594
4101614
4101660
4101682
4101718
4101851
4101902
4101937
4101990
4102013
4102134
4102171
4102222
4102443
4102495
4102574
4102734
4102758
4102794
4102831
4102869
4102893
4102913
4103009
4103045
4103132
4103182
4103200
4103220
4103255
4103289
4104366
4104401
4104434
4104472
4104508
4104559
4104603
4104706
4104799
4104822
4104886
4104906
4104958
4105152
4105211
4105286
4105322
4105373
4105424
4105460
4105480
4105501
4105518
4105569
4105591
4105628
4105648
4105681
4105713
4105793
4105848
4105882
4105916
4105935
4108542
4109182
4109211
4109262
4109299
4109335
4109383
4109417
4109440
4109483
4109571
4109624
4109644
4109666
4109689
4109723
4109788
4109850
4109872
4109894
4109916
4109938
4109970
4110019
4110098
4110151
4110259
4110351
4110408
4110431
4110451
4110473
4110503
4110522
4110543
4110564
4110586
4110622
4110779
4110814
4110848
4110882
4110925
4110944
4110966
4110987
4111215
4111271
4111307
4111340
4111389
4111451
4111475
4111605
4112933
4112995
4113027
4113061
4113085
4113103
4113134
4113263
4113309
4113405
4113440
4113473
4113546
4113582
4113619
4113759
4142306
4142363
4142413
4142432
4142467
4142503
4142524
4142560
4142594
4142630
4142834
4142868
4142889
4142923
4142953
4142973
4143023
4143050
4143075
4143125
4156744
4157089
4157138
4157176
4157196
4157233
4157253
4157289
4157417
4157486
4158962
4159060
4159226
4159259
4159348
4159382
4159414
4159445
4159479
4159498
4159669
4159769
4159802
4159863
4159897
4159930
4159960
4159979
4160432
4160454
4160510
4160542
4160646
4160670
4160703
4160763
4160782
4160814
4160835
4160874
4161488
4162396
4162431
4162468
4162484
4162504
4191861
4192105
4192125
4192147
4192169
4192222
4192254
4192308
4192334
4192373
4192455
4192477
4192514
4192539
4192573
4192607
4192661
4192683
4192707
4192773
4192796
4192832
4192854
4192874
4192929
4192966
4193031
4193053
4193089
4193125
4193149
4193186
4193238
4193333
4193369
4193396
4193416
4193450
4193485
4193553
4193629
4193662
4193682
4193702
4193765
4193788
4193812
4193835
4193870
4193972
4194005
4194077
4194295
4194314
4194332
4194366
4194409
4194427
4194474
4194496
4194515
4194677
4194741
4194775
4194797
4194880
4194899
4194923
4194955
4195588
4195616
4196091
4196278
4196326
4196344
4196403
4196438
4196458
4196486
4196529
4196550
4196567
4200421
4200443
4200466
4200489
4200554
4200573
4200605
4200684
4200708
4200731
4200762
4200981
4201003
4201027
4201092
4207791
4207814
4207858
4207887
4207964
4207986
4208037
4208073
4208095
4208172
4208264
4208312
4208349
4208369
4208394
4208598
4208649
4208686
4208722
4208815
4208836
4208887
4208909
4208943
4209015
4209036
4209058
4209079
4209104
4209126
4209147
4209167
4209200
4209218
4209651
4209696
4209794
4209817
4209874
4209914
4209956
4209977
4210009
4210026
4210060
4210094
4210308
4210344
4210362
4210383
4210516
4210536
4210555
4210574
4212190
4212241
4212272
4212311
4212344
4213686
4215987
4216037
4216073
4216179
4216199
4216218
4216237
4216257
4216365
4216402
4216438
4216462
4216496
4216517
4216541
4216563
4216615
4216826
4217290
4217319
4217371
4217455
4217474
4217583
4217604
4217628
4217652
4234412
4234444
4234476
4234508
4234540
4234568
4234596
4234624
4234652
4234672
4234834
4234871
4234904
4234989
4235012
4235128
4235410
4235444
4235484
4235519
4235553
4235614
4235694
4235738
4235773
4235790
4235951
4235983
4236004
4236024
4236044
4236063
4236106
4236123
4236156
4236452
4236497
4236550
4236647
4236677
4236724
4236815
4239272
4239800
4239823
4239902
4239923
4239955
4240008
4240107
4240169
4240191
4240214
4240236
4240258
4240280
4240338
4240355
4240387
4240415
4240457
4240514
4240535
4240712
4240734
4240753
4240798
4240849
4240884
4240906
4240942
4240963
4240997
4241031
4241048
4241069
4241136
4241363
4241383
4241466
4241501
4241534
4241591
4241636
4243714
4243897
4243916
4243934
4243955
4244003
4244025
4244048
4246072
4246109
4246176
4246418
4246458
4246494
4246561
4246612
4246650
4246689
4246710
4246733
4246757
4246782
4246806
4246829
4246853
4246946
4246982
4247005
4247022
4247130
4247149
4247281
4247311
4247334
4247416
4247451
4247490
4986049
4986095
4986117
4986149
4986170
4986203
4986223
5005506
5005584
5005791
5006049
5006081
5006469
5006504
5006541
5006567
5006618
5006643
5006681
5006846
5007438
5007477
5007525
5007547
5007570
5065003
5065024
5065049
5065081
5065117
5119213
5119239
5119263
5119296
5119551
5119620
5119638
5119675
5119713
5119731
5120102
5120186
5120205
5120225
5120280
5120315
5120397
5120417
5120438
5120485
5120515
5120579
5120603
5120622
5120672
5120705
5120727
5120748
5120811
5120861
5120881
5120901
5120936
5122060
5122084
5122106
5122127
5122143
5122163
5122727
5123377
5123397
5123417
5123466
5123648
5124611
5124660
5124697
5124734
5124836
5124855
5125038
5125067
5125286
5125335
5125357
5125380
5125438
5125460
5125484
5125514
5125587
5125622
5125671
5125694
5125712
5125736
5125771
5125833
5125851
5126653
5126687
5126736
5126771
5126804
5126838
5126872
5126928
5126965
5126997
5127028
5127086
5127106
5127205
5128803
5128826
5128915
5128947
5128966
5129028
5129093
5129128
5129152
5129210
5129294
5129314
5129343
5129406
5129441
5129458
5129490
5129509
5129543
5129571
5129593
5129641
5129667
5129724
5129968
5130337
5130363
5130382
5130401
5130417
5130434
5130452
5130471
5130489
5130507
5130535
5130561
5130696
5130716
5130734
5130786
5130806
5130853
5130873
5131842
5131875
5131935
5131981
5131998
5132015
5132031
5132048
5132066
5132100
5132119
5132179
5132330
5132398
5132413
5132442
5132463
5132497
5132518
5132628
5132661
5132676
5132693
5133242
5133302
5133599
5133619
5133658
5133695
5133738
5133776
5133819
5133855
5133894
5133935
5133994
5134029
5134057
5134079
5134268
5134282
5134299
5134321
5134548
5134595
5134687
5134752
5134768
5134826
5135129
5135146
5135161
5136617
5136755
5136818
5136832
5136957
5136972
5136993
5137044
5137072
5137109
5137130
5137147
5137159
5137202
5137655
5137687
5137704
5137755
5137779
5137801
5137818
5137867
5137926
5137987
5138023
5138075
5138123
5138175
5138404
5138454
5138489
5138512
5138536
5138561
5138609
5138652
5138670
5138690
5138714
5138747
5138766
5138784
5138801
5138820
5138840
5138937
5138995
5139042
5139060
5139083
5139105
5139127
5139146
5139164
5139185
5139219
5139242
5139261
5139285
5139307
5139730
5139753
5139828
5139885
5139911
5139943
5139994
5140082
5140107
5140141
5140374
5140408
5140492
5140528
5140562
5140646
5140667
5140690
5140712
5140746
5140768
5140800
5140832
5140854
5140902
5140922
5140983
5141045
5141738
5141771
5141804
5141838
5142129
5142363
5142461
5142497
5142531
5142590
5142630
5142672
5143506
5143770
5144532
5144564
5144587
5144607
5144630
5144650
5144685
5144706
5144723
5144768
5144800
5146288
5146315
5146366
5146424
5146444
5146466
5146488
5146512
5146534
5146687
5146708
5146764
5146782
5146826
5146851
5147007
5147027
5147055
5147076
5147112
5147144
5147174
5147194
5147215
5147239
5147264
5147301
5147324
5147346
5147368
5147386
5147408
5147428
5147447
5147467
5147501
5147522
5147543
5147610
5147831
5147883
5147917
5148084
5148111
5148463
5148494
5148567
5148587
5148607
5148652
5148686
5148718
5148749
5148796
5149955
5150007
5150064
5150101
5150122
5150142
5150416
5150437
5150479
5150513
5150546
5150591
5150650
5150672
5180029
5180059
5180097
5180132
5180168
5180236
5180271
5180351
5180410
5183586
5183621
5183672
5183708
5186354
5186417
5186452
5186560
5186618
5186652
5187023
5187087
5187111
5187144
5187166
5187202
5187236
5187256
5187278
5187342
5187364
5187398
5187417
5187451
5187485
5187642
5188086
5188120
5188148
5188479
5188531
5188582
5188614
5188658
5188681
5188808
5188828
5189158
5189178
5189198
5189233
5189269
5189303
5189338
5189358
5189376
5189437
5189722
5189742
5189764
5189859
5189876
5189897
5189926
5189960
5189982
5190002
5190025
5190056
5190090
5190126
5190180
5190211
5190229
5190260
5190334
5190469
5190513
5190561
5190582
5190604
5190625
5190658
5190699
5190795
5190827
5190859
5190878
5190900
5190945
5191080
5191107
5191161
5191185
5191204
5191223
5191245
5191277
5191383
5191402
5191435
5191467
5191551
5191732
5192037
5192056
5192199
5192216
5192681
5192730
5192768
5192805
5192857
5193017
5193079
5193099
5193121
5193145
5193174
5193201
5193229
5193245
5193316
5193338
5201130
5201154
5201219
5201297
5201322
5201359
5201436
5201460
5201603
5201628
5201651
5201675
5201726
5201826
5201887
5201907
5201929
5201952
5201986
5202008
5202027
5202064
5233051
5233103
5233127
5233152
5233201
5233221
5233271
5233303
5233323
5253532
5253567
5253587
5253624
5260476
5260525
5260563
5260589
5261398
5261437
5261464
5261502
5261542
5261637
5261672
5261720
5261785
5261818
5261852
5261871
5263598
5263632
5263652
5263714
5263826
5263846
5263886
5263919
5264020
5264040
5264062
5264085
5264109
5264128
5264147
5264182
5264214
5264394
5264443
5264466
5264489
5264509
5264537
5265684
5265719
5270528
5270562
5270606
5270652
5270688
5270792
5270829
5270867
5270931
5270967
5271017
5271754
5271805
5271840
5271866
5271945
5271996
5272033
5272112
5272164
5272275
5272297
5272385
5272465
5272493
5272521
5272573
5272665
5272716
5272750
5273270
5273294
5273361
5273402
5273425
5273477
5273513
5273533
5273568
5273606
5273644
5273872
5273907
5273943
5273978
5274000
5274023
5274403
5274427
5274461
5274790
5274812
5274835
5274871
5275019
5275070
5275103
5275138
5275175
5275209
5275231
5275267
5275303
5275340
5275374
5275830
5275853
5275901
5276085
5276107
5276130
5276180
5276276
5276315
5276365
5276417
5276449
5276472
5276492
5276515
5276561
5276638
5276689
5276725
5276763
5276800
5276837
5276886
5276923
5276943
5276967
5277002
5277026
5277061
5277111
5277142
5277165
5277189
5277212
5277249
5277272
5277295
5277329
5277354
5277377
5277648
5277697
5277734
5277770
5277804
5277839
5277878
5277914
5277965
5277999
5278035
5278169
5278205
5278257
5278322
5278606
5278657
5278705
5278741
5278764
5278798
5278873
5278922
5278942
5278978
5279001
5279018
5279229
5279264
5279340
5279376
5279412
5279505
5279567
5279587
5279764
5279786
5279836
5279871
5279990
5280045
5280138
5280191
5280270
5280306
5280340
5280373
5280393
5280425
5280470
5280504
5280605
5280628
5280652
5280674
5280697
5280731
5280770
5280809
5280831
5280853
5280894
5280931
5280982
5281017
5281068
5281129
5281178
5281202
5281239
5281273
5281310
5281346
5281369
5281509
5281543
5281566
5281603
5281652
5281670
5281720
5281757
5281809
5282117
5282136
5282173
5282192
5282240
5282290
5282326
5282362
5282438
5282619
5282653
5282681
5282699
5282732
5282844
5282878
5282911
5282945
5282979
5283041
5283063
5283086
5283108
5283318
5283337
5283353
5283372
5283635
5283678
5283843
5328241
5328261
5328367
5328384
5328454
5328476
5328504
5328588
5328637
5328688
5328712
5328750
5328774
5328993
5329187
5329215
5329243
5329276
5329313
5329343
5329379
5329400
5329564
5329586
5329609
5329631
5329667
5329732
5329757
5329776
5329817
5330842
5330864
5330929
5330957
5331012
5331034
5331147
5331328
5331473
5331527
5331548
5331599
5331641
5331661
5331691
5331724
5331799
5331840
5331862
5331883
5331902
5331952
5331979
5331997
5332319
5332337
5332360
5332595
5332644
5332661
5592059
5592093
5592110
5592345
5592368
5592433
5592927
5592977
5593016
5594049
5594086
5594194
5594230
5594634
5594657
5594761
5600941
5600978
5601001
5601037
5601057
5601082
5601103
5603579
5603668
5605930
5605953
5605976
5605999
5606242
5606264
5606315
5606352
5606416
5606966
5606995
5607020
5607042
5607081
5607106
5607136
5607158
5607199
5607226
5607291
5608524
5608620
5608644
5608669
5608723
5608760
5608856
5608878
5608919
5609021
5610700
5610734
5610758
5610819
5615197
5615235
5615286
5615364
5615385
5621272
5621314
5621472
5621494
5679895
5679926
5679967
5679994
5680077
5680100
5680180
5680208
5680449
5680473
5680564
5680682
5680781
5680850
5680872
5680906
5689334
5690497
5690518
5690569
5690605
5690623
5690658
5690752
5690847
5690885
5690908
5691014
5691052
5691076
5691118
5691163
5764973
5764992
5765011
5765034
5765056
5765094
5765113
5765160
5765220
5765295
5765319
5765344
5765695
5765729
5765761
5765788
5765814
5765845
5765869
5765888
5766014
5768048
5768083
5768110
5768181
5768215
5769985
5770026
5770056
5770107
5770156
5770192
5770229
5770364
5770426
5770460
5770482
5770505
5770540
5770562
5770584
5770635
5770684
5770727
5770824
5770929
5771433
5771455
5771473
5771495
5771527
5771561
5771596
5771633
5771668
5771729
5775418
5775455
5775479
5775529
5775581
5775646
5775709
5775728
5775747
5775784
5775807
5775832
5775884
5779830
5780068
5780089
5780138
5780172
5780844
5780870
5780889
5780908
5780945
5788402
5788432
5788607
5788630
5794670
5794704
5795282
5795318
5795342
5795365
5795427
5795563
5795589
5795624
5796320
5796354
5797655
5797675
5797708
5798509
5799575
5799697
5799829
5799864
5799902
5799922
5799938
5799974
5799994
5800022
5800099
5800117
5800136
5800159
5800205
5800237
5800258
5800294
5800337
5800358
5800380
5800402
5800435
5800452
5800487
5800503
5800521
5913909
5917209
5917242
5917739
5917762
5917786
5917822
5917843
5917866
5917891
5917915
5917967
5918017
5918033
5918063
5918094
5918210
5918882
5918901
5919017
5919066
5919098
5919117
5919137
5919173
5919250
5919312
5919331
5919353
5919376
5919396
5919419
5919454
5919478
5919499
5919522
5919642
5919665
5920568
5920585
5920767
5920786
5920841
5920857
5920897
5920926
5921065
5921084
5921103
5921121
5921150
5921168
5921183
5921207
5921267
5921370
5921388
5921409
5921425
5921575
5923621
5924012
5924029
5924043
5924062
5924100
5924186
5926208
5926247
5926275
5926305
5926552
5926570
5926619
5926643
5926664
5926683
5926715
5926747
5926781
5926815
5926892
5926943
5926984
5927009
5929434
5929603
5929623
5929658
5929694
5930816
5930839
5930877
5930896
5930985
5931033
5931096
5931159
5931522
5931571
5931594
5931618
5931641
5931665
5931684
5931704
5931780
5931949
5931987
5932350
5932401
5932429
5932453
5932469
5932627
5932677
5932701
5932841
5932864
5932915
5932937
5932962
5932986
5933471
5933565
5933615
5933653
5933677
5933722
5933739
5933887
5934015
5934066
5934103
5934136
5934171
5934206
5934279
5934329
5936318
5936470
5936513
5936576
5936810
5936926
5936952
5937029
5937063
5937239
5937301
5937413
5937464
5937486
5937510
5937535
5938687
5938705
5938743
5938779
5938817
5938854
5938891
5939146
5939166
5939183
5939358
5939382
5939432
5939457
5940037
5940073
5940097
5940122
5940143
5940628
5940779
5940803
5940824
5940847
5940871
5940922
5940974
5941083
5941274
5941494
6059956
6060119
6060282
6060305
6060330
6060362
6060397
6060425
6060458
6060515
6062018
6062120
6062142
6062174
6062194
6062215
6062279
6062371
6062391
6062458
6062490
6062557
6063506
6063563
6063585
6063623
6063652
6063674
6063711
6063792
6063853
6066367
6066405
6066428
6066452
6066491
6066575
6066777
6066879
6066901
6066951
6066976
6066997
6067015
6130035
6130056
6130074
6130210
6130226
6130248
6130279
6130298
6130314
6130341
6130363
6131924
6131956
6132058
6132076
6132099
6132119
6132140
6132183
6141604
6141676
6141711
6141795
6141859
6141909
6141932
6141956
6142010
6142038
6142107
6142129
6142152
6142172
6142192
6153124
6153158
6153219
6153295
6153316
6153349
6153369
6153389
6153427
6153445
6153483
6153509
6153542
6153629
6153644
6153693
6153713
6153734
6153832
6153896
6153946
6153964
6154017
6154039
6154097
6154241
6154265
6154347
6154550
6154569
6154822
6154908
6154993
6155288
6155539
6155748
6155803
6155857
6155890
6155907
6155938
6156107
6156162
6157962
6158113
6158141
6158190
6158207
6158234
6158291
6158307
6158323
6158734
6158786
6158801
6158899
6159082
6159107
6159131
6159146
6159160
6159184
6159204
6159225
6159244
6159303
6159324
6159364
6159385
6159438
6159511
6159542
6159657
6159674
6159717
6159735
6159765
6159818
6159899
6159918
6160054
6161597
6161650
6161668
6161714
6161753
6161772
6161789
6161807
6161885
6161913
6161967
6161983
6162020
6162054
6162085
6162177
6162196
6162214
6166246
6166297
6166518
6166555
6166589
6166610
6166631
6167057
6167118
6167137
6167156
6167384
6167423
6167449
6167480
6167532
6167549
6167700
6167767
6167788
6167880
6167900
6168019
6168090
6168125
6168211
6168239
6168323
6168342
6168388
6168502
6168533
6168552
6168601
6168646
6168680
6168697
6168728
6168774
6168848
6168882
6168904
6168923
6168959
6168991
6169416
6169439
6169489
6169575
6169637
6169658
6169678
6170098
6170119
6170197
6170295
6170329
6170361
6170378
6170411
6170445
6170467
6170490
6170524
6170750
6170767
6170914
6170934
6170964
6170994
6171015
6171034
6171079
6171099
6171451
6171479
6171514
6171531
6171588
6171615
6172117
6172143
6172225
6172241
6172258
6172274
6172303
6172321
6172880
6174907
6174922
6175082
6176985
6177001
6177018
6177050
6177073
6177378
6177408
6177423
6294368
6294384
6294445
6294473
6294630
6294650
6294667
6294887
6294914
6294974
6295001
6295030
6295056
6295079
6295151
6295172
6295190
6295210
6295240
6295269
6295289
6295307
6295370
6295390
6295505
6295629
6295692
6295709
6295726
6295763
6295782
6295796
6295866
6295926
6295960
6295999
6296049
6296147
6296182
6296215
6296237
6296284
6296360
6296393
6296425
6296443
6296476
6296507
6296540
6296749
6296764
6296780
6296824
6296879
6296915
6296933
6296952
6296983
6297028
6297061
6297134
6297158
6297207
6297242
6297273
6297306
6297373
6297394
6297419
6297442
6297574
6297597
6297615
6297660
6297692
6297725
6297771
6297792
6297815
6297838
6297856
6297876
6297902
6297940
6297979
6297996
6298016
6298050
6298100
6298133
6298179
6298198
6298240
6298262
6298293
6298510
6298532
6298564
6298623
6298731
6298769
6298798
6298827
6298865
6298897
6298954
6298986
6299018
6299049
6299086
6299119
6299166
6299211
6299245
6299276
6299304
6299339
6299363
6300422
6300457
6300493
6300551
6300578
6300611
6300647
6300679
6300708
6300743
6300760
6300794
6300874
6300906
6301036
6301085
6301116
6301136
6301168
6301186
6301244
6301290
6301311
6301343
6301373
6301406
6301427
6301860
6301927
6301951
6301969
6302155
6302195
6302227
6302261
6302401
6302435
6302450
6302511
6302546
6302701
6302722
6302760
6302781
6302801
6302850
6302918
6302944
6302968
6302986
6303002
6303030
6303050
6304400
6304502
6304527
6304545
6304566
6304590
6304629
6304648
6304675
6304698
6304749
6304771
6306911
6306948
6306974
6307031
6307055
6307179
6307200
6307219
6308063
6308083
6308105
6308126
6308140
6308179
6308204
6308237
6308259
6308279
6308301
6308384
6308408
6308431
6308453
6308498
6308692
6308716
6308774
6308859
6308883
6308906
