호검아그니 36224,16576
호두 39676,10823
호랑이 23818,5784
호른 53592,10284|53592,10353|53592,10697|53592,11026
호리병으로 53592,15092
호박 53592,2846
호법 42049,14605|47905,2068|48345,14616
호수에서의 23818,5571|23818,5635|40740,5004|40740,5043
호신 39242,14431
호안 36224,19896
호염 28478,13504
호위 53592,419
호종 37895,8819|37895,10117|48576,14269
호창그라비모스 21985,9165
호창그라비모스g 21985,33928
호철 52371,14934
호포 45690,11753
호피주 44611,1220
호혈 30377,16134
호화고양이왕관 23612,5260|39572,1883|39572,3565
호환 30024,24586
호흘 30024,6644
호흡을 45690,25000
