숫돌 23612,2278|23612,3571|23818,4247|23818,4258|26312,1284|27609,1134|27609,1883|27609,2568|27609,2612|27609,2678|27609,3604|27609,3656|27609,3700|27609,3780|27609,3927|27609,3990|27609,4488|27609,4527|27609,4581|27609,5420|27609,6031|27609,6042|27609,6484|27609,6510|27609,7529|27609,7551|28478,19825|29333,1236|29333,4748|29353,1238|29353,4952|31706,500|31706,3000|31706,5031|33821,4939|35592,3712|35698,1217|39339,1523|39339,1543|39339,2240|39339,2260|39339,3087|39339,3159|39339,4858|39339,5892|39339,5929|39339,7650|39339,8161|39339,8844|39339,8933|41496,5734|45690,24629|46577,2694|46577,3090|46577,3485|46577,4914|46577,4925|49617,1340|52371,23116
숫돌계 47905,2499
숫돌로 41496,8963
숫돌사용고속나 30377,29054
숫돌사용고속화 42049,615|42049,713|42049,2766|42049,5219|42049,5301|42049,12000|47905,2461
숫돌성능감소 42049,2093|42049,12239|47905,2492
숫돌은 30377,28948
숫돌의 30024,37521
숫돌이나 45690,21126
숫자 28478,20631
숫자가 23612,6596
숫자는 28478,20676
