선덕풍뎅이 27609,705|27609,1778
선물 53592,16216
선물의 35592,11939
선생 53592,6539
선율 37895,77|37895,140|37895,148|37895,278|37895,423|37895,535|37895,642|37895,1215|37895,1781|37895,2602|37895,3038|37895,3850|37895,8999|39242,14547|39242,14574
선율의 47905,9618
선율표 37895,22
선율효과 48576,419|48576,4199|48576,5716|48576,7523|48576,9355|48576,10789|48576,11858|48576,12638|48576,13928|48576,15213|48576,16184|48576,17365|48576,18211|48576,18769|48576,20039|48576,20620|48576,21195|48576,21668|48576,22049
선인장의꽃 23612,252|23612,5969|23818,637|23818,653|23818,687|23818,703|23818,1082|23818,1098|23818,3009|23818,3025|23818,3688|23818,3704|26312,9909|26312,10033|30024,27677|30024,27840|30024,33410|31706,2678|31706,4468|35592,1906|41496,6517|42405,1952|42405,5014|48373,6784
선인장해머 30024,27640
선인장해머g 30024,33337
선인장해머계 30024,27527
선인주 48373,2150
선택 27368,39703|28478,21029|39676,31687|44611,531
선택시에 33821,3504|33821,3589|33821,3671
선택을 30024,37862
선택이 39242,12286
선택하는 30838,3694
선택하는것 47905,3823
선택하면 24394,35584
