봉룡검 24394,21582|24394,21747|24394,21934|24394,34149|30377,19113|30377,19286|36224,18710|36224,28656
봉룡보검c 36224,21782
봉룡보검g 36224,31436
봉룡복린 35698,32822
봉룡사 53592,5156
봉룡중각 29353,32575|35698,32829
봉룡창 21985,22690|21985,22874|21985,23070|21985,34474
봉룡천조 29353,32587
봉마 37895,6294|37895,9823|48576,15063
봉천옥 29353,32612|35698,32844
봉천의곡옥 53592,15743
봉형의뼈 21985,11490|21985,11639|21985,21489|21985,28536|23612,1752|23612,1779|23612,1811|23818,3378|23818,3417|23818,3817|23818,3843|23818,4468|23818,4507|27609,2886|27609,2911|27609,3038|27609,3055|27609,5146|27609,5163|28478,2243|30024,27685|30377,3973|35592,6205|39339,2658|41496,12993|42405,1730|42405,3497|42405,3727|42405,7358|42405,7380|42405,7442|42405,7492|52371,7584
