ëname 25066,240
ënorth 33862,378
ësearchí 25066,286
ësexyí 44236,167
ëstring 25066,317
ëuí 33891,161
ë³ú 36858,29909|36858,49263|45627,10452|45627,17455|45627,24060
ëµî 36858,31397|36858,31574|45627,16223|45627,18699
ëµþ 22194,1763|22194,1838|22194,3712|22194,3735|22194,4312|22194,4335|22194,4394|22194,4417|22194,4735|22194,4927|22194,4936|22194,5181|22194,5234|22194,5334
ë¹ß 36858,9942|45627,6674|45627,16086
ë¹ßåé 36858,1467|36858,1738|36858,2027|36858,2624|36858,3046|36858,5458|36858,7020|36858,7186|36858,8120|36858,8733|36858,15068|36858,16751|36858,16907|36858,17263|36858,17642|36858,17831|36858,18360|36858,18497|36858,19222|36858,21346|36858,22626|36858,22810|36858,23026|36858,23397|36858,23733|36858,31729|36858,31983|36858,32111|36858,32372|36858,32551|36858,35708|36858,36023|36858,37623|36858,37912|36858,38197|36858,38486|36858,41783|36858,42050|45627,2875|45627,3010|45627,4290|45627,4576|45627,5109|45627,8980|45627,9410|45627,9540|45627,11903|45627,11993|45627,13220|45627,14915|45627,15076|45627,15244|45627,15808|45627,17141|45627,17324|45627,20752|45627,21573|45627,21773
ë¹ö¼ 28798,689|28798,5476|28798,6648|28798,8854
ë¹ø½ä 28798,11571
ë¹ú 36858,1275|45627,5717
ëº 36858,47969|36858,48213|36858,48476|36858,48697|36858,48806|36858,49096
ë¼ 22194,1063|22194,4246|28798,912|28798,3752|28798,3766|28798,4126|28798,6010|28798,7376|28798,7390|28798,8361|28798,8400|28798,8414|28798,9115|28798,9129|28798,9143|53550,2662|53550,3758|53550,4144
ë¼ýµ¹ 22194,1729|22194,4440|28798,2791|53550,1017|53550,4524
ë½ä 22194,4515|28798,2322|28798,9347|28798,9418|28798,10514|28798,10599|36858,1612|36858,5627|36858,7419|36858,10210|36858,14675|36858,15194|36858,31209|45627,3765|45627,4709|45627,8744|53550,805
ë¾î 28798,1508|28798,1522|28798,1536|28798,4462|28798,4553|28798,4637
ë¾ï 22194,277|28798,7436|28798,7614|28798,8428|36858,35514|36858,35602|36858,35620|36858,35638|36858,35655|36858,35678|36858,35855|36858,35892|36858,35913|36858,35932|36858,35962|36858,35993|36858,46775|36858,46803
ëà 36858,14929
ëàº 36858,10821|36858,21573|36858,22329|36858,25788|36858,36616|36858,42549|45627,9703|45627,9971
ëàºá 36858,25777
ëàºåð 36858,45073|36858,45306|36858,45344|36858,45377|36858,47059|45627,26899
ëàå 36858,9225|36858,36358|36858,45244|45627,7812|45627,12906|45627,17922|45627,21129
ëàç 36858,11034|36858,11232|45627,10646
ëàì 36858,2459|36858,2615|36858,3037|36858,3245|36858,8724|36858,11387|36858,11544|36858,11719|36858,11909|36858,16742|36858,16898|36858,17254|36858,17461|36858,17633|36858,17822|36858,18351|36858,22614|36858,22798|36858,23014|36858,23406|36858,23742|36858,31757|36858,31955|36858,32199|36858,32350|36858,32525|36858,33353|36858,35734|36858,36050|36858,37465|36858,37750|36858,38032|36858,38323|36858,41812|36858,42080|45627,3670|45627,4281|45627,4567|45627,4840|45627,5100|45627,6256|45627,9419|45627,11894|45627,12653|45627,15067|45627,15235|45627,15584|45627,15799|45627,17132|45627,17315|45627,21564|45627,21764|45627,21968|45627,23189|45627,23480
ëàîá 36858,2999|36858,3196
ëàú 36858,734|36858,3966|36858,6309|36858,14413|45627,1452
ëàúàì 36858,3955|45627,13869
ëàüºñ 36858,16614
ëá 36858,41367
ëáö 36477,389|36477,398|36858,1362|36858,2578|36858,2693|36858,5360|36858,6155|36858,6262|36858,6373|36858,6609|36858,6641|36858,7002|36858,8380|36858,8522|36858,8668|36858,11030|36858,11065|36858,11228|36858,12784|36858,13247|36858,13397|36858,15316|36858,15489|36858,15914|36858,15945|36858,16811|36858,16853|36858,17922|36858,18093|36858,18266|36858,20531|36858,22360|36858,25336|36858,29850|36858,29887|36858,30929|36858,32072|36858,32621|36858,33235|36858,33265|36858,33749|36858,34887|36858,36651|36858,36911|36858,37976|36858,43200|36858,45791|36858,46343|36858,48523|36858,48744|45627,2775|45627,3364|45627,3396|45627,5056|45627,5172|45627,5311|45627,5441|45627,6177|45627,6219|45627,7254|45627,7394|45627,10002|45627,10998|45627,11124|45627,11302|45627,13752|45627,14974|45627,15004|45627,15166|45627,15340|45627,15905|45627,19291|45627,23620|45627,26032
ëáöàç 22194,903|22194,1477|22194,2050|22194,2181|22194,2412|22194,2543|22194,3023|22194,3354|22194,4038|22194,6464|22194,7133|22194,7282|28798,7828|28798,7947|36858,2660|36858,9745|36858,18060|36858,22322|36858,32035|36858,34848|45627,7221|45627,8299|45627,9964|53550,1690|53550,1807|53550,2444|53550,2946|53550,5349|53550,5446|53550,6082
ëáø 36858,32592
ëáýè 36858,7758
ëãæ 28798,2350|28798,2364|28798,4149|28798,4163|28798,4962|28798,5218|28798,6321
ëãê 28798,415|28798,1219|28798,2635|28798,7175
ëä 36858,26531|45627,27380
ëäù½ºæ 22194,8004|28798,11293|53550,6760
ëå 22194,2314|28798,10124|53550,5597
ëåâ 36858,49286|36858,49322
ëåõ 36858,27459|36858,36117|36858,40971|36858,44674|36858,45272|36858,47482|45627,12934|45627,16761|45627,26673
ëç 28798,11523|36858,30146
ëçï 36858,35796
ëçñºî 36858,4574|36858,20128|45627,7492|45627,16500|45627,18331|45627,24991
ëçò 53550,264
ëçø 45627,27439
ëçøàï 36858,32407|53550,7153
ëçü 36858,1592|36858,2212|36858,2752|36858,3935|36858,5609|36858,6300|36858,6905|36858,8558|36858,9298|36858,9618|36858,13463|36858,14404|36858,15526|36858,16368|36858,16539|36858,19405|45627,1463|45627,2221|45627,4087|45627,4679|45627,5366|45627,6128|45627,7304|45627,7876|45627,9248|45627,9921|45627,16000
ëè 36858,10100
ëèö¼ 28798,1949|28798,8089|28798,10147
