있거나 39676,32017
있게 21985,36685|21985,36734|21985,37228|30377,29578|30838,7694|53592,12219|53592,12261
있고 21985,36229|21985,37068|36224,32105|39242,9905|45690,20557|48576,25199
있기 23612,7456|30377,29422|30377,29457|39242,11486|39242,14103|39676,32050|45690,21316|45690,21750
있기는 24394,35846
있느 44611,7605
있는 21985,354|21985,35568|21985,36747|21985,36954|24394,344|27368,40209|27609,884|27609,2239|27609,3148|27609,3819|27609,4673|27609,7006|27609,7663|28478,203|28478,19859|28478,21692|28478,21991|28478,22347|28478,22708|30024,344|30024,37265|30024,38415|30377,344|30377,29584|30377,29854|30838,341|30838,521|30838,1537|30838,2236|30838,3005|30838,5362|30838,6278|35592,3441|35592,4625|35592,5498|35592,12064|36224,346|39242,77|39242,234|39242,778|39242,5556|39242,5769|39242,6201|39242,9844|39242,11663|39242,11983|39242,13218|39242,13684|39242,14146|39242,14728|39242,15298|39572,89|39676,31869|39676,32005|39676,32110|39676,32557|39676,32953|39676,33080|41496,4038|41496,5255|41496,11574|41496,31989|41496,32856|41496,33113|41496,33456|42405,1204|42405,3297|42405,4803|42405,5775|42405,7022|44611,180|44611,4922|44611,7892|45690,357|45690,19554|45690,19696|45690,19845|45690,20246|45690,22085|45690,22161|45690,22692|45690,24146|45690,26088|47905,4042|47905,4097|47905,4152|47905,4207|47905,4262|47905,9537|47905,9587|47905,10781|48576,351|52371,837|53592,12930|53592,13796|53592,16464|53592,16583
있는것 23612,6436|35592,2132|53592,16492
있는것만으로도 23612,6357
있는것으로 23612,6484
있는것이 39676,31935
있는데 39242,1924
있는지 30024,37279
있는지를 39242,4226
있다 21985,34871|21985,34939|21985,35086|21985,35148|21985,35356|21985,35657|21985,35736|21985,35950|21985,36282|21985,37007|24394,35021|24394,35457|24394,35724|27368,40039|27368,40140|27368,40228|27368,40358|28478,19966|28478,20210|28478,20265|28478,20948|28478,21218|28478,21463|28478,21955|28478,22428|28478,22506|28478,22562|28478,22687|28478,22809|30024,37097|30024,38365|30377,28817|30377,28892|30377,29479|30377,30070|30838,549|30838,1173|30838,1680|30838,2338|30838,2435|30838,2941|30838,3034|30838,3707|30838,4587|30838,4633|30838,4856|30838,5258|30838,6337|30838,6420|35592,5446|35592,5902|35592,11806|36224,32153|36224,32422|36224,32492|36224,32528|36224,32598|36224,32717|37895,121|37895,504|37895,1694|37895,2568|39242,7430|39242,7554|39242,7680|39242,13296|39242,13426|39242,13967|39242,14030|39242,14123|39242,14277|39242,14403|39242,14475|39242,14518|39242,14662|39242,15352|39676,32126|39676,32225|39676,32386|39676,32426|39676,32803|39676,33018|39676,33165|40740,4839|40740,4993|40740,7349|41496,1621|41496,3265|41496,3548|41496,3580|41496,3870|41496,4062|41496,5645|41496,5727|41496,5816|41496,7892|41496,33087|42405,215|42405,315|44611,4364|44611,4872|45690,20585|45690,21201|45690,21473|45690,21630|45690,22096|45690,22209|45690,22643|45690,22738|45690,23617|45690,23912|45690,24891|45690,25157|45690,25790|45690,25853|47905,3874|47905,5017|47905,6933|47905,8176|47905,8223|47905,9459|48576,25616|48576,25755|48576,25884|48576,26020|48576,26164|48576,26895|52371,26716|52371,26765|52371,26970|53592,11840|53592,13810|53592,14238|53592,17281
있더라도 39242,6346
있던 39242,1416
있도록 21985,35621|52371,27033
있듯 28478,20169
있습니다 21985,96|23612,6245|23612,6329|23612,7360|23818,234|24394,86|27368,104|27609,362|28478,97|30024,86|30377,86|30838,5377|33821,3522|33821,3607|33821,3689|36224,88|39242,306|39242,741|39242,854|39242,927|39242,1063|39242,1139|39242,1286|39242,1381|39242,1557|39242,1774|39242,1841|39242,1895|39242,1943|39242,2136|39242,2190|39242,2432|39242,5410|39242,5735|39242,6269|39242,10450|39242,10720|39242,11522|39242,11678|39339,261|39339,284|39339,305|39572,145|39572,200|39676,109|42405,130|44611,108|44611,506|44611,3130|44611,7639|44611,7718|44611,7758|45690,93|45690,425|46577,197|46577,221|48576,93|52371,579|53592,17738
있어 21985,36316|27368,40164|27368,40337|30377,29803|36224,32201|37895,2378|39242,1881|39676,31960|39676,32365|45690,22230
있어도 39242,4385|39242,13857|47905,6019
있어서 21985,35973|24394,35176|27368,40107|27609,307|28478,22861|28478,22980|30024,38327|30377,29260|30838,1645|30838,2487|30838,4032|39242,280|39242,898|45690,22459|45690,22763|45690,24092|48576,25511|48576,26342
있어서는 21985,36853
있어야 23612,6618|39676,32082
있었고 45690,23504
있었기 30838,4701
있으나 28478,21428
있으며 35592,3454|35592,4638
있으면 21985,273|23612,6562|24394,263|24394,34380|24394,34633|24394,35376|24394,35434|24394,35898|30024,263|30024,36427|30377,263|30377,29135|36224,265|39242,1807|39242,10999|39242,11501|39242,13467|39242,13652|39242,15183|41496,148|41496,492|41496,30734|45690,274|48576,270|48576,26209|52371,756
있으므로 27368,40287|28478,21937|45690,24220|45690,24938
있을 21985,35866|28478,19877|28478,23529|39242,8875|40740,254|40740,4811|40740,4967|40740,5798|45690,26119|53592,16104
있을까 39242,13054
있음 21985,36504|47905,3752
있지 23612,6542|23612,7343|39242,13791|40740,4917|40740,5090|42049,15467|48345,15533
있지만 24339,80|30024,38295|30377,29949|39242,10473|39242,12138|39676,31991|39676,32867|45690,23054|45690,25117|45690,26168|49486,80
