없게 21985,36043|30838,7012
없고 27368,40252|30024,37834|39242,12264|39572,171|45690,21046
없기 28478,22308|30024,37692|30377,28992|39676,32667|45690,25341
없긴 45690,21660
없는 21985,36947|30377,29514|31706,1715|31706,2239|36224,32710|39242,299|39242,1818|39242,8803|39242,9432|39242,13326|39242,14009|39242,15155|41496,3241|41496,3258|44611,4863|45690,24064|45690,24436|47905,1660|47905,5004|48576,26370|53592,17358
없는것을 48576,25555
없다 21985,35412|30838,316|30838,3056|30838,3964|30838,4005|30838,4086|30838,4884|31706,3264|39242,7917|39242,12081|39242,12424|39242,12879|39242,15241|39339,3634|39339,4346|39676,31883|41496,27419|45690,21936|45690,25272|47905,1771|48576,26185|53592,13648
없다고는 30024,37477
없다는 21985,35673
없다면 28478,22901
없던 39242,1419
없습니다 23818,362|23818,413|23818,935|23818,954|23818,1302|23818,1320|23818,4119|23818,4139|23818,4581|27609,341|27609,1068|27609,5465|27609,6474|27609,6500|35592,11886|39242,154|39242,4868|39242,6391|39242,10388|39339,184|39339,225|39339,6686|39339,6718|39339,7351|39339,7381|39339,7611|39572,253|46577,176|46577,584|46577,645|46577,1492|46577,2247|46577,2267|46577,2572|46577,3057|46577,4579|46577,4997|53592,17778
없애거나 28478,22551
없애기 21985,36985
없애자 24394,35356
없애지 48576,26512
없앤다 39242,1320|53592,16406
없어도 47905,5982
없어서 48576,25911
없어지기 28478,19907
없어지지 44611,5631
없어진 37895,1740
없어진다 47905,6907
없었다는 45690,25894
없으면 21985,36580|23818,145|23818,200|27609,150|27609,210|28478,22675|39339,142|46577,131
없으므로 30024,37418|53592,17381
없을 53592,16065
없을시는 44611,137
없음 21985,36492|24394,27671|28478,21455|30838,137|30838,140|30838,5276|30838,7775|36224,25088|39242,5353|39242,5356|39242,14796|44611,4423|44611,7908|47905,4052|47905,4107|47905,4162|47905,4217|47905,4272|47905,6223|47905,6304|47905,6379|48345,3812
없음시에 42405,1194|42405,3287|42405,4793|42405,5765|42405,7012
없이 47905,3746|52371,26961|53592,8481
없지만 30024,36940|30838,1766|30838,3509|39242,511|45690,24763
