수가 28478,21789|30838,3008|39242,4286|39676,32043|41496,5813|41496,7889|47905,9928|48576,26161
수검가노토토스 24394,14958
수검가노토토스g 24394,30969
수골 42405,1245
수광원주 35592,4138|35592,4143|35592,4492|35592,11131|39339,2769|39339,5924|39339,8193|39572,666|39572,863|41496,9669|41496,31497|42405,4253|42405,4973|42405,5226|42405,5359|42405,5398|42405,8429|42405,9877|48373,88|48373,233|48373,345|48373,496|48373,628|48373,710|48373,834|48373,1145|48373,1277|48373,1363|48373,2224|48373,2586|48373,2644|48373,3585|48373,4292|48373,5081|48373,6559|48373,6929|48373,7129|48373,7203|48373,7285|48373,7364|48373,7583|48373,7720|48373,7899|48373,7988|48373,8427|48373,8475|48373,8881|48373,8925|48373,9042|48373,9224
수납의달인 31706,857|31706,931|31706,4994|31706,5064|41496,511|41496,555
수내성 26312,2798|26312,2870|26312,4050|26312,4111|26312,7934|26312,8127|26312,9644|26312,20303|26312,20366|29333,3819|29333,3880|29333,6945|29333,8176|29333,17571|29353,2952|29353,4040|29353,4101|29353,7263|29353,8208|29353,17642|35698,2994|35698,4072|35698,4134|35698,7283|35698,8353|35698,17782|35698,17844|37895,3307|37895,3376|42049,1832|42049,7714|44611,1567|44611,2701|44611,2718|44611,2790|47905,873|47905,880|47905,887|47905,903|47905,909|47905,925|47905,932|47905,948|47905,956|48345,1802|48345,7713|48373,618|48373,7119|48373,7187|48373,7234|49617,3019|49617,3914|49617,3975|49617,17263
수내성강화 37895,3264|37895,3325|37895,4990|37895,7313|48576,7763|48576,12165|48576,18431|48576,23008
수냉탄 23612,2996|30838,3185|30838,8286|31706,632|31706,4984|39676,33255|41496,10926
수냉탄의 41496,8974
수는 39242,508
수단으로는 39242,11352
수단으로도 30838,4621
수도 21985,36279|28478,22559|36224,32525|45690,20582
수라 26312,11867|26312,36269|29333,10009|29333,32366|29353,10095|29353,32265|35698,10033|35698,32530|48345,4143|48345,14505|49617,9397|49617,31807|53592,7401
수라원주 27609,2035|27609,5511|27609,5584|35592,4067|35592,4148|35592,4213|35592,4546|35592,6666|35592,8330|35592,10359|35592,10466|35592,11282|39339,3133|39339,3192|39339,8866|39339,8961|41496,31581|42405,4276|42405,5304|42405,5379|42405,9416|42405,9925|48373,306|48373,445|48373,580|48373,787|48373,911|48373,947|48373,1073|48373,1228|48373,1413|48373,1550|48373,1684|48373,1790|48373,1910|48373,2095|48373,2343|48373,2431|48373,2761|48373,2857|48373,3000|48373,3486|48373,3682|48373,3738|48373,4028|48373,4146|48373,4400|48373,4506|48373,4670|48373,4920|48373,5299|48373,5358|48373,5536|48373,5911|48373,6047|48373,6149|48373,6290|48373,6451|48373,6978|48373,7491|48373,8045|48373,8106|48373,8245|48373,8394|48373,8538|48373,8637|48373,9092|48373,9177
수럽적에 48576,25703
수렵 33821,5263|33821,5267|33821,5314|39242,2825|39242,6196|39242,6257|39242,7368|39242,7504|39242,7630|39242,7756|39242,7862|39242,7997|39242,8101|39242,8166|39242,8241|39242,8362|39242,8467|39242,9206|39339,9682|40740,6544|53592,7655|53592,13935|53592,15713|53592,17340|53592,17401
수렵단 53592,261
수렵으로 33821,706|33821,796|33821,899|33821,995|33821,1117|33821,1221|33821,1320|33821,1424|33821,1530|33821,1625|33821,1864|33821,1985|33821,2107|33821,2231|33821,2346|33821,2504|33821,2603|33821,2810|33821,3024
수렵적 37895,3901|48576,25|48576,24928
수렵적를 53592,10295
수렵적에 48576,26337
수렵적을 48576,26199
수렵적의 33821,5718|39242,14527|47905,9613
수렵적파생 30024,1997|30024,4911|30024,4959|30024,8762|30024,11760|30024,14476|30024,15100|30024,16751|30024,16850|30024,16954|30024,17055|30024,18812|30024,19200|30024,20164
수렵하는 53592,15676
수렵함 53592,1101|53592,1129|53592,1157|53592,1183|53592,1207|53592,1228|53592,1252|53592,1280|53592,1306|53592,1328|53592,1354|53592,1380|53592,1408|53592,1436|53592,1464|53592,1492|53592,1518|53592,1566|53592,1593|53592,1619|53592,1645|53592,1669|53592,1691|53592,1715|53592,1740|53592,1765|53592,1795|53592,1819|53592,2188|53592,2213|53592,2238|53592,2262|53592,2285|53592,2306|53592,2329|53592,2354|53592,2376|53592,2401|53592,2426|53592,2450|53592,2475|53592,2500|53592,2525|53592,2550|53592,2595|53592,2621|53592,2646|53592,2671|53592,2695|53592,2717|53592,2741|53592,2765|53592,2789|53592,2814|53592,2836|53592,2860|53592,3224|53592,3251|53592,3277|53592,3303|53592,3326|53592,3348|53592,3371|53592,3398|53592,3424|53592,3447|53592,3472|53592,3497|53592,3523|53592,3549|53592,3575|53592,3621|53592,3647|53592,3674|53592,3700|53592,3724|53592,3746|53592,3771|53592,3796|53592,3820|53592,3846|53592,3872|53592,3896|53592,3921|53592,4296|53592,4322|53592,4348|53592,4373|53592,4397|53592,4419|53592,4442|53592,4468|53592,4493|53592,4515|53592,4540|53592,4565|53592,4590|53592,4615|53592,4640|53592,4665|53592,4711|53592,4737|53592,4762|53592,4787|53592,4811|53592,4833|53592,4857|53592,4881|53592,4906|53592,4932|53592,4955|53592,4979|53592,5386|53592,5412|53592,5437|53592,5461|53592,5485|53592,5508|53592,5531|53592,5558|53592,5583|53592,5605|53592,5630|53592,5655|53592,5680|53592,5706|53592,5732|53592,5756|53592,5780|53592,5805|53592,5832|53592,5858|53592,5883|53592,5909|53592,5931|53592,5955|53592,5980|53592,6005|53592,6032|53592,6055|53592,6078|53592,6424|53592,6451|53592,6478|53592,6504|53592,6529|53592,6552|53592,6576|53592,6603|53592,6630|53592,6653|53592,6679|53592,6705|53592,6731|53592,6756|53592,6782|53592,6808|53592,6831|53592,6857|53592,6884|53592,6910|53592,6936|53592,6962|53592,6984|53592,7010|53592,7035|53592,7061|53592,7088|53592,7112|53592,7137
수령 53592,6488
수로 39242,4240
수룡갈기 21985,4305|21985,4364|21985,8087|21985,8279|21985,32935|24394,15015|26312,4015|27368,2034|27368,3187|29333,3781|29353,3855|29353,4005|30024,6376|30377,5719|35698,3883|35698,4037|36224,14398|36224,14557|36224,14747|41496,17742|42405,3901|42405,5469|42405,7753|42405,8249|45690,8568|45690,8801|48373,4092|49617,3878
수룡계 41496,3329
수룡비늘 21985,4375|21985,8042|24394,15022|26312,3814|26312,8159|27368,2046|27368,3467|27368,7969|28478,7046|29333,3628|29353,3939|30377,5556|35592,5160|35698,3969|41496,17659|42405,8244|45690,8578|45690,8621|48373,7249
수룡상갈기 21985,4555|26312,17217|27368,10888|27368,12634|29333,14915|29333,21092|29333,26918|29353,14880|30024,6558|30377,26840|35698,14975|36224,14935|41496,17767|48373,5213|49617,14488
수룡상린 21985,4563|21985,32924|24394,15420|26312,17205|27368,10901|27368,12647|28478,14256|29333,14932|29333,21223|29353,14864|35698,14959|41496,17690|49617,14472|49617,26413
수룡특상갈기 21985,29540|21985,32915|24394,15853|24394,31118|26312,30232|27368,22185|27368,34945|27368,35548|28478,14526|29333,26856|29333,33023|29353,26829|30024,31852|30377,11976|30377,12036|30377,12249|35698,26978|36224,27434|39676,17391|41496,17794|45690,19082|48373,5250|49617,26404|52371,16551
수룡후린 24394,15617|24394,31127|26312,30220|27368,22199|27368,22790|27368,34959|28478,8680|28478,14386|29333,26869|29353,26822|30377,11996|30377,26830|35698,26971|39676,17379|39676,28579|41496,17716|42405,4581|45690,9702|45690,19091|49617,26397|49617,32436
수를 41496,546|41496,589|47905,8255|47905,8326|47905,8403|47905,8473
수만큼 47905,3737|53592,16633
수많은 53592,12289
수면 21985,7918|21985,8143|21985,29394|24394,16370|24394,16610|24394,16881|26312,5066|26312,5183|26312,6758|26312,6872|26312,10326|26312,11084|26312,16842|26312,16946|26312,17009|26312,17102|26312,19490|26312,19601|26312,20236|26312,20348|26312,29926|27368,459|27368,723|27368,1025|27368,1322|27368,1608|27368,1900|27368,2184|27368,2472|27368,2750|27368,3038|27368,3323|27368,3592|27368,3876|27368,4164|27368,4443|27368,4840|27368,5126|27368,5413|27368,5696|27368,5977|27368,6256|27368,6538|27368,6827|27368,7104|27368,7507|27368,7805|27368,8094|27368,8374|27368,8662|27368,8946|27368,9223|27368,9516|27368,9830|27368,10122|27368,10362|27368,10752|27368,11035|27368,11326|27368,11624|27368,11911|27368,12200|27368,12488|27368,12770|27368,13059|27368,13354|27368,13647|27368,13934|27368,14222|27368,14513|27368,14790|27368,15175|27368,15472|27368,15760|27368,16050|27368,16337|27368,16638|27368,17042|27368,17342|27368,17631|27368,17913|27368,18201|27368,18491|27368,18773|27368,19061|27368,19378|27368,19668|27368,19948|27368,20240|27368,20544|27368,20832|27368,21126|27368,21409|27368,21650|27368,22049|27368,22336|27368,22627|27368,22913|27368,23204|27368,23496|27368,23786|27368,24075|27368,24353|27368,24653|27368,24949|27368,25234|27368,25514|27368,25799|27368,26088|27368,26372|27368,26660|27368,26949|27368,27237|27368,27626|27368,27911|27368,28203|27368,28486|27368,28790|27368,29080|27368,29359|27368,29650|27368,29940|27368,30246|27368,30532|27368,30818|27368,31114|27368,31404|27368,31735|27368,32014|27368,32306|27368,32755|27368,33047|27368,33347|27368,33640|27368,33934|27368,34226|27368,34508|27368,34795|27368,35081|27368,35373|27368,35660|27368,35948|27368,36240|27368,36530|27368,36825|27368,37117|27368,37409|27368,37693|27368,37973|27368,38278|27368,38582|27368,38871|27368,39159|27368,39445|28478,368|28478,477|28478,597|28478,778|28478,925|28478,1145|28478,1315|28478,1497|28478,1686|28478,1958|28478,2191|28478,2299|28478,2420|28478,2597|28478,2736|28478,2959|28478,3127|28478,3377|28478,3606|28478,3715|28478,3839|28478,4010|28478,4153|28478,4313|28478,4537|28478,4653|28478,4770|28478,4899|28478,5098|28478,5261|28478,5885|28478,6010|28478,6133|28478,6321|28478,6535|28478,6660|28478,6797|28478,7006|28478,7126|28478,7251|28478,7379|28478,7578|28478,7799|28478,8032|28478,8161|28478,8287|28478,8471|28478,9623|28478,9750|28478,12751|28478,12879|28478,13012|28478,13776|28478,13949|28478,14215|28478,14345|28478,14479|28478,14694|28478,14808|28478,14939|28478,15889|28478,16012|28478,16138|28478,17670|28478,18152|28478,18273|28478,18394|28478,18520|28478,18645|28478,18770|28478,18891|28478,19272|28478,20016|29333,4706|29333,6043|29333,6162|29333,7045|29333,8688|29333,14634|29333,14774|29333,16894|29333,17006|29333,17554|29333,26559|29353,4910|29353,6416|29353,6532|29353,8751|29353,14589|29353,14725|29353,16983|29353,17092|29353,17625|29353,26538|29353,26597|30024,24110|30024,33111|30377,20363|35698,4948|35698,5066|35698,6422|35698,6536|35698,7385|35698,14639|35698,14773|35698,14887|35698,17007|35698,17118|35698,17713|35698,17828|35698,26684|35698,26742|36224,12660|36224,12926|36224,13226|36224,14300|36224,14443|36224,14605|36224,14794|36224,27309|36224,29906|39242,539|39242,1910|39242,1985|39242,7642|39242,7799|39242,14742|39242,14961|39242,15643|39676,477|39676,782|39676,1080|39676,1360|39676,1640|39676,1929|39676,2226|39676,2523|39676,2930|39676,3225|39676,3515|39676,3809|39676,4094|39676,4395|39676,4687|39676,4975|39676,5382|39676,5670|39676,5958|39676,6246|39676,6536|39676,6834|39676,7121|39676,7417|39676,7718|39676,8134|39676,8404|39676,8692|39676,8989|39676,9280|39676,9584|39676,9886|39676,10186|39676,10471|39676,10760|39676,11044|39676,11438|39676,11734|39676,12035|39676,12335|39676,12628|39676,13036|39676,13328|39676,13612|39676,13908|39676,14209|39676,14496|39676,14785|39676,15069|39676,15365|39676,15664|39676,15966|39676,16368|39676,16661|39676,16956|39676,17246|39676,17535|39676,17835|39676,18134|39676,18431|39676,18723|39676,19027|39676,19319|39676,19601|39676,19903|39676,20193|39676,20600|39676,20887|39676,21188|39676,21478|39676,21768|39676,22055|39676,22346|39676,22642|39676,22945|39676,23238|39676,23530|39676,23830|39676,24119|39676,24412|39676,24705|39676,24993|39676,25294|39676,25764|39676,26059|39676,26358|39676,26651|39676,26945|39676,27244|39676,27541|39676,27835|39676,28137|39676,28430|39676,28720|39676,29022|39676,29324|39676,29630|39676,29928|39676,30218|39676,30512|39676,30805|39676,31110|39676,31410|44611,3643|45690,15571|45690,15774|45690,16015|45690,25280|47905,1555|47905,1590|47905,1620|47905,10025|48373,613|48373,659|48373,1017|48373,1064|48576,17404|48576,17691|48576,17960|49617,4663|49617,6055|49617,6172|49617,8042|49617,14158|49617,14266|49617,14326|49617,16539|49617,16649|49617,17246|49617,26096|49617,26153|53592,7098
수면감소 42049,2446|42049,6247|47905,1585|48345,2408
수면강화 28478,5844|28478,5969|28478,6092|28478,6280
수면고기 23612,968|31706,1900|31706,2951|31706,3955|41496,2454
수면낭 21985,6136|21985,8286|21985,29530|23612,5943|24394,16577|24394,16783|28478,6196|29333,17650|29353,6795|29353,14672|30024,33246|35592,9024|35592,10510|35592,11253|35698,14719|35698,26665|36224,12819|36224,12888|36224,14757|41496,12219|42405,8606|45690,15700|45690,15741|48373,673|48373,4099
수면무효 42049,2460|42049,3118|42049,6165|42049,7696|42049,11629|47905,1561|47905,2092|48345,2425|48345,3106|48345,6177|48345,7698
수면배가 42049,7436|47905,1614|48345,7440
수면병 23612,3647|28478,19726|31706,1003|31706,5946|41496,11682|48373,4108
수면병등으로 28478,23128
수면병이 47905,4130
수면병추가 26312,10451|26312,11212|26312,29985|29333,8787|29353,8870|29353,26604|35698,26749|47905,4115|47905,4124|48345,11655|48373,4075|49617,8164|49617,26160
수면상태로 39242,7670|41496,11707
수면속성의 47905,10081
수면시 47905,10159
수면시킨 47905,10096
수면어 26312,10380
수면에 41496,2485|47905,1566
수면에서 40740,4980
수면은 30838,4598
수면적치 28478,19739
수면초 21985,8059|23612,976|23612,2223|23612,3342|23612,3654|23612,3771|26312,10507|27609,6697|27609,6718|27609,6942|27609,6946|27609,7103|28478,19749|30838,4445|31706,2381|31706,3375|31706,4161|35592,1853|36224,14415|39339,1785|39339,1807|39339,1890|39339,1911|39339,2436|39339,2458|39339,2471|39339,2593|39339,2614|39339,2626|39339,3907|39339,3920|39339,4808|39339,4829|39339,4850|39339,5178|39339,5199|39339,5220|39339,8008|39339,8021|39339,8025|39339,8527|39339,8552|39339,8644|39339,8667|41496,6395|42405,1490|46577,2010|46577,2014|46577,4256|46577,4280|46577,4454|48373,633|49617,7797
수면축적치 30838,4426|30838,4482
수면탄 23612,3333|23612,3367|30838,4406|30838,4464|31706,406|31706,5351|41496,11250|41496,11285
수면탄2의 41496,9047
수면탄lv1 39676,33374
수면탄lv2 39676,33498
수면투척나이프 23612,2209|41496,31323
수면폭살이라고도 47905,10132
수면폭살이란 39242,1975
수면후의 47905,10256
수비를 21985,36858
수상전투장 53592,16770|53592,17756
수색망 40740,6570
수속궁 41496,27371
수속성 30838,3210
수속성을 39242,6949
수수 45690,14310
수수께끼 35592,6081|35592,7025|35592,7951|35592,8605|35592,9481|35592,10225|35592,10954
수신된 39242,10822
수에 27368,40217
수왕 28478,15080|28478,15226
수인종 31706,1016|31706,5136
수정 24394,35972|24394,36055|27368,40447|30838,5804
수정값 30838,5467|30838,5638|30838,5652|30838,5662|30838,5672|30838,6519|30838,6715|30838,6726|30838,6808|30838,6819|30838,6842
수정되어 39676,33160
수정을 21985,34931
수정이 45690,23695
수준 39242,674|39242,1232|39242,9683
수중에 40740,4963
수집 33821,4961
수집가 53592,12088
수집이나 39242,1002
수집해 53592,16159
수치 30838,2144|30838,2821|41496,1042|41496,1113|41496,1185|41496,2076|41496,6042|41496,7178|42049,15473|47905,68|47905,1286|47905,2250|47905,2922|47905,4364|47905,5950|47905,8786|47905,10520|47905,10746|48345,15539
수치가 21985,36610|44611,3080
수치는 30838,5328
수치를 42049,150|48345,152
수치와는 30838,5365
수치이며 42049,98|48345,100
수평찌르기 45690,22581
수평찌르기로부터의 45690,22541
수평포격 45690,19788|45690,23824
수풀에서 35592,3430
수해 33821,2471|33821,2772|35592,10917|39572,1417|53592,8034
수해에서 39572,1387
수해에서의 53592,8037
수호신 53592,8278
수호의피어스 26312,775
수호자 40740,7886|40740,7903
수혼 53592,12565
수혼t셔츠 29333,7100
수혼t셔츠x 29333,30586
수혼티켓 29333,7152|29333,30649|41496,30484|42405,863
수확물 35592,1625|35592,1874|35592,1942|35592,2002
