탄고기 23612,5620|41496,2631|42405,1396|42405,3662|42405,4924|42405,5939|44611,3425|48373,5100
탄네캄트룸 52371,21419
탄네캄트룸계 52371,21290
탄도 27368,40444|30838,4025
탄생선 23612,6100|41496,2982|42405,1411|42405,3678|42405,4940|42405,5955
탄수가 28478,21332
탄수무한 41496,10423
탄약비를 39676,32202
탄을 30838,3926|47905,3730
탄의 39676,31568
탄제조 26312,322|26312,1578|26312,13889|26312,30915|29333,1514|29333,27403|29353,1631|29353,3625|35698,1540|35698,3649|47905,9908|48373,8915|49617,1677|49617,26936
탄제주 48373,8911
탄종 39676,32846
탄종에 30838,7498
탄창주 48373,4206
탄포포포 39572,2525
탄혈주 48373,4123
탄환 27368,40149|27368,40167|30838,288|30838,472|30838,524|30838,1022|30838,1471|30838,2179|30838,2860|30838,3452|30838,3949|30838,4537|30838,4909
탄환강화 28478,22021|28478,22607
탄환과 30838,2973|30838,3682
탄환명 30838,5915|30838,7049
탄환수는 30838,446
탄환에 39676,32008
탄환에는 27368,40095|39676,31948
탄환을 30838,7606|39242,1544|47905,3858|47905,3896|47905,9935
탄환의 27368,39699|27368,40460|30838,3461|30838,5447|30838,6503|30838,7633|39676,31683|39676,32039|39676,32063|39676,32707|39676,33151|39676,33176
탄환의반동값 39676,33207
탄환이고 30838,2239
탄환장전수 47905,5622
