나가 21985,6808|39242,6242
나가면 39242,629
나가면서 45690,22620
나가므로 30838,4049
나가서 39242,11166
나나 30024,21497|30024,21708|31706,1195|39242,7842|39676,6596|39676,13968|39676,30865|40740,7868|41496,12785|41496,25250|41496,25509|41496,29542|45690,5987|45690,6227|45690,6427|45690,6642|53592,1907|53592,1915|53592,2953|53592,4018|53592,5116|53592,6146|53592,7204
나나의 47905,7470|47905,7519|47905,7572|47905,7625
나나호시대포 39676,5143
나나호시천포 39676,12796
나누어진다 30838,5436|30838,6492
나눌 30024,38290
나눠져 21985,36526
나뉘어져 39242,5405
나루가 42049,6736|48345,6756
나루가s가드 29353,15862
나루가s그리브 35698,15840
나루가s레깅스 35698,15942
나루가s레지스트 29333,15843
나루가s메일 29333,15758
나루가s암 29353,15757
나루가s캡 26312,18335
나루가s코트 49617,15462
나루가s폴드 49617,15355
나루가s헬름 26312,18235
나루가x 42049,12250|48345,12241
나루가x가드 29353,27821
나루가x그리브 35698,27808
나루가x레깅스 35698,27904
나루가x레지스트 29333,27841
나루가x메일 29333,27753
나루가x암 29353,27718
나루가x캡 26312,31403
나루가x코트 49617,27356
나루가x폴드 49617,27261
나루가x헬름 26312,31281
나루가크루가 31706,984|31706,5609|33821,2744|33821,2778|33821,2798|39242,8449|40740,4478|41496,21603|53592,1775|53592,1788|53592,2807|53592,3865|53592,4925|53592,6025|53592,7081|53592,17070
나루가크루가등 39242,2197
나르카미 21985,11034
나름대로 45690,26153
나머지는 47905,10471
나쁘지 30377,29191|30377,29860
나서 21985,36595|42049,121|48345,123
나오기 30838,1485|39242,8644
나오는 23818,2005|44611,4145|44611,4189|45690,20386|52371,26484|53592,17327
나오면 35592,12114
나오므로 30838,5238
나오지 44611,207|53592,17456
나온다 35592,3470|35592,4654|39242,15204|40740,3634|40740,3810|45690,20426
나올 44611,4804|47905,8672
나와 40740,4836|40740,4914|40740,4990|40740,5087|44611,7602
나왔을 40740,3134|40740,3585|40740,3744
나은 21985,36960
나이트 53592,720
나이트랜스 21985,2071|45690,15506
나이트스퀴드 21985,2336
나이트스퀴드g 21985,31592
나지 30838,2988
나찰 52371,18402
나타나는 44611,5609
나타낸다 28478,20645|28478,20685
나타냅니다 39242,2353|39242,4243
