만났을때 44611,4664
만드는 39242,13005
만드는병 41496,11619|41496,11666|41496,11713
만드라고라 23612,283|23612,362|23818,1689|23818,1703|23818,5316|23818,5333|27609,2944|27609,5784|31706,2702|31706,4060|35592,5797|35592,8027|35592,8156|35592,10314|35592,11109|35592,11230|41496,6967|42405,1884|42405,1927|42405,1946|42405,5036|42405,7267|46577,4964|46577,4981|46577,5612|46577,5629|48576,945|48576,1141|48576,1357|48576,1596
만든 39242,11033|53592,14941|53592,16812
만든다 30838,2369
만들 23612,6324
만들고 53592,14431
만들기도 28478,21825
만들수 24394,35453|39242,923|39242,7426|39242,7550|39242,7676
만들어 28478,23139|39242,1351
만들어내는 28478,23095
만들어지는 47905,9922
만들어진 45690,25009
만들어진다 47905,9952
만뢰 27368,31175
만물유전의 53592,15636
만으로 47905,3829
만으로는 23612,6440
만족시킨후 44611,73
만큼 39242,4219|45690,23743|53592,16068
만회할 39242,14397
