강각의가호 42049,14127|47905,2109|48345,14161
강격 28478,360|28478,469|28478,589|28478,770|28478,917|28478,1137|28478,1307|28478,1489|28478,1678|28478,1950|28478,3598|28478,3707|28478,3831|28478,4002|28478,4145|28478,4305|28478,4529|28478,4645|28478,4762|28478,4891|28478,5090|28478,5253|28478,5416|28478,5647|28478,5874|28478,5999|28478,6122|28478,6310|28478,6525|28478,6650|28478,6787|28478,6998|28478,7118|28478,7243|28478,7371|28478,7570|28478,7791|28478,8020|28478,8149|28478,8275|28478,8459|28478,8597|28478,8747|28478,8963|28478,9084|28478,9213|28478,9394|28478,9613|28478,9740|28478,9961|28478,10086|28478,10216|28478,10393|28478,10536|28478,10666|28478,10863|28478,11019|28478,11246|28478,11374|28478,11499|28478,11633|28478,11838|28478,12060|28478,12189|28478,12321|28478,12512|28478,12740|28478,12868|28478,13001|28478,13221|28478,13341|28478,13469|28478,13636|28478,13768|28478,13941|28478,14207|28478,14337|28478,14471|28478,14686|28478,14800|28478,14931|28478,15195|28478,15322|28478,15541|28478,15663|28478,15881|28478,16004|28478,16130|28478,16346|28478,16472|28478,16688|28478,16804|28478,16930|28478,17102|28478,17659|28478,17870|28478,18144|28478,18512|28478,18637|28478,18760|28478,18883|28478,19005|28478,19133|28478,19264|28478,19387
강격병 23612,3675|28478,19536|31706,713|31706,5659|39339,5635|41496,11540|48373,3761|48373,3822
강격병이 47905,4185
강격병추가 29333,26050|35698,26080|47905,4170|47905,4179|48345,11321|48373,3719|48373,3780|49617,25525
강관주 48373,3293
강력 53592,4772
강력한 52371,26694
강룡 40740,7526
강룡갑각 21985,24596|21985,24771|24394,25600|26312,11454|29333,9669|29333,10546|29353,9781|35698,9714|36224,18913|39676,6381|41496,24510|42405,7791|49617,9136|49617,10101|52371,17252
강룡강각 21985,25191|26312,35254|28478,15713|30024,22985|36224,19482|36224,30718|41496,24748|52371,13299
강룡강익 24394,26057|28478,15720|29333,31527|30024,22995|39676,22202|41496,24695|52371,17803|52371,22056
강룡견각 21985,5152|21985,24977|24394,25861|26312,23904|26312,25314|26312,25670|28478,16072|29333,20440|29333,22225|29333,22798|29353,22290|30024,22596|35698,22427|36224,19272|39676,13474|41496,24542|48373,5960|49617,21847|49617,22342|52371,13104|52371,17582
강룡꼬리 21985,24589|30024,22603|36224,19082|41496,24776|42405,2166|48373,5923|52371,8321|52371,13067
강룡발톱 21985,5142|21985,24764|24394,1313|28478,4225|29353,9792|30377,22545|35698,9770|36224,18906|41496,24828|42405,2187|48373,8111|49617,9085
강룡보옥 21985,24984|24394,1810|24394,22388|24394,25871|26312,25337|28478,15607|29353,31373|30024,22799|30377,22748|30377,23315|36224,19290|36224,22542|39676,13462|41496,24879|42405,2886|45690,13721|48373,3341|48576,17068|49617,24982|49617,31017|52371,13074|52371,13112
강룡뿔 26312,11443|26312,25326|36224,19076|36224,24916|41496,24721|42405,7784|48373,1915
강룡의사해 30377,10813
강룡익막 24394,18141|24394,25419|24394,25593|29333,9686|29333,21691|29333,22237|30377,19533|30377,22515|36224,24871|41496,24670|49617,9068|49617,21906|52371,21880
강룡인미 21985,25174|36224,19489|41496,24802|42405,3084|45690,17457|52371,13281
강룡중각 21985,5362|21985,25181|24394,26076|26312,35242|28478,15582|29333,31515|29333,31995|29353,31336|30024,22978|35698,31627|36224,19499|39676,22190|41496,24568|49617,30995|49617,31455|52371,17786
강룡첨조 21985,5355|21985,5812|21985,24967|29353,22301|29353,31361|30024,22792|30377,22731|30377,22938|35698,22486|41496,24853|48373,1509|49617,21858|49617,22115|49617,31010|52371,8521|52371,13057|52371,13094
강림 33821,4222
강벽주 48373,2406|48373,2453
강병주 48373,3715
강빙검 36224,18854
강빙검改 30377,22340|36224,19012
강빙곤 30024,22539
강빙대검 24394,25366
강빙대검改 24394,25528|52371,12882
강빙대인 24394,25634|52371,12998
강빙대인계 52371,12818
강빙마궁 28478,15423|28478,15566
강빙창 21985,24532
강빙창改 21985,24695
강산주 48373,3408
강습 39339,9271
강요하는 31706,1550|31706,6135|35592,349|35592,426|35592,554|35592,629|35592,838|35592,980|35592,1179|35592,1262
강요하는옛사람클리어 44611,1329
강운주 48373,8376
강인한수염 27368,25663|27368,26813|28478,4384|29333,29648|30024,19856|39676,19188|41496,16709|45690,1787|45690,2237|48373,203|49617,26857|49617,29240|52371,14584
강자 31706,1615|33821,3649|53592,8413
강적 27609,8674|27609,9119|40740,210|40740,330
강적을 45690,21188
강제로 30838,2360
강주 37895,1612|37895,1658
강주약 23612,382|23818,4716|26312,8275|27609,3533|27609,3798|37895,1644|37895,1670|39572,757|41496,873|42405,2106|42405,2735|42405,3092|42405,3177|42405,4147|42405,6853|42405,8980|46577,2985|47905,8940|47905,9012|48373,4843
강주약g 23612,410|27609,2059|41496,940|42405,3096|42405,4172|48373,5150
강주약gx2 39572,1435
강주약g의 37895,1625
강주약등을 30377,30001
강주약으로 30377,29142
강주약이나 30377,29828|37895,1619
강주와 37895,10985
강주주 48373,5115
강주효과 37895,1493|37895,1537|37895,4046|37895,4774|37895,5423|37895,5948|37895,6246|37895,7105|37895,7903|37895,8619|37895,9404|37895,9518|37895,9716|37895,10569|37895,10731|37895,10770|37895,10874|37895,11021|37895,11216|37895,11353|41496,6893|48576,603|48576,1704|48576,1977|48576,3662|48576,7642|48576,11954|48576,12777|48576,13233|48576,14698|48576,15307|48576,17459|48576,18307|48576,18868|48576,22301|48576,22888|48576,24522|48576,24759
강주효과나 48576,25854
강주효과다 48576,26847
강주효과와 37895,1717
강철 42405,377|42405,409
강철산채조합티켓 41496,29824|42405,2830|42405,4186|42405,5457|42405,6642|42405,8347|42405,9159|42405,9533
강철상용린 21985,1716|24394,25852|26312,24708|29333,21676|29353,21724|29353,22348|29353,22823|30024,22780|30377,19692|30377,21579|35698,21810|35698,22438|35698,22921|36224,6547|36224,19279|41496,24618|48373,1953|49617,21215|52371,17589
강철용린 21985,4946|21985,24606|24394,21489|24394,25435|26312,15139|28478,4064|29333,19732|29353,9837|29353,10626|29353,19863|30024,7077|30377,21211|35698,9725|35698,10157|35698,10726|36224,18923|39676,6393|41496,24594|42405,7796|48373,3859|48373,5916|49617,19406|52371,17416
강철의 42405,228
강철후용린 21985,33281|24394,26064|26312,34458|28478,15592|29353,30704|29353,31348|29353,31896|30377,22945|30377,27355|35698,30891|35698,31003|35698,31634|35698,32145|41496,24644|42405,4486|48373,2001|49617,30295|49617,31002|52371,13288|52371,16983
강탄 30838,728|30838,1196|30838,1826|47905,4286|48345,15450
강탄주 48373,3121|48373,3176
강탈 39242,12311
강탈술 39242,599|39242,8688
강하다 39242,9711
강한 39242,11494|53592,13330|53592,13900|53592,14232
강함을 39242,2349
강해지면 30838,2965
강화 21985,637|21985,771|21985,893|21985,1080|21985,1256|21985,1500|21985,1690|21985,1958|21985,2120|21985,2387|21985,2572|21985,2787|21985,2991|21985,3276|21985,3496|21985,3626|21985,3833|21985,4118|21985,4301|21985,4551|21985,4750|21985,4931|21985,5129|21985,5340|21985,5518|21985,5787|21985,6008|21985,6115|21985,6275|21985,6504|21985,6695|21985,6865|21985,7110|21985,7308|21985,7463|21985,7606|21985,7726|21985,7863|21985,8038|21985,8275|21985,8440|21985,8631|21985,8800|21985,9035|21985,9239|21985,9472|21985,9675|21985,9911|21985,10167|21985,10423|21985,10614|21985,10883|21985,11092|21985,11480|21985,11593|21985,11761|21985,11966|21985,12172|21985,12328|21985,12583|21985,12776|21985,12975|21985,13245|21985,13351|21985,13513|21985,13775|21985,13989|21985,14106|21985,14245|21985,14482|21985,14672|21985,14827|21985,15039|21985,15216|21985,15369|21985,15537|21985,15725|21985,15918|21985,16070|21985,16245|21985,16441|21985,16643|21985,16790|21985,17007|21985,17231|21985,17395|21985,17581|21985,17792|21985,18062|21985,18273|21985,18541|21985,18678|21985,18837|21985,19029|21985,19227|21985,19415|21985,19627|21985,19783|21985,19932|21985,20147|21985,20319|21985,20519|21985,20724|21985,20859|21985,21074|21985,21255|21985,21640|21985,22014|21985,22188|21985,22578|21985,22751|21985,22942|21985,23130|21985,23496|21985,23660|21985,23827|21985,24004|21985,24303|21985,24442|21985,24585|21985,24760|21985,24963|21985,25170|21985,25506|21985,25654|21985,25824|21985,25988|21985,26172|21985,26368|21985,26781|21985,26958|21985,27135|21985,27357|21985,27775|24394,615|24394,753|24394,900|24394,1104|24394,1292|24394,1456|24394,1619|24394,1798|24394,1962|24394,2257|24394,2448|24394,2654|24394,2858|24394,3146|24394,3356|24394,3635|24394,3967|24394,4228|24394,4439|24394,4666|24394,4907|24394,5100|24394,5314|24394,5472|24394,5645|24394,5828|24394,6039|24394,6316|24394,6444|24394,6579|24394,6741|24394,6961|24394,7115|24394,7327|24394,7503|24394,7725|24394,7892|24394,8061|24394,8242|24394,8428|24394,8760|24394,8884|24394,9059|24394,9258|24394,9419|24394,9642|24394,9824|24394,10021|24394,10241|24394,10469|24394,10660|24394,10854|24394,11042|24394,11255|24394,11463|24394,11708|24394,11900|24394,12074|24394,12357|24394,12556|24394,12755|24394,13038|24394,13270|24394,13542|24394,13812|24394,14034|24394,14233|24394,14447|24394,14664|24394,14806|24394,15011|24394,15189|24394,15395|24394,15613|24394,15849|24394,15999|24394,16149|24394,16314|24394,16497|24394,16751|24394,17032|24394,17229|24394,17497|24394,17717|24394,17889|24394,18129|24394,18340|24394,18563|24394,18767|24394,18939|24394,19127|24394,19255|24394,19447|24394,19611|24394,19846|24394,20122|24394,20394|24394,20593|24394,20860|24394,21015|24394,21187|24394,21636|24394,21810|24394,21997|24394,22368|24394,22533|24394,22702|24394,22879|24394,23293|24394,23472|24394,23643|24394,23867|24394,24295|24394,24466|24394,24818|24394,25130|24394,25276|24394,25415|24394,25589|24394,25848|24394,26053|24394,26384|24394,26541|24394,26716|24394,26880|24394,27065|24394,27264|24394,27615|27368,40280|27368,40474|28478,511|28478,637|28478,827|28478,985|28478,1211|28478,1387|28478,1572|28478,1765|28478,2016|28478,2337|28478,2462|28478,2648|28478,2798|28478,3027|28478,3198|28478,3430|28478,3752|28478,3880|28478,4060|28478,4213|28478,4361|28478,4685|28478,4809|28478,4949|28478,5155|28478,5318|28478,5484|28478,5703|28478,6044|28478,6173|28478,6358|28478,6698|28478,6834|28478,7164|28478,7292|28478,7429|28478,7641|28478,7850|28478,8202|28478,8334|28478,8515|28478,8659|28478,8801|28478,9132|28478,9264|28478,9442|28478,9782|28478,10134|28478,10265|28478,10446|28478,10588|28478,10725|28478,10931|28478,11081|28478,11422|28478,11553|28478,11696|28478,11895|28478,12238|28478,12374|28478,12563|28478,12921|28478,13051|28478,13390|28478,13518|28478,13686|28478,13816|28478,13988|28478,14382|28478,14513|28478,14845|28478,14976|28478,15369|28478,15709|28478,16050|28478,16173|28478,16520|28478,16851|28478,16985|28478,17157|28478,17300|28478,17473|28478,19681|30024,626|30024,754|30024,890|30024,1083|30024,1254|30024,1441|30024,1648|30024,1923|30024,2147|30024,2341|30024,2507|30024,2771|30024,2957|30024,3160|30024,3378|30024,3565|30024,3766|30024,3982|30024,4273|30024,4448|30024,4648|30024,4842|30024,5087|30024,5317|30024,5522|30024,5755|30024,6041|30024,6200|30024,6364|30024,6548|30024,6685|30024,6876|30024,7053|30024,7231|30024,7357|30024,7509|30024,7682|30024,7891|30024,8178|30024,8411|30024,8695|30024,8865|30024,9014|30024,9183|30024,9426|30024,9630|30024,9843|30024,10024|30024,10208|30024,10377|30024,10614|30024,10811|30024,11020|30024,11244|30024,11439|30024,11653|30024,12026|30024,12138|30024,12267|30024,12387|30024,12529|30024,12655|30024,12857|30024,13039|30024,13283|30024,13461|30024,13658|30024,13869|30024,14042|30024,14226|30024,14415|30024,14611|30024,14834|30024,15026|30024,15233|30024,15400|30024,15587|30024,15758|30024,15942|30024,16146|30024,16351|30024,16509|30024,16671|30024,16758|30024,16857|30024,16961|30024,17062|30024,17258|30024,17546|30024,17751|30024,17879|30024,18017|30024,18168|30024,18382|30024,18542|30024,18748|30024,18959|30024,19139|30024,19301|30024,19461|30024,19641|30024,19843|30024,20102|30024,20252|30024,20456|30024,20596|30024,20912|30024,21052|30024,21195|30024,21370|30024,21566|30024,21769|30024,22106|30024,22260|30024,22431|30024,22592|30024,22776|30024,22974|30024,23349|30024,23513|30024,23683|30024,23835|30024,24052|30024,24187|30024,24643|30024,24821|30024,24999|30024,25220|30024,25654|30024,25817|30024,25995|30024,26177|30024,26560|30024,26728|30024,26913|30024,27294|30024,27470|30024,27836|30024,28157|30024,28331|30024,28691|30024,28869|30377,558|30377,752|30377,920|30377,1076|30377,1241|30377,1480|30377,1690|30377,1907|30377,2133|30377,2372|30377,2554|30377,2756|30377,2972|30377,3189|30377,3346|30377,3586|30377,3765|30377,4139|30377,4266|30377,4421|30377,4638|30377,4831|30377,5036|30377,5302|30377,5552|30377,5715|30377,5863|30377,6092|30377,6275|30377,6456|30377,6712|30377,6922|30377,7093|30377,7286|30377,7501|30377,7724|30377,8013|30377,8275|30377,8484|30377,8654|30377,8813|30377,8990|30377,9210|30377,9380|30377,9647|30377,9868|30377,10135|30377,10296|30377,10469|30377,10669|30377,10872|30377,11129|30377,11317|30377,11507|30377,11764|30377,11962|30377,12235|30377,12381|30377,12587|30377,12759|30377,12951|30377,13227|30377,13427|30377,13686|30377,13953|30377,14116|30377,14303|30377,14488|30377,14774|30377,14952|30377,15150|30377,15424|30377,15595|30377,15778|30377,16191|30377,16369|30377,16544|30377,16765|30377,17156|30377,17404|30377,17556|30377,17741|30377,17935|30377,18322|30377,18487|30377,18663|30377,19017|30377,19174|30377,19346|30377,19517|30377,19688|30377,19935|30377,20313|30377,20489|30377,20914|30377,21169|30377,21376|30377,21547|30377,21836|30377,22050|30377,22233|30377,22504|30377,22727|30377,22924|30377,23295|30377,23461|30377,23634|30377,23822|30377,29437|36224,663|36224,789|36224,986|36224,1184|36224,1359|36224,1590|36224,1772|36224,1966|36224,2176|36224,2437|36224,2653|36224,2923|36224,3140|36224,3314|36224,3493|36224,3830|36224,4007|36224,4200|36224,4413|36224,4574|36224,4751|36224,4902|36224,5060|36224,5240|36224,5462|36224,5605|36224,5788|36224,5986|36224,6148|36224,6330|36224,6517|36224,6885|36224,7041|36224,7212|36224,7394|36224,7627|36224,7809|36224,8017|36224,8236|36224,8463|36224,8783|36224,9030|36224,9404|36224,9563|36224,9745|36224,9895|36224,10053|36224,10223|36224,10401|36224,10590|36224,10902|36224,11090|36224,11349|36224,11630|36224,11857|36224,12140|36224,12365|36224,12589|36224,12855|36224,13149|36224,13386|36224,13604|36224,13780|36224,13976|36224,14184|36224,14394|36224,14553|36224,14735|36224,14922|36224,15124|36224,15277|36224,15448|36224,15616|36224,15800|36224,16006|36224,16220|36224,16445|36224,16646|36224,16853|36224,17222|36224,17368|36224,17522|36224,17730|36224,17900|36224,18099|36224,18313|36224,18618|36224,18764|36224,18902|36224,19072|36224,19268|36224,19478|36224,19954|36224,20134|36224,20354|36224,20575|36224,20957|36224,21132|36224,21452|36224,21831|36224,22193|36224,22357|36224,22521|36224,22696|36224,23086|36224,23261|36224,23500|36224,23844|36224,24037|36224,24225|36224,24426|36224,24627|36224,24912|36224,25040|39242,2986|39242,3529|42049,124|45690,804|45690,939|45690,1159|45690,1338|45690,1545|45690,1775|45690,2006|45690,2225|45690,2434|45690,2595|45690,2785|45690,2986|45690,3203|45690,3495|45690,3739|45690,3977|45690,4308|45690,4447|45690,4606|45690,4774|45690,4963|45690,5158|45690,5376|45690,5628|45690,5863|45690,6099|45690,6294|45690,6496|45690,6712|45690,6898|45690,7093|45690,7298|45690,7527|45690,7753|45690,8055|45690,8205|45690,8399|45690,8617|45690,8797|45690,8986|45690,9208|45690,9447|45690,9690|45690,9994|45690,10227|45690,10546|45690,10759|45690,11046|45690,11282|45690,11812|45690,12001|45690,12224|45690,12457|45690,12860|45690,13100|45690,13296|45690,13695|45690,13888|45690,14258|45690,14662|45690,15008|45690,15190|45690,15383|45690,15717|45690,15948|45690,16154|45690,16481|45690,16662|45690,17012|45690,17202|45690,23660|47905,53|47905,2974|47905,3024|47905,3071|48345,126|48576,786|48576,941|48576,1137|48576,1353|48576,1592|48576,1799|48576,2114|48576,2357|48576,2550|48576,2787|48576,3024|48576,3309|48576,3535|48576,3786|48576,4104|48576,4409|48576,4650|48576,4857|48576,5158|48576,5395|48576,5629|48576,5915|48576,6137|48576,6346|48576,6637|48576,6938|48576,7179|48576,7425|48576,7782|48576,8044|48576,8249|48576,8482|48576,8722|48576,8973|48576,9227|48576,9535|48576,9828|48576,10138|48576,10400|48576,10692|48576,10971|48576,11242|48576,11549|48576,11767|48576,12051|48576,12340|48576,12548|48576,12863|48576,13118|48576,13366|48576,13600|48576,13837|48576,14366|48576,14580|48576,14795|48576,15077|48576,15614|48576,15821|48576,16089|48576,16584|48576,16795|48576,17041|48576,17274|48576,17546|48576,17842|48576,18120|48576,18673|48576,18963|48576,19258|48576,19478|48576,19731|48576,19949|48576,20227|48576,20527|48576,20809|48576,21098|48576,21577|48576,25652|52371,1052|52371,1259|52371,1412|52371,1571|52371,1744|52371,1953|52371,2187|52371,2420|52371,2588|52371,2815|52371,3009|52371,3217|52371,3398|52371,3644|52371,3848|52371,4026|52371,4261|52371,4500|52371,4713|52371,4912|52371,5177|52371,5395|52371,5626|52371,5949|52371,6181|52371,6365|52371,6561|52371,6775|52371,6974|52371,7192|52371,7396|52371,7683|52371,7794|52371,7985|52371,8144|52371,8317|52371,8507|52371,8710|52371,8883|52371,9120|52371,9325|52371,9542|52371,9711|52371,9927|52371,10117|52371,10335|52371,10619|52371,10789|52371,11028|52371,11229|52371,11432|52371,11613|52371,11826|52371,12054|52371,12333|52371,12762|52371,13053|52371,13277|52371,13539|52371,13769|52371,13943|52371,14144|52371,14361|52371,14572|52371,14992|52371,15171|52371,15341|52371,15566|52371,15884|52371,16081|52371,16263|52371,16538|52371,16744|52371,16960|52371,17229|52371,17395|52371,17578|52371,17775|52371,18054|52371,18271|52371,18458|52371,18748|52371,18925|52371,19218|52371,19454|52371,19858|52371,20038|52371,20278|52371,20666|52371,20843|52371,21238|52371,21623|52371,22043
강화는 27368,40248
강화등의 39242,1176
강화로 39242,9121
강화를 39676,32158|39676,32183
강화없음 30377,24112
강화의 28478,22454
강화한 42049,146|48345,148
강화한다 39242,7334|39242,7804
강화할 30838,5252
강화화로 28478,19672
