되고 21985,36592|39242,9383|44611,4464|47905,9272|47905,9637|47905,10467|48576,25928
되고나서 37895,2678
되고나서용풍압무효 37895,1394
되고나서풍압무효 37895,1308
되기 30024,37740|39242,6460|39242,13898|39676,31907|41496,3460|47905,8152|47905,8200
되기도 21985,36046
되는 28478,21086|28478,22970|28478,23417|30838,285|33821,530|39242,1834|39242,2178|39242,3321|39242,4336|39339,255|45690,24775|45690,25755|47905,10175|52371,26531|53592,7515|53592,7555|53592,7593|53592,15182
되는지는 39242,14701
되도록 47905,10265
되돌려 39242,567
되돌려도 39242,10520
되면 30024,37724|30377,28734|39242,1241|39242,3414|42405,94|44611,4233|45690,25745|47905,4424|47905,8737
되면서 21985,36621|47905,10931
되므로 48576,26359|52371,26818
되서 30377,28861|45690,24917|45690,25138
되어 28478,200|30377,29581|30838,6987|39242,14100
되어도 45690,25780
되어버리므로 39242,1626
되어버립니다 47905,10350
되어서 30838,7697|45690,22530
되었어도 39242,3570
되었지만 45690,24118
되지 21985,35231|30024,37684|33821,3798|39242,5946|39242,10008|47905,1667|47905,1711|47905,1736|47905,6523
되지만 21985,36737|21985,37231|30838,6949|31706,6183|39242,9445|48576,25955
