브라우저에서 24339,90|49486,90
브랏슈테임 24394,9948
브랏슈테임g 24394,33966
브랑고 27609,8896|27609,9190|39572,2943|39572,2962|39572,2985|39572,3015|39572,3045|41496,13099|41496,16405|41496,16474|42049,2652|42049,6513|48345,2636|48345,6530|53592,1629
브랑고s가드 29353,15374
브랑고s그리브 35698,15364
브랑고s레깅스 35698,15433
브랑고s레지스트 29333,15365
브랑고s메일 29333,15298
브랑고s암 29353,15260
브랑고s캡 26312,17821
브랑고s코트 49617,14980
브랑고s폴드 49617,14912
브랑고s헬름 26312,17707
브랑고u 42049,8623|48345,8604
브랑고u가드 29353,19732
브랑고u그리브 35698,19711
브랑고u레깅스 35698,19794
브랑고u레지스트 29333,19595
브랑고u메일 29333,19513
브랑고u암 29353,19652
브랑고u캡 26312,22561
브랑고u코트 49617,19284
브랑고u폴드 49617,19202
브랑고u헬름 26312,22449
브랑고x 42049,12023|48345,12006
브랑고x가드 29353,27369
브랑고x그리브 35698,27363
브랑고x레깅스 35698,27461
브랑고x레지스트 29333,27348
브랑고x메일 29333,27239
브랑고x암 29353,27264
브랑고x캡 26312,30860
브랑고x코트 49617,26899
브랑고x폴드 49617,26806
브랑고x헬름 26312,30750
브랑고z 42049,13189|48345,13151
브랑고z가드 29353,29703
브랑고z그리브 35698,29811
브랑고z레깅스 35698,29913
브랑고z레지스트 29333,29698
브랑고z메일 29333,29597
브랑고z암 29353,29602
브랑고z캡 26312,33539
브랑고z코트 49617,29300
브랑고z폴드 49617,29184
브랑고z헬름 26312,33427
브랑고가드 29353,5467
브랑고강모 26312,13822|26312,13924|26312,14359|26312,14388|26312,19346|26312,19708|26312,29031|26312,32451|27368,14084|29333,11612|29333,11713|29333,12295|29353,11756|29353,11859|29353,16827|30024,23379|30024,35040|35592,6748|35592,6957|35698,11861|35698,11963|35698,15423|35698,16848|35698,17510|35698,19784|35698,27432|36224,6349|41496,16413|45690,1568|49617,11254|49617,11359|52371,23816
브랑고그리브 35698,5430
브랑고들의 27609,8706|27609,9048|40740,6233
브랑고레깅스 35698,5542
브랑고레지스트 29333,5214
브랑고메일 29333,5148
브랑고암 29353,5401
브랑고의 27609,8997
브랑고의갈비 39572,2974
브랑고의대설옥 23612,5226|27609,5957|27609,6241|27609,6590|27609,7136|39572,2792|39572,2877
브랑고의소설옥 23612,5234|27609,1142|27609,2200|27609,2790|27609,3542|27609,5239|39572,2763|39572,2869
브랑고캡 26312,5751
브랑고코트 49617,5169
브랑고털 26312,916|26312,2765|26312,4224|26312,8463|27368,2606|28478,3639|28478,3892|29333,5205|29333,6881|29333,6981|30024,19305|35592,6539|36224,6006|41496,16385|45690,1121|45690,1163|48373,2649|48373,7588|49617,5140|52371,13543|52371,13579|52371,13634|52371,13773
브랑고폴드 49617,5100
브랑고헬름 26312,5637
브레스 30024,20999|30024,34058|53592,5716
브레스와인 44611,1235
브레이브 53592,6210|53592,9472
브레이커 53592,9035
브레이크 53592,11163
브로드본액스 30024,7456
브로스브로스 30377,13741|30377,13905|36224,10638
브로스브로스g 30377,27035
브로스브로스改 30377,14059
브로스테일 30024,18118
브로스혼 21985,16021
브로스혼보우 28478,11940
브로스혼보우g 28478,19162
브로스혼보우ⅰ 28478,12089
브로스혼보우ⅱ 28478,12220
브론즈벨 30024,4889|37895,7140|37895,11320|48576,12045
브론즈벨계 48576,11823
브론즈스피어 39676,7181
브론즈호오비 24394,3898
브룰힐데 24394,10396
브리터 53592,11559
브리트라 21985,7046
브치누키 28478,8789
