달걀형호박 39572,5250
달도미 39572,1872|39572,3448
달라 39242,2906
달라진다 30024,36396
달리 21985,36211|28478,22030|28478,22411|30024,37339|45690,21039|52371,26555
달리기 47905,7664|47905,7701
달리기와 47905,6622
달리기의 37895,237
달리기중에 30377,28432
달리하면 45690,25423
달릴 39676,31878
달릴때 44611,4705
달빛 40740,2094|40740,2112|40740,2172
달성수등의 39242,10855
달성하지 53592,13636
달성한 53592,13758
달성한다 53592,13283|53592,13367
달에 40740,1098|40740,1113
달인 26312,4244|26312,4319|26312,5544|26312,5602|26312,6633|26312,6699|26312,8034|26312,12196|26312,12311|26312,12560|26312,12651|26312,12939|26312,12995|26312,13247|26312,13365|26312,17614|26312,17700|26312,18866|26312,18927|26312,21143|26312,21202|26312,22724|26312,22776|26312,23352|26312,26035|26312,26130|26312,26416|26312,26481|26312,27429|26312,27486|26312,27796|26312,27859|26312,32463|26312,32521|26312,32632|26312,35999|26312,36120|26312,37349|26312,37419|29333,4013|29333,5055|29333,5115|29333,5923|29333,10329|29333,10444|29333,10691|29333,11021|29333,11079|29333,11279|29333,15193|29333,16231|29333,18379|29333,19751|29333,19803|29333,22941|29333,23134|29333,23185|29333,23310|29333,23372|29333,24283|29333,24342|29333,24564|29333,26982|29333,28726|29333,28791|29333,28890|29333,30019|29333,30082|29333,32146|29333,33293|29353,4233|29353,5256|29353,5336|29353,6323|29353,10410|29353,10525|29353,10783|29353,11105|29353,11161|29353,11358|29353,11459|29353,16329|29353,18530|29353,19882|29353,19932|29353,22965|29353,23067|29353,23186|29353,23238|29353,23362|29353,23425|29353,24225|29353,24282|29353,24495|29353,26983|29353,28719|29353,28784|29353,28882|29353,30010|29353,30071|29353,32031|29353,33207|29353,33268|33821,3567|35698,4267|35698,5338|35698,5397|35698,6298|35698,10510|35698,10625|35698,10885|35698,11217|35698,11274|35698,11479|35698,11594|35698,16373|35698,16433|35698,18524|35698,18582|35698,19951|35698,20002|35698,23065|35698,23257|35698,23309|35698,23432|35698,23493|35698,24375|35698,24429|35698,24648|35698,27098|35698,28889|35698,28946|35698,30217|35698,30279|35698,32278|35698,32394|35698,33417|47905,4381|48373,1781|48373,1853|48373,2033|48373,2081|48373,2154|49617,4108|49617,5009|49617,5067|49617,5933|49617,5997|49617,9882|49617,9999|49617,10260|49617,10583|49617,10639|49617,10880|49617,10992|49617,14821|49617,14880|49617,15873|49617,18169|49617,19438|49617,19488|49617,22485|49617,22678|49617,22730|49617,22818|49617,22901|49617,23838|49617,23895|49617,24110|49617,26518|49617,28255|49617,28318|49617,28420|49617,29630|49617,29691|49617,31587|49617,31679|49617,32747|53592,8378
달인랜스 21985,21963
달인뱃지 33821,3551
달인보우건 27368,17687
달인블레이드 24394,24243
달인소드 36224,20906
달인의반지 53592,13738
달인의해골 21985,12587|21985,21644|21985,31142|23818,3827|23818,3865|23818,5390|23818,5414|24394,30763|26312,14346|26312,19695|26312,23367|26312,24984|27609,4243|27609,4302|27609,7822|27609,7870|30024,19665|35592,8416|35592,11516|39339,906|39339,974|41496,12963|46577,4265|46577,4289|49617,11813|49617,16735|52371,4504|52371,22308
달인주 35592,6860|48373,2029
달인코인g 21985,22212|24394,24478|26312,34645|26312,34735|27368,31003|29333,30576|30024,27494|33821,2789|33821,2897|33821,4620|35698,30768|35698,31092|35698,31211|41496,28813|42405,3189|42405,4716|42405,8851|49617,30417
달인티켓 21985,22018|21985,31316|24394,24299|26312,23464|26312,26850|27368,17804|29333,20515|29333,23770|29333,23885|29353,20490|29353,23729|29353,23842|30024,27298|30024,33954|33821,1460|33821,1566|33821,1661|33821,2165|33821,2283|35698,20650|35698,23790|35698,23904|36224,20961|41496,29991|42405,701|49617,20023|49617,23325|49617,23442
달인해머 30024,27243
