교관 53592,8448
교섭술 44611,4384|44611,6188|44611,6339|44611,7102
교수 53592,7620
교아 52371,7942
교환 41496,796|41496,959|41496,1097|41496,1169|41496,1293|41496,1360|41496,1692|41496,2947|41496,3368|41496,4628|41496,4669|41496,5681|41496,8525|41496,8565|41496,8605|41496,8645|41496,8718|41496,8787|41496,29306|41496,29311|41496,31519|41496,31524|41496,31561|41496,31566|41496,31604|41496,31609|41496,31647|41496,31652|41496,32029|41496,33389|42405,23|42405,1187|42405,3280|42405,4786|42405,5758|42405,7005
교환아이템 42405,500|42405,520|42405,927|42405,947|42405,1340|42405,1360|42405,2978|42405,2998|42405,3428|42405,3448|42405,4343|42405,4363|42405,4868|42405,4888|42405,5578|42405,5598|42405,5883|42405,5903|42405,6783|42405,6803|42405,7130|42405,7150|42405,8494|42405,8514|42405,8914|42405,8934|42405,9344|42405,9364
교환으로 41496,33410
교환을 44611,4521
교환할배가 27609,356|39339,278|46577,191
교환할배와 41496,33398|44611,4507
