어느 39242,4216|39242,14722|45690,25071
어느것이든 39242,6374
어느정도 27368,39665|39676,31649|48576,25977
어느쪽을 39242,12623
어느쪽이든지 39242,7361|39242,7497|39242,7623|39242,7749|39242,7855|39242,7990|39242,8094|39242,8159|39242,8234|39242,8355|39242,8460|39242,9199|42405,203
어둠 39339,9719|40740,6281
어디까지나 30838,466|30838,4792|45690,23935
어디서라도 52371,26332|52371,26423
어디선가 31706,6175
어떤 24394,35149|30838,7641|41496,5235
어떻게 39242,5835
어려운 39242,1279|39676,32240|45690,20994|45690,24396
어려움이 30838,3029|30838,3702
어려워졌다 21985,36629
어려워지는 39242,1644
어려워진다 21985,37255|47905,8155
어렵고 36224,32655
어렵다 21985,35186|30838,704|30838,2216|36224,32224
어렵지만 39676,32496
어룡이빨 24394,9270|24394,12377|24394,14868|24394,29019|28478,641|28478,686|29333,3715|29353,3923|30024,12708|30024,18029|35592,8255|35698,3058|36224,9719|39676,2407|41496,17588|42405,3653|48373,3386|48373,8257|49617,3096|52371,4030|52371,7999
어룡정낭 39572,4349
어룡종 31706,877|31706,5595|40740,4705|53592,17081
어룡중아 24394,15635|24394,32179|26312,30246|26312,33318|28478,18822|30024,14427|30024,30586|30377,12054|35592,8530|39676,27396|41496,17633|42405,4586|45690,9472|45690,15919|48373,8312|52371,16297|52371,23989
어류 35592,6069|35592,7013|35592,7939|35592,8593|35592,9469|35592,10213|35592,10942|44611,934|44611,1532|44611,1890|44611,2200|44611,2204|44611,2262|44611,2331|44611,2401|44611,2450
어류를 44611,5004
어설트콩가 27368,2806
어설트콩가改 27368,13410
어설픈 30024,37081
어수 29353,9992|29353,10098|29353,32150|29353,32270
어스이터 39676,9340
어쌔신카링커 36224,741
어쎄신 53592,9155
어웨이 24394,35287
어중간한 39242,12609
어택커 53592,8957
어퍼블레이즈 24394,2383
어퍼타바르진 30377,21664|36224,5004
