콩가 40740,6675|41496,13095|41496,16899|42049,1383|42049,5847|47905,1675|48345,1366|48345,5860|53592,1655
콩가s가드 29353,14021
콩가s그리브 35698,13946
콩가s레깅스 35698,14064
콩가s레지스트 29333,14025
콩가s메일 29333,13943
콩가s암 29353,13905
콩가s캡 26312,16207
콩가s코트 49617,13569
콩가s폴드 49617,13456
콩가s헬름 26312,16091
콩가u 42049,8199|48345,8184
콩가u가드 29353,18867
콩가u그리브 35698,18739
콩가u레깅스 35698,18850
콩가u레지스트 29333,18721
콩가u메일 29333,18615
콩가u암 29353,18760
콩가u캡 26312,21501
콩가u코트 49617,18536
콩가u폴드 49617,18430
콩가u헬름 26312,21392
콩가x 42049,11271|48345,11296
콩가x가드 29353,25915
콩가x그리브 35698,25931
콩가x레깅스 35698,26028
콩가x레지스트 29333,25986
콩가x메일 29333,25869
콩가x암 29353,25822
콩가x캡 26312,29229
콩가x코트 49617,25474
콩가x폴드 49617,25382
콩가x헬름 26312,29117
콩가z 42049,12811|48345,12780
콩가z가드 29353,28896
콩가z그리브 35698,28961
콩가z레깅스 35698,29080
콩가z레지스트 29333,28904
콩가z메일 29333,28813
콩가z암 29353,28806
콩가z캡 26312,32646
콩가z코트 49617,28441
콩가z폴드 49617,28340
콩가z헬름 26312,32536
콩가가드 29353,3209
콩가강모 21985,21280|26312,15834|26312,21132|29333,13831|29333,14001|29333,18671|29333,25925|29333,28864|29353,13971|29353,18828|29353,25880|30377,6287|30377,26490|35592,7702|35592,9230|35698,12574|35698,12606|35698,17404|41496,16906|48373,4979|48576,3036|48576,3101|48576,22536
콩가그리브 35698,3167
콩가나 39242,11986
콩가등 41496,16482
콩가레깅스 35698,3281
콩가레지스트 29333,3020
콩가메일 29333,2909
콩가암 29353,3098
콩가캡 26312,3150
콩가코트 49617,3275
콩가콩가 37895,6596|48576,3460
콩가털 28478,2348|29333,2961|29333,7361|29333,8206|30377,7097|35592,7097|35592,7332|35698,3208|36224,969|41496,16880|42405,6198|48373,839|48373,2656|48576,2554|48576,3329|48576,22526
콩가폴드 49617,3163
콩가헬름 26312,3035
