맵1 23818,249|27609,378|39339,198|39339,706|46577,471
맵10 23818,3971|46577,4350
맵11 23818,4288|46577,4612
맵11에는 23818,221
맵1에 39339,294
맵1에는 46577,186
맵2 23818,102|23818,542|27609,1472|39339,1683|46577,936
맵2는 27609,296
맵3 23818,824|27609,115|27609,2475|39339,103|39339,2334|46577,152|46577,1352
맵4 23818,1142|27609,3345|39339,163|39339,239|39339,3650|46577,1859
맵4에 27609,352
맵5 23818,1522|27609,4378|39339,4360|46577,2137
맵5에서는 23818,164
맵6 23818,2041|27609,175|27609,235|27609,321|27609,5327|39339,5076|46577,2450
맵7 23818,2878|27609,6073|39339,5799|46577,92|46577,2720
맵8 23818,3176|27609,6832|39339,6588|46577,3310
맵9 23818,3552|39339,7499|46577,3968
맵9에는 46577,209
맵안에 48576,25840
맵안의 41496,2023|41496,5937|41496,5995|41496,6071|41496,6140
맵에 44611,4841|47905,6066|47905,6098
맵에서 53592,11873
맵에서는 44611,4925
맵으로 41496,3477
맵을 39242,13229|40740,79|48576,25935
맵의 39242,13456|53592,17691
맵이 39339,3603|39339,4315|44611,4919|47905,5989|47905,6023
