용頭殻 28478,18944|30024,18546|30024,18583|30024,18752
용감 39242,5139|39242,12518
용건이 39572,92
용격포 45690,19946|45690,20757|45690,23366|45690,24981|45690,25964
용격포는 45690,20092|45690,20135|45690,20190|45690,21103|45690,24670|45690,24991|45690,25765
용격포로 45690,25436
용격포에 45690,21296|45690,26178
용격포의 47905,5513|47905,5580
용골 21985,7730|21985,7867|21985,11383|21985,11612|21985,11765|21985,11827|21985,28527|23612,1865|23612,1893|23612,2129|23612,2158|23612,2281|23612,5653|23612,5758|24394,7140|24394,7516|24394,7751|24394,8653|24394,8764|24394,8888|24394,9063|24394,9108|24394,9262|24394,11467|24394,11712|24394,12093|24394,12134|24394,12143|24394,14817|24394,18574|24394,19259|24394,28535|24394,30586|26312,415|26312,2398|26312,3669|26312,5703|26312,6787|26312,7157|27368,872|27368,1211|27368,1470|27368,1762|27368,2334|28478,693|28478,1057|28478,3902|28478,7186|29333,2775|29333,3992|29333,4446|29353,324|29353,420|29353,816|29353,928|29353,4212|29353,6444|29353,6839|30024,7361|30024,7369|30024,7519|30024,12397|30024,12423|30024,12539|30024,13100|30024,14682|30024,17883|30024,18021|30024,18180|30024,18597|30024,30255|30377,3371|30377,4154|30377,4270|30377,6537|30377,8330|31706,2026|31706,4084|35592,6175|35592,6419|35592,8206|35592,9669|35592,9826|35592,10389|35698,338|35698,9188|35698,11522|35698,12236|36224,961|36224,3810|36224,4425|36224,4914|36224,6909|36224,7237|36224,7599|36224,9301|36224,9408|36224,9545|36224,9567|36224,9575|36224,9726|36224,9756|36224,10829|36224,15102|36224,15135|36224,26081|36224,27096|39676,360|39676,2108|39676,3977|39676,25646|41496,12509|41496,12551|41496,12594|42405,1706|42405,3603|42405,3997|42405,4034|42405,4261|42405,4284|42405,5099|42405,5120|42405,7276|42405,7414|42405,7468|42405,7508|42405,7850|42405,7868|42405,8179|45690,952|46577,4584|48576,2606|48576,7868|49617,387|49617,2765|49617,2952|49617,3142|49617,3719|49617,4087|49617,4908|49617,4997|49617,5847|52371,4078|52371,7798|52371,7847
용골총창 45690,893
용골총창g 45690,18076
용광석 27609,4648|27609,5634|27609,7428|39339,3240|39339,6039|39339,8353
용괴곤 30024,26670
용궁 28478,14569|28478,14710|28478,14829|28478,15764|28478,15906|28478,16034|28478,16160|28478,19288
용기 53592,6715|53592,13792
용기사 53592,3063
용기와희망의처궁 28478,12620
용기와희망의처궁i 28478,12768
용기와희망의처궁ⅱ 28478,12901
용기와희망의처궁ⅲ 28478,13034
용기의증표 21985,13595|21985,22445|21985,23161|21985,30764|21985,30948|21985,31483|21985,32010|21985,33272|21985,33459|21985,33814|21985,33999|21985,34182|21985,34361|21985,34540|24394,12844|24394,30930|24394,31109|24394,31288|24394,31819|24394,32692|24394,32868|24394,33049|24394,33227|24394,33570|24394,33746|24394,33926|24394,34110|24394,34290|26312,9178|26312,9297|26312,12020|26312,23551|26312,23763|26312,23889|26312,24019|26312,24149|26312,25696|26312,26663|26312,28302|26312,34755|26312,35188|26312,36241|26312,37873|27368,30406|27368,31292|27368,34931|27368,35220|27368,35508|27368,35795|27368,36089|27368,36380|27368,36672|27368,36965|27368,37260|27368,37541|27368,37825|27368,39009|27368,39295|28478,13081|28478,15052|28478,15739|28478,18554|28478,18925|28478,19050|28478,19181|28478,19307|28478,19433|29333,7718|29333,7837|29333,10157|29333,20616|29333,20826|29333,20952|29333,21082|29333,21213|29333,22595|29333,23555|29333,25075|29333,25200|29333,30555|29333,31550|29333,32331|29333,33773|29353,7753|29353,7870|29353,10242|29353,20578|29353,20789|29353,20914|29353,21045|29353,21174|29353,22624|29353,23517|29353,25047|30024,21801|30024,24227|30024,31470|30024,32363|30024,32711|30024,34123|30024,34292|30024,35192|30024,35373|30024,35558|30024,35746|30024,35923|30024,36100|30377,19955|30377,26821|30377,27172|30377,27346|30377,27521|30377,27700|30377,27872|30377,28047|30377,28216|35698,7412|35698,7895|35698,8013|35698,10182|35698,10403|35698,20572|35698,20748|35698,20947|35698,21068|35698,21191|35698,21316|35698,22724|35698,23580|35698,25141|35698,30744|36224,11438|36224,12622|36224,17710|36224,23069|36224,25609|36224,27425|36224,27598|36224,27769|36224,27937|36224,28115|36224,28291|36224,28454|36224,28794|36224,29846|36224,30022|36224,30197|36224,30367|36224,30539|36224,30709|36224,30737|36224,30892|36224,31398|36224,31570|36224,31738|39676,22228|39676,23120|39676,26788|39676,27082|39676,27382|39676,27678|39676,27983|39676,28274|39676,28565|39676,28869|39676,29167|39676,29471|39676,29766|39676,30062|39676,30355|39676,30648|39676,30954|39676,31254|41496,28988|41496,29149|42405,4123|42405,4698|42405,8287|42405,8833|45690,13327|45690,18887|45690,19073|45690,19262|48373,5450|48373,5498|48576,16119|48576,23044|48576,23331|48576,24621|49617,7178|49617,7298|49617,9545|49617,9772|49617,20124|49617,20332|49617,20457|49617,20588|49617,20715|49617,22139|49617,23110|49617,24598|52371,2660|52371,8956|52371,9573|52371,18123|52371,20308|52371,24325|52371,25031|52371,25204|52371,25383|52371,25557|52371,25737|52371,25914
용기의증표g 21985,22220|21985,25847|21985,28343|21985,28518|21985,28658|21985,28816|21985,28994|21985,29174|21985,29340|21985,29521|21985,29704|21985,29869|21985,30047|21985,30225|21985,30409|21985,30587|21985,31133|21985,31307|21985,31657|21985,31826|21985,32187|21985,32362|21985,32536|21985,32722|21985,32906|21985,33088|21985,33636|24394,24498|24394,26739|24394,28346|24394,28526|24394,28667|24394,28828|24394,29007|24394,29186|24394,29357|24394,29537|24394,29717|24394,29881|24394,30069|24394,30241|24394,30417|24394,30577|24394,30754|24394,31467|24394,31641|24394,31994|24394,32170|24394,32349|24394,32514|24394,33392|26312,8526|26312,34668|27368,21937|27368,28091|27368,32604|27368,32891|27368,33190|27368,33486|27368,33777|27368,34072|27368,34360|27368,34645|27368,38123|27368,38429|27368,38719|28478,14517|28478,18186|28478,18308|28478,18431|28478,18677|28478,18804|29333,31049|30024,22454|30024,27502|30024,29411|30024,29584|30024,29729|30024,29886|30024,30067|30024,30246|30024,30408|30024,30574|30024,30752|30024,30929|30024,31113|30024,31287|30024,31650|30024,31833|30024,32009|30024,32183|30024,32530|30024,32887|30024,33054|30024,33218|30024,33401|30024,33578|30024,33763|30024,33945|30024,34465|30024,34644|30024,34828|30024,35013|30377,13497|30377,19370|30377,20918|30377,22570|30377,24585|30377,24724|30377,24879|30377,25058|30377,25225|30377,25407|30377,25585|30377,25762|30377,25943|30377,26115|30377,26292|30377,26463|30377,26641|30377,26997|30377,28225|36224,18132|36224,21162|36224,25896|36224,26072|36224,26211|36224,26365|36224,26545|36224,26723|36224,26895|36224,27078|36224,27250|36224,28616|36224,28966|36224,29142|36224,29311|36224,29489|36224,29671|36224,31057|36224,31227|36224,31407|36224,31579|39676,16250|39676,25603|39676,25898|39676,26194|39676,26491|41496,29014|45690,14515|45690,17957|45690,18141|45690,18330|45690,18521|45690,18710|45690,19452|48373,9182|48373,9275|48373,9331|48576,1619|48576,22262|48576,22517|48576,22747|48576,23617|48576,23855|48576,24143|48576,24377|48576,24863|52371,3246|52371,13119|52371,22930|52371,23097|52371,23270|52371,23447|52371,23627|52371,23804|52371,23970|52371,24148|52371,24499|52371,24676|52371,24854
용기증펴 35698,32496
용기증표 29353,30818|29353,31139|29353,32090|29353,32231|29353,33667|35698,31118|35698,31240|35698,31527|35698,31650|35698,32320|35698,33882|49617,31287|49617,31773|49617,33224
용기증표g 49617,30431
용기창게이볼가 21985,5059
용기창게이볼그 21985,4869
용기창게이볼그g 21985,33206
용내성 26312,2242|26312,2305|26312,8340|26312,15332|26312,15396|26312,17052|26312,17146|26312,36427|26312,36504|29333,2100|29333,13199|29333,13263|29333,14852|29333,30875|29333,30947|29333,32531|29333,32604|29353,2251|29353,2319|29353,13274|29353,13336|29353,14806|29353,30548|29353,30671|29353,32431|29353,32505|35698,2307|35698,2376|35698,13324|35698,13387|35698,14843|35698,14907|35698,30847|35698,30970|35698,32679|35698,32753|37895,3729|37895,3804|42049,950|42049,5522|42049,6272|42049,13775|42049,14626|44611,1920|44611,2832|47905,1161|47905,1168|47905,1175|47905,1191|47905,1197|47905,1213|47905,1220|47905,1236|47905,1244|48345,994|48345,5514|48345,6267|48345,13746|48345,14662|48373,7429|48373,7477|48373,7524|49617,2296|49617,12825|49617,12887|49617,14412|49617,30209|49617,30330|49617,31957|49617,32031
용내성강화 37895,3694|37895,3747|37895,4296|37895,4869|37895,5246|37895,5685|37895,6542|37895,7226|37895,7620|37895,8239|37895,10680|37895,11378|37895,11527|37895,11841|48576,2622|48576,3116|48576,6745|48576,7878|48576,9600|48576,10173|48576,10876|48576,11356|48576,12070|48576,18499|48576,20352|48576,20918|48576,22552|48576,23081|48576,23180|48576,23659|48576,24182
용도 52371,8829|52371,9056|52371,9250|52371,9476|52371,25776
용도가 36224,32624
용도로 30838,487
용도로도 30838,2426
용두 44611,756
용두각 24394,19622|26312,16702|26312,19012|26312,21972|26312,23054|26312,29726|26312,33125|27368,6402|27368,14392|29333,12117|29333,17086|30024,32195|39676,28907|41496,18274|42405,7725|48373,6303
용두개곤 30024,18489
용두개곤g 30024,32120
용두금 28478,14084|41496,27376
용두금i 28478,14232
용두금ⅱ 28478,14367
용두금ⅲ 28478,14501
용두금궁 28478,20220
용두의 35592,11846
용머리하프 28478,14248|41496,27347
용목 21985,27788|26312,11812|28478,14726|28478,19326|29333,9955|29353,10031|30377,20765|35592,7274|35592,7430|35592,7622|35592,8124|35592,9675|35592,9873|35592,9957|35592,10452|35592,10574|35592,11352|35698,9969|41496,26005|42405,2298|42405,4028|42405,6336|42405,7862|45690,12691|48576,15410|49617,9343|52371,19692
용목고궁 28478,14961
용목고적 37895,6363|37895,6410|37895,9725|37895,9740|48576,15747|48576,16018
용목고창 45690,12982|45690,13233
용목고태도 52371,19973|52371,20216
용목고포 39676,24472
용목적 37895,6304|37895,6349|37895,6511|37895,9700|37895,9704|48576,15323|48576,15546|48576,24670
용목적계 48576,15179
용목창 45690,12510|45690,12642|45690,12806|45690,19384
용목태도 52371,19640|52371,19799|52371,25243
용목태도계 52371,19511
용발톱 21985,19943|21985,21480|23612,2051|23612,2912|27609,3079|30838,2734|31706,2134|31706,4209|35592,8832|35592,8905|35592,9748|35592,9800|39572,763|41496,13265
용버섯 27609,2964|27609,5795|27609,6232|39339,2130|39339,3809|39339,4247|39339,4729|39339,5437|39339,8056
용비보 41496,32564|42405,693
용사 53592,175
용살열매 23612,3093|23612,6001|30838,3407|35592,1976|35592,2076|41496,7254|48373,7457
용살인자 53592,3037
용석 27609,2213|27609,2224|27609,6579|27609,6991|39572,2202|39572,2220|39572,2238|39572,2997|39572,3027|39572,3057|39572,3650|39572,3680|39572,3705|39572,5466|39572,5491|39572,5513
용속성 30838,3393|30838,3531
용속성을 39242,7216
용송곳니 26312,9679
용신 53592,5272
용아 52371,8095|52371,23140
용암 27609,727|27609,1155|27609,1800|27609,4121|39339,1019|39339,1958|39339,2151|39339,3268|39339,4886|39572,2149|39572,3080|39572,3727|47905,7462|47905,7511|47905,7564|47905,7617|53592,4965
용암룡 40740,5250|40740,5272
용암룡중각 24394,3428|24394,3647|26312,31513|28478,11771|29333,27964|29353,27929|30024,3789|35698,9351|35698,28022|41496,18191|45690,9940|45690,10006|48373,6508|48576,20893|49617,8785|49617,27504|52371,19284|52371,19458
용암룡중아 24394,3639|28478,14545|29333,9380|41496,18218|45690,9951|45690,10231|45690,11304|48373,2012|52371,19232|52371,19466
용암룡특상갈기 24394,3368|24394,3415|24394,15872|26312,11124|26312,31526|27368,26524|29333,27976|29353,9476|29353,27937|30377,11966|30377,12026|30377,12239|35698,28035|41496,18245|42405,4570|45690,10239|48576,20847|48576,21112|49617,27512|52371,19222
용암룡후린 24394,3360|26312,11111|26312,31541|27368,26511|28478,11717|29333,9367|29353,9463|29353,27947|30377,11985|35698,9338|35698,28050|39676,18579|39676,21938|41496,18159|42405,4676|42405,8811|45690,9932|45690,9998|48576,20839|48576,20885|49617,8772|52371,19276
용암을 39242,15218
용약석 41496,32630
용어 27609,1365|27609,1376|39339,578|39339,589|39339,3466|39339,3477|39339,3488|39572,2374|39572,2392|39572,2410|39572,6223
용염에 47905,7474|47905,7523|47905,7576|47905,7629
용옥 21985,4775|26312,26407|26312,28691|26312,33330|27368,14682|27368,18093|27368,18953|28478,12125|28478,13539|28478,13582|29353,24858|29353,24956|30024,6075|30024,10823|30024,19163|30024,32390|30024,35772|30024,35949|30377,14974|30377,19196|35592,6651|35592,6911|35592,10714|36224,1383|39676,10930|39676,15852|39676,30103|41496,13294|42405,3940|45690,7302|45690,9212|45690,9959|48373,3095|48373,6902|48576,8734|49617,24588|49617,27958|49617,28731
용왕 53592,5225
용왕의 40740,1910|40740,1982|40740,2184|40740,2204|40740,2358|40740,2547
용으로 39242,11967
용을 40740,494|40740,522|40740,4855|40740,4877|53592,3076|53592,4144|53592,5237|53592,6272|53592,7323
용의굵은눈물 41496,32398
용의꼬리 44611,763
용의눈물 41496,32367
용이 39572,2271
용이빨 23612,1950|23612,2610|23612,2647|24394,9430|26312,8853|26312,16884|27609,3070|30024,10388|30838,1365|30838,1414|31706,2081|31706,4147|36224,10064|36224,13571|36224,15096|41496,13238|48373,3393|52371,8158|52371,23290
용이하다 45690,21020
용인족의 42405,113
용제 53592,3110
용직공이 53592,14600
용직인이 53592,16649
용진 53592,4478
용초 27609,872|27609,4888|27609,6744|27609,6983|27609,7128|39339,1940|39339,5746|39339,6274|39339,6417|39339,7421|39572,2256
용총창볼케이노 45690,9848
용충 27609,683|27609,694|27609,1756|27609,1767|39339,1424|39339,1435|39339,7001|39339,7012|39339,7262|39572,2286|39572,2304
용태 26312,11802|28478,14731|29333,9945|29353,10041|35592,6334|35592,6663|35592,8212|35592,8322|35592,8795|35592,8941|35592,9114|35592,10456|35698,9979|41496,25922|42405,2252|42405,3991|42405,6290|42405,7844|48373,7032|48576,15415|49617,9333|52371,19697
용풍압 30024,37368|47905,1961|48576,26454
용풍압무효 37895,1485|42049,3939|42049,9608|47905,1927|47905,2168|48345,3953|48345,9614
용풍압은 39242,7905
용해총창볼가노스 45690,10157
용해추 30024,11377|30024,11577|30024,35857
용휘석 27609,4639|27609,5643|27609,7437|39339,2909|39339,3249|39339,6048
