설사자 27609,8616|27609,8644|27609,9203|27609,9466|31706,1466|31706,6101|35592,317|35592,522|35592,806|35592,1230|35592,8663|35592,8817|35592,9544|35592,9706|40740,6818|40740,6838
설사자강모 21985,5551|26312,17749|26312,22493|27368,14071|29333,15339|29333,19573|29353,15300|29353,19711|29353,27344|30024,4071|30024,19653|35698,15406|35698,19772|41496,16628|48576,3313|49617,14953|49617,19262|52371,14148
설사자꼬리 29353,15313|41496,16736|45690,1350|48373,1085|52371,14167
설사자수염 26312,5678|27368,5550|28478,3884|29333,5188|30024,19473|30377,7308|30377,21180|35698,5471|39676,6117|41496,16683|42405,7747|45690,1557|48373,7634|49617,14970|49617,19274|52371,13947
설사자예아 21985,5581|21985,5819|26312,17762|26312,22506|28478,4217|29333,21924|30024,19645|30377,7522|30377,8681|36224,6341|41496,16549|45690,1549|52371,14156|52371,16778
설사자이빨 30024,19465|36224,6159|41496,16516|42405,2842|45690,1110|45690,1342|48373,1198|52371,13955
설사자인미 29353,27336|30377,8046|30377,21559|41496,16762|48373,1233|52371,24872
설사자중아 21985,6030|26312,30809|28478,2020|28478,18582|30024,35022|30377,25080|36224,6539|36224,29699|39676,19175|41496,16576|45690,1779|48373,4580|52371,16975
설사자털 26312,5691|27368,5563|28478,3926|28478,4071|29353,5440|29353,19723|30024,19484|41496,16603|42405,8090|45690,1171|48373,1031
설사자호강모 26312,30795|27368,25649|28478,4365|28478,18563|29333,27283|29353,27327|30024,4293|30024,33607|30024,35030|30377,21570|35698,27423|39676,19161|41496,16655|45690,1798|48373,7675|48576,4108|49617,26848|52371,24863
설산 27609,25|27609,8292|27609,8428|27609,8789|27609,9061|33821,2270|33821,4839|33821,4905|33821,4980|33821,5062|33821,5127|33821,5204|33821,5282|33821,5450|33821,5508|33821,5566|33821,5624|33821,5682|33821,5741|33821,5799|33821,5858|33821,5920|33821,5981|33821,6038|35592,6044|39572,382|39572,1593|39572,1829|39572,2479|39572,2829|39572,2901|42405,1158|42405,1308|42405,2941|47905,7191|47905,7260|47905,7336|47905,7405|48373,1159|48373,2248|48373,2662|48373,7595|53592,7910
설산에서 39572,352|39572,2440
설산에서의 53592,7913
설산의 27609,8277|27609,8323|27609,8350|27609,8391|27609,8586|27609,8757|27609,8815|27609,8841|27609,8867|27609,8972|27609,9381|35592,1508|35592,6364|35592,7304|35592,8143|40740,185|40740,2753|40740,6768|40740,6790|40740,6863|40740,6886
설산의그림자 44611,1274
설산초 27609,2163|27609,2185|27609,3456|27609,3478|27609,3500|27609,4773|27609,4806|27609,4998|27609,5012|27609,5881|27609,5906|27609,6688|27609,6709|27609,6933|27609,6963|27609,7068|27609,7081|27609,7094|41496,31908|42405,1403|42405,1418|42405,1482|42405,1497|42405,1698|42405,1738|42405,2906|42405,2910
설산초를 27609,9435|40740,6342
설산초캐기 27609,8267|27609,8733
설월화 52371,16903
설정되어 23612,7451
설정을 39242,10741
설정이 39242,9870
설정할 27368,40331|39676,32359
설치 41496,2327|41496,2369|41496,4055
설치가 47905,8560
설치도 47905,10428
설치시에 39242,8900
설치하면 39242,1577|41496,4523|41496,4580
설치한 39242,1457
설치한다 39242,8887
설치할 39339,178|39676,32420|46577,170
설화 27609,8536|52371,16679
