은과 30024,6992|30024,7173|30024,34763
은관 39572,1570|39572,1584|40740,2921|53592,7528
은관사이즈 40740,3778
은관사이즈부터 40740,7332
은달걀 33821,3265|39572,1201|39572,1481|41496,27626
은달걀x3 39572,1360
은룡 40740,2526
은밀 42049,3873|42049,14050|47905,8141|48345,9354|48345,13788|48345,14082
은밀한 27609,8948
은빛 42405,395
은산채조합티켓 41496,29860|42405,2854|42405,4209|42405,5478|42405,6668|42405,8369|42405,9182|42405,9556
은아 24394,7680
은암 53592,4600
은의 42405,241
은폐 44611,4916
은폐맵 23818,4797|27609,7704|39339,8431|46577,5217
은폐맵에서 44611,4934
은폐맵에서는 23818,107
은화룡 40740,2454|45690,24369
은화룡견각 26312,26689|26312,28086|27368,20090|29333,24837|29353,24827|29353,24908|35698,24926|36224,25273|41496,20602|45690,5170|45690,5632|49617,24398|52371,10418
은화룡꼬리 21985,22036|29353,24927|41496,20656|42405,2009|45690,5162|45690,5380|48373,1589
은화룡날개 26312,28099|27368,20395|41496,20710|45690,5388|48373,1635
은화룡비늘 29333,33576
은화룡상린 27368,20103|29333,24850|29353,24839|30024,7255|30377,10673|35698,24939|41496,20538|42405,4442|45690,5181|49617,24385|52371,10356
은화룡인미 21985,22192|27368,29829|41496,20683|45690,5875|48373,3330
은화룡중각 26312,37663|27368,29789|27368,30097|27368,30978|28478,11916|29333,33563|29353,33491|30024,34861|35698,33703|36224,31756|41496,20629|45690,5867|49617,33036|52371,10623
은화룡후린 27368,29802|29353,33499|30377,10876|35698,33711|41496,20575|49617,33049|52371,10631
