åa 40157,1969
ångströ 37083,12325|52298,12325|53140,12325
århu 53445,6974
årvoll 24660,2650
åsa 51308,904
å³ 28798,2155|28798,5058|28798,10961|53550,1348|53550,1411
å¹ìáù 28798,6411|28798,6428|53550,4253|53550,4274
åº 22194,870|22194,961|22194,1068|22194,1446|22194,1547|22194,2031|22194,2393|22194,2524|22194,3004|22194,3145|22194,3333|22194,3436|22194,4017|22194,4120|22194,4251|22194,5624|22194,5759|22194,6012|22194,6145|22194,6433|22194,6600|28798,4131|28798,5643|28798,5660|28798,5677|28798,8366|45627,8201|53550,2667|53550,3763|53550,4149
åº¼º 36477,254
å¼ 36858,28082
å¾ 36858,23141|36858,23482|36858,26568|36858,50600|45627,10434|45627,10678
å¾2 36858,49242
å¾3 36858,44118|36858,44393|36858,45580|45627,23044|45627,23324
åâ 22194,5913|22194,6114|22194,6132|22194,6261|22194,6279|22194,6297|22194,6313|22194,6331|22194,6549|22194,6567|22194,6585|22194,6728|22194,6746|22194,6764|22194,6780|22194,6798|22194,7252|22194,7270|22194,7401|22194,7577|22194,7595|22194,7611|28798,11628|36858,19284|36858,35191|36858,41330|36858,47867|36858,48073|36858,48328|36858,48555|36858,48829|36858,49162|36858,49279|36858,49297|36858,49315|36858,49560|36858,49733
åâµµ 36477,170
åâ¾çàç 36858,12444|45627,12194
åâ¾î³ 36858,27175
åä 22194,1027|22194,1623|22194,2198|22194,2560|22194,3207|22194,3502|22194,4186|22194,5803|22194,6642|22194,7299|22194,7668|28798,1846|28798,3435|28798,7986|28798,10062|36858,12497|36858,12659|36858,24506|36858,24806|36858,26369|36858,39712|36858,48289|36858,48542|45627,10571|45627,10692|45627,12248|45627,12382|45627,20163|45627,20409|45627,26051|45627,26298|45627,27247|53550,1900|53550,2584|53550,2840|53550,3058|53550,5507|53550,6266
åä¹ú 36858,763|36858,1164|36858,2270|36858,4002|36858,4085|36858,4629|36858,4754|36858,5683|36858,7292|36858,7764|36858,7868|36858,7958|36858,8211|36858,8297|36858,8802|36858,8868|36858,8935|36858,9517|36858,9791|36858,11987|36858,12270|36858,12456|36858,12618|36858,12762|36858,12911|36858,13059|36858,15615|36858,18917|36858,19027|36858,19127|36858,19499|36858,23796|36858,23954|36858,24206|36858,24469|36858,24763|36858,25030|36858,25313|36858,26145|36858,26335|36858,26700|36858,26764|36858,27938|36858,30153|36858,30362|36858,41242|36858,45153|36858,45557|36858,45765|36858,47766|36858,48022|36858,48246|36858,48499|36858,48720|36858,48960|36858,49219|36858,49501|36858,49979|36858,50314|36858,50386|36858,50716|36858,50774|36858,51144|36858,51376|45627,450|45627,456|45627,684|45627,1497|45627,1640|45627,2291|45627,2396|45627,3917|45627,4341|45627,4903|45627,6681|45627,6759|45627,7951|45627,8092|45627,8354|45627,8499|45627,8657|45627,8666|45627,9056|45627,10152|45627,10413|45627,10530|45627,10657|45627,10832|45627,10976|45627,12206|45627,12340|45627,12749|45627,13129|45627,13725|45627,13730|45627,13809|45627,13821|45627,13926|45627,14099|45627,14345|45627,16738|45627,19904|45627,20120|45627,20366|45627,20625|45627,24020|45627,25537|45627,25777|45627,26008|45627,26261|45627,26485|45627,27213
åä¹úàûàü 36858,2909|36858,5673|36858,7283|36858,18408|45627,3908|45627,4893|45627,7941
åä¹úçï 36858,3992|36858,26013|45627,1487
åä¹úçñ 36858,26804
åä¹úèæ 28798,11752
åå¾ 45627,22453
åè 36858,7248|36858,16929|36858,20644|36858,31913|36858,31939|36858,32209|36858,46493|45627,6305|45627,15852
åë 28798,652|28798,2626|28798,6623|28798,9590|28798,9657|36858,19704
åëæøåº 22194,2317|22194,3262|28798,3559|28798,4933|28798,5453|28798,8069|28798,9504|28798,10127|53550,5600
åð 36858,1121|36858,1253|36858,7846|45627,2372
åðä 45627,678
åõ 22194,8296|28798,2209|28798,2310|28798,4096|28798,4110|28798,4818|28798,4832|28798,4913|28798,5096|28798,5110|28798,5179|28798,5193|28798,6288|28798,11011|28798,11086|28798,11526|36858,30149|45627,22852|53550,779|53550,793|53550,1471|53550,3641|53550,3728|53550,3742
åõ¼ºàì 36858,17890|45627,16730
åõã 22194,5444|28798,9328|28798,9399|53550,3545
åöåíáö 28798,2495|28798,2556|53550,514|53550,527|53550,6563|53550,6590
