암룡갑각 21985,8804|21985,8858|21985,9046|26312,5071|26312,5188|27368,4700|28478,989|29333,4711|29353,4915|30024,10035|30024,10381|30024,10422|30024,18973|35698,4953|39676,2775|41496,20992|48373,2295|48373,3637|48373,5869|48576,4885|48576,11008|48576,11048|49617,4668
암룡강익 21985,1991|26312,30057|27368,24793|28478,1576|30024,9873|30024,11265|30377,25617|36224,2180|39676,18882|39676,19775|41496,21101|48576,5644|48576,11778|48576,23350|52371,16560|52371,24529
암룡견각 26312,17029|26312,17122|26312,22146|26312,22245|27368,14380|28478,6058|29333,14779|29333,19240|29353,14730|29353,19376|30024,9643|30024,19143|35698,14778|35698,19430|39676,9425|41496,21023|48373,5967|49617,14331|49617,19073|49617,26249
암룡날개 21985,8851|21985,9039|26312,8368|27368,6691|28478,1039|30024,18963|30377,3796|39676,2814|41496,21075|42405,7717|48373,1516|48576,4951|48576,11264
암룡눈물 21985,30596|26312,17014|26312,17107|26312,20421|26312,22135|26312,22234|27368,11467|27368,36130|29333,17726|30024,32383|30377,3614|36224,1784|39676,9438|39676,10058|39676,28314|41496,21128|48576,5171|48576,11553|49617,17394|52371,16103|52371,16347
암룡중각 21985,3298|21985,30606|24394,5337|26312,30045|27368,27103|28478,1583|29333,26698|29353,26662|30024,4303|30024,32372|30024,32539|30377,12981|30377,25797|35698,26829|39676,18869|39676,21926|41496,21049|48576,5409|48576,11771|48576,23340|49617,26242
암산룡 40740,8219|41496,23879|41496,23969|41496,24086|41496,24117
암살자 40740,4536|46577,6190
암야검 24394,23807|36224,20471
암야궁 28478,13974
암야창 21985,27297
