유격수 39242,5014|39242,11908
유니온광석 21985,1516|21985,1767|21985,2391|21985,5133|21985,32031|23612,4563|23612,4576|23818,2257|23818,2663|23818,5231|24394,2261|24394,2942|24394,12778|26312,26823|27368,10924|27368,11513|27368,15649|27368,16527|27609,3717|27609,4603|27609,5573|28478,10955|28478,12942|28478,16870|29333,15892|29333,23736|29333,23851|29353,14812|29353,15504|29353,19180|29353,23696|29353,23809|29353,26354|30024,1445|30024,1716|30024,2775|30024,3569|30024,4652|30024,6569|30024,7246|30024,35223|30377,1703|30377,3605|30377,11321|30377,11521|30377,19701|30377,20326|35592,3835|35592,3878|35592,4159|35592,7748|35592,9255|35592,10868|35698,16361|35698,20105|35698,21416|35698,22265|35698,22353|35698,22495|35698,23755|35698,23869|36224,1776|36224,2451|36224,3497|36224,11651|39339,3181|39339,7837|39339,8941|39676,10628|39676,12218|39676,13791|39676,27423|41496,8140|42405,5689|42405,9659|45690,9229|46577,3521|46577,3755|46577,5438|48576,5162|49617,13766|49617,14540|49617,23289|49617,23407|49617,25603|49617,26420|52371,3655|52371,4521|52371,16085|52371,16335|52371,18077|52371,19255|52371,21491|52371,24517
유도는 39242,1714
유리원주 27609,1980|27609,2045|27609,2652|27609,2722|35592,4109|35592,4188|35592,4573|35592,10094|35592,10577|35592,11441|39339,2827|39339,3202|41496,31624|42405,9948|48373,180|48373,978|48373,1106|48373,1441|48373,1494|48373,1575|48373,1624|48373,1732|48373,1823|48373,1862|48373,1940|48373,1990|48373,2128|48373,2168|48373,2375|48373,2478|48373,2543|48373,2803|48373,2883|48373,2936|48373,3033|48373,3083|48373,3201|48373,3318|48373,3432|48373,3799|48373,4179|48373,4229|48373,4450|48373,4567|48373,4821|48373,4967|48373,5026|48373,5202|48373,5245|48373,5402|48373,5486|48373,5570|48373,5613|48373,5658|48373,5756|48373,5805|48373,5955|48373,6097|48373,6182|48373,6232|48373,6336|48373,6391|48373,6503|48373,6664|48373,6714|48373,6819|48373,6878|48373,7020|48373,7067|48373,7534|48373,7670|48373,7808|48373,8139|48373,8191|48373,8299|48373,8682|48373,8778|48373,8826|48373,9262|48373,9319
유리하다 28478,22248
유명한 53592,15327
유미 28478,5457|28478,5691
유사 44611,3255
유수주 35592,9969|48373,7183
유용하고 39676,32929
유용하다 30838,638|39676,32977
유용한 53592,12852
유인하기 39242,1639
유일하게 21985,36071
유제품 44611,1162|44611,1708|44611,2090|44611,2405|44611,2602|44611,2776|44611,2907|44611,2912|44611,2965
유지 28478,20926
유지됩니다 39242,3617
유지하고 39676,31930
유지한 45690,23531
유지한다 53592,13172
유지할 52371,26759
유지할려면 45690,21948
유탄추가 26312,2111|26312,11019|26312,19610|26312,29809|29333,2015|29333,9278|29333,14574|29333,17013|29353,2117|29353,9375|29353,14530|29353,17099|29353,26439|35698,2177|35698,9258|35698,14582|35698,17125|35698,26583|47905,3256|48373,3621|49617,2160|49617,8683|49617,14098|49617,16656|49617,25991
유턴 35592,5358
유효 30838,1545|37895,11317|37895,11807|39676,32510|41496,3337|45690,22439|45690,23023
유효최대채취 47905,6263|47905,6336|47905,6411
유효하다 35592,5315
유효한 21985,37086|39676,32842
유효합니다 47905,10210
