ê1 22194,729|28798,179|45627,21538|53550,329
ê10 45627,16425|45627,25261|53550,5933
ê2 22194,1305|28798,1289|53550,859
ê3 22194,1890|28798,2956|53550,1540
ê4 22194,117|22194,2863|28798,135|28798,4262|45627,21926|45627,25318|53550,131|53550,2306
ê5 22194,3876|28798,5794|45627,17108|45627,18261|45627,21177|53550,287|53550,3223
ê6 22194,196|22194,4544|28798,6696|45627,16392|45627,18693|45627,19750|45627,24613|53550,3814
ê7 22194,4972|28798,7680|45627,19782|45627,21722|45627,24586|45627,25291|53550,4308
ê8 22194,5483|28798,8932|45627,24288|45627,24313|53550,236|53550,4820
ê9 45627,24836|45627,24859|45627,24886|53550,5199
êdzki 39453,89544
êg 22194,8142
êpkowski 39453,39661
êski 39453,96954
être 50198,11952|50198,14437|50198,14938|50198,17643|50198,19774|50198,20835|50198,21141|50198,21510|50198,24870|50198,25556|50198,25628|50198,26023|50198,26964|50198,27201|50198,27715|50198,28823|50198,28850|50198,28911|50198,29861|50198,30182|50198,30692|50198,32865|50198,34096|50198,34640|50198,37838|50198,39483|50198,40984|50198,41098|50198,41214|50198,41884|50198,42166|50198,47035|50198,47768|50198,47896|50198,49275|50198,51637|50198,51873|50198,54532|50198,54830|50198,55212|50198,55890|50198,56776|50198,58361|50198,58556|50198,58685|50198,59204|50198,60168|50198,60956|50198,61398|50198,61541|50198,61685|50198,62694|50198,63645|50198,64632|50198,64796|50198,65136|50198,65285|50198,66228|50198,66329|50198,76539|50198,76764|50198,78773|50198,78812|50198,78947|50198,78999|50198,79062|50198,79495|50198,82160|50198,84336|50198,84802|50198,84904|50198,86805|50198,87975|50198,88036|50198,88155|50198,88548|50198,88600|50198,88711|50198,88864|50198,89930|50198,90384|50198,90565|50198,91682|50198,91995|50198,92366|50198,92450|50198,93196|50198,93493|50198,93921|50198,94125|50198,94193|50198,94685|50198,95277|50198,95486|50198,95669|50198,95804|50198,96458|50198,98165|50198,98249|50198,98377|50198,98492|50198,98626|50198,98742|50198,99637|50198,100164|50198,103496|50198,104256|50198,104693|50198,105515|50198,107534|50198,107630|50198,107749|50198,107855|50198,108008|50198,108101|50198,108944|50198,111581|50198,113697|50198,114510|50198,114709|50198,114857|50198,115388|50198,115681|50198,115749|50198,115888|50198,117302|50198,117348|50198,117933|50198,118175|50198,124092|50198,124862|50198,126515|50198,126952|50198,128552|50198,129203|50198,129460|50198,130656|50198,131934|50198,132265|50198,132324|50198,132394|50198,132469|50198,133370|50198,133548|50198,134307|50198,134442|50198,135610|50198,135666|50198,136542|50198,136736|50198,138381|50198,138794|50198,140594|50198,140661|50198,140897|50198,141038|50198,141291|50198,141420|50198,142050|50198,142305|50198,143083|50198,143213|50198,144709|50198,145611|50198,145936|50198,146455|50198,148932|50198,149143|50198,149694|50198,153129|50198,154249|50198,154590|50198,155142|50198,155294|50198,155551|50198,155659|50198,156786|50198,157643|50198,157850|50198,158089|50198,158321|50198,158584|50198,158654|50198,159380|50198,159630|50198,160527|50198,161016|50198,161477|50198,161956|50198,162407|50198,162828|50198,163277|50198,163594|50198,166217|50198,166794|50198,168648|50198,169040|50198,171153|50198,171628|50198,172343|50198,172527|50198,172726|50198,173919|50198,179299|50198,179474|50198,180644|50198,180839|50198,180981|50198,181172|50198,181260|50198,182366|50198,182794|50198,184120|50198,184670|50198,185171|50198,185338|50198,186214|50198,186271|50198,187249|50198,187637|50198,187731|50198,190089|50198,190279|50198,190560|50198,190939|50198,191200|50198,199638|50198,200731|50198,200960|50198,201422|50198,202430|50198,203521|50198,204460|50198,204617|50198,208391|50198,208561|50198,208847|50198,209251
ê¹ 22194,8359|36858,44963
ê¹ö¼ 28798,540|28798,593|28798,5365|28798,5422|28798,7266|28798,7317|28798,8745|28798,8798|36858,4882|53550,1139|53550,1190|53550,1999|53550,4963|53550,5746|53550,6488|53550,6511
êà 28798,11222
êàº 28798,11134
êàç 36858,1962|36858,2107|36858,3845|36858,7111|36858,9220|36858,11156|36858,16445|36858,21961|36858,31803|36858,36353|36858,39064|36858,43476|36858,46622|45627,323|45627,3583|45627,7807|45627,15664
êàú¼ö 36858,45545
êãê 36858,4139
êãêä³ 36858,869|45627,228
êåº 28798,7578|28798,7591|28798,7604
êåö 22194,3827|28798,4444|28798,4535|28798,4591|36858,5181|36858,6103|36858,10197|45627,3204|45627,8731|45627,17374
