프라이멀스피어 21985,21584
프라이빗글래스 26312,9325
프라이빗베스트 29333,7862
프라이빗커프스 29353,7896
프라이빗타이즈 35698,8041
프라이빗프릴 49617,7326
프라이아몬드 39572,2542
프란롱거 39676,23008
프란마르스 39676,13971
프란마르스g 39676,30868
프란베로쥬 30377,15203|30377,15372|36224,9084
프래그랜스 21985,20815
프래그랜스g 21985,29281
프래그랜스改 21985,21012
프레스 53592,5815
프레이야맥주 44611,1224
프레임 53592,3559
프레임사이포스 36224,16386
프레임을 24339,97|49486,97
프레임이 24339,75|49486,75
프로그크래프트 37895,4844|37895,10781|48576,18607
프로미넨스보우 28478,11128
프로미넨스보우ⅰ 28478,11273
프로미넨스보우ⅱ 28478,11403
프로미넨스보우ⅲ 28478,11531
프로미넨스보우ⅳ 28478,11668
프로미넨스보우ⅴ 28478,11879
프로미넨스소올 21985,20660
프로미넨스필러 21985,20089
프로미넨스필러g 21985,34295
프로스트리퍼 52371,7116
프로스트리퍼g 52371,24188
프로스트아이시클 21985,5716
프로스트엣지 36224,5894
프로스트엣지改 30377,21029|36224,6090
프로즌 30377,21492
프로즌임펙트 30024,3910
프리덤 53592,11412
프린세스레이피어 36224,7947
프린세스레이피어改 36224,8157
프린세스포크 44611,732
