앵글러 53592,9768
앵화 53592,2339
앵화룡 39572,5612|39572,5638|39572,5665|40740,1898
앵화룡갑각 24394,9828|26312,13069|27368,9376|29333,11167|29353,11231|35698,11346|41496,19559|48373,8050|48576,12875|48576,12926|49617,10723
앵화룡견각 24394,10025|24394,12560|26312,27562|27368,18067|28478,10729|28478,10774|29333,24432|29353,24354|35698,23606|35698,24503|41496,19585|48576,13130|48576,24649|49617,23985
앵화룡비늘 24394,9839|26312,13082|27368,9363|27368,9692|29333,11150|29353,11248|30377,20167|35698,7747|35698,11363|41496,19470|48576,12867|48576,12918|49617,10710
앵화룡상린 24394,10033|26312,27575|27368,18054|27368,19241|28478,10782|28478,10944|29333,24415|29353,24371|30377,20337|35698,20773|35698,24520|41496,19505|48576,13122|49617,23968
앵화룡중각 24394,10481|24394,32701|26312,37131|27368,25952|29333,33165|29353,33052|35698,33287|36224,8721|36224,9042|41496,19612|48576,13604|48576,24638|49617,32599
앵화룡후린 24394,10253|26312,37144|27368,25939|27368,28654|28478,11093|29333,33153|29353,33060|30377,20511|35698,33295|36224,8795|41496,19532|48373,6891|48576,24630|49617,32591|52371,22074
앵화의연노 27368,25855
