über 25591,221|25591,31672|25591,42584|25591,45198|25591,84770|41875,167484|42114,2882|44860,582|45603,2474|48722,2474
überlassen 25591,13644
überlassung 25591,28014|25591,32163|25591,88993
überlassungen 25591,108788
übermitteln 25591,13751
übermittlung 25591,18738|25591,22891|25591,26513|25591,27984|25591,32134|25591,40262|25591,44030|25591,55076|25591,63791|25591,88956|25591,100341|25591,115870
übermittlungen 25591,37505|25591,47289|25591,56257|25591,57882|25591,108756|25591,112866
übersolut 50990,5689
üngör 27284,16118|32421,8300|32899,20496|32899,137295|38708,92|38708,183|39189,189|46070,6202|47029,7287|47483,2069|47994,22566|49871,88097|52490,53064
üàç 36858,19318|36858,23106|36858,23234|36858,23575|36858,24848|45627,23120|45627,23396
üåëåº 28798,8607|28798,8622|28798,8637
üçï 36858,9859|36858,24047|36858,24299|36858,24562|36858,25127|36858,25410
üçñ 36858,153|36858,14426|36858,15540|36858,16379|36858,16550|36858,19416|36858,21058|36858,22036|36858,32688|36858,32732|36858,32850|36858,32906|36858,33032|36858,33983|36858,39184|36858,39567|36858,42830|36858,43096|36858,47656|45627,13791|45627,16011|45627,18873
üçñèö¾îáø 36858,42523|36858,47305
