서로간에 39242,9948
서사대 53592,12444
서펜트바이트 36224,3259
서펜트바이트g 36224,29179
서펜트바이트改 36224,3433
서포트 39242,14426|48576,25876
서포트까지 48576,26879
서포트등 27368,40121|39676,31974
서포트로도 36224,32587
서포트하는 48576,26396
서풍을 23818,5698|40740,3920
서향파슬리 44611,817
서환 26312,12070|26312,25749|26312,28344|26312,37916|29333,10207|29333,22648|29333,25085|29333,33816|29353,10291|29353,22676|29353,25088|29353,33708|35698,10230|35698,22775|35698,25181|35698,33922|48345,4216|48345,9813|48345,10717|48345,15203|49617,9595|49617,22192|49617,24640|49617,33266
