0
723
811
872
889
907
938
961
1009
1030
1054
1109
1182
1208
1255
1279
1329
2766
2827
2898
2986
3003
3061
3099
3127
3141
3218
3283
3346
3384
3424
3451
3467
3510
3548
3577
3667
3687
3750
6350
6363
6390
6404
6419
6458
6548
6570
6587
6618
6637
6666
6683
6733
6823
6873
6941
6972
6989
7038
7059
7092
7120
7140
7157
7186
7257
7286
7304
7352
7379
7469
7497
7587
7645
9016
9105
9154
9196
9243
9269
9295
9326
9372
9418
9443
9500
9524
9614
9686
9826
9875
9892
9908
9940
9983
10001
10072
10102
10136
10159
10210
10252
10269
10285
10308
10357
10391
10420
10504
10520
10557
10617
10632
10651
10667
10714
10750
10771
10861
10902
10984
11047
11087
11127
11203
11219
11287
11307
11336
11373
11398
11415
11438
11470
11492
11549
11571
11661
11684
11702
11735
11758
11836
11873
11963
12021
12097
12156
12176
12194
12211
12473
12510
12526
12587
12627
12649
12673
12713
12736
12758
12797
12814
12865
12912
12984
13018
13037
13067
13092
13116
13133
13153
13199
13265
13284
13348
13431
13451
13522
13617
13642
13684
13774
13790
13824
13848
13865
13890
13911
13956
13976
14036
14065
14119
14173
14213
14282
14304
14325
14342
14393
14669
14689
14707
14793
14825
14877
14925
14988
15078
15103
15155
15201
15291
15350
15390
15424
15447
15513
15531
15602
15755
15792
15829
15893
15922
16354
16369
16432
16500
16564
16583
16645
16711
16776
16837
16989
17052
17113
17175
17194
17257
17320
17385
17458
17519
17582
17644
17763
26643
26685
26703
26717
26776
26797
26814
26903
26965
27005
27037
27053
27087
27170
27211
27229
27258
27291
27325
27359
27378
27410
27443
27556
27591
27625
27771
27827
27873
27908
27944
27966
28002
28044
28093
28126
28692
28711
28729
28768
28812
29105
29139
29172
29431
29526
29558
29574
29688
29739
29776
29799
29833
29857
29892
29927
29960
30088
30113
30132
30252
30341
30372
31394
31428
31446
31482
31499
31530
31604
33071
33999
34029
34049
34094
34116
34140
34160
34189
34222
34250
35603
35624
35690
35712
35731
35752
35775
35794
36282
36367
36516
36534
36569
36587
36616
36679
36700
39206
39306
39331
39353
39382
39401
39475
39654
39672
39702
39722
39743
40447
40484
40598
40622
40646
40962
41082
41177
41202
41241
41263
43076
43095
43129
43148
43182
43256
43319
43354
43398
43414
43614
43645
43680
43766
43788
43809
43830
43849
43939
44060
44633
44905
44937
44983
45016
45049
45082
45161
45229
45278
45298
45330
45362
45394
45411
45476
45520
45564
45582
45615
46347
46392
46513
46560
46584
46616
46659
46890
46923
46941
47053
47584
47603
47758
47867
47900
47961
47979
47998
48022
48202
48231
48251
48283
48301
48320
48340
48359
48381
48403
48423
48445
48477
48532
48612
48987
49123
49145
49163
49471
49501
49527
49556
49604
49623
49643
49702
49734
49781
49802
49824
49845
49875
49906
50050
50069
50145
50186
50274
50293
55951
56056
56095
56116
56133
56202
56220
56252
56464
56696
56766
56788
56807
56836
56853
56888
56911
56960
57048
57064
57099
57128
57159
57181
57253
57316
57361
57485
57502
57536
57674
57695
57733
57855
57873
57890
57995
58027
58062
58107
58129
58152
58176
58383
58484
58518
58540
58561
58582
58602
58625
58698
58716
58735
58783
58802
58823
58911
59008
59025
59044
59070
59105
59139
59200
59268
59291
59312
59329
59363
59409
59442
59470
59523
59539
59556
59574
59590
59608
59624
59679
59697
59714
59775
59793
59825
59843
59860
59876
59894
59916
59960
59993
60027
60062
60097
60144
60193
60294
60328
60344
60444
60488
60561
60597
60669
60699
60743
60762
60809
60851
60909
61034
61732
61754
61837
61889
61938
62000
62036
62073
62124
62147
62169
62205
62237
62256
62274
62329
62406
62440
62581
62629
62661
62697
62731
62765
62823
62858
62907
62955
64429
64449
64469
64490
64512
64612
64662
64684
64708
64764
64787
64836
64927
64959
64990
65010
65083
65126
65170
65226
65257
65603
65648
65670
65917
66035
66066
66108
66143
66162
66180
66211
66231
66274
66293
66426
68090
68152
68175
68197
68252
68325
68359
68392
68436
68477
68510
68552
68585
68618
68659
68679
68702
68773
68841
68874
68897
68931
68963
68995
69020
69089
69146
69168
69202
69224
69257
75366
75437
75471
75850
75868
75891
75925
75960
75993
76012
76068
76100
76152
76188
76226
76245
76629
76673
76694
76718
76744
76787
76822
76843
76881
76914
76951
77000
77033
77069
77122
77141
77159
77219
77291
77308
260083
260167
260241
260336
260410
260426
260442
260471
260500
260533
260559
260584
260602
260620
260651
260691
260847
260872
260903
260928
260950
261008
261044
261066
261132
261152
261168
261191
261409
261441
261471
261491
261528
261566
263357
263379
263411
263800
263896
263916
264002
264046
264171
264196
264223
264307
264327
264358
264442
264487
264532
264639
264699
264754
264773
264857
264875
264893
265277
265300
265343
265365
265385
298915
299036
299062
299088
299115
299179
299198
299253
299330
299380
299402
299453
299476
299504
299529
299559
299611
299653
299686
299703
299737
299772
299834
299853
299874
299891
299906
299923
299941
299972
300004
300036
300070
300226
300253
300272
300305
300338
308757
308777
308923
308959
308991
309107
309125
309158
309274
309358
309390
309423
309458
311479
311510
311583
311602
311832
311849
311963
311986
312003
312066
312102
312118
312153
312186
312231
312404
312420
312452
312531
312550
312583
312647
312664
312696
312724
312767
312790
312839
312859
312922
312957
313001
313019
313108
313169
313185
313245
313263
313297
313652
313692
313734
313771
313809
313832
314656
314692
314714
314734
314773
314810
314831
314877
314927
314959
314980
315041
315063
315118
315161
315272
315507
315552
315590
315622
315658
315709
315731
315752
315978
316006
316035
316063
316096
316174
316192
316212
316232
316280
316365
316396
316431
316522
316538
316582
316604
316663
316684
316741
316787
316806
316825
316857
316989
317021
318253
318277
318411
318431
318451
318470
318491
318509
318721
318884
318916
318951
319084
319119
319151
319185
319294
319328
319386
319460
319506
319526
319642
319717
319821
319913
319980
320045
320122
320145
320222
320289
320325
320370
320432
320481
320500
321042
321383
321431
321461
321976
322014
322039
322077
322122
322317
322350
322437
322509
322583
322617
322694
322915
322937
322960
323012
323065
323086
323121
323158
323333
323450
323485
323515
323533
323566
323600
323623
323747
324041
324071
324092
324124
324165
324231
324264
324284
324320
324340
324503
324574
324727
324753
324783
324818
324985
325011
325187
325245
325289
325323
325370
325404
325465
325487
325591
325624
325656
325692
325794
325908
326051
326101
326159
326185
326226
326254
326281
326334
326372
326422
326446
326481
326543
326570
326612
326932
326972
327015
327042
327078
327127
327179
327207
327231
327285
327385
327417
327450
333238
333258
333317
333340
333366
333440
333482
333565
333615
333636
333664
333707
333728
333761
333812
333888
333923
333960
333989
334020
334041
334174
334195
334215
334235
334272
334305
334470
334516
334535
334567
334587
334606
334626
334648
334671
334705
334966
334986
335051
335084
335140
335158
335176
335191
335213
337524
337582
337633
337709
337730
338102
338166
338188
338241
338283
338307
340673
340698
340779
340813
341063
341101
341130
341147
341326
341348
341424
341445
341480
341513
341534
342386
342419
342775
342807
342828
342861
342894
342924
343000
343030
343051
345196
345220
345242
345558
345591
345709
345728
345761
345781
345803
345838
345895
345913
345932
346050
346220
346237
346260
346331
346409
346530
346613
346645
346686
346703
346756
347162
347196
347249
347285
347304
347338
347357
347391
347423
347457
347490
347524
347559
347594
347645
347678
347697
348123
348158
348190
348211
348246
348278
348295
348344
348385
348406
348440
348473
348490
348615
348639
348663
348688
348731
348799
348823
348863
348917
349078
349107
349196
349290
349342
349722
349747
349784
349970
349989
350024
350056
350256
350289
350312
350367
350387
350407
350430
350463
350499
350832
350853
350887
350910
350932
351047
351065
351138
351228
351260
352239
352369
352691
352724
352760
352793
356272
357626
357661
357695
357730
357779
357798
357832
362467
362487
362571
362651
362790
362810
362856
362879
362946
362988
363117
363148
363183
363449
363484
363600
363646
363680
363769
363793
363846
363906
363927
364375
364494
364529
364600
364621
364639
364781
364839
364874
374219
374278
374312
374430
374939
374974
374997
375044
375089
375118
375182
375230
375253
375276
375340
375374
375440
375471
375493
375551
375596
375619
375652
375685
375715
408244
408264
408311
408337
408493
408515
408576
408612
408665
408690
409506
409525
429240
429276
429341
429373
429632
429650
429670
429690
429871
429894
429927
429947
429993
430025
430044
430094
430118
430143
430181
430258
430332
430351
430372
430408
430485
430516
430536
430757
430776
431378
431401
431540
431562
431641
431807
431855
431878
431900
431918
431966
431984
463951
464012
464032
464053
464310
464333
464355
464381
464449
464468
464535
464555
464617
464652
464681
464704
464771
464825
464846
464865
464907
464952
465011
465036
465075
465114
465150
465195
465229
465263
465298
465334
465472
466244
466268
466293
466317
466439
466456
466521
466540
466560
466586
466625
466676
466768
466787
466848
466907
466930
466952
466978
467002
467064
467484
467516
467563
467637
467656
467719
467851
467878
467936
468001
468035
468054
468071
468145
468341
468362
468406
468458
468572
468608
468630
468647
468680
468749
468781
468926
468993
469026
469046
469081
469100
469206
470208
470230
470278
470314
470350
470386
470423
470445
470495
470530
470724
470744
470807
473778
473801
475590
475622
475663
475698
475773
475824
475957
475998
476262
476281
476298
476382
476434
476453
476488
476537
476610
476627
477895
477913
477934
477985
478062
478126
478221
478273
478314
506671
506705
506732
506751
506815
506856
507035
507075
507117
507147
507188
507218
507256
507275
507376
507436
507492
507565
507586
507606
507637
507659
507679
507698
507715
507745
507770
507842
507875
507892
507925
507958
511136
511266
511282
511354
511393
511411
511441
511473
511507
511526
511568
511597
511613
511801
511839
511942
511964
512041
512058
512096
512144
512192
512431
512450
512494
512529
512602
512622
512861
512879
512913
513038
513072
513202
513297
513317
514342
514359
514433
514548
514568
514616
514676
514720
514753
514787
514806
514855
514886
514904
515048
515992
516028
516137
516180
516258
516299
516365
516455
516479
516815
516835
516856
516873
516889
516934
516978
516995
517019
517399
517475
517493
517522
517589
517663
517709
517758
517791
517809
517827
517870
517896
517924
517999
518020
518047
518061
518150
518167
518203
518219
518334
518366
518383
518442
518532
518570
518595
518661
518691
518709
518726
518742
518777
518815
519161
519214
519235
519371
519461
519989
520006
520091
520141
520158
520178
520328
520347
520434
520453
520617
520646
520721
520741
520775
520835
520880
520903
520929
520971
520989
521041
521080
524007
524042
524058
524084
524100
524144
524360
524378
524395
524432
524450
524652
524682
524772
524788
524802
524942
524970
524989
526703
526738
526790
526806
526838
526903
526921
526939
526958
526991
527011
527172
527191
527209
527277
527307
527343
527373
527540
527571
527589
527609
527652
527701
527741
527758
527848
527864
527954
527991
528032
528059
528187
528207
528297
528681
528770
528793
528823
528907
528945
529057
529077
529110
529143
529171
529201
529515
529617
529657
529775
529839
529863
529892
530019
530084
530121
530137
530156
530309
530325
532006
532029
532061
532078
532094
532134
532152
532223
532272
532287
532337
532358
532375
532414
532431
532557
532599
532627
534469
535203
535227
535242
535259
535330
535404
535425
535476
535502
535522
535570
535607
535623
535713
535755
535801
536842
536991
537029
537058
537078
537096
537114
537201
537230
537287
537891
537915
538023
538100
538135
538174
538229
538287
538304
538340
538357
538430
538448
538618
538661
538724
538752
538774
538791
538826
538916
538962
539052
539068
539102
539377
539409
539505
539535
539568
539583
539692
539727
539764
539794
539816
539857
539909
539959
540000
540030
540057
541116
541134
541150
541237
541299
541319
541351
541378
541468
541508
541556
541588
541790
541842
545056
545107
545139
545210
545248
545269
545306
545365
545382
545410
545494
545513
545532
545589
545623
545655
545687
546360
546392
546425
546458
546490
546522
546555
546589
546607
546657
546721
546772
546839
546860
546884
546993
547027
547186
547222
559651
560688
560711
560759
560985
570936
570959
570981
576799
576822
576846
576864
576887
576937
576961
577001
577029
577056
578286
578373
578418
578540
578624
578642
578705
578739
579277
579313
579342
579373
579407
579529
579565
579657
579680
579739
579774
579808
579932
579959
579997
580769
580791
580824
580842
580877
580908
580960
580991
581165
581201
581235
581256
581274
581390
581431
581837
581946
581994
582015
582064
582180
582213
582664
582681
582710
582786
582809
582865
582887
582917
582951
582974
583816
610028
610135
616586
616643
616687
616723
616745
617367
617477
617514
617538
618210
619216
620141
620162
620182
620202
620302
620336
620356
620525
621541
621574
622113
622135
622189
622255
622278
622322
622497
622520
622538
622558
622587
622606
622623
622644
622765
623046
623065
623098
623140
623157
624222
624289
624311
624362
624385
624463
624524
624642
624665
624931
624954
625030
625052
625102
625153
625241
625264
625325
625398
625422
625487
625511
625550
625587
625640
625770
625824
625898
626003
626080
626115
626156
626180
626248
626370
626395
626449
626490
626517
626541
626595
626619
626683
626708
626813
626928
626966
627019
627081
627170
627222
627243
627272
627527
627551
627655
627680
627757
627793
627818
627868
628129
628182
628214
628246
628371
628404
628423
628442
628460
628481
628524
628542
628579
628710
628737
628768
628798
628816
628889
628922
628954
628987
629020
631159
763386
763402
763420
763439
763488
763550
763640
763751
763773
763829
763851
764910
764935
764959
765012
765066
765119
765143
765232
765314
765376
765627
765685
765711
765748
765814
765840
765960
766006
766055
766089
766217
766238
766272
766521
766555
766680
766697
766764
766796
766841
766861
766904
766937
766972
767007
767065
767082
767099
767133
767177
767210
767282
767323
767482
767544
767631
767650
767688
767774
767806
767853
767990
768011
768043
768109
768329
768348
768430
768448
778577
778619
778667
778684
778707
778737
778854
779109
779174
779195
779308
782246
782271
782308
782343
782397
782475
782501
782537
782563
782630
782665
782701
782750
782801
782835
782866
782985
783044
783072
784012
784050
784077
784129
784162
784180
785261
785337
785356
790720
790746
790787
790827
790861
790895
790968
790988
791008
791040
791127
791213
791290
791532
791556
791658
791695
791757
791994
792035
792125
792230
792250
792296
792380
792413
792441
792722
792783
792817
792860
792894
792912
792930
793007
793160
793178
793197
793536
793554
793573
793592
793635
793657
793676
793737
793771
793792
793810
793828
793847
793865
793895
793915
793951
793971
793997
794055
794076
794097
794118
794800
794824
794938
811484
811593
811651
811790
813079
813160
813187
813254
814065
814104
814133
814192
815405
815804
815842
815868
815908
815963
815991
816134
816168
818343
818444
818487
818544
818833
818866
818902
818937
818983
819017
819035
819053
819457
819477
819495
819530
819570
819602
819674
819810
819899
819919
819940
819970
826023
826042
826062
826081
826109
826128
826162
826182
826213
826245
826323
826342
826419
826499
826586
826641
826676
826696
826771
826804
826841
826875
826904
826944
827007
827095
827265
827307
827339
827358
827402
827460
827488
827507
827536
827559
827618
827650
827683
827702
828266
828562
828606
828639
828662
829493
829513
829546
829582
829619
829652
829683
829727
831894
831916
831951
831987
832007
832071
832121
832138
832197
832233
832266
832298
832315
832335
832373
832495
832547
832599
832666
832796
832831
832859
832884
832907
832944
833010
833065
833104
833143
833189
833221
833279
833312
833333
833353
833388
833466
833504
833539
833602
833639
833659
833825
833900
833929
833974
834001
834056
834075
834293
834311
834375
834435
834468
834498
834541
836284
836303
836361
836380
836400
836419
836447
836465
836498
836535
836565
836819
836848
836923
836954
837038
837060
837117
837137
837199
837223
837313
837346
837576
837646
837671
837728
837765
837785
837823
837874
837966
838022
838088
838145
838207
838242
838281
838322
838351
838373
838411
838435
838470
838505
838583
838645
838723
838755
838788
838809
838843
838866
838890
838913
838988
839030
839066
839122
839167
839199
839264
839390
839411
839728
839792
839898
839929
839961
839994
840036
840071
840108
840159
840657
840689
840835
840874
840916
840933
841011
841130
841156
841197
841304
841340
841378
841417
841467
841491
841627
841665
841698
841729
841767
841844
841867
841919
841998
842054
842168
842235
842285
842322
842389
842425
842478
842513
842546
842580
842633
842650
842674
842709
842759
842958
842996
843033
843130
843163
843212
843233
843273
843304
843351
843369
843453
843474
843520
843553
843570
843672
843710
843735
843783
843804
843851
843889
843980
844047
844084
844137
844177
844218
844627
844659
844694
844746
844799
844904
844958
845036
845060
845139
845206
845260
845282
845305
845329
845408
845459
845589
845675
845699
845737
845807
845832
845871
845945
845986
846036
846061
846115
846140
846166
846188
846225
846278
846314
846393
846459
846491
846512
846560
846591
846613
846648
846788
846853
846895
847077
847126
847188
847240
847294
847403
847493
847512
847572
847620
847868
848061
848250
848272
848295
848317
848343
848363
848393
848426
848485
848636
848672
848750
848771
848803
848822
848855
848887
848918
849008
849053
849139
849172
849228
849276
849334
849369
849404
849437
849454
849487
849546
849580
849600
849633
849654
849696
849744
849804
849849
849896
849924
849940
850007
850033
850069
850140
850172
850256
850275
850295
850364
851005
851037
851109
851224
851261
851366
851392
851429
851464
851488
851575
851597
851620
851642
851703
851731
851792
852256
852447
852471
852520
852543
852660
852705
852739
852768
852845
852908
852955
852991
853021
853050
853078
853174
853239
853274
853291
853332
853355
853388
853421
853453
853471
853504
853538
853598
853633
853669
854197
854262
854351
854381
854430
854489
854585
854618
854652
854684
861351
861383
861405
861446
861469
861544
861847
861897
861919
861950
861982
862184
862217
862357
862392
862416
862449
862466
862482
907133
907149
907169
907202
907221
907253
907288
907323
907384
907445
907465
907486
907567
907621
907882
907900
907944
908054
908130
908157
908178
908213
908249
908284
908497
908543
908564
908585
908612
909104
909138
909171
909189
909248
909278
909296
909505
909521
909724
909759
909894
909913
909930
909961
910125
910143
910202
914048
914075
914102
914152
914203
914232
914298
914337
914433
914468
914484
914748
914800
914849
914907
914982
915006
915051
915073
915147
915261
915282
915323
915352
915557
915577
915597
915617
915649
915685
916465
916491
917853
917883
917913
917946
918024
918112
918133
918167
918185
918237
918257
918287
918315
918334
918396
922090
922125
922241
922284
922304
922324
922664
922683
922702
922758
922830
923075
923150
923169
923189
923301
923347
923393
923478
923580
923602
924313
924335
924381
925161
925183
925206
925511
925536
925560
925610
925635
925659
925695
925758
925781
925805
925841
925859
925877
926206
926226
926295
926352
926439
926460
926479
926509
1035795
1035818
1035867
1035894
1035920
1036043
1036064
1036099
1036138
1036161
1036194
1036220
1036241
1036295
1036313
1036355
1036373
1036489
1036510
1036534
1036785
1036806
1036826
1037715
1037759
1037822
1037929
1037961
1037982
1038004
1038023
1038041
1038610
1038669
1038691
1038720
1038820
1038840
1038864
1040209
1040242
1040264
1040295
1040317
1040339
1040453
1040497
1040518
1040542
1040567
1040639
1040658
1040714
1040735
1040754
1040818
1040881
1040948
1040995
1041028
1041046
1041066
1041712
1041731
1041749
1042781
1042893
1042924
1042955
1045220
1045300
1047401
1047911
1047953
1047974
1047994
1048027
1048048
1048102
1048500
1048587
1048607
1048625
1048642
1048675
1056522
1056544
1056622
1056652
1056693
1056732
1056785
1056866
1056908
1056983
1057017
1057054
1057133
1057169
1057204
1057251
1057287
1057311
1057364
1057425
1057485
1057509
1057531
1057594
1057656
1057679
1057886
1057909
1057959
1058011
1058079
1058438
1058684
1058737
1058779
1058809
1058832
1058870
1058911
1058966
1059004
1059028
1059094
1059207
1059358
1059392
1059420
1059480
1059529
1059556
1059610
1059639
1059669
1059710
1059739
1059769
1059800
1059837
1059862
1059924
1059963
1059986
1060064
1060116
1060170
1060223
1060251
1060293
1060350
1060372
1060903
1060929
1060966
1061019
1061057
1061088
1061121
1061179
1061249
1061284
1062188
1062242
1062266
1062341
1062393
1062417
1062483
1062511
1063380
1063401
1063495
1063574
1063615
1063646
1063778
1063823
1063863
1063950
1063998
1064141
1064201
1064224
1064263
1064306
1064341
1064379
1064422
1064480
1064526
1064651
1064697
1064721
1064784
1064838
1064879
1064920
1064976
1065021
1065056
1066088
1066116
1066375
1066415
1066444
1066471
1066561
1066600
1066624
1066679
1066734
1066831
1066937
1066973
1067051
1067077
1067128
1067167
1067221
1067276
1067342
1067382
1067410
1067445
1067509
1067532
1067558
1067592
1067624
1067704
1068051
1068072
1068093
1068153
1068175
1068248
1068270
1068320
1068355
1068391
1068410
1068462
1068550
1068573
1068598
1071219
1071243
1071296
1071348
1071517
1071544
1071702
1071742
1071837
1071856
1071874
1071937
1071957
1071989
1072021
1072079
1072197
1072262
1072727
1072761
1072796
1072828
1072903
1072926
1072948
1073077
1073110
1073152
1073193
1073255
1073326
1073357
1073386
1094830
1094867
1094912
1094964
1095016
1095065
1095101
1095122
1095160
1096359
1096380
1096397
1096420
1096465
1096613
1096680
1096715
1096737
1096770
1096871
1096892
1096924
1097036
1097069
1317647
1317698
1317714
1317746
1317771
1317887
1317916
1317951
1317971
1318000
1318107
1318149
1318167
1318237
1318281
1318339
1318420
1318489
1318690
1318709
1318742
1319901
1320006
1320039
1320063
1320080
1320329
1320384
1320419
1320513
1320536
1320569
1320602
1320635
1320866
1320900
1321055
1321110
1321135
1321168
1321226
1321283
1321306
1321323
1321350
1321380
1322189
1322246
1322362
1322423
1322465
1322502
1322567
1322626
1323042
1323948
1323983
1329594
1330168
1330618
1330646
1330740
1330771
1330807
1330840
1331035
1331079
1332037
1334325
1335324
1335805
1335835
1335853
1335954
1336007
1336034
1336059
1336077
1336111
1336156
1336242
1336260
1336316
1336372
1336396
1336432
1337304
1337448
1337891
1337910
1337941
1338000
1338103
1338123
1338168
1338201
1338224
1338712
1338747
1338781
1338874
1338902
1338935
1339034
1339062
1339484
1339791
1340240
1340271
1340317
1340347
1340377
1340429
1340459
1340480
1340510
1340731
1340749
1340771
1340819
1340839
1341146
1341165
1346229
1346247
1346270
1347956
1348010
1348045
1348136
1348156
1351029
1351053
1351086
1351120
1351154
1351221
1351337
1351372
1351392
1351414
1351430
1351747
1351778
1351888
1351907
1352000
1352106
1352150
1352278
1352296
1352717
1352880
1352911
1352930
1353025
1353049
1353156
1353234
1353263
1353285
1356895
1356917
1356950
1357262
1357341
1357373
1357426
1357487
1357542
1357574
1357822
1357856
1536132
1536160
1536180
1536275
1536324
1536353
1536375
1536426
1536444
1536548
1536627
1536648
1536680
1536712
1536882
1536932
1537007
1537047
1537083
1537102
1537121
1537172
1537209
1537230
1537260
1537313
1537334
1537358
1537376
1537414
1537434
1537464
1537501
1537532
1537569
1537591
1546374
1546396
1546447
1546467
1546505
1546536
1546679
1546721
1546740
1546762
1546785
1546807
1546840
1546899
1546940
1546963
1547912
1547977
1548024
1548060
1548082
1548135
1548212
1548231
1548259
1548292
1548310
1548341
1548364
1548383
1548415
1550459
1550483
1550524
1550565
1550592
1550619
1550662
1550691
1550768
1550792
1550831
1550883
1550903
1550922
1551015
1551114
1551188
1551332
1551383
1551404
1569393
1569415
1569435
1569473
1569547
1569570
1569589
1569619
1569637
1569660
1569680
1569699
1569717
1570026
1570364
1570403
1570429
1570475
1570566
1570707
1570746
1570781
1570817
1570847
1570883
1570921
1570945
1571464
1571589
1571617
1571679
1571712
1571806
1571825
1571844
1571861
1572240
1573133
1573242
1573585
1573605
1573644
1573681
1573742
1573784
1573833
1573936
1573990
1574025
1574058
1574089
1574153
1574175
1574206
1574224
1574326
1574345
1574384
1574511
1574581
1574635
1574691
1782788
1782807
1782914
1782971
1783058
1783189
1783256
1783318
1783359
1783395
1783414
1783437
1783471
1783569
1783586
1783608
1783629
1783660
1783908
1783926
1784000
1784259
1784305
1785399
1785432
1785453
1785485
1785517
1785539
1785626
1785657
1785679
1785718
1785737
1785974
1786032
1786220
1786270
1786323
1786382
1786641
1786667
1786742
1786763
1787179
1787199
1787292
1787540
1787596
1787677
1787728
1787750
1787779
1787801
1787863
1787906
1787924
1788006
1788023
1788112
1788132
1788156
1788170
1789362
1789387
1789463
1789543
1789577
1789600
1789616
1789650
1790028
1790455
1790472
1790500
1790521
1791483
1791573
1791615
1791658
1791748
1791771
1791790
1791817
1791944
1791971
1792014
1792039
1792339
1792379
1792452
1792473
1792562
1792582
1792599
1792689
1792717
1792739
1792803
1792821
1792836
1793005
1793084
1793132
1793151
1793168
1793185
1793205
1793294
1793311
1793331
1793413
1793439
1793503
1793537
1794862
1794901
1794950
1795002
1795018
1795039
1795088
1795118
1795160
1795194
1795208
1795229
1795295
1795500
1795529
1795550
1795598
1795633
1795771
1795794
1795815
1795831
1795851
1795869
1795914
1796004
1796028
1796049
1796064
1796083
1796127
1796217
1796255
1796272
1796305
1796337
1796383
1796399
1796441
1796479
1796507
1796523
1796540
1796568
1796585
1796675
1796725
1796757
1796781
1796802
1797365
1797834
1797850
1797902
1797931
1797976
1798015
1798035
1798051
1798123
1798139
1798168
1798193
1798221
1798237
1798258
1798295
1798340
1798357
1798380
1802190
1802223
1802254
1802283
1802306
1802396
1802430
1802464
1802517
1802772
1802805
1802895
1802913
1802957
1802977
1802994
1803048
1803101
1803142
1803179
1803200
1803253
1803283
1803321
1803440
1803475
1803565
1803601
1803618
1803650
1803706
1803734
1803804
1803819
1803848
1803863
1803894
1803927
1803983
1804025
1804058
1804073
1804259
1804283
1804300
1804332
1804347
1804471
1804528
1804585
1804604
1804645
1805508
1805528
1805547
1805601
1805619
1805792
1805824
1805901
1805954
1806277
1806300
1806349
1806526
1806561
1806584
1806615
1806652
1806694
1806721
1806754
1806790
1806806
1806840
1806874
1806908
1806942
1806972
1806994
1807011
1807039
1807182
1807213
1807438
1807488
1807513
1807561
1807666
1807705
1807722
1807753
1807773
1807849
1807870
1809783
1809838
1809898
1809931
1809991
1810010
1810095
1810132
1810166
1810211
1810253
1810330
1810364
1818542
1818564
1818661
1818679
1818768
1818822
1819022
1819056
1820008
1820252
1820286
1820306
1820337
1820356
1820419
1820473
1820505
1820540
1820559
1820577
1820910
1822464
1822502
1822523
1822816
1822852
1822899
1822917
1822969
1822990
1823013
1823035
1823058
1823116
1823777
1823809
1826423
1826442
1826459
1826519
1826590
1827096
1827161
1827187
1827212
1827235
1827315
1827351
1827388
1827501
1827537
1827570
1827809
1827845
1827933
1827955
1828028
1828146
1828169
1828575
1828607
1828677
1828723
1828742
1828777
1828810
1828862
1828900
1828935
1828974
1829019
1829052
1829103
1829896
1829918
1829952
1829988
1830023
1830044
1832561
1833211
1833302
1833420
1833457
1833517
1838534
1838559
1838589
1838613
1838637
1838662
1838696
1838732
1838778
1838800
1838846
1838880
1838915
1838950
1839008
1839046
1839080
1839112
1839145
1839207
1839284
1839320
1839494
1839529
1839583
1839603
1839626
1839667
1839770
1839901
1839933
1839986
1840006
1840055
1840079
1840104
1840137
1840227
1840305
1840323
1840398
1840755
1840874
1840893
1840927
1840951
1840986
1841014
1841033
1841076
1841098
1841228
1841316
1841338
1841437
1841470
1841495
1841544
1841602
1841648
1841668
1842241
1842358
1842392
1842436
1842460
1842480
1842512
1842532
1842552
1844092
1844109
1844131
1844154
1844264
1844283
1844302
1844389
1844429
1844455
1844476
1844516
1844535
1844557
1844584
1844608
1844633
1844649
1844682
1844703
1844726
1844745
1844767
1844800
1844820
1844861
1844938
1845014
1845036
1845056
1845104
1845125
1845176
1845264
1845287
1845328
1847223
1847259
1847316
1847351
1847372
1847401
1847422
1847457
1847475
1847506
1847526
1847544
1847582
1847719
1847740
1847762
1847784
1847805
1847824
1847845
1847863
1847904
1847929
1847950
1847994
1848852
1848886
1848908
1848931
1848950
1849137
1849202
1849226
1849260
1849280
1849329
1849375
1849405
1849423
1849448
1849482
1849502
1849522
1849546
1849749
1849852
1849873
1849905
1850035
1850069
1850115
1850136
1850182
1850208
1850245
1850317
1850338
1850372
1850394
1850414
1850443
1850471
1850496
1850543
1850686
1850708
1850729
1850800
1850819
1850857
1850904
1850967
1850987
1851009
1851032
1851068
1851105
1851132
1851150
1851180
1851215
1851258
1851311
1851563
1851585
1851619
1851641
1851655
1851672
1851811
1851872
1851902
1851990
1852036
1852110
1852145
1852166
1852326
1852418
1852462
1852592
1852616
1852681
1852703
1852727
1852763
1852864
1852914
1852946
1852971
1853159
1853180
1853202
1853225
1853271
1905546
1905584
1905609
1905645
1905721
1905746
1905785
1905810
1905902
1905955
1905980
1906033
1906085
1906122
1906252
1906275
1906314
1906351
1906375
1906399
1906424
1906462
1906514
1906620
1906736
1907110
1907186
1907236
1907417
1907496
1907535
1907555
1907579
1907627
1908829
1908853
1908891
1908919
1908957
1908995
1909046
1909084
1909162
1909215
1909266
1909318
1909338
1909362
1909415
1909454
1909479
1909502
1909575
1909739
1909763
1909856
1909884
1909912
1909950
1910102
1910123
1910161
1910213
1910232
1910308
1910329
1910419
1910452
1910514
1910591
1910626
1910731
1910766
1910797
1910837
1910905
1912108
1912125
1912158
1912190
1912221
1912469
1912597
1912623
1912655
1912677
1912697
1912715
1912765
1912868
1912885
1912951
1912985
1913018
1913108
1913152
1913280
1913298
1913389
1913458
1913477
1913603
1913646
1913677
1913712
1913746
1913764
1913828
1913860
1913892
1913931
1914081
1914141
1914448
1914664
1914741
1914812
1918420
1918454
1918827
1918850
1918941
1919026
1919699
1919731
1919747
1919788
1920222
1920241
1920424
1920444
1920574
1920681
1920783
1920827
1920970
1921062
1921085
1921121
1921155
1921176
1921209
1921247
1921277
1921307
1921388
1921423
1921465
1921485
1921508
1921540
1921559
1923469
1923516
1923547
1923580
1923619
1923807
1923836
1923881
1923955
1923990
1924026
1924062
1924096
1924125
1924342
1924386
1924528
1925130
1925173
1925233
1925319
1925454
1925475
1925663
1925696
1925714
1926834
1926868
1927493
1927658
1927697
1927755
1927814
1927914
1928090
1928112
1928135
1928161
1928201
1928315
1928336
1928399
1928430
1928461
1928494
1928596
1928614
1928633
1928709
1928741
1928788
1928821
1928881
1928914
1928934
1928966
1929099
1929131
1929149
1929184
1929219
1929255
1929345
1930374
1930392
1930452
1930531
1930587
1930630
1930647
1934618
1934669
1934718
1934740
1934827
1934877
1934953
1935080
1935103
1935343
1935792
1935819
1935837
1936137
1936201
1936234
1936268
1936302
1936375
1936491
1936524
1936544
1936577
1936611
1936627
1936665
1936703
1936739
1938510
1938547
1938570
1938604
1938639
1938673
1938708
1938807
1938859
1938882
1939020
1939119
1939190
1939229
1939370
1939390
1939410
1939561
1939579
1940905
1940927
1940947
1940981
1941037
1941098
1941119
1941165
1941240
1941316
1941337
1941372
1941394
1941427
1941445
1941473
1941505
1941538
1941572
1941605
1944722
1944820
1944847
1944870
1944947
1944979
1945020
1945064
1945095
1945116
1945149
1945167
1945269
1945333
1945406
1945428
1945451
1945473
1945497
1945530
1945631
1945684
1945783
1945805
1945838
1945875
1945893
1945912
1945933
1945959
1945985
1946011
1946037
1946063
1946089
1946115
1946141
1946162
1946197
1946222
1946296
1946317
1946564
1946580
1946620
1946642
1946665
1946731
1946752
1946824
1946841
1946902
1946936
1946958
1946981
1947002
1947031
1947052
1947112
1947144
1947319
1947339
1947370
1948715
1948737
1948759
1948780
1948798
1948835
1948868
1948887
1948903
1948920
1948941
1949000
1949050
1949151
1949174
1949195
1949244
1949348
1949366
1949445
1949475
1949562
1949593
1949630
1949686
1949746
1949775
1949793
1949814
1949848
1949865
1949909
1949926
1949960
1949978
1950227
1950244
1950269
1950287
1950366
1950530
1950562
1950968
1950991
1951189
1951398
1951420
1951442
1951490
1951837
1951895
1951913
1951946
1952601
1952676
1952734
1952767
1952787
1952811
1953227
1953388
1953422
1953440
1953466
1953515
1953583
1953602
1953620
1953692
1953741
1953855
1953914
1954301
1954385
1954541
1954570
1954643
1954678
1955363
1955399
1955418
1955562
1955580
1955594
1955642
1955770
1955807
1955833
1955875
1955971
1956008
1956073
1956272
1956321
1956346
1956376
1956396
1956430
1956465
1956511
1956670
1956719
1956837
1956940
1957015
1957075
1957101
1957129
1957158
1957238
1957308
1957366
1957392
1957428
1957467
1957697
1957736
1957774
1957856
1957898
1957945
1957980
1958017
1958094
1958148
1958172
1958228
1958252
1958273
1958326
1958362
1958439
1958465
1958512
1958561
1958582
1958613
1958657
1958693
1958778
1958800
1958823
1959015
1959078
1959102
1959127
1959243
1959265
1959295
1959317
1959374
1959406
1959424
1959458
1959557
1959647
1959710
1959774
1959807
1959887
1959906
1959951
1959971
1959989
1960009
1960038
1960055
1960075
1960412
1960668
1960739
1960759
1960777
1960831
1960878
1960913
1960948
1960968
1961002
1961020
1961071
1961087
1961105
1961125
1961145
1961166
1961198
1961339
1961370
1961443
1961554
1961726
1961749
1961771
1961801
1961896
1961924
1962064
1962090
1962119
1962161
1962219
1962240
1962267
1962349
1962388
1962418
1962450
1962467
1962498
1962516
1962534
1962553
1973200
1973290
1973334
1973355
1973423
1973456
1973511
1973527
1973548
1973638
1973661
1973696
1973859
1973895
1973932
1973965
1973987
1974051
1974072
1974104
1974133
1974154
1974207
1974225
1974261
1974281
1974402
1974476
1974566
1974599
1974649
1974681
1974739
1974875
1974895
1974912
1974944
1974978
1975019
1975045
1975061
1975082
1975098
1975136
1975155
1975201
1975228
1975261
1975279
1975605
1975620
1975635
1975660
1975698
1975763
1975779
1975823
1975912
1975961
1975980
1976025
1976115
1976178
1976219
1976267
1976294
1976310
1976340
1976366
1976417
1976438
1976460
1976513
1976533
1976567
1976593
1976683
1976700
1976744
1976806
1976824
1976843
1976901
1976941
1976979
1979676
1979704
1979787
1979833
1979910
1979938
1980028
1980072
1980139
1980194
1980213
1980413
1980467
1980521
1980715
1980769
1980859
1980873
1980894
1981051
1981070
1981160
1981177
1981292
1981309
1981328
1981381
1981417
1981444
1981478
1981493
1981509
1981576
1981651
1981672
1981694
1981720
1981745
1981761
1981786
1981870
1981934
1981965
1982049
1982065
1982083
1982112
1982294
1982319
1982335
1982536
1982553
1982581
1982599
1982689
1982711
1982730
1982747
1982777
1982938
1982956
1982980
1983006
1983041
1983079
1983817
1983850
1983922
1983958
1984048
1984093
1984293
1984309
1984327
1984344
1984876
1984908
1984926
1984945
1984964
1985019
1985055
1985120
1985162
1985211
1985260
1985280
1985296
1985317
1985339
1985374
1985390
1985424
1985512
1985536
1985574
1985609
1985627
1985661
1985677
1985716
1985732
1985822
1985863
1985882
1985920
1985968
1986088
1986106
1986141
1986159
1986203
1986253
1986295
1986314
1986331
1986393
1986435
1986457
1986547
1986576
1986605
1986666
1988262
1988307
1988397
1988415
1988463
1988524
1988556
1988589
1988641
1988660
1988676
1988713
1988732
1988777
1988817
1988863
1988879
1988952
1988980
1989127
1989254
1989268
1989299
1989325
1989371
1989397
1989430
1989459
1989549
1989567
1989592
1989627
1989775
1989798
1990102
1990116
1990133
1990171
1990186
1990211
1990235
1990316
1990338
1990358
1990385
1990407
1990423
1990479
1991058
1991076
1991094
1991335
1991351
1991389
1991415
1991503
2268891
2268919
2268971
2269061
2269075
2269115
2269205
2269231
2269266
2269312
2269402
2269435
2269454
2269506
2269526
2269731
2269751
2269822
2269861
2269886
2269945
2270136
2270191
2270233
2270302
2270346
2270372
2270458
2270518
2270578
2270680
2270697
2271064
2271080
2271790
2271850
2271884
2271934
2273500
2273556
2274046
2274078
2274125
2274162
2274184
2274266
2274356
2274384
2274404
2274420
2274488
2274510
2274533
2274555
2274641
2274691
2274712
2274743
2275904
2275952
2276003
2276023
2276043
2276061
2276118
2276334
2276384
2276488
2276506
2277254
2277290
2277417
2277452
2277486
2277562
2277584
2277620
2277655
2277706
2277731
2277775
2280391
2280409
2280537
2280573
2280590
2280607
2280681
2281277
2281335
2281353
2281371
2281404
2281437
2281510
2281542
2281571
2281634
2281653
2281684
2281750
2281783
2281806
2281906
2281941
2282706
2282739
2282833
2282888
2282941
2282978
2283013
2283078
2283170
2283260
2283297
2283330
2283390
2283427
2283503
2283538
2283613
2283636
2283673
2283907
2283923
2283970
2284020
2284435
2284522
2284561
2284593
2284628
2284652
2284668
2284859
2285325
2285358
2285443
2285477
2285570
2285616
2285702
2285726
2285827
2339477
2339494
2339566
2339638
2339667
2339700
2339728
2339749
2339784
2339821
2339857
2339891
2339927
2340046
2340067
2340297
2340318
2340391
2340433
2340515
2340546
2340567
2340608
2340629
2340654
2341453
2341531
2341568
2341698
2341734
2341820
2341837
2341868
2341916
2342010
2342051
2342075
2343169
2343221
2343241
2343259
2343281
2343310
2343373
2343440
2343456
2343474
2343505
2343732
2343756
2343775
2343821
2343850
2343878
2343910
2344023
2344060
2344080
2344112
2344136
2344194
2344461
2344509
2344540
2344562
2344998
2345310
2345344
2345449
2345482
2345516
2345549
2345584
2345650
2345671
2345691
2345710
2345769
2345786
2345846
2345902
2345920
2346010
2346149
2346777
2347064
2347114
2347131
2347468
2347488
2347516
2347539
2347555
2347699
2347734
2347824
2347989
2348110
2348131
2348176
2348198
2348216
2348232
2348256
2348295
2348342
2348416
2348436
2348453
2348480
2348514
2348614
2348853
2348875
2348916
2348934
2348986
2349055
2349113
2349136
2349192
2349282
2349310
2349327
2349358
2349430
2349450
2349564
2349605
2349692
2349939
2349961
2350278
2350294
2350614
2350635
2350657
2353236
2353408
2353473
2353552
2353614
2353633
2354325
2354359
2354395
2354417
2354520
2354552
2354571
2354588
2354602
2354632
2354667
2355490
2355535
2355554
2355579
2355638
2355737
2355848
2355881
2355914
2355949
2355968
2356486
2356506
2356521
2356577
2356622
2356658
2356691
2356725
2356782
2356893
2356927
2356960
2356994
2357719
2357754
2357913
2357971
2358015
2358033
2360507
2360596
2360675
2360710
2363465
2363621
2364245
2364266
2364331
2364348
2364392
2364468
2364545
2364563
2364595
2364650
2364670
2364910
2364944
2365020
2365118
2365164
2365184
2365360
2365387
2366053
2366094
2366126
2366180
2366248
2370255
2370289
2370396
2370452
2370490
2371086
2371105
2371154
2371175
2371195
2371214
2371256
2371286
2371338
2371361
2371412
2371534
2371587
2371607
2371671
2371724
2371815
2371833
2371923
2371940
2418993
2419064
2419085
2419108
2419160
2419185
2419225
2419247
2419439
2419491
2419515
2419540
2419566
2419589
2419627
2419691
2419717
2419794
2419817
2419854
2419919
2419999
2420050
2420087
2420110
2420135
2420181
2420205
2420232
2420269
2420321
2420358
2420382
2420405
2420492
2420573
2420637
2420704
2420904
2420953
2420981
2421013
2421033
2421072
2421137
2421160
2421184
2421210
2421260
2421284
2421309
2421335
2421352
2421376
2421396
2421439
2421484
2421508
2421532
2421568
2421604
2421632
2421661
2421707
2421747
2421772
2421807
2421833
2421885
2421909
2421933
2421954
2421977
2421997
2422066
2422107
2422150
2422186
2422246
2422274
2422298
2422335
2422370
2422422
2422473
2422512
2422536
2422560
2422584
2422608
2422634
2422700
2422722
2422788
2422868
2422892
2422918
2422956
2422987
2423021
2423046
2423071
2423096
2423147
2423194
2423219
2423269
2423309
2423330
2423352
2423378
2423416
2423482
2423564
2423585
2423614
2423638
2423672
2423713
2423739
2423777
2423818
2423843
2423864
2423901
2423934
2423970
2424006
2424042
2424082
2424105
2424128
2424152
2424231
2424272
2424309
2424331
2424364
2424385
2425829
2425868
2425889
2425910
2425933
2425956
2425980
2426004
2426042
2426083
2426112
2426135
2426172
2426228
2426249
2426273
2426329
2426354
2426380
2426431
2426453
2426475
2426500
2426522
2426602
2426628
2426654
2426677
2426701
2426726
2426842
2426869
2426908
2426931
2426958
2427000
2427036
2427063
2427090
2427128
2427182
2427206
2427232
2427285
2427308
2427328
2427351
2427379
2427430
2427456
2427497
2427533
2427555
2427577
2427599
2427620
2427651
2427674
2427698
2427722
2427745
2427798
2427820
2427841
2427863
2427888
2427913
2427954
2427992
2428017
2428077
2428128
2428155
2428242
2428264
2428330
2428369
2428463
2428488
2428554
2428593
2428701
2428755
2428782
2428837
2428924
2428946
2428998
2429022
2429047
2429071
2429125
2429167
2429190
2429221
2429274
2429299
2429468
2429506
2429560
2429588
2429658
2429684
2429712
2429759
2429785
2429806
2429842
2429868
2429907
2429974
2430040
2430107
2430132
2430156
2430223
2430278
2430316
2430368
2430396
2430422
2430720
2430841
2430909
2430944
2430968
2431007
2431029
2431053
2431090
2431116
2431197
2431223
2431274
2431301
2431500
2431562
2431630
2431652
2431705
2431730
2431774
2431800
2431822
2431847
2431872
2431921
2431947
2431974
2432030
2432061
2432088
2432118
2432171
2432200
2432225
2432250
2432613
2432635
2432729
2432789
2432815
2432833
2432857
2432909
2432961
2432985
2433009
2433048
2433087
2433159
2433185
2433209
2433245
2433283
2433305
2433328
2433350
2433375
2433398
2433426
2433452
2433518
2433542
2433565
2433587
2433612
2433650
2433697
2433728
2433751
2433787
2433865
2433889
2433913
2433964
2434079
2434145
2434183
2434207
2434231
2434281
2434319
2434342
2434393
2434418
2434443
2434497
2434521
2434547
2434572
2434616
2434644
2434710
2434748
2434787
2434812
2434837
2434874
2434968
2434996
2435020
2435112
2435136
2435210
2435433
2435486
2435522
2435560
2435584
2435609
2435633
2435689
2435713
2435737
2435801
2435828
2435854
2435906
2435941
2435971
2436026
2436052
2436095
2436329
2436361
2436386
2436415
2436438
2436516
2436583
2436608
2436634
2436661
2436685
2436712
2436735
2436758
2436789
2436827
2436855
2436898
2436922
2436946
2436988
2437037
2437222
2437244
2437268
2437289
2437354
2437376
2437426
2437448
2437483
2453014
2453050
2453078
2453102
2453143
2453163
2453188
2453266
2453304
2453328
2453377
2453400
2453423
2453544
2453596
2453652
2453692
2453720
2453742
2453778
2453797
2453834
2453856
2453880
2453903
2453966
2454005
2454966
2455044
2455143
2455169
2455190
2455214
2455308
2455359
2455410
2455429
2455504
2455559
2455610
2455633
2455658
2455693
2455750
2455831
2455853
2455892
2455961
2455987
2456011
2456088
2456161
2456182
2457709
2457731
2457753
2457789
2457945
2457993
2458016
2458052
2458077
2458101
2458139
2458163
2458185
2458737
2458764
2458786
2458810
2458838
2458888
2458917
2458998
2459036
2459060
2459083
2459104
2459146
2459171
2459197
2459226
2459262
2459300
2459323
2459348
2459369
2459435
2459470
2459520
2459559
2459594
2459618
2459641
2459691
2459728
2459768
2459790
2459942
2459969
2459992
2460018
2460042
2460063
2460088
2460111
2460133
2460157
2460182
2460213
2460264
2460286
2460307
2460329
2460353
2460405
2460456
2460482
2460503
2460539
2460578
2460633
2460655
2460679
2460718
2460741
2460777
2460801
2460825
2460844
2460866
2460918
2461013
2461040
2461093
2461140
2461209
2461230
2461265
2461286
2461309
2461332
2461369
2461393
2461417
2461467
2461517
2461543
2461617
2461656
2461678
2461729
2461754
2461780
2461804
2461828
2461851
2461876
2461899
2461950
2461972
2461996
2462033
2462084
2462108
2462133
2462159
2462197
2462220
2462244
2462268
2462289
2462314
2462342
2462365
2462415
2462514
2462538
2462562
2462583
2462608
2462633
2462673
2462697
2462749
2462773
2462809
2462857
2462880
2462930
2462957
2462981
2463038
2463058
2463123
2463148
2463173
2463196
2463216
2463294
2463348
2463370
2463392
2463444
2463481
2463519
2463543
2463593
2463645
2463663
2463729
2463787
2463813
2463851
2463905
2463928
2463952
2463977
2464003
2464027
2464081
2464104
2464127
2464165
2464190
2464215
2464239
2464264
2464294
2464324
2464363
2464414
2464466
2464499
2464524
2464549
2464600
2464652
2464704
2464732
2464756
2464782
2464808
2464837
2464863
2464891
2464956
2464994
2465036
2465123
2465151
2465207
2465247
2465301
2465327
2465351
2465425
2465480
2465541
2465566
2465589
2465614
2465652
2465682
2465730
2465764
2465816
2465837
2465886
2465908
2465932
2465955
2465992
2466028
2466078
2466109
2466145
2466196
2466237
2466310
2466334
2466355
2466405
2466495
2466520
2466542
2466565
2466604
2466643
2466691
2466713
2466736
2466759
2466780
2466831
2466856
2466878
2466920
2466943
2466964
2466999
2470228
2470267
2470308
2470331
2470366
2470389
2470410
2471537
2471659
2471688
2471714
2471752
2471803
2471829
2471853
2471888
2472230
2472251
2472272
2472295
2472316
2472340
2472445
2472482
2472503
2472527
2472551
2472572
2472623
2472649
2472671
2472727
2472750
2472802
2472825
2472848
2472872
2472901
2472925
2472951
2473010
2473036
2473063
2473088
2473112
2473134
2473158
2473185
2473206
2473245
2473281
2473408
2473464
2473485
2473507
2473532
2473581
2473604
2473629
2473655
2473691
2473714
2473758
2473783
2473819
2473846
2473883
2473942
2473965
2474016
2474047
2474070
2474092
2474115
2474136
2474163
2474189
2474231
2474254
2474279
2474311
2474332
2474368
2474433
2474456
2474477
2474502
2474551
2474577
2474617
2474652
2474676
2474698
2474720
2474753
2474797
2474830
2474868
2474904
2474925
2474960
2474983
2475004
2475056
2475509
2475538
2475562
2475586
2475611
2475648
2475669
2475755
2475781
2475803
2475825
2475862
2475884
2475909
2475931
2476013
2476037
2476062
2476113
2476135
2476187
2476227
2476270
2476298
2476345
2476411
2477346
2477368
2477391
2477414
2477452
2477474
2477512
2477533
2477565
2477587
2477613
2477633
2477669
2477693
2477763
2477783
2477806
2477830
2477875
2477896
2477922
2477988
2478038
2478087
2478109
2478160
2478182
2478219
2478240
2478292
2478341
2478381
2481632
2481664
2481689
2481767
2481798
2481823
2481872
2481982
2482013
2482064
2482108
2482130
2482156
2482192
2482216
2482242
2482305
2482349
2482458
2482496
2482518
2482542
2482581
2482606
2482658
2482699
2482754
2482778
2482802
2482840
2482868
2482904
2482945
2482972
2482996
2483839
2483876
2483899
2483949
2483970
2483992
2484029
2484051
2484101
2484125
2484148
2484173
2484196
2484233
2484275
2484299
2484322
2484344
2484379
2484410
2484475
2484504
2484557
2484594
2484621
2484646
2484669
2484697
2484720
2484747
2484788
2484811
2484829
2484850
2484889
2484913
2485008
2485064
2485092
2485117
2487794
2487833
2487873
2487913
2487978
2488036
2488079
2488130
2488155
2488194
2488218
2488245
2488289
2488316
2488341
2488439
2488463
2488486
2488510
2488536
2488561
2488584
2488620
2488642
2488668
2488694
2488792
2488841
2488864
2488917
2488995
2489020
2489040
2489081
2489134
2489188
2489242
2489282
2489333
2489372
2489397
2489432
2489456
2489476
2489514
2489538
2489561
2489585
2489612
2489636
2489659
2489684
2489708
2489732
2489756
2489821
2489864
2489913
2489955
2489978
2490002
2490025
2490090
2490139
2490162
2490214
2490357
2490409
2490436
2490482
2490508
2490535
2490574
2490709
2490747
2490771
2490791
2490885
2490909
2490932
2490999
2491062
2491117
2491157
2491181
2491208
2491234
2491272
2491308
2491332
2491377
2491399
2491423
2491446
2491510
2491559
2491597
2491618
2491656
2491677
2491713
2491748
2491799
2491820
2491841
2491863
2491883
2491904
2491928
2491951
2491977
2492003
2492026
2492051
2492080
2492104
2492156
2492182
2492237
2492259
2492283
2492307
2492347
2492388
2492410
2492437
2492462
2492485
2492512
2492538
2492604
2492642
2492664
2492686
2493402
2493431
2493483
2493507
2493530
2493566
2493588
2493610
2493658
2493700
2493720
2493744
2493766
2494084
2494122
2494158
2494245
2494276
2494297
2494323
2494345
2494379
2494415
2494439
2494461
2494498
2494520
2494734
2494756
2494811
2494850
2494873
2494910
2494961
2495094
2495159
2495196
2495252
2495290
2495319
2495343
2495367
2495390
2495429
2495452
2495475
2495868
2495930
2495952
2496016
2496041
2496068
2496092
2496159
2496196
2496233
2496360
2496397
2496422
2496447
2496471
2496494
2496534
2496584
2496620
2496687
2496712
2496766
2496790
2496857
2496905
2496956
2497060
2497088
2497117
2497170
2497194
2497216
2497241
2497292
2497316
2497340
2497390
2497429
2497456
2497482
2497507
2497532
2497584
2497610
2497632
2497655
2497673
2497697
2497721
2497746
2497823
2497846
2497869
2497907
2497941
2497963
2498711
2498752
2498779
2498803
2498855
2498880
2498905
2498932
2498955
2498992
2499018
2499039
2499061
2499100
2499135
2499165
2499186
2499309
2499335
2499361
2499394
2499445
2499805
2499841
2499863
2499886
2499937
2499961
2499982
2500005
2500029
2500052
2500142
2500235
2500289
2500354
2500435
2500470
2500507
2500530
2500551
2500655
2500679
2500729
2500772
2500797
2500816
2500881
2500905
2500956
2500997
2501023
2501061
2501103
2501126
2501221
2501274
2501297
2501333
2501357
2501459
2501480
2501518
2501541
2501563
2501662
2501683
2501732
2501778
2501802
2501829
2501892
2501959
2502008
2502070
2502091
2502114
2502136
2502172
2502263
2502300
2502336
2502360
2502383
2502442
2503327
2503350
2503366
2503972
2504034
2504178
2504202
2504241
2504265
2504290
2504501
2504563
2504585
2504620
2504667
2504690
2507156
2507202
2507237
2507313
2507348
2507437
2507487
2507556
2507839
2507870
2507902
2507923
2508035
2508084
2508121
2508143
2508162
2508186
2508232
2508254
2508381
2508459
2508532
2508566
2508603
2508641
2508678
2508703
2508726
2508754
2508981
2509119
2509136
2509157
2509183
2509203
2509220
2509466
2509499
2509532
2509557
2509575
2509594
2517739
2518052
2518084
2518167
2518193
2518265
2519328
2519390
2519437
2519456
2519514
2519548
2519567
2519695
2519724
2519759
2519863
2519906
2520152
2520198
2520267
2520285
2520326
2520359
2520380
2520425
2520462
2520483
2520518
2520535
2520572
2520607
2520979
2521038
2521078
2521130
2521151
2521186
2521220
2521240
2521274
2521295
2521343
2521366
2521412
2521963
2521985
2522002
2522058
2522091
2522159
2522197
2522216
2522245
2522277
2522333
2522374
2522402
2522717
2522751
2522782
2522830
2522863
2522881
2522914
2522998
2523018
2523052
2523069
2523131
2523163
2523196
2523217
2523304
2523337
2523357
2523430
2523461
2523537
2523566
2523600
2527175
2527196
2527442
2527583
2527615
2527671
2528126
2544415
2544479
2544574
2544632
2544668
2544832
2544959
2545011
2545595
2545629
2545660
2545889
2545913
2545936
2546000
2546027
2546055
2546184
2546245
2546270
2546296
2546497
2546520
2546582
2547088
2547124
2555463
2555523
2555683
2555720
2555755
2556031
2556066
2556103
2556149
2556233
2556333
2556368
2556386
2556423
2556461
2556486
2556527
2556560
2556579
2556648
2556705
2556723
2556767
2556797
2556832
2556867
2556943
2557114
2557153
2557224
2557256
2557275
2557333
2557354
2557386
2557429
2557450
2557485
2557507
2558028
2558048
2558114
2558131
2558230
2558280
2558299
2565456
2565496
2565645
2565720
2565756
2565793
2565815
2565840
2565877
2565921
2565943
2566144
2566172
2566680
2566711
2566753
2566783
2566829
2566933
2567038
2567064
2568393
2568420
2568454
2568492
2568622
2568682
2568706
2568742
2568792
2568811
2569092
2569926
2569974
2570031
2570053
2570088
2570430
2570468
2570533
2570551
2570652
2570678
2570713
2571112
2571140
2571476
2571507
2571549
2571579
2571615
2571802
2571896
2571928
2572783
2572819
2572860
2572919
2572950
2572983
2573027
2573061
2573094
2574733
2574766
2574799
2574832
2574865
2574896
2574982
2575070
2576337
2576513
2576586
2576646
2576763
2576938
2576972
2576994
2577013
2577044
2577070
2577102
2577125
2577174
2578567
2578588
2578638
2578689
2578777
2578801
2578837
2578884
2578918
2578954
2579004
2579042
2579065
2579086
2579109
2579131
2579153
2579262
2579313
2579375
2579423
2579475
2579497
2579859
2579934
2579983
2580019
2580084
2580173
2580191
2580212
2580234
2580255
2580284
2580366
2580404
2580441
2580462
2580493
2580538
2580560
2580583
2580677
2580730
2580833
2580872
2580902
2580925
2580950
2581016
2581044
2581086
2581105
2581285
2581504
2581547
2581648
2581669
2581719
2581826
2581865
2581885
2581934
2581955
2582034
2582073
2582098
2582122
2582270
2582351
2582372
2582448
2582483
2582533
2582586
2583809
2583838
3035457
3035515
3035540
3035596
3035641
3035697
3035730
3035761
3035783
3035807
3039041
3039077
3039097
3039119
3039142
3039159
3039178
3039215
3039239
3039279
3039391
3039523
3039562
3039598
3048207
3048229
3048599
3049030
3049068
3049093
3049157
3049193
3049214
3049289
3163181
3163199
3163324
3163618
3165790
3165811
3165939
3165989
3166033
3166081
3166103
3166121
3166141
3166165
3166188
3166238
3166286
3166308
3166662
3166712
3166764
3166823
3166839
3166878
3166896
3166914
3166932
3166949
3166966
3166983
3167000
3167017
3167034
3167051
3167068
3167089
3167112
3167144
3167193
3167210
3167231
3168292
3168319
3168337
3168357
3168437
3180056
3180100
3180159
3180237
3180292
3180313
3180349
3180392
3180436
3197801
3197863
3211317
3219266
3219290
3219344
3219397
3219423
3219444
3219495
3220437
3220538
3220635
3220736
3221008
3221040
3221061
3226898
3226938
3226976
3227026
3227099
3227123
3227279
3227309
3227327
3227345
3227411
3227450
3227488
3227505
3227538
3227561
3227595
3227656
3227675
3227698
3227734
3227772
3227788
3228466
3228549
3228570
3228606
3228629
3228664
3228702
3228738
3228790
3228811
3228942
3229768
3229819
3229838
3229995
3230028
3230062
3230276
3230410
3230432
3230467
3230555
3230578
3230643
3230674
3230722
3230759
3230777
3231646
3231682
3231699
3231874
3231911
3231951
3232000
3232056
3232079
3232098
3232118
3232141
3232174
3232209
3232231
3232268
3232833
3232868
3233129
3233149
3233172
3233205
3233236
3233264
3233285
3233505
3233532
3233555
3233581
3233605
3233624
3233686
3233758
3233854
3234133
3371047
3371063
3371079
3371100
3371131
3372261
3372369
3372421
3372529
3372561
3372579
3372655
3372677
3372699
3372981
3373014
3373062
3373123
3373161
3373216
3373232
3373249
3383640
3383663
3383713
3383764
3383790
3383830
3383864
3383887
3384037
3384101
3384122
3384144
3384188
3384593
3481467
3481510
3481555
3481577
3481597
3481646
3481683
3481705
3481724
3481745
3481782
3481830
3481967
3481999
3482032
3483075
3483100
3483125
3483160
3483204
3483239
3483272
3483335
3483485
3483505
3483658
3483677
3483730
3483888
3483930
3483953
3483977
3484001
3484040
3484065
3484087
3484109
3484193
3484217
3484260
3484508
3484528
3484545
3559972
3560182
3560202
3560933
3561399
3561473
3561995
3562013
3562046
3562080
3562102
3562147
3562235
3562253
3562284
3562303
3562414
3562436
3563437
3563458
3563480
3569073
3569233
3569253
3569301
3569341
3569362
3569385
3569406
3569475
3569495
3569640
3569744
3569768
3569869
3569888
3569910
3569944
3569975
3569999
3570034
3570070
3570089
3570205
3570225
3570244
3570308
3570363
3570390
3570412
3570431
3570491
3570511
3570535
3570556
3570787
3570807
3570841
3570873
3570894
3570958
3570990
3571038
3571072
3571241
3571289
3571310
3571358
3571400
3571435
3571456
3571534
3571752
3571772
3571790
3571824
3571865
3571921
3571968
3572085
3572120
3572190
3572206
3583296
3583312
3583342
3583381
3583403
3583419
3583436
3583465
3583482
3583580
3583595
3583722
3583737
3583754
3583881
3583900
3583916
3583961
3583978
3584016
3584033
3584120
3584147
3584212
3584228
3584256
3584287
3584301
3584325
3584415
3584443
3584463
3584488
3584512
3584557
3584612
3584649
3584681
3584728
3584749
3584839
3584865
3584955
3585045
3585195
3585581
3586113
3586132
3586182
3586204
3586288
3586864
3586970
3587275
3588070
3588088
3588218
3588236
3588255
3588625
3588645
3588673
3588723
3588765
3588786
3588804
3588822
3588848
3588876
3588893
3588922
3588961
3588989
3589004
3589041
3589074
3589113
3589144
3589197
3589265
3589292
3589382
3589442
3589465
3589522
3589545
3589582
3589601
3589621
3589680
3589717
3589749
3589769
3589795
3589855
3589887
3589910
3589949
3589982
3590038
3590122
3590175
3590273
3590363
3590392
3590432
3590468
3590522
3590557
3590628
4052641
4052706
4052721
4052754
4052792
4052820
4052867
4052957
4052977
4053020
4053057
4053086
4053103
4053122
4053141
4053164
4053182
4053319
4053339
4053358
4053386
4053401
4053530
4053663
4053681
4053702
4053723
4053741
4053917
4053951
4053969
4054032
4054107
4054130
4054320
4054384
4054410
4054439
4054480
4054559
4054654
4054671
4054831
4054876
4054980
4055001
4055089
4055111
4055125
4055156
4055177
4055195
4055220
4055294
4055384
4056949
4056988
4057017
4057067
4057081
4057102
4057123
4057151
4057175
4057209
4057225
4057254
4057273
4057798
4057815
4057873
4057906
4057996
4058056
4058085
4058129
4058431
4058446
4058793
4058883
4058899
4058950
4059095
4059111
4059131
4059152
4059172
4059199
4059284
4059342
4059378
4059405
4059433
4059518
4059547
4059592
4059611
4059744
4059805
4059833
4059851
4059878
4075882
4075906
4075940
4076053
4076072
4076088
4076109
4076125
4076306
4076347
4076378
4076512
4076588
4076640
4076655
4076694
4076722
4076782
4076798
4076835
4076851
4076911
4076944
4076969
4076997
4077016
4077034
4077051
4077067
4077113
4077161
4077180
4077308
4077376
4077405
4077421
4077495
4077850
4077865
4077955
4077971
4078000
4078049
4078118
4078163
4078188
4078206
4078223
4078266
4078323
4078750
4078764
4078794
4078822
4078839
4078909
4078928
4079103
4079133
4079223
4079365
4079418
4079437
4079459
4080663
4080677
4080691
4080781
4080795
4080809
4080825
4080859
4080886
4080958
4081013
4081046
4081081
4081099
4081117
4081134
4081182
4081207
4081268
4081352
4081369
4081423
4081444
4081534
4081585
4081603
4081621
4081699
4081777
4081816
4081843
4081867
4081893
4081921
4081959
4082441
4082496
4082554
4082621
4082642
4083218
4083234
4083400
4083417
4083501
4083593
4083619
4083635
4083661
4083713
4083731
4084037
4084093
4084117
4084132
4084174
4084195
4084240
4084256
4084432
4084448
4084668
4084878
4084907
4084925
4085014
4085032
4085048
4085100
4085134
4085149
4085162
4085193
4085239
4085259
4085276
4085353
4085390
4085410
4085459
4085809
4085826
4085855
4086123
4086140
4086154
4086170
4086190
4086238
4086253
4086315
4086333
4086364
4086389
4086435
4086451
4086496
4086523
4086983
4087022
4087060
4087074
4087110
4087124
4087140
4087162
4087187
4087649
4087684
4087730
4087778
4087800
4087823
4087872
4087962
4087985
4088009
4088060
4088120
4088201
4088234
4088256
4088279
4088301
4088377
4088399
4088451
4088475
4088510
4088530
4088564
4088587
4088609
4088645
4088668
4088798
4089023
4089058
4089088
4089108
4089126
4089402
4089461
4089582
4089625
4089646
4089666
4089686
4089705
4089771
4089787
4089809
4089832
4089854
4089877
4089900
4089925
4089957
4089979
4090706
4090729
4090779
4090927
4091042
4091222
4091258
4091308
4091349
4091386
4091450
4091474
4091497
4091545
4091692
4091787
4091855
4091911
4091974
4092026
4092054
4092083
4092111
4092442
4092496
4092610
4092673
4092726
4092755
4092789
4092807
4092841
4092872
4092914
4094178
4094196
4094216
4094237
4094355
4094404
4094479
4094532
4094572
4094614
4094637
4094674
4094723
4094824
4094978
4094995
4095031
4095080
4095105
4095167
4095185
4095236
4095260
4095290
4095309
4095351
4095382
4095414
4095468
4095495
4095510
4095529
4095564
4095585
4095619
4095638
4095675
4095717
4095778
4095807
4095856
4095885
4095969
4095991
4096026
4096089
4096104
4096120
4096233
4096265
4096281
4096321
4096507
4096526
4096557
4096580
4097336
4097355
4097386
4115588
4115607
4115830
4115864
4115913
4116546
4116566
4116608
4116657
4116867
4116926
4116980
4117017
4117083
4117120
4117170
4117217
4119965
4119984
4123763
4123795
4123814
4123834
4123857
4123895
4126271
4126286
4126301
4126342
4126357
4126387
4126444
4126462
4126514
4126567
4126622
4126695
4126714
4126746
4126874
4126894
4126926
4126959
4127015
4127072
4127125
4127254
4127293
4127419
4127468
4127509
4290363
4290669
4290689
4290995
4291018
4291055
4291461
4291517
4291577
4291681
4291751
4291810
4291879
4291950
4292016
4292065
4292135
4292169
4292228
4292578
4292929
4292968
4292995
4293101
4293121
4293160
4293199
4293621
4293647
4293749
4293858
4293916
4293952
4293976
4294303
4294504
4294714
4294911
4294974
4295041
4295066
4295103
4295122
4295144
4295203
4295222
4295260
4295380
4295402
4295453
4295493
4295549
4295573
4295647
4295732
4295817
4295838
4295872
4295899
4295922
4295941
4296356
4296460
4296570
4296630
4296662
4296699
4296741
4297431
4297491
4297580
4297877
4297947
4298001
4298041
4298070
4298119
4299233
4299288
4299323
4299614
4299664
4299745
4299809
4299833
4299897
4299921
4299948
4299966
4299985
4300015
4300205
4300279
4300299
4300473
4300657
4300697
4300742
4300776
4300796
4312717
4312754
4312791
4312814
4312864
4312911
4312944
4312976
4313040
4313106
4313147
4313167
4313203
4313282
4313336
4313388
4313446
4313503
4313522
4313556
4313591
4313609
4313683
4313704
4313738
4313761
4313826
4313880
4313921
4313965
4313999
4314104
4314166
4314294
4314490
4314510
4314532
4314596
4314627
4314676
4314699
4314723
4314746
4314811
4314860
4314892
4315009
4315274
4315358
4315492
4315532
4315550
4315590
4315612
4315670
4315701
4315728
4315998
4316020
4316340
4316369
4316411
4316453
4316471
4316539
4316861
4316881
4316909
4316985
4317082
4317223
4317260
4317406
4317464
4317818
4317885
4317955
4318054
4318094
4318129
4318206
4318352
4318393
4318485
4318589
4318612
4318665
4318717
4318807
4318845
4318926
4318990
4319251
4319298
4319329
4319347
4319479
4319513
4319543
4319614
4319659
4320051
4320089
4320153
4321903
4321971
4322036
4322073
4322110
4322142
4322175
4322210
4322262
4322311
4322359
4322464
4322490
4322522
4322571
4322708
4322758
4322815
4323026
4323094
4323130
4323163
4323180
4323219
4323237
4323269
4323290
4323321
4323356
4323391
4323467
4323503
4323969
4324060
4324082
4324100
4324327
4324358
4324380
4324419
4324438
4324482
4324518
4324551
4324566
4324644
4324688
4324743
4324792
4324814
4325069
4325097
4325115
4325148
4325210
4325515
4325571
4325605
4325778
4325817
4325852
4325896
4325924
4325957
4325992
4326028
4326095
4326170
4326202
4326370
4326390
4326413
4326447
4326480
4326513
4334751
4334790
4334811
4334834
4334886
4334935
4335071
4335111
4335150
4335175
4335199
4335289
4335703
4335721
4336057
4336080
4336098
4336188
4336207
4336225
4336476
4336491
4336508
4336526
4336545
4336562
4336591
4336608
4336640
4336657
4336700
4336735
4336765
4337012
4337034
4338903
4338926
4338980
4339291
4339348
4339494
4339513
4339530
4339547
4339567
4339803
4339823
4339841
4339868
4339885
4339915
4339994
4340520
4340573
4341001
4341022
4341059
4341177
4341200
4341236
4341285
4341302
4341715
4341859
4341948
4341966
4341984
4342124
4342173
4342210
4342261
4342283
4342333
4342349
4342366
4342383
4342419
4342437
4342486
4342504
4342525
4342543
4342565
4342615
4342704
4342727
4342763
4342813
4342851
4342888
4342937
4342975
4342994
4343099
4343136
4343202
4343237
4343411
4343548
4343603
4343639
4344064
4344084
4344106
4344129
4344243
4344272
4344290
4344365
4344387
4344700
4344722
4344773
4344795
4344812
4344847
4344887
4344937
4344957
4344990
4345056
4345085
4345116
4345186
4345237
4345317
4345353
4345413
4345432
4345521
4345572
4345607
4345639
4345701
4345737
4345750
4345777
4347603
4347691
4347748
4347765
4347786
4348254
4348308
4348324
4348340
4348358
4348398
4348427
4348535
4348567
4348634
4348648
4348676
4348702
4348750
4348767
4348783
4349084
4349100
4349124
4349198
4349393
4349420
4349447
4349847
4349901
4349928
4350018
4350042
4350083
4350133
4350162
4350248
4350275
4350302
4350485
4350525
4350548
4350580
4350598
4351168
4351258
4351348
4351364
4351400
4351438
4351473
4351517
4351535
4351553
4351570
4351601
4351631
4351721
4351738
4351781
4351806
4351836
4351862
4352010
4352034
4352095
4352121
4352140
4352158
4352241
4352266
4352290
4352306
4352332
4352422
4352461
4352583
4352633
4352650
4352667
4352757
4352772
4352862
4352885
4352921
4352994
4353061
4353126
4353174
4353264
4353321
4353344
4353415
4353498
4353539
4353581
4353605
4353625
4353659
4353721
4353741
4353774
4353824
4353857
4353901
4353934
4354024
4354081
4354113
4354132
4354321
4354355
4354389
4354444
4354478
4354504
4354546
4354567
4354584
4354599
4354626
4354661
4354727
4354788
4497625
4497643
4497663
4497728
4497770
4497811
4497842
4497887
4497920
4497954
4497970
4498018
4498049
4498065
4498111
4498160
4498183
4498202
4498234
4498257
4498289
4498323
4498410
4498429
4506361
4506422
4506447
4506488
4506505
4506530
4506557
4506608
4506661
4506685
4506708
4506732
4506771
4506837
4506891
4506921
4506939
4506971
4507061
4507118
4507151
4507184
4507203
4507240
4507256
4507679
4507724
4507752
4507779
4507813
4507861
4507924
4507941
4508006
4508022
4508352
4508375
4508392
4508410
4508433
4508452
4508502
4508552
4508611
4508665
4508682
4508775
4508890
4508939
4508988
4509012
4509050
4509088
4509110
4509162
4509199
4509234
4509284
4509321
4509344
4509380
4509403
4509425
4509448
4509497
4509534
4509588
4509655
4509709
4509764
4509914
4509948
4509981
4510025
4510057
4510102
4510154
4510183
4510216
4510274
4510312
4510402
4510457
4510505
4510595
4510623
4510676
4510708
4510730
4510755
4510792
4510816
4510867
4510889
4510933
4510972
4511009
4511051
4511090
4511118
4511197
4511215
4511237
4511255
4511284
4511343
4511362
4511397
4511744
4511765
4511782
4511799
4511831
4511868
4512867
4512897
4512960
4512979
4513041
4513070
4513101
4513130
4513157
4513230
4513266
4513290
4513325
4513339
4513382
4513409
4513445
4513471
4513519
4513603
4513635
4513651
4513709
4513730
4513748
4513829
4513919
4513935
4513969
4514023
4514051
4514067
4514087
4514124
4514165
4514253
4514288
4514319
4514336
4514353
4514424
4514514
4514526
4514561
4514578
4514601
4514761
4514794
4514840
4514863
4514885
4514906
4516030
4516055
4516094
4516125
4516224
4516254
