디그리베그 24394,25994
디디기 45690,22408
디스티아레 39676,22406
디스티해더 39676,14556
디시젼 24394,2791|52371,19046
디아 23818,5757|41496,30234
디아브로 42049,3015|42049,6964|48345,3007|48345,6982
디아브로d 42049,3164|48345,3150
디아브로d가드 29353,6657
디아브로d그리브 35698,6562
디아브로d레깅스 35698,6684
디아브로d레지스트 29333,6305
디아브로d메일 29333,6188
디아브로d암 29353,6558
디아브로d캡 26312,7017
디아브로d코일 49617,6198
디아브로d코트 49617,6299
디아브로d헬름 26312,6900
디아브로s가드 29353,16367
디아브로s그리브 35698,16276
디아브로s레깅스 35698,16387
디아브로s레지스트 29333,16269
디아브로s메일 29333,16182
디아브로s암 29353,16281
디아브로s캡 26312,18880
디아브로s코일 49617,15824
디아브로s코트 49617,15908
디아브로s헬름 26312,18767
디아브로u 42049,8791|48345,8763
디아브로u가드 29353,20060
디아브로u그리브 35698,20017
디아브로u레깅스 35698,20131
디아브로u레지스트 29333,19928
디아브로u메일 29333,19818
디아브로u암 29353,19947
디아브로u캡 26312,22904
디아브로u코일 49617,19503
디아브로u코트 49617,19612
디아브로u헬름 26312,22791
디아브로x 42049,12559|48345,12555
디아브로x가드 29353,28413
디아브로x그리브 35698,28488
디아브로x레깅스 35698,28586
디아브로x레지스트 29333,28434
디아브로x메일 29333,28338
디아브로x암 29353,28321
디아브로x캡 26312,32124
디아브로x코일 49617,27885
디아브로x코트 49617,27977
디아브로x헬름 26312,32012
디아브로z 42049,13351|48345,13321
디아브로z가드 29353,30033
디아브로z그리브 35698,30137
디아브로z레깅스 35698,30240
디아브로z레지스트 29333,30042
디아브로z메일 29333,29922
디아브로z암 29353,29928
디아브로z캡 26312,33887
디아브로z코일 49617,29536
디아브로z코트 49617,29653
디아브로z헬름 26312,33775
디아브로가드 29353,6330
디아브로그리브 35698,6244
디아브로레깅스 35698,6312
디아브로레지스트 29333,5937
디아브로메일 29333,5867
디아브로스 33821,1366|33821,1398|33821,1418|33821,2193|39242,8066|40740,587|40740,3672|40740,4048|41496,22284|45690,24376|47905,1820|53592,1418|53592,1430|53592,2420|53592,3517|53592,4584|53592,5674|53592,6725|53592,17021
디아브로스등 28478,22647|41496,12631|41496,13335
디아브로암 29353,6248
디아브로캡 26312,6654
디아브로코일 49617,5857
디아브로코트 49617,5954
디아브로헬름 26312,6540
디아블로코인 26312,9365|30024,27154|33821,1408|35698,20665|41496,28485|42405,2604|42405,8147|49617,23334
디아솔테 42049,9194|48345,9155
디아솔테가드 29353,21310
디아솔테그리브 35698,21336
디아솔테레깅스 35698,21453
디아솔테레지스트 29333,21302
디아솔테메일 29333,21232
디아솔테암 29353,21194
디아솔테에로우 28478,17899
디아솔테캡 26312,24278
디아솔테코일 49617,20735
디아솔테코트 49617,20851
디아솔테헬름 26312,24168
디오라 24394,25776
디펜더 24394,6411
