풀려버리는 39242,1764
풀리고 42049,131|48345,133
풀린다 39242,14946
풀볼티지 21985,14076|45690,14718|45690,14903
풀세대라이트 45690,15127
풀풀 27609,9248|33821,851|33821,880|33821,896|33821,1926|39242,7557|40740,2568|40740,2648|40740,2736|41496,12394|41496,12502|41496,13314|41496,20761|41496,20928|42049,1529|42049,5991|47905,1809|48345,1516|48345,6011|53592,1316|53592,1325|53592,2373|53592,3444|53592,4512|53592,5602|53592,6650|53592,16992|53592,16995
풀풀d 42049,2024|48345,1991
풀풀d가드 29353,4525
풀풀d그리브 35698,4462
풀풀d레깅스 35698,4556
풀풀d레지스트 29333,4309
풀풀d메일 29333,4205
풀풀d암 29353,4425
풀풀d캡 26312,4628
풀풀d코트 49617,4414
풀풀d폴드 49617,4324
풀풀d헬름 26312,4521
풀풀s가드 29353,14314
풀풀s그리브 35698,14274
풀풀s레깅스 35698,14362
풀풀s레지스트 29333,14355
풀풀s메일 29333,14270
풀풀s암 29353,14228
풀풀s캡 26312,16557
풀풀s코트 49617,13881
풀풀s폴드 49617,13776
풀풀s헬름 26312,16447
풀풀u 42049,8341|48345,8329
풀풀u가드 29353,19145
풀풀u그리브 35698,19047
풀풀u레깅스 35698,19156
풀풀u레지스트 29333,19005
풀풀u메일 29333,18920
풀풀u암 29353,19061
풀풀u캡 26312,21842
풀풀u코트 49617,18843
풀풀u폴드 49617,18758
풀풀u헬름 26312,21729
풀풀x 42049,11438|48345,11454
풀풀x가드 29353,26229
풀풀x그리브 35698,26248
풀풀x레깅스 35698,26354
풀풀x레지스트 29333,26302
풀풀x메일 29333,26234
풀풀x암 29353,26137
풀풀x캡 26312,29579
풀풀x코트 49617,25784
풀풀x폴드 49617,25691
풀풀x헬름 26312,29468
풀풀z 42049,12959|48345,12924
풀풀z가드 29353,29199
풀풀z그리브 35698,29309
풀풀z레깅스 35698,29404
풀풀z레지스트 29333,29213
풀풀z메일 29333,29114
풀풀z암 29353,29105
풀풀z캡 26312,32994
풀풀z코트 49617,28768
풀풀z폴드 49617,28664
풀풀z헬름 26312,32884
풀풀가드 29353,3568
풀풀그리브 35698,3488
풀풀레깅스 35698,3591
풀풀레지스트 29333,3336
풀풀메일 29333,3223
풀풀베이비 27609,7271|27609,7340|27609,7415|39339,6191|39339,6227|39339,6263|41496,31963|41496,32005|42405,2436|42405,2445|42405,6444|42405,6453
풀풀보우 28478,9496
풀풀보우ⅰ 28478,9640
풀풀보우ⅱ 28478,9769
풀풀암 29353,3459
풀풀에게는 41496,3490
풀풀열매 39339,2668|39339,6282|39339,8065|39572,4562
풀풀의 21985,36706
풀풀캡 26312,3518
풀풀코트 49617,3573
풀풀폴드 49617,3474
풀풀플룻 30024,16933|37895,4822|37895,10740|48576,8180
풀풀플룻g 37895,4857|48576,22800
풀풀플미넌트 24394,5252
풀풀헬름 26312,3402
풀풀호른 30024,16735|37895,4801|37895,10703|48576,7485|48576,7731
풀풀호른改 30024,16830|37895,4811|37895,10721|48576,7979
