랜덤 39242,11770|39242,11834|39242,12054|39242,12331|39242,12369
랜덤에 41496,6834
랜덤으로 35592,5892|39242,172|41496,9336|41496,9386|53592,17467
랜덤이기 44611,197
랜덤이므로 44611,131
랜덤인 47905,9931
랜스 21985,23|21985,34597|41496,27929|41496,28163|53592,9904
랜스는 21985,35474|21985,35553
랜스를 53592,9915
랜스에 21985,35969|21985,36849
랜스에서는 45690,24044
랜스와 21985,36423|45690,20366|45690,20879|45690,21035
랜스와의 45690,21547
랜스으로부터 45690,689|45690,4129|45690,7895|45690,10319|45690,14813|45690,15536|45690,16294|45690,16814
랜스의 21985,36060|21985,36151|21985,36472|21985,36827|33821,5777|45690,21733
랜스파생 45690,11417
