다니면서 39242,5694
다단 45690,25208
다된 39242,11314
다루기 39242,11845|39242,11940|39676,32236
다르게 24394,35050|39676,32142
다르다 40740,815|40740,985|40740,1275|40740,1477|40740,2627|45690,21853
다른 21985,35197|21985,35204|21985,35451|21985,35626|23612,7476|24394,34482|28478,22018|30377,29248|30377,29564|30838,2952|30838,2970|30838,5370|36224,32204|36224,32289|39242,3595|39242,4389|39242,6319|39242,10592|39242,10704|39676,32134|41496,3474|47905,9087|47905,9157|48576,25013|52371,26822|53592,13906
다를 33821,559
다릅니다 39242,5433
다리 35698,25|47905,10884|47905,10909|53592,10609|53592,10633|53592,10952|53592,10976
다리길이가 40740,7311
다리오거 21985,12115
다리오거g 21985,32124
다만 21985,34971|21985,36561|27368,40146|30838,690|30838,3663|35592,3485|39242,96|39242,8792|39242,14017
다소 30838,6621
다수의 53592,16521
다시 21985,34886|39242,9632|41496,29741|44611,5492|52371,26804|53592,17261
다오라 21985,24891|21985,25107|24394,25990|28478,15698|30024,22712|30024,22916|36224,19203|36224,19409|39676,6310|39676,13391|39676,22118|40740,7437|40740,7616|52371,13216
다운 39242,13122
다운됐을 21985,35914
다운된 30377,29722
다운된다 48576,26265
다운로드 31706,3726|31706,3785|35592,1523|39242,7282|53592,12330|53592,12358|53592,12389|53592,12419|53592,12448|53592,12479|53592,12510|53592,12540|53592,12568|53592,12596|53592,12626|53592,12655|53592,12685|53592,12714
다운로드특전인 39242,10317
다운로드한다 53592,12344|53592,12372|53592,12403|53592,12433|53592,12462|53592,12493|53592,12524|53592,12554|53592,12582|53592,12611|53592,12641|53592,12670|53592,12700|53592,12729
다운시에 30377,29904
다운시킬 45690,25846
다운중의 39242,13273
다음 24394,35791|30838,5419
다음번 44611,7743
다음으로는 48576,26903
다음의 30838,6474
다이나믹죠 30024,15181
다이다라보라스 30024,11171
다이묘 23818,5583|33821,2695|40740,5647
다이묘자자미 33821,935|33821,968|33821,988|33821,1948|39242,8277|39572,727|39572,4382|39572,4409|39572,4436|39572,4467|40740,5453|40740,5614|41496,12667|41496,18294|41496,18332|41496,18528|53592,1586|53592,2614|53592,3640|53592,4730|53592,5825|53592,6877|53592,17127|53592,17134
다이묘자자미아종 33821,2637|33821,2671
다이묘자자미아종토벌훈련 23818,5548
다이묘커터 52371,5104
다이묘커터g 52371,24540
다이묘코인 24394,24164|26312,9689|29333,7902|29333,8012|29333,8224|29353,8257|30024,27163|33821,1020|35698,8404|41496,28340|42405,2516|42405,6484|42405,8059|49617,6891
다이버 53592,5541
다이아몬드 27609,8336|27609,9024
다크 21985,18962
다크f파라솔g 27368,39215
다크니스 21985,19168
다크랜스 21985,18639
다크메탈부츠 35698,1482
다크사이스 52371,3966
다크스퀴드 21985,18783
다크스퀴드g 21985,29640
다크토먼트 52371,4199
다크토먼트g 52371,23846
다크프릴파라솔 27368,20600
다해 39242,9744
