계보 40740,1914|40740,1986|40740,2188|40740,2208|40740,2362|40740,2551
계산식의 30838,5422|30838,6478
계산에 30838,5353
계속 21985,36016|28478,21083|30024,37324|44611,7861|45690,20482|45690,22201|53592,13338
계속된다 30024,38035
계속해 36224,31855
계속해서 21985,36932|30024,38270|53592,15823
계승된 53592,12760
계승했을경우 53592,17300
계약금 33821,600|33821,1698|33821,2386|33821,3859|33821,4751|33821,5367|39572,279
계열 41496,5888
계열로 41496,27793|41496,27841|41496,27887|41496,27932|41496,28025|41496,28071|41496,28119|41496,28166
계열의 41496,3114
계통 39242,5450|47905,56
계통에 39242,5416
계통을 37895,1648
계통의 37895,1674
