0
93
140
497
528
561
1084
1101
1162
1223
1243
1287
1338
1357
1372
1410
1437
1480
1497
1517
1544
1648
1674
1700
1730
1756
1789
1820
1979
26519
26621
26639
26668
26702
26750
26777
26799
26889
26919
26947
26962
27015
29840
29857
29891
29910
29929
29948
29968
30017
30037
30067
30108
30136
30171
30200
30216
30274
30289
30308
30338
30355
30380
30933
31080
31141
31157
31294
31342
31373
31405
31434
31466
31512
31540
31982
32002
32021
32038
32058
32178
32211
32344
32363
32383
33339
33360
33375
33892
33914
33935
33955
34004
34025
34044
34074
34431
34470
34508
39560
39585
39667
39688
39708
39727
39757
39780
39800
39831
39849
39867
39885
39902
40333
40387
113487
113568
113648
113690
113707
113748
113775
113809
113883
113929
113965
114110
114218
114252
114285
114301
114359
114642
114790
114835
114880
114936
114974
115018
115062
115156
115196
115399
115449
115465
115511
115871
115950
115985
116043
116063
116120
116292
116367
116395
116428
116469
116491
116530
471845
471861
471896
471919
471936
471973
472005
487461
487491
487514
487531
487560
487581
487760
487780
487804
487822
487853
487881
487912
487942
487960
487991
488082
488102
494157
497928
497947
497971
498054
498073
498294
498363
498408
498448
498477
498494
498565
498596
498624
498644
498664
499672
503061
503084
503141
503160
503177
503191
503208
503228
503259
503345
503381
503788
503822
504235
504287
504475
504842
506137
506169
506314
506410
506549
506604
506633
506690
506708
506751
506780
506810
506832
506899
506916
506950
507077
507107
507125
507152
507179
507255
507279
507321
507359
507621
507756
507788
507814
508421
508465
508498
508514
508532
508554
508675
508706
508723
508743
508780
508797
508861
508910
508932
508969
508993
509016
509049
510316
510392
510446
510499
510596
510689
510742
510760
510885
510932
510950
510975
511001
511035
511053
511094
511123
511189
511223
511260
511651
511678
511700
511729
512726
512770
512801
512859
512899
512930
512962
513046
513117
513132
513149
513183
513202
513221
513239
513327
513344
513402
513434
513460
513481
513514
513537
513671
513699
514490
514566
514630
514662
514723
514762
514803
514826
514932
514947
515015
515049
515082
515182
515281
515325
516364
516442
516464
516498
516589
516610
516686
516752
516838
517893
517926
517971
518033
518067
518167
518205
518221
518250
518281
518304
518359
518417
518450
518470
518511
518539
518568
518617
519146
519166
519203
519438
519459
519507
521097
521112
521178
521193
521212
521354
521371
521400
521420
521736
521772
521799
521832
521890
521912
521955
522102
522161
522676
522705
522738
522998
523379
523408
523623
523751
524050
524087
524123
524175
524214
524246
524276
524357
524524
524541
524572
524612
524708
524724
524800
524840
525997
526045
526093
526111
526186
526210
526227
526248
526411
526430
526448
526468
526488
526539
526584
526600
526618
526636
526688
526720
526752
526783
526802
526820
526843
526966
527027
527066
527084
536247
536325
536342
536519
536538
536585
536609
536653
536734
536757
536780
538858
538903
538948
538985
539000
539032
539066
539098
539126
539145
539177
539228
539279
539299
539319
539343
539410
540486
540512
540688
540711
540760
540786
543959
543987
544018
544047
544081
544165
544197
544217
544635
544678
544718
544743
544770
544784
544805
544839
544874
544905
545171
545195
545226
545251
545321
545353
545387
545404
545452
545483
545516
545565
545582
545600
545629
545648
545794
545810
545831
545867
545890
545922
545941
545976
545997
546020
546055
546071
546131
546173
546205
546239
546271
546291
546312
546380
546434
546510
546540
546573
546608
546650
546760
546792
548307
548389
548422
548440
548481
548515
548550
548583
548616
548668
548688
548722
548803
548848
549133
549153
549184
549231
549251
549285
549307
549330
549350
549385
549408
549445
549483
549499
549533
549555
549587
549620
549654
549687
549705
549729
549888
549967
550000
550275
550308
550388
550421
550459
550563
550593
550612
550676
550776
550814
550849
550885
550908
550946
550984
551039
551071
551104
551138
551163
559851
559969
560006
560030
560137
560185
560241
560289
560315
560644
560681
560704
560728
560753
560894
560916
560941
560966
560990
561018
561045
561071
561096
561137
561180
561226
561253
561277
561313
561381
561412
561436
561464
561488
561540
561563
561589
561616
561642
561670
561697
561721
561748
561775
561827
561879
561974
561997
562023
562058
562084
562122
562147
562193
562216
562239
562264
562315
562380
562432
562473
562540
562579
562610
562633
562656
562865
562935
562988
563016
563205
563230
563264
563320
563419
563477
563519
563562
563587
563699
563753
563796
563930
563987
564013
564034
564088
564147
564175
564202
564229
564253
564276
564301
564355
564385
564427
564450
564475
564552
564589
564614
564637
564663
564718
564743
564767
564793
564820
564867
564891
564916
564958
564984
565026
565049
565075
565123
565149
565174
565198
565223
565248
565273
565298
565322
565346
565371
565397
565421
565543
565585
565656
565700
565727
565847
565867
565951
565987
566011
566035
566075
566127
566208
566261
566286
566324
566349
566372
566397
566520
566569
566601
566636
566681
566798
566830
566862
566920
566953
566999
567017
567060
567079
567115
567131
567309
567344
567716
567733
567762
567836
567899
567918
567946
567962
567991
568057
568085
568102
568141
568158
568194
568227
568280
568300
568604
568622
568663
568683
569023
569074
569109
569133
569158
569192
569220
569253
569311
569330
569347
569465
569488
569539
569576
569601
569639
569704
569791
569812
569856
569985
570008
570045
570070
570089
570122
570238
570271
570319
570342
570370
570409
570556
570577
570626
570663
570684
571910
571938
571959
572009
572042
572076
572110
572133
572154
572175
572196
572230
572246
572455
572483
572537
572553
572590
572621
572652
572684
572704
572720
572736
572776
572856
572901
572920
572947
573031
573501
573557
573592
573640
573785
573822
573847
573861
573882
575208
575239
575281
576082
576215
576342
576375
576404
576438
576473
576501
576717
576732
576764
576804
577172
577228
577289
577310
577386
577422
577461
577535
577568
577590
577614
577634
577657
577679
577738
577757
577779
577806
577825
577839
577862
577892
578240
578258
578352
578422
578443
578470
578486
585641
585672
585752
585782
585813
585835
585861
585886
585910
589978
590002
590029
590051
590143
590165
590188
590225
590246
590263
590300
590320
590344
591152
591182
591205
591230
591269
591308
591349
591485
591510
591535
591585
591633
591688
591717
591737
591810
591831
591879
591932
591959
592007
592029
592054
592075
592094
592144
592182
592204
592239
592261
592298
592334
592356
592381
592417
592438
592460
592482
592533
592563
592588
592611
592656
592720
592772
592798
592822
593311
593350
593377
593405
593445
593466
593540
593562
593637
593660
593707
593731
593752
593787
593820
593877
593897
593917
593938
593973
594018
594036
594108
594142
594163
594199
594221
594244
594325
594347
594369
594391
594413
594439
594461
594486
594622
594741
594866
594887
596014
596051
596089
596110
596146
596168
596256
596278
596302
596336
596385
596411
596448
596499
596564
596585
596610
597017
597037
597078
597102
597219
597363
597513
597543
597564
597599
597636
597831
597883
597925
597947
597969
598035
598072
598100
598151
598173
598202
598226
598248
598271
598295
598316
598407
598433
598501
598635
598674
598711
598739
598801
598823
598842
598863
598886
598935
599698
599721
599783
599805
599828
599850
599884
599922
599961
599984
600010
600035
600057
600079
600103
600154
600194
600216
600254
600291
600389
600425
600450
600477
600610
600632
600656
600735
600871
600909
600946
600993
601030
601176
601229
601267
601289
601312
601347
601370
601517
601541
601565
601883
601906
601929
601952
601974
602065
602116
602138
602185
602207
602227
602251
602317
604176
604655
604680
604702
605326
605365
605392
605414
605437
605473
606014
606035
606060
606079
606114
606151
606894
606916
606939
606958
607018
607039
607061
607123
607144
607165
607185
607275
607965
607989
608051
608072
608137
608158
608221
608339
608374
608437
608504
608524
608545
608566
608586
608607
608628
608679
608973
608995
609055
609106
609143
609164
609186
609225
609252
609286
609308
609330
609352
609377
609397
609447
609469
609491
609516
609581
609603
609628
609682
609706
609740
609791
610144
610198
610226
610251
610273
610336
610358
610435
610473
610499
610521
610546
610570
610594
610631
610656
610677
610700
610724
610789
610817
610842
610894
610917
610942
610965
610988
611009
611032
611055
611075
611335
611383
611408
611432
611458
611479
611499
611535
611555
611990
612043
612108
612142
612191
612214
612333
612356
612380
612417
612439
612461
612525
612577
612641
612709
612731
612758
612780
612916
612938
612975
612996
613017
613039
613061
613083
613136
613163
613198
613218
613238
613259
613280
613343
613405
613426
613491
613512
613536
613610
613741
613764
613856
613920
613943
613966
613989
615720
615808
616098
616175
616209
616233
616332
616351
616414
616438
616502
616565
616588
616610
616647
616831
616882
616947
616968
617004
617068
617092
617118
617140
617163
617186
617207
617437
617462
617488
617515
617537
617559
617623
617643
617692
617715
617741
617787
617851
617873
617895
617982
618057
618084
618147
618182
618206
618228
618293
618359
618380
618408
618429
618450
618554
618934
618996
619058
619128
619152
619175
619212
619314
619334
619378
619429
619454
619568
619593
619629
619721
619745
619821
619876
619895
619917
619940
619961
619984
620032
620053
620089
620152
620173
620235
620255
620276
620297
620318
620340
620375
620395
620419
620444
620466
620489
620510
620536
620583
620604
620685
620724
620756
620808
620847
620867
620890
621664
621688
621711
621734
621757
621838
622745
622784
629700
629795
629818
629842
629863
630140
630204
630292
630314
632119
632172
632199
632223
632248
632269
632346
632410
632432
632458
632550
632614
632680
632782
632930
632954
632979
633003
633030
633060
633646
633740
633818
633842
633877
633898
633921
633942
633964
633989
634027
634051
634071
634134
634154
634182
634216
634240
634307
634402
634430
634459
634484
634510
634575
634600
634619
634667
634753
634790
634811
634859
634884
634924
634948
634969
635004
635025
635048
635116
635144
635164
635294
635334
635362
635386
638739
638760
638782
638846
638895
638919
638983
639019
639042
639165
639186
639278
639303
639383
639410
639433
640514
640539
640563
640598
640622
640687
640708
640732
640795
640817
640881
640946
641009
641073
641136
641201
641288
641352
641416
641440
641466
641489
641512
641547
641568
641590
641655
641719
641752
641775
641841
641876
641939
641970
641993
642043
642108
642171
642192
642212
642264
642287
642352
642391
642412
643531
643566
643645
643668
643691
644260
644312
644351
644375
644431
645149
645175
645223
645352
645377
645400
645424
645448
645488
645508
645535
645572
645596
645675
645708
645765
645789
645827
645857
645882
645912
645936
645973
646003
646026
646051
646092
646124
646151
646439
646511
646568
646599
646643
646668
646699
646734
646758
646838
647036
647076
647130
647154
647183
647207
647231
647255
647279
647570
647652
647708
647731
647756
647780
647859
647886
647910
648074
648099
648164
648191
648254
648320
648346
648383
648408
648490
648530
648558
648581
648603
648655
648676
648956
649025
649188
649214
649280
649301
649327
649348
649429
649452
649477
649499
649557
650010
650065
650471
650501
650542
650568
650608
650631
650655
650723
650748
650772
650797
650826
650851
650900
650958
650999
651023
651318
651347
651389
651430
651833
651888
651926
651964
651988
652048
652089
652118
652141
652162
652197
652379
652445
652507
652533
652560
652623
652645
652736
652774
652819
652844
652894
652917
652940
652964
653050
653142
653165
653200
653252
653316
653340
654610
654645
654708
654728
654747
654783
654846
654868
654890
654954
654978
654999
655024
655061
655082
655105
655200
655221
655415
655437
655527
655548
655613
655635
655659
655686
655736
655786
655808
655886
655919
655943
655977
656012
656032
656082
656107
656130
656151
656185
656262
656284
656305
656368
656389
656452
656476
656542
656563
656586
656612
656640
656996
657017
657055
657089
657948
658019
658081
658103
658124
658145
658166
658186
658207
658251
658287
658339
658365
658386
658450
658469
658588
658609
658631
658652
658674
658696
658732
658756
658804
658826
658864
658886
658993
659608
659646
659672
659712
659734
659772
659795
659820
659842
659905
660648
660682
660735
660758
660780
660819
660873
660893
660914
661651
661673
661696
661719
661740
661773
663350
663378
663534
663587
663610
663633
663697
663714
663750
663773
663795
664712
664736
664788
664810
664846
664868
664902
664941
665036
665170
665208
665237
665258
665351
665374
665397
665421
665445
665468
706656
706819
706954
707007
707110
707145
707252
707299
707364
707429
707495
707548
707599
707651
707728
707754
707795
707820
707872
707911
707935
707973
708026
708052
708075
708097
708137
708190
708228
708321
708400
708468
708563
708588
708613
708679
708730
708825
708863
708953
708991
709043
709110
709160
709220
709407
709459
709498
709541
709580
709675
709741
709805
709857
709897
709936
709973
710053
710119
710186
710227
710619
710659
710698
710751
710886
710997
711035
711073
711262
711285
711363
711636
711659
711681
711762
711856
711881
711948
711972
711998
712023
712060
712085
712109
712203
712230
712309
712334
712998
713067
713094
713414
713481
713536
713554
713575
713611
713645
713669
713707
713733
713759
713824
713849
714111
714135
714171
714209
714300
714351
714371
714435
714479
714567
714605
715653
715704
715784
715822
716811
716835
897102
897129
897179
897225
897253
897295
897908
897946
897971
898025
898089
898143
898171
898191
898232
898252
898278
898302
898354
898421
898461
898483
898548
898597
898635
898690
898763
898787
898825
898890
899044
899110
899161
899199
906752
907181
907234
907285
907308
907332
907370
907397
907462
907486
907524
907547
907571
907929
907953
907974
907997
908801
908824
908903
909014
909038
909092
909141
909188
909241
909293
909603
909696
909720
909745
909918
910695
910717
910793
910845
910898
910935
911027
911094
911134
911172
911266
911334
911403
911428
911494
911547
911573
911600
911666
911767
911790
911857
911925
913446
913536
913559
913597
913648
913739
913763
913785
913810
913848
913888
915648
915687
915868
915963
916008
916055
916148
916172
916196
916234
916992
917057
917080
917106
917148
917203
917270
917323
917348
917372
917425
917516
917716
917767
917820
917873
917898
917950
917974
918012
918034
918060
918121
918174
918226
918248
918401
918422
918443
918495
918548
976090
976125
976168
976254
976294
976322
976375
979646
979668
979691
979717
979800
979825
979879
979905
979932
979960
980002
980113
980183
980265
980319
981490
981868
981935
982000
982093
982115
982155
982223
982260
982312
982402
982551
982602
982627
982680
982747
982769
982806
982833
982897
983062
983318
983370
983422
983474
983550
983589
983713
983757
984042
984151
984215
984293
984358
984395
984485
984523
984631
984672
984699
984864
985030
985103
985127
985179
985202
985240
985277
985370
985395
985422
985450
985501
985526
985553
987152
987176
987205
987229
987273
987297
987328
987365
987395
987587
987699
987721
987807
987828
987856
987879
988003
988041
988065
988085
988108
988134
988172
988195
988232
988254
988333
988355
988375
988414
988488
988509
988529
988568
991916
991954
991986
992013
992079
992107
992144
992210
992305
992331
992369
992395
992493
992544
992584
992636
992674
992702
992727
992752
992775
992798
992823
992846
992870
992894
992917
992939
993039
993066
993098
993123
993146
993170
993208
993232
993255
993280
993387
993443
993515
993556
993585
993610
993636
993711
993739
993765
993802
993825
993852
993910
993934
993960
993982
994005
994028
995071
995103
995124
995146
995209
995232
995259
995359
995408
995445
995524
996116
996137
996157
996221
996297
996732
996759
996795
996846
996909
997042
997064
997100
997136
997320
997342
997363
997409
997430
997466
997487
997510
997532
997554
997577
997599
997621
997885
997905
997925
998176
998195
998217
998244
998286
998311
998402
998424
998445
998465
998528
998564
998588
998610
998633
1004985
1005004
1005024
1005044
1005068
1005089
1005326
1005346
1005398
1005491
1005539
1005789
1005813
1005875
1005937
1005959
1005994
1006018
1006041
1006064
1006127
1006146
1006208
1006230
1006829
1006864
1006897
1006919
1006942
1006961
1006998
1007034
1007060
1007084
1007110
1007136
1007159
1007182
1007231
1007268
1007290
1007640
1007662
1007683
1007706
1007736
1007761
1007862
1007885
1007942
1007965
1008002
1008025
1008050
1008073
1008095
1008172
1008220
1008242
1008264
1008287
1008339
1008362
1008385
1008407
1008430
1008450
1008473
1008507
1008533
1008573
1008597
1008638
1008661
1008749
1009418
1009440
1009462
1009483
1009666
1009685
1009720
1009744
1009767
1009788
1009825
1009861
1009895
1009927
1009950
1009971
1010005
1010027
1010064
1010102
1010128
1010151
1010290
1010376
1010397
1010419
1010443
1010665
1010689
1010791
1010815
1010837
1010867
1010889
1010913
1010935
1010958
1010994
1011016
1011038
1011133
1011241
1011265
1011315
1011338
1011375
1011419
1011442
1011468
1011492
1011516
1011537
1011560
1014005
1014082
1014490
1014527
1014564
1014587
1014613
1014636
1014657
1014679
1014867
1014928
1014951
1014975
1015138
1015164
1015197
1015305
1015328
1015351
1015368
1015391
1015414
1015438
1015504
1015534
1015557
1015576
1015606
1015627
1015662
1015710
1015733
1015758
1015803
1015855
1015881
1016269
1016293
1016761
1016951
1016971
1016991
1017014
1017038
1017059
1017087
1017121
1018353
1018380
1018400
1018421
1018547
1018677
1018701
1018722
1018747
1018863
1018886
1018909
1019061
1019085
1019105
1019124
1019187
1019222
1019244
1019267
1019289
1019323
1019375
1019401
1019437
1019461
1019487
1019507
1019530
1019565
1019589
1019652
1019672
1019709
1019731
1019806
1019826
1019903
1019919
1019941
1020055
1020090
1020113
1020134
1020155
1020178
1020200
1020220
1020253
1020366
1020386
1020407
1020428
1020579
1020601
1020624
1020650
1020801
1020823
1020844
1020875
1020902
1020926
1020990
1021013
1021035
1021064
1021087
1021108
1021130
1021194
1021218
1021239
1021262
1021313
1021335
1021399
1021421
1021442
1021465
1021487
1021508
1024181
1024217
1024286
1024307
1024370
1024391
1024414
1024440
1024475
1024500
1024521
1024545
1024570
1024596
1024816
1025270
1025293
1025318
1025343
1025367
1025424
1025455
1025701
1026389
1026593
1026633
1026656
1026682
1026703
1026804
1026955
1026978
1027011
1027034
1027059
1027124
1027149
1027173
1033034
1033060
1033079
1033102
1033129
1033150
1033173
1033198
1033273
1033325
1033351
1033392
1033413
1033438
1033460
1033484
1033560
1033598
1033622
1033646
1033696
1033759
1033786
1033807
1033858
1033897
1034048
1034076
1034103
1034130
1034153
1034178
1034201
1034265
1034286
1034368
1034391
1034466
1034487
1034535
1034555
1034600
1034622
1034642
1034740
1034806
1034829
1034849
1034871
1034895
1034943
1035005
1035040
1035119
1035145
1035170
1035194
1035241
1035267
1036022
1036043
1036065
1036099
1036123
1036144
1036164
1036185
1036206
1036239
1036259
1036322
1036341
1036358
1036379
1036441
1036493
1036514
1036538
1036559
1036583
1036609
1036646
1036696
1036751
1036780
1036805
1036856
1040006
1040028
1040051
1040074
1040122
1040144
1040168
1040189
1040252
1040277
1040340
1040404
1040424
1040445
1040482
1040503
1040536
1040560
1040582
1040645
1040707
1040769
1040860
1040885
1040908
1040932
1040988
1041009
1041029
1041052
1041145
1041208
1041285
1041363
1043259
1043339
1043357
1043379
1043401
1043491
1043529
1043550
1043571
1043593
1043616
1043634
1043656
1043717
1043742
1043769
1043835
1043857
1043893
1043920
1043939
1043958
1043979
1044054
1044106
1044132
1044182
1044205
1044244
1044285
1044323
1044347
1044383
1044417
1044468
1044500
1044524
1044547
1044568
1044630
1044679
1044701
1044736
1044761
1044823
1044855
1044885
1044947
1044972
1044994
1045017
1045038
1045062
1045083
1045174
1045239
1045260
1045281
1045302
1045365
1045429
1045454
1045479
1045503
1045559
1045632
1045656
1045736
1045799
1046160
1046185
1046219
1046281
1046318
1046356
1046379
1046401
1046484
1046508
1046531
1046555
1046698
1046722
1046785
1046806
1046828
1046890
1046912
1046934
1046971
1047034
1047083
1047148
1047295
1047322
1047348
1047527
1047591
1047613
1047645
1047666
1047742
1047767
1047789
1047813
1047839
1047859
1047922
1047945
1048028
1048051
1048074
1048123
1048172
1048201
1048222
1048238
1048261
1048287
1048331
1048464
1048484
1048504
1048541
1048605
1048640
1048702
1048766
1048856
1048880
1048903
1048970
1048990
1049014
1049038
1049061
1049083
1049146
1049236
1049299
1049347
1049410
1049433
1049496
1049519
1049597
1049619
1049641
1049662
1049683
1049719
1049745
1049818
1049842
1049905
1049974
1049997
1050042
1050079
1051246
1051267
1051351
1051386
1051402
1051555
1051742
1051764
1052541
1052606
1052648
1052807
1052880
1052914
1052934
1053002
1053025
1053131
1053166
1053700
1053731
1053762
1053787
1053821
1053845
1053865
1053898
1053963
1054157
1054324
1054346
1054375
1054399
1054563
1054687
1054720
1054755
1054780
1054916
1054940
1054995
1055033
1055189
1055660
1055702
1056367
1056416
1056441
1060403
1060426
1060448
1060470
1060494
1067007
1067053
1067300
1067325
1067410
1067456
1069271
1069294
1069319
1069352
1069434
1069459
1069505
1069526
1069545
1069567
1069696
1069738
1069771
1069792
1069816
1069839
1069862
1069879
1069901
1069964
1069986
1070010
1070031
1070054
1070079
1070104
1070121
1070277
1070298
1070319
1070342
1070364
1070470
1070591
1070618
1070641
1070664
1070687
1070751
1070795
1070821
1070897
1070935
1070958
1071408
1071433
1071469
1071493
1071559
1071586
1071611
1071634
1071657
1071681
1071703
1071726
1071774
1071797
1071827
1071860
1071882
1071905
1071930
1072002
1072192
1072248
1072271
1072292
1072315
1072339
1072363
1072388
1072414
1072451
1073411
1073618
1073682
1073746
1073770
1073871
1073895
1073935
1073963
1074204
1074226
1074286
1074321
1074344
1074367
1074392
1074625
1074649
1074696
1074724
1075175
1075335
1075374
1075396
1075474
1075497
1075524
1075736
1076234
1076265
1076483
1076509
1076727
1076782
1076811
1076841
1076880
1076910
1076941
1076962
1076987
1077061
1077190
1077220
1077244
1077266
1077291
1077369
1077390
1077412
1077437
1077458
1077516
1077539
1077562
1077585
1077661
1077688
1077710
1077805
1077836
1077860
1085152
1085184
1085219
1085241
1085271
1085306
1085341
1085469
1085505
1085541
1085588
1085623
1085656
1085677
1085715
1085739
1085755
1085779
1085803
1085852
1085903
1085924
1085990
1086198
1103612
1103632
1103702
1103951
1103982
1104154
1104176
1104199
1104220
1104241
1104290
1104323
1104346
1104368
1104387
1104406
1104428
1104492
1104527
1104605
1104794
1104973
1104994
1105013
1105064
1142656
1142674
1142706
1142741
1142777
1142952
1143124
1143148
1143164
1143199
1143222
1143251
1143288
1143662
1143721
1143758
1143777
1144961
1145025
1145061
1145096
1145115
1151511
1151566
1151671
1151721
1151747
1152206
1152235
1152286
1152315
1152347
1152369
1325046
1325200
1325308
1325356
1325396
1325455
1325475
1325960
1326015
1326137
1326162
1326219
1326296
1326433
1326486
1326518
1326671
1326698
1326721
1326757
1326783
1327022
1327050
1327075
1327098
1327239
1327283
1327305
1327410
1327441
1327478
1327723
1327762
1327811
1327835
1327854
1340332
1340348
1340368
1340387
1347230
1347248
1347338
1347358
1347420
1347442
1347463
1347484
1347548
1347582
1347603
1347626
1347727
1347848
1347871
1470562
1470583
1470647
1470671
1470691
1470712
1470777
1470798
1470819
1470891
1470911
1470931
1470972
1471074
1471098
1471120
1471212
1471238
1471273
1471296
1471320
1471395
1471430
1471451
1471516
1471569
1471632
1472017
1472038
1472196
1472234
1472469
1472494
1501756
1501820
1501841
1501895
1501912
1501941
1502060
1502096
1502119
1502181
1502257
1502279
1502303
1502324
1502347
1502410
1502474
1502496
1503365
1503413
1503490
1503511
1503635
1503659
1503685
1503706
1504136
1504159
1504196
1517277
1517300
1517334
1517355
1517390
1517454
1517475
1517497
1517521
1517566
1517587
1517649
1517673
1517695
1517719
1523798
1523849
1523875
1523930
1523992
1524055
1525634
1525686
1525712
1525730
1525806
1526565
1526710
1526734
1526757
1526780
1526824
1526875
1527059
1527084
1527188
1527225
1527622
1527642
1527676
1535780
1535799
1535849
1535898
1535982
1536002
1536023
1536086
1536151
1536171
1536234
1536257
1536277
1536298
1536402
1536467
1536493
1536518
1536541
1536566
1536720
1536745
1536795
1536832
1536860
1536880
1537051
1537075
1537097
1537171
1537195
1537220
1537255
1537276
1537315
1537564
1537612
1537649
1538083
1538148
1538322
1538346
1538437
1538462
1538485
1538506
1538533
1538626
1538690
1538717
1538739
1538963
1538982
1539002
1539171
1539194
1539503
1539541
1539560
1539585
1539676
1539697
1539731
1540032
1540069
1540092
1540117
1540142
1540164
1540185
1540223
1540249
1540271
1540419
1540526
1540546
1540591
1540615
1540637
1540658
1540707
1540730
1540767
1540832
1540853
1540903
1540924
1540957
1541037
1541063
1541088
1541166
1541216
1541242
1541264
1541338
1541405
1541429
1541451
1541476
1541501
1541538
1541559
1541621
1541641
1541666
1541687
1541719
1541809
1541873
1541899
1541923
1541944
1541979
1542092
1542117
1542142
1542204
1542267
1542307
1542335
1542370
1542446
1542470
1542491
1542514
1542535
1542558
1543322
1543345
1543367
1543391
1543454
1543477
1543500
1543522
1543543
1543633
1543696
1543810
1543834
1543858
1543881
1543906
1543964
1544028
1544103
1544125
1544265
1544289
1544310
1544374
1544396
1544419
1544447
1544481
1544531
1544549
1544571
1544635
1544658
1544676
1544739
1551480
1552070
1552106
1552128
1552147
1552171
1552215
1552250
1553958
1554191
1554453
1554476
1554501
1554556
1554619
1554645
1554718
1554738
1554759
1554782
1554809
1554840
1554880
1554920
1554960
1555001
1555042
1555083
1555100
1555122
1555150
1555213
1555235
1555319
1555544
1555591
1555629
1555684
1555707
1556615
1556637
1556658
1556698
1556720
1556743
1556779
1556980
1557007
1557046
1557079
1557126
1557384
1557405
1557557
1557577
1557597
1557658
1557695
1557717
1558137
1558159
1558179
1558197
1558216
1558289
1558311
1558349
1558371
1561502
1561525
1561628
1561654
1561678
1561703
1561733
1561755
1561919
1561973
1562038
1562058
1562093
1562118
1562177
1562217
1562244
1562267
1562321
1562345
1562372
1562402
1562422
1562443
1562466
1562489
1562509
1562532
1563435
1563483
1563528
1563548
1563568
1563590
1563622
1563657
1563735
1563838
1563914
1563936
1563957
1564021
1564042
1564104
1564138
1564204
1564228
1565016
1565040
1565119
1565142
1565172
1565195
1565216
1565238
1565264
1565305
1565354
1565378
1565399
1565423
1565446
1565469
1565489
1565512
1565533
1565556
1565580
1565618
1565641
1565665
1565685
1565710
1565772
1565835
1565858
1565882
1565903
1565938
1566000
1566062
1566084
1566105
1566126
1566190
1566211
1566300
1566328
1566352
1566416
1566468
1566494
1566517
1566569
1566592
1566614
1566665
1566688
1566712
1566778
1566803
1566824
1566889
1566941
1566988
1567047
1567113
1567167
1567190
1567211
1567288
1567308
1567335
1567357
1567419
1567442
1567465
1567487
1567549
1567570
1567590
1567610
1567701
1567727
1567790
1567812
1567834
1567898
1568046
1568068
1568090
1568112
1568162
1568277
1568315
1568586
1568671
1568712
1568739
1568777
1568799
1568821
1568839
1568876
1568899
1568922
1568943
1568965
1569632
1569695
1569759
1569808
1569831
1569853
1569874
1569939
1569973
1569995
1570019
1570042
1570121
1570213
1570236
1570298
1570334
1570524
1570550
1570585
1570605
1570626
1570664
1570685
1570719
1570740
1570829
1570853
1570901
1570927
1570991
1571020
1571083
1571148
1571641
1571681
1571704
1573067
1573130
1573156
1573177
1573212
1573234
1573281
1573304
1573357
1573386
1573417
1573443
1573552
1573605
1573632
1573673
1573705
1573730
1573754
1573778
1573800
1573838
1573861
1573887
1573911
1573940
1574021
1574072
1574093
1574117
1574155
1574176
1574241
1574266
1574287
1574309
1574347
1574388
1574424
1574489
1574519
1574566
1574601
1574622
1574697
1574722
1576132
1576157
1576180
1576203
1576375
1576398
1576422
1576695
1576856
1576880
1576905
1576972
1576997
1577021
1577044
1577117
1577145
1577192
1577231
1577308
1577333
1577358
1577396
1577474
1577498
1577567
1577590
1577656
1577881
1577907
1577953
1578007
1578045
1578114
1578172
1578195
1578274
1578301
1578324
1578347
1578398
1578425
1578457
1578474
1578497
1579131
1579194
1579214
1579293
1579344
1579378
1579430
1579451
1579474
1579492
1579515
1579578
1579600
1579623
1579647
1579711
1579749
1579770
1580016
1580070
1580098
1580120
1580194
1580217
1580253
1580277
1580302
1580323
1580374
1580522
1580654
1580684
1580708
1580825
1580850
1580874
1580951
1580969
1580989
1581010
1581045
1581107
1581127
1581288
1581311
1582965
1582988
1583336
1583359
1583379
1583401
1583694
1583719
1583741
1584080
1584158
1584183
1584207
1584555
1585046
1585069
1585124
1585145
1586182
1586210
1586273
1586293
1586315
1586365
1586390
1586414
1586437
1586484
1586509
1586530
1586567
1586619
1586791
1586852
1586878
1586918
1586944
1587025
1587053
1587097
1587121
1587143
1587181
1587217
1587241
1587264
1587301
1587325
1587361
1587466
1587515
1587562
1587601
1587623
1587689
1587718
1587755
1587779
1587817
1587842
1587864
1587901
1587967
1588008
1588029
1588158
1588191
1588362
1588386
1588449
1588474
1588509
1589321
1589343
1589380
1589420
1589448
1589473
1590036
1590073
1590100
1590123
1590146
1590169
1590192
1590243
1590266
1590303
1590328
1590376
1590413
1590440
1590494
1590544
1590581
1590617
1590639
1590663
1590684
1590706
1590729
1590764
1590826
1590849
1590928
1590951
1591001
1591023
1591060
1591088
1591116
1591138
1591165
1591188
1591214
1591251
1591287
1591412
1591438
1591462
1591500
1591526
1591579
1591604
1591655
1591678
1591701
1591725
1591748
1591773
1591820
1591845
1591872
1591934
1591958
1592081
1592134
1592161
1592184
1592249
1592277
1592615
1592640
1592706
1592729
1592844
1593034
1593058
1593084
1593107
1593167
1593208
1593237
1593291
1593991
1594020
1594043
1594066
1594130
1594154
1594205
1594233
1594280
1594303
1594340
1594362
1594387
1594410
1594433
1594566
1594588
1594610
1594640
1594689
1594716
1594739
1594760
1594811
1594831
1594879
1594902
1595022
1595043
1595105
1595264
1595284
1595305
1595326
1595486
1595508
1595531
1595566
1595586
1595608
1595672
1595734
1595827
1595849
1595900
1595925
1595988
1596010
1596115
1596177
1596199
1596219
1596242
1596263
1596285
1596349
1596370
1596404
1596426
1596460
1596480
1596500
1596521
1596585
1596615
1596649
1596739
1596763
1596785
1596806
1596827
1596891
1597348
1597371
1597422
1597443
1597464
1597490
1597554
1597592
1597668
1597691
1597712
1597734
1597757
1597779
1597846
1597869
1597894
1597914
1597935
1598003
1598066
1598088
1598114
1598814
1598845
1599334
1599360
1599392
1599419
1599535
1599578
1599780
1599805
1599825
1599846
1599908
1599975
1600073
1600094
1600115
1600137
1600159
1600183
1600205
1600227
1600251
1600277
1600304
1600327
1600409
1600433
1600454
1600477
1600502
1600620
1600644
1600667
1600731
1600754
1600793
1600816
1600904
1600928
1600953
1600975
1600994
1601099
1601162
1601183
1601273
1601393
1601468
1601522
1601545
1601568
1601608
1601632
1601654
1601676
1601699
1601720
1601745
1601808
1601829
1601907
1601933
1602344
1602408
1602431
1602466
1602528
1602551
1602613
1602676
1602759
1602836
1602873
1602978
1603015
1603079
1603100
1603124
1603150
1603186
1603210
1603228
1603291
1603326
1603349
1603451
1603626
1603678
1603704
1603731
1603751
1603813
1603834
1603896
1603917
1603940
1603961
1603994
1604059
1604080
1604159
1604219
1604242
1604267
1604330
1604351
1604428
1604451
1604486
1605408
1605442
1605463
1605486
1605551
1605572
1605671
1605693
1605729
1605793
1605816
1605879
1605927
1605963
1605984
1606006
1606027
1606091
1606112
1606134
1606156
1606193
1606221
1606243
1606267
1606332
1606354
1606377
1606398
1606420
1606469
1606533
1606554
1606576
1606597
1606614
1606635
1606699
1606814
1606841
1610509
1610688
1610723
1610772
1610818
1610842
1610866
1610891
1610917
1610937
1610962
1610982
1611046
1611067
1611115
1611135
1611156
1611195
1611243
1611435
1611456
1611477
1611650
1611683
1611705
1611740
1611759
1611781
1611802
1611824
1611845
1611909
1611931
1611954
1611976
1611998
1612019
1612045
1612068
1612092
1612113
1612178
1612199
1612223
1612286
1612349
1612413
1612477
1612498
1612519
1612540
1612560
1612735
1612800
1612820
1612843
1612864
1612901
1612922
1612944
1613021
1613047
1613074
1613097
1613158
1613208
1613232
1614101
1614123
1614159
1614250
1614308
1614340
1614859
1614895
1614958
1615087
1615112
1615136
1615157
1615179
1615199
1615220
1615239
1615258
1615279
1615356
1615394
1615420
1615568
1615590
1615613
1616067
1616089
1616114
1616142
1616172
1616195
1616258
1616280
1616344
1616364
1616385
1616407
1616430
1616524
1616549
1616583
1616636
1616658
1616681
1616702
1616749
1616771
1616800
1616821
1616859
1616881
1616905
1616928
1616949
1616971
1617660
1617685
1617749
1617768
1617818
1617854
1617873
1617895
1617932
1617957
1618022
1618045
1618187
1618216
1618253
1618291
1618326
1618380
1618408
1618515
1618541
1618566
1618630
1618693
1618717
1618754
1618804
1618826
1618850
1618871
1618894
1618954
1618981
1619002
1619067
1619131
1619156
1619177
1619199
1619262
1619393
1619456
1619490
1619513
1619577
1619602
1619625
1619652
1619717
1619741
1619764
1619801
1619865
1619888
1620606
1620670
1620703
1620725
1620746
1620769
1620791
1620815
1620851
1620889
1620926
1620950
1620974
1620997
1621207
1621230
1621396
1621422
1621444
1621467
1621491
1622488
1622511
1622532
1622555
1622579
1622833
1622867
1622887
1622908
1622931
1622951
1623016
1623037
1623059
1623084
1624303
1624353
1624376
1629632
1633752
1633780
1633961
1633984
1634009
1634798
1634821
1634844
1634869
1634932
1634994
1635047
1635092
1635115
1635139
1635215
1635255
1635283
1635310
1635339
1635363
1635429
1635455
1635586
1635613
1635678
1635702
1635724
1635788
1635823
1635873
1635895
1635919
1635941
1635963
1636003
1636024
1636046
1636066
1636118
1636143
1636167
1636475
1636500
1636526
1636562
1636639
1636702
1636766
1636801
1636834
1636855
1636916
1636940
1636966
1636988
1637019
1637247
1637269
1637289
1637310
1637492
1637524
1637684
1637708
1637743
1637766
1637828
1637906
1637969
1637990
1638012
1638032
1638095
1638131
1638339
1638362
1638411
1638436
1638499
1638521
1638564
1638582
1638616
1638640
1638662
1638694
1638717
1638743
1638781
1638853
1638878
1638916
1639109
1639236
1639299
1639413
1639436
1639528
1639593
1639656
1639680
1639704
1639728
1639925
1639978
1640018
1640043
1640123
1640188
1640227
1640264
1640316
1640342
1640406
1640552
1640575
1640694
1640718
1640741
1640760
1661975
1661996
1662197
1662218
1662283
1662309
1662371
1662395
1662416
1662436
1662484
1662509
1662540
1663017
1663270
1663293
1663314
1663427
1663490
1663510
1663530
1663551
1663574
1663876
1664037
1664076
1664241
1664330
1664380
1664401
1664482
1664504
1664528
1664551
1664576
1664601
1664627
1664653
1664676
1664757
1664783
1664809
1664834
1664873
1664898
1664924
1664946
1664969
1665007
1665057
1665123
1665170
1665193
1665221
1665245
1665268
1665291
1665314
1665339
1665361
1665393
1665456
1665477
1665513
1665536
1665575
1665602
1665734
1665756
1665779
1665816
1665838
1665930
1666253
1666290
1666476
1666506
1666638
1666715
1666736
1666758
1666782
1666956
1666979
1667042
1667174
1667196
1667259
1667323
1667418
1667435
1667471
1667508
1667535
1668335
1668356
1668395
1668433
1668456
1668476
1669209
1669279
1669299
1672002
1672023
1672056
1672159
1672182
1672204
1672226
1672261
1672300
1672349
1672372
1672407
1672433
1672452
1672555
1673107
1673128
1673149
1673171
1673192
1673215
1673237
1673260
1673281
1673358
1673640
1673661
1673681
1673701
1673722
1673744
1673763
1673784
1673805
1673855
1674028
1674092
1674112
1674133
1674171
1674236
1674270
1674344
1674366
1674389
1674468
1674491
1674509
1674529
1674549
1674571
1674591
1674611
1674632
1675191
1675253
1675274
1675348
1675372
1675395
1675418
1675439
1675460
1675481
1675547
1675585
1675613
1675689
1675726
1675761
1675823
1675927
1675950
1676014
1676041
1676061
1676081
1676104
1676139
1676160
1676225
1676246
1676324
1676350
1676377
1676399
1676462
1676482
1676502
1676537
1676558
1676579
1676600
1676626
1676662
1676997
1677071
1677150
1677171
1677192
1677226
1677247
1677270
1677291
1677385
1677547
1677573
1677598
1677618
1677642
1677662
1678029
1678077
1678103
1678187
1678418
1678439
1678460
1678486
1678507
1678530
1678550
1678647
1678735
1678786
1678809
1678886
1678907
1679208
1679272
1679307
1679332
1679357
1679382
1679409
1679435
1679457
1679481
1679519
1679637
1679699
1679763
1679801
1679821
1679893
1679957
1679982
1680002
1680023
1680044
1680205
1680232
1680298
1680319
1680340
1680362
1680400
1680422
1680562
1680588
1680613
1680711
1680731
1680753
1681040
1681062
1681083
1681148
1681213
1681273
1681353
1681374
1681396
1681417
1681439
1681492
1681519
1681581
1681603
1681624
1683508
1683528
1683543
1683666
1683684
1683779
1683803
1683818
1683885
1683902
1683937
1684000
1684066
1684212
1684258
1684308
1684373
1684394
1684554
1684573
1684616
1917761
1917793
1917830
1917860
1917901
1917923
1917955
1917977
1918025
1918087
1918117
1918136
1918227
1918287
1918329
1918348
1918397
1918446
1918468
1918531
1918551
1918572
1918594
1918628
1918647
1918753
1918780
1918801
1918851
1918911
1918932
1918955
1918979
1919071
1919093
1919114
1919135
1919185
1919204
1919354
1919511
1919561
1919584
1919648
1919712
1919776
1919839
1919861
1919924
2012254
2012292
2012314
2012377
2012398
2012461
2012588
2012651
2070564
2070606
2070663
2070736
2070775
2070851
2070968
2071067
2071090
2071123
2071166
2071192
2071226
2071273
2071371
2071394
2071442
2071467
2071528
2071589
2071650
2071864
2071924
2071947
2071990
2072010
2072029
2072048
2072080
2072142
2072208
2072228
2072279
2072641
2072704
2072753
2072775
2072796
2072858
2072874
2072910
2072994
2073037
2073107
2073179
2073196
2073266
2073629
2073689
2073751
2073784
2073806
2073869
2073891
2073954
2074019
2074041
2074104
2074139
2074202
2074264
2074327
2074390
2074411
2074441
2074502
2074522
2075849
2075870
2075933
2075955
2076006
2076055
2076087
2076108
2076157
2076234
2076392
2076588
2076622
2076656
2076681
2076745
2076809
2077003
2077067
2077142
2077195
2077235
2077255
2077303
2077324
2077387
2077458
2077552
2077754
2077816
2077860
2077909
2077972
2077990
2078011
2078030
2078121
2078145
2078193
2078242
2078305
2078327
2078346
2078574
2078600
2078692
2078712
2078775
2078795
2081032
2081095
2081158
2081248
2081286
2081309
2081336
2081379
2081428
2081460
2100086
2100105
2100121
2100137
2110555
2110587
2110632
2111586
2111608
2111674
2112176
2112206
2112236
2112270
2112321
2112403
2112424
2112455
2112493
2112528
2112552
2112573
2112635
2112684
2112707
2112756
2112791
2112809
2112837
2112854
2112917
2113085
2113114
2113219
2113239
2113301
2113365
2113428
2113448
2113483
2114093
2114117
2114348
2114370
2114405
2114477
2114548
2114626
2114665
2114682
2114744
2114891
2114942
2114962
2115025
2115073
2115150
2115166
2115183
2115207
2115252
2115272
2115357
2115433
2115452
2115501
2115522
2115920
2115955
2115981
2116001
2116034
2116098
2116148
2116364
2116383
2116949
2116974
2117071
2117105
2117167
2117213
2117276
2117308
2117329
2117379
2117443
2117464
2117487
2117521
2117544
2117567
2117590
2117681
2118063
2118190
2118243
2118306
2118384
2118468
2118531
2118594
2118657
2118679
2119214
2119238
2119288
2119379
2119426
2119448
2119511
2119575
2119638
2119660
2119682
2119706
2119728
2119776
2119811
2119860
2119896
2119914
2119936
2120000
2120023
2120102
2120166
2120227
2120262
2120312
2120332
2120395
2120565
2120612
2120721
2120741
2120762
2120825
2120902
2120938
2121016
2121106
2121197
2121260
2122705
2122739
2122815
2122836
2122900
2122960
2122981
2123003
2123024
2123048
2123070
2123085
2123121
2123138
2123168
2123183
2155252
2155294
2155377
2155456
2155477
2155499
2155548
2155575
2155596
2155616
2155650
2155671
2155693
2155763
2155797
2155818
2155951
2155968
2156043
2156075
2156113
2156145
2156206
2156240
2156289
2156324
2156375
2156398
2156422
2156485
2156555
2156636
2156690
2156746
2156783
2156822
2156848
2156885
2157063
2157126
2157145
2157178
2157226
2157261
2157294
2157355
2157387
2157420
2157437
2157470
2157488
2157532
2158393
2158425
2158458
2162911
2164347
2164378
2164401
2164434
2164470
2164502
2164581
2164631
2164664
2164698
2164733
2164777
2164815
2164856
2164893
2164926
2164944
2164990
2165012
2165046
2165083
2165117
2165146
2165242
2165263
2165285
2165308
2165477
2165535
2165567
2165586
2165605
2165646
2165691
2165749
2165769
2165817
2165834
2165854
2165875
2165924
2165959
2165994
2166016
2166039
2166080
2166118
2166157
2166193
2166241
2166279
2166304
2166356
2166394
2166414
2166462
2166493
2166512
2166561
2166622
2166670
2166690
2166740
2166759
2166779
2166840
2166889
2166981
2167030
2167134
2167175
2167198
2167223
2167291
2167346
2167399
2167430
2167468
2168464
2168495
2168733
2168753
2169709
2169757
2169780
2169798
2169829
2230613
2231014
2231427
2231912
2231929
2231975
2232006
2232029
2232051
2232077
2232232
2232540
2232614
2232646
2232714
2232768
2232787
2232808
2232840
2232876
2232899
2232950
2232999
2233098
2233130
2233247
2233267
2233299
2233332
2233365
2233386
2233440
2233871
2233903
2233926
2233964
2234014
2234035
2234072
2234095
2234118
2234143
2234166
2234203
2234224
2234249
2234281
2234315
2234332
2234365
2234398
2234430
2234581
2234838
2234856
2234874
2234893
2234915
2283665
2283680
2283695
2283710
2283725
2283740
2283784
2283803
2283922
2284001
2334152
2334174
2334217
2334233
2334254
2334273
2334292
2334441
2334473
2334563
2334595
2334615
2334679
2334725
2334790
2334853
2335833
2335853
2335870
2335921
2335942
2336035
2336071
2336122
2336140
2336203
2336237
2336260
2336281
2336328
2336364
2336387
2336425
2336462
2336486
2336550
2336575
2336601
2336678
2336716
2336751
2337284
2337347
2337371
2337393
2337416
2337468
2337490
2337541
2337566
2337586
2337621
2337657
2337695
2337718
2337755
2337805
2337984
2338001
2338022
2338077
2338123
2338151
2338197
2338453
2338597
2338629
2338662
2338696
2338728
2338759
2338793
2338816
2338861
2338894
2338927
2338987
2339035
2339066
2339212
2339247
2339294
2339329
2339621
2339709
2339726
2339858
2339893
2339915
2339951
2339988
2340040
2340085
2340119
2340238
2340274
2340295
2340315
2340334
2340648
2340699
2340718
2340751
2341267
2341306
2341324
2341343
2341360
2341386
2341418
2341442
2453530
2453609
2453646
2453666
2453683
2453703
2453723
2453743
2453764
2453785
2453806
2453827
2453848
2453869
2453890
2453911
2453932
2453953
2453974
2453995
2454016
2454037
2454058
2454079
2454100
2454136
2454172
2454208
2454244
2469875
2469906
2469937
2469959
2474816
2474877
2475198
2475371
2482249
2482375
2482424
2482441
2482489
2482521
2482548
2482836
2482855
2482876
2482893
2482928
2482945
2483640
2483719
2483812
2486112
2486128
2486167
2486185
2486479
2486496
2486512
2486533
2486737
2486753
2486773
2487299
2487372
2487448
2487497
3010121
3010141
3010184
3010204
3010247
3011830
3012332
3012369
3012427
3012918
3013061
3013188
3013211
3013457
3014032
3014614
3014641
3014659
3014677
3014753
3014776
3014809
3014854
3014886
3014921
3014940
3014960
3015040
3015068
3015087
3015132
3015176
3015198
3015215
3015261
3015363
3016062
3016086
3016105
3016124
3017220
3017243
3018650
3018669
3018692
3018710
3018756
3018876
3126096
3126113
3126140
3126166
3126223
3126267
3126319
3126350
3126381
3126406
3126431
3126455
3126486
3126507
3126524
3126543
3126571
3126683
3126758
3126778
3126946
3126963
3128989
3129009
3129473
3129490
3129513
3129535
3129556
3129576
3129593
3129627
3129648
3129667
3129685
3129701
3129846
3129872
3129889
3129921
3129974
3129991
3130041
3130056
3130200
3130231
3130263
3130296
3130982
3131019
3131070
3131108
3131143
3131160
3131213
3131238
3131256
3131273
3131310
3131356
3131388
3131406
3131435
3131452
3131467
3131518
3131536
3131555
3177999
3178017
3178407
3178425
3178441
3178489
3178505
3178536
3178555
3178604
3178640
3178671
3178687
3178706
3179031
3179064
3179100
3179136
3179189
3180798
3180827
3180855
3181011
3181028
3181048
3181082
3181100
3181138
3181178
3181216
3181254
3181289
3181323
3181344
3181366
3181382
3181411
3181429
3181449
3181568
3181630
3181646
3181665
3197190
3197208
3197244
3197282
3197388
3197415
3197494
3197535
3197551
3197624
3197660
3197778
3197962
3197987
3198025
3198049
3198074
3198090
3198117
3198138
3198157
3198178
3198323
3198346
3198367
3198385
3199453
3199468
3199537
3200824
3200870
3200894
3200911
3200929
3200963
3202163
3202182
3202199
3202220
3202236
3202485
3203397
3203425
3203442
3203614
3203689
3203716
3203735
3203774
3203794
3203815
3203832
3203870
3203908
3203942
3203984
3204208
3208613
3208856
3208887
3208905
3208922
3208952
3208985
3209012
3209044
3209076
3209109
3209131
3209200
3209217
3229859
3229910
3230894
3230918
3231351
3231374
3231410
3232288
3232308
3232469
3232488
3232509
3232527
3232570
3232587
3232605
3232623
3232651
3232798
3232842
3232862
3232894
3232914
3232940
3233098
3233115
3233134
3233200
3233682
3233978
3234015
3234065
3234175
3234207
3234289
3234314
3234330
3234351
3234384
3234433
3234920
3234939
3234988
3235012
3235050
3235073
3235096
3235130
3235212
3235327
3238794
3238825
3238859
3239825
3239848
3239872
3240063
3240114
3240147
3240166
3240218
3240237
3240262
3240296
3240498
3240531
3240563
3240584
3240744
3240761
3240780
3240803
3241096
3241128
3241167
3249508
3249552
3249582
3249609
3252912
3253080
3253175
3253280
3253496
3253520
3253542
3253600
3253931
3254000
3254228
3254291
3254379
3254394
3254425
3258128
3258147
3258163
3258219
3258268
3258283
3258309
3258529
3258623
3258655
3258688
3258739
3258756
3258829
3258870
3258886
3258933
3258953
3258973
3259008
3259030
3259050
3259069
3259098
3259113
3259134
3259211
3259244
3259292
3259327
3259350
3259373
3259398
3260027
3260044
3260102
3260213
3260248
3260296
3260314
3260329
3260363
3260391
3260408
3260437
3260469
3260485
3260510
3260540
3260580
3262289
3262328
3262345
3262473
3262538
3262586
3262656
3262714
3262757
3262792
3262824
3262840
3262944
3263009
3263032
3263101
3263167
3263345
3263379
3263412
3263472
3263504
3263537
3263569
3263631
3263649
3263667
3263700
3263738
3263783
3263828
3263863
3263881
3263930
3263962
3263981
3264033
3264064
3264082
3264114
3264209
3264256
3264381
3264398
3264417
3265110
3265126
3265149
3265228
3265268
3265299
3265331
3265364
3265409
3265490
3265511
