그건 45690,26173
그것때문에 39676,32093
그것으로 37895,93
그것을 21985,35743|21985,35978|21985,36320|45690,25428
그것이 47905,10303|53592,16497
그다지 21985,35388
그대로 21985,319|24394,309|28478,20730|30024,309|30377,309|36224,311|36224,32927|39242,15078|45690,320|48576,316|52371,802
그대로고 39242,10529
그때문에 39676,32197|45690,20469|45690,23563
그라비드 42049,3089|42049,7053|48345,3081|48345,7059
그라비드d 42049,3229|48345,3219
그라비드d가드 29353,6803
그라비드d그리브 35698,6752
그라비드d레깅스 35698,6823
그라비드d레지스트 29333,6484
그라비드d메일 29333,6374
그라비드d암 29353,6724
그라비드d캡 26312,7196
그라비드d코트 49617,6450
그라비드d폴드 49617,6366
그라비드d헬름 26312,7086
그라비드s가드 29353,16528
그라비드s그리브 35698,16447
그라비드s레깅스 35698,16556
그라비드s레지스트 29333,16433
그라비드s메일 29333,16326
그라비드s암 29353,16422
그라비드s캡 26312,19049
그라비드s코트 49617,16077
그라비드s폴드 49617,15969
그라비드s헬름 26312,18941
그라비드u 42049,8866|48345,8840
그라비드u가드 29353,20226
그라비드u그리브 35698,20192
그라비드u레깅스 35698,20276
그라비드u레지스트 29333,20073
그라비드u메일 29333,19990
그라비드u암 29353,20120
그라비드u캡 26312,23082
그라비드u코트 49617,19755
그라비드u폴드 49617,19672
그라비드u헬름 26312,22966
그라비드x 42049,12636|48345,12632
그라비드x가드 29353,28574
그라비드x그리브 35698,28629
그라비드x레깅스 35698,28744
그라비드x레지스트 29333,28577
그라비드x메일 29333,28478
그라비드x암 29353,28474
그라비드x캡 26312,32302
그라비드x코트 49617,28118
그라비드x폴드 49617,28019
그라비드x헬름 26312,32185
그라비드z 42049,13427|48345,13401
그라비드z가드 29353,30197
그라비드z그리브 35698,30310
그라비드z레깅스 35698,30414
그라비드z레지스트 29333,30216
그라비드z메일 29333,30113
그라비드z암 29353,30104
그라비드z캡 26312,34061
그라비드z코트 49617,29841
그라비드z폴드 49617,29722
그라비드z헬름 26312,33951
그라비드가드 29353,6497
그라비드그리브 35698,6384
그라비드기가로아 39676,22702
그라비드기가하올 39676,19661
그라비드레깅스 35698,6500
그라비드레지스트 29333,6125
그라비드메일 29333,6006
그라비드암 29353,6380
그라비드캡 26312,6837
그라비드코인 29353,23851|30024,27145|33821,1514|35698,8191|41496,28522|42405,2627|42405,8169|49617,20038
그라비드코트 49617,6137
그라비드폴드 49617,6018
그라비드헬름 26312,6720
그라비모스 28478,22637|33821,1472|33821,1504|33821,1524|33821,2288|39242,7737|39242,8149|39572,1263|39572,6326|39572,6352|39572,6380|39572,6408|39572,6439|39572,6466|39572,6495|39572,6527|39572,6556|40740,3029|40740,3045|40740,3065|40740,3212|40740,3229|40740,3243|41496,12239|41496,12276|41496,12624|41496,13325|41496,21977|46577,6246|47905,1837|53592,1474|53592,1486|53592,2469|53592,3569|53592,4634|53592,5726|53592,6776|53592,17052
그라비모스로아 39676,11794
그라비모스의 40740,750|40740,3166|40740,3187
그라비모스하올 39676,9946
그라비스커스 39572,5872
그라비스커스뿌리 39572,5893|39572,6425
그라비톤해머 30024,10546
그라인드클레이모어 52371,17336
그라키파보우ⅰ 28478,4183
그라키파보우ⅱ 28478,4346
그란 39676,13388
그래도 30838,5796|39242,3613|47905,10813
그랜드 53592,9194
그랜드브로스 30377,14433
그랜드슬램 45690,2542
그랜드슬램g 45690,18826
그랜드시져 24394,20797
그러나 28478,21612|28478,22880|30024,37464|39242,2605|45690,21030|45690,21209|45690,23625|45690,23926|45690,25414|45690,26069
그러므로 52371,26838
그럭저럭 30838,2306
그렇게 30024,37720
그렇기 39676,32987
그레네이드보우건 27368,4600
그레네이드보우건改 27368,11382
그레네이드비볼버 27368,24709
그레이메두사 30377,9802
그레이브디가 21985,1891
그레이트노바 30024,9560
그레이트본액스 30024,7617
그레이트시저 24394,19553
그레이트시저g 24394,30278
그레이트콘 30024,19576
그레이트콘g 30024,34949
그레이트쿠쿠리 36224,12516
그레이트폴암 30024,12100
그레이트폴암g 30024,32999
그레이프백파이프 37895,4554|48576,4587
그레이프백파이프g 37895,4617|48576,22566
그로 27368,40195
그룹 37895,618|37895,1193|37895,1760|37895,2581|37895,3015
그리고 24394,35920|39242,2821|39242,4427|41496,33258|41496,33317|45690,21271|45690,22100|48576,25569
그린 53592,3261
그린s저지 35698,11890
그린몬스터 30024,27782
그린저지 35698,287
그린핀 39572,3130
그림 39339,3584|39339,4296
그림자 27609,8284|27609,8590|27609,8874|27609,8979|27609,9385|30838,975|30838,1431|31706,1521|35592,1512|35592,6368|35592,6511|35592,7308|35592,7466|35592,8147|35592,8239|35592,8975|35592,9853|35592,10490|39339,10060|40740,192|40740,1822|40740,1837|40740,2235|40740,2760|41496,29491|53592,3533
그림자한쌍 44611,1300
그만큼 30024,37213|45690,26052
그물 23612,1566|23612,1597|23612,1836|23612,1862|23612,1890|23818,4530|27609,6191|35592,6303|35592,6462|39339,4044|39339,5238|39339,6763|41496,3915|42405,625|46577,2108|48373,8267
그물을 35592,5260
그물의 41496,3901
그외 47905,10734
그자리에서 45690,22136
