천국의빵 44611,1105
천내주 48373,6999
천년게 44611,970
천년동안 53592,13159
천년식칼 36224,5733
천년식칼g 36224,29353
천리안 26312,279|26312,534|26312,596|26312,939|26312,1015|26312,1132|26312,1199|26312,1317|26312,1392|26312,1493|26312,1570|26312,6110|26312,6175|26312,6283|26312,6350|26312,6463|26312,6532|26312,7464|26312,9126|26312,9219|26312,11672|26312,11743|26312,12053|26312,14215|26312,14281|26312,16021|26312,16083|26312,18508|26312,18577|26312,19558|26312,19619|26312,24206|26312,24314|26312,30463|26312,30535|26312,33419|26312,38396|29333,548|29333,622|29333,881|29333,952|29333,1074|29333,1141|29333,5586|29333,5704|29333,5853|29333,7145|29333,7668|29333,7757|29333,10190|29333,12022|29333,13873|29333,13935|29333,16009|29333,16961|29333,17022|29333,21269|29333,25851|29333,27056|29353,543|29353,598|29353,877|29353,982|29353,1090|29353,1155|29353,1271|29353,1391|29353,1501|29353,1623|29353,2620|29353,5816|29353,5879|29353,5985|29353,6050|29353,6150|29353,7702|29353,7791|29353,9958|29353,10274|29353,12161|29353,13818|29353,16022|29353,16089|29353,17049|29353,17108|29353,17968|29353,21230|29353,21346|29353,25814|29353,27069|29353,29514|35698,541|35698,614|35698,884|35698,954|35698,1065|35698,1131|35698,1248|35698,1360|35698,1669|35698,5897|35698,5961|35698,6072|35698,6226|35698,7845|35698,7936|35698,9896|35698,10213|35698,10359|35698,12198|35698,13860|35698,16106|35698,17074|35698,17134|35698,21374|35698,21490|35698,27186|37895,445|37895,6001|37895,8670|37895,10499|47905,6039|48373,8465|48576,12849|48576,13315|48576,24594|49617,684|49617,756|49617,1018|49617,1121|49617,2692|49617,5521|49617,5584|49617,5693|49617,5841|49617,7128|49617,7219|49617,9260|49617,9578|49617,9729|49617,11657|49617,11729|49617,13369|49617,15628|49617,16606|49617,16665|49617,17574|49617,20772|49617,20887|49617,25308|49617,26533|49617,29090|49617,29160
천리안술 39242,9213
천리안약의 39242,9235
천리안의 42405,3348|42405,4825|42405,5835|42405,7082
천리안의약 23612,5963|23818,753|23818,4209|27609,992|27609,4841|27609,6343|27609,6370|31706,1887|31706,2364|31706,3037|31706,3475|31706,4256|39339,4038|39339,4718|41496,1574|42405,1676|42405,1836|46577,2018|48373,8484
천리안의약과 47905,6185
천리주 35592,7442|35592,9838|35592,11273|48373,8461
천붕 28478,16163
천산채조합티켓 41496,29930|42405,3127|42405,4620|42405,5634|42405,6886|42405,8750|42405,9227|42405,9600
천상천하무쌍도 52371,8439
천상천하천지무쌍도 52371,8638
천순주 35592,7286|35592,7433|48373,2571
천유주 48373,8808
천의 39242,15301
천일주 44611,1231
천정에 40740,2778|40740,5790
천지 30377,17678|36224,23307|53592,2631
천지수렵의문장 53592,15338
천채 53592,5059
천하를 39339,9796|40740,5940
천하무쌍도 52371,8259
