ôdate 53536,205009
ôdav 53536,27420|53536,69966
ôrootedö 53536,158802
ô³ 36858,1569|36858,1711|36858,2446|36858,3622|36858,5201|36858,5254|36858,5268|36858,5300|36858,5323|36858,5342|36858,5431|36858,5577|36858,5665|36858,5718|36858,5732|36858,5759|36858,5778|36858,5793|36858,5865|36858,6015|36858,6029|36858,8107|36858,10589|36858,10731|36858,10889|36858,14092|36858,14793|36858,14832|36858,14851|36858,14866|36858,14885|36858,14904|36858,14992|36858,17763|36858,21467|36858,31304|36858,39468|36858,42619|36858,45806|45627,1117|45627,2628|45627,2680|45627,2694|45627,2719|45627,2734|45627,2757|45627,2983|45627,3160|45627,3405|45627,4666|45627,4885|45627,4937|45627,4951|45627,4978|45627,4993|45627,11143|45627,14154|45627,14264|45627,14279|45627,14828|45627,21893|45627,22283
ô¹ßåé 36858,8611|36858,9342|36858,18208|36858,18674|45627,7326|45627,7901|45627,12520|45627,18754
ô¼ò 36858,2763|36858,9642|45627,8186
ôàç 45627,18582|45627,19233
ôáß 36858,36236|36858,36437|36858,36470|36858,37025|36858,41095|36858,47381
ôáßá 36858,36184|36858,36453|36858,36843|36858,36961|36858,36994|36858,41123
ôáö 36858,36693|36858,36727|36858,37058|36858,46837
ôáöá 36858,36757|36858,37116
ôáý 36858,8600|36858,9331|36858,18197|36858,18663|36858,20670|36858,36590|36858,36786|45627,12542|45627,24670
ôã 36858,18219|36858,18685|36858,36561|45627,18743|45627,19416|45627,24681
ôèø 36858,42836|36858,43102|36858,47662
