0
20
231
332
362
404
430
449
491
549
975
991
1016
1033
1053
1357
1438
1457
1516
1536
1556
1588
1629
1697
1775
1820
1862
1904
1925
1947
1970
2005
2029
2049
2069
2090
2111
2133
2172
2217
2240
2260
2345
2363
2379
2421
2439
2460
2505
2525
2619
2640
2661
2683
2703
2722
2741
2761
2803
2917
2937
2969
3011
3056
3088
3106
3130
3160
3179
3199
3223
3241
3260
3280
3298
3316
3336
3358
3375
3404
3425
3445
3465
3485
3505
3524
3545
3565
3586
3610
3633
3654
3805
3829
3881
3900
3921
3941
3961
3994
4026
4061
4080
4114
4134
4159
4178
4195
4238
4266
4299
4320
4342
4427
4445
4466
4490
4508
4549
4567
4594
4614
4635
4656
4677
4697
4717
4734
4757
4774
4817
4840
4872
4891
4912
4932
4949
4967
5049
5070
5088
5114
5147
5194
5265
5283
5314
5385
5414
5494
5511
5530
5577
5678
5695
5728
5746
5773
5789
5924
62640
62669
62810
62837
62856
62875
63349
63375
63465
63493
63517
63583
63601
63627
63653
63679
63701
63782
63800
63820
63840
63870
63894
63920
63988
64042
64081
64146
64198
64240
64288
64313
64363
64384
64816
64844
64881
64901
64934
64957
64977
64998
65095
65109
65133
65155
65177
65198
65797
65830
65857
65888
65907
65927
66492
66512
66532
66629
66657
66676
68546
68574
68601
69255
69298
69360
69381
69404
69436
69454
69473
69515
69993
70014
70035
70132
70204
72233
72291
72329
72352
72369
72387
72405
72422
72442
72461
72634
72657
73322
73342
73363
73460
73477
73499
73520
73538
74836
74859
74878
74897
74919
74942
74961
74985
75033
75057
75105
75136
75180
75277
75320
75365
75418
75461
75512
75528
75590
75888
75909
75933
75956
75975
75998
76016
76038
76068
76094
76120
76146
76172
76198
76224
76250
76276
76295
76321
76347
76373
76399
76426
76446
76469
76512
76563
76584
76600
76621
76656
76700
77260
77304
77336
77387
77439
77459
77492
77515
77556
77696
77835
77862
77889
77916
77942
77968
77994
78020
78046
78072
78099
78126
78153
78180
78207
78234
78261
78288
78315
78342
78369
78396
78423
78450
78487
78514
78541
78578
78605
78632
78669
78696
78723
78750
78777
78804
78841
78868
78895
78922
78949
78986
79013
79050
79077
79104
79131
79158
79185
79212
79239
79266
79293
79320
79347
79374
79401
79428
79455
79482
79509
79536
79563
79589
79615
79641
79667
79693
79719
79745
79771
79798
79824
79850
79893
79944
79988
80040
80084
80127
80178
80241
80322
81888
81916
81965
81986
82110
84538
84556
84589
84615
84643
84676
84850
84889
84917
85013
85036
85062
85088
85114
85140
85166
85192
85218
85244
85270
85296
85322
85348
85374
85400
85426
85452
85478
85504
85530
85556
85582
85608
85634
85660
85686
85712
85738
85764
85790
85816
85837
85880
85924
85968
86011
86055
87760
87831
87873
87908
88036
88054
88080
88137
88185
88327
88353
88383
88414
88488
88517
88537
88557
88577
88597
88629
88647
88667
88686
88706
88726
88766
88796
88883
88903
88923
88943
88998
89018
89038
89206
89226
89246
89295
89315
89335
89355
89375
89395
89416
89436
89456
89477
89507
89522
89630
89652
89693
89729
89781
89815
89835
89853
89874
89894
89913
89934
89954
89974
90004
90024
90069
90086
90116
90976
95746
95766
121436
121456
121476
121496
121517
121537
121577
121797
121827
121854
121871
121890
121909
121927
121947
121967
121987
122008
122028
122048
122068
122154
122169
122189
122209
122229
122248
122288
122308
122328
122417
122437
122457
122546
122562
122582
122602
122662
122682
122701
122722
122742
122762
122783
122803
122823
122844
122861
122882
122974
122995
123014
123106
123126
123146
124412
124499
124520
124611
124631
124651
124671
124691
124711
124731
124752
124772
124792
124812
124832
124851
124868
124902
124939
125076
125136
125284
125340
125971
126006
126039
126086
126111
126135
126150
126188
126205
126222
126237
126301
126341
126359
126385
126419
126458
126495
126513
126536
126554
126585
126622
126655
126682
126704
126734
126761
126777
126816
126871
126904
126923
127025
127043
127073
127127
127146
127432
127604
127635
127652
127666
127683
127699
127734
127811
127883
127899
127917
127945
127974
127992
128019
128364
128397
128425
128441
128462
128495
128539
128557
128674
128772
128799
131094
131110
131131
131151
131179
131238
131259
131291
131345
131363
131384
131437
135172
135187
135241
135285
135302
135645
135671
135686
135713
136038
136135
136150
136166
136303
136329
136345
136361
136544
136571
136587
137242
137262
137321
137367
137426
137679
137699
137719
137739
137759
137779
137799
137819
137839
137859
137879
137899
137920
137940
137960
137980
138013
138033
138053
138069
138084
138590
138661
138681
138702
138723
138744
138774
138807
138827
138846
138866
138886
138906
138926
138946
138977
139070
139906
139940
140186
140203
140218
140239
140259
140279
140299
140319
140339
140360
140380
140400
140420
140440
140461
140482
140502
140522
140542
140562
140582
140603
140621
140649
140669
140689
140709
140730
140750
140770
140790
140893
141216
141237
141257
141277
141298
141319
141339
141354
141369
141895
141925
141946
141965
141985
142005
142026
142055
142076
142096
142116
143142
143162
143182
143203
143224
143245
143275
143295
143316
143336
143356
143376
143396
143417
143438
143459
143479
143497
143518
143538
143559
143579
143599
143619
143679
143700
143721
143741
143761
143851
143871
143891
143916
143933
143953
143972
143992
144012
144032
144052
144071
144091
144111
144127
144144
144180
144214
144258
144288
144592
145125
145380
145406
145427
145444
145474
145498
145514
145556
145637
145663
145715
145759
145777
145797
145815
145832
145853
145869
145888
145915
145937
145959
145982
146012
146037
146084
146103
146227
146241
146273
146319
146333
146362
146402
146431
146460
146478
146496
146601
146627
148105
148126
148145
148172
152166
152290
152417
152433
152488
152506
152521
152541
152562
152582
152683
152703
152724
152763
152850
152870
152959
153046
153067
153087
153164
153192
153261
153281
153300
153316
153772
153854
153902
153922
153942
153972
153992
154012
154032
154121
154141
154196
154215
154235
154255
154276
154403
154424
154450
154470
154559
154579
154597
154684
154704
154725
154814
154834
154855
154873
155259
155286
155307
155327
155416
155446
155496
155512
155530
155550
155570
155590
155610
155640
155660
155680
155700
155716
155733
155751
156777
156797
156817
156837
156949
156970
156990
157010
157031
157051
157072
157092
157112
157133
157153
157183
157201
157217
157235
157841
157861
157881
157902
157932
157952
157972
157992
158011
158032
158053
158074
158095
158115
158134
158154
158194
158215
158235
158256
158296
158316
158336
158356
158377
158397
158417
158437
158453
158471
158491
158511
158553
158573
158593
158613
158643
158663
158682
158702
158848
158868
158888
158908
158928
158948
158968
158988
159018
159039
159059
159074
159100
159130
159206
159249
159269
159318
159334
159867
159951
159967
159991
160013
160033
160062
160089
160135
160151
160172
160200
160214
160244
160310
160363
160425
160466
160491
160512
160537
160553
160575
160591
160618
160639
160655
160674
160711
161133
161281
161478
161516
161565
161608
161627
161649
161675
162020
163797
163830
163853
163868
163890
163927
163954
163982
164009
165368
165389
165421
165461
165561
165596
165677
165740
165761
165779
165809
165830
165850
165870
165890
165910
165930
165951
165969
166505
166534
166588
166608
166628
166648
166668
166698
166719
166739
166760
166781
166802
166832
166886
166907
166927
166947
166967
166987
167008
167028
167048
167068
167096
167115
167145
167164
167181
167223
167238
168304
168318
168339
168359
168379
168400
168421
168452
168472
168493
168513
168533
168554
168574
168595
168635
168655
168675
168695
168722
168744
168774
168910
168938
168958
168979
168999
169019
169040
169060
169081
169102
169122
169142
169163
169183
169200
169223
169241
169261
169623
169643
169673
169693
169713
169734
169754
169774
169794
169814
169834
169855
169887
169909
170675
170695
170716
170737
170757
170817
170837
170858
170878
170899
170928
170946
170965
171031
171158
171188
171208
171228
171248
171268
171287
171305
171335
171355
171376
171397
171417
171438
171458
171478
171494
171511
171907
171925
171946
171966
171986
172006
172027
172048
172067
172087
172107
172127
172144
172183
175328
175348
175388
175408
175428
175448
175466
175486
175507
175528
175548
175586
175642
175686
175797
176400
176612
176632
176658
176694
176715
176735
176756
176774
176803
176821
176854
176872
176948
176964
177013
177197
177224
177240
177256
177302
177316
177331
177486
177501
177517
177538
177555
177570
177594
177642
178918
178939
178967
180386
180402
180424
180439
180460
180945
180965
180985
181025
181085
181239
181260
181280
181300
181320
181350
181370
181390
181410
181460
182986
183094
183114
183134
183154
183174
183194
183210
183231
183251
183272
183292
183312
183332
183349
183364
183391
183410
183430
183450
183470
183491
183540
183560
183590
183620
183641
183661
183681
183701
183721
183739
183759
183779
183800
183820
183860
183880
183910
183931
183951
183971
184036
184091
184145
184172
184193
184213
184230
184250
184270
184291
184311
184331
184351
184371
184391
184410
184430
184450
184470
184500
184521
184541
184558
184575
184631
184668
184795
184849
184869
184889
184910
184930
184951
184971
184991
185011
185032
185768
185787
185808
185828
185846
185866
185886
185907
185927
185947
185967
185987
186017
186037
186057
186077
186097
186117
186147
186173
186309
186329
186349
186370
186389
186409
186430
186449
186469
186509
186530
186551
186571
186591
186621
186641
186668
186685
186704
186743
186763
186784
186804
186824
186854
186894
186915
186935
186955
186985
186999
187017
187036
187392
187419
187440
187470
187490
187520
187541
187561
187581
187611
187632
187652
187671
187691
187711
187728
187784
187812
187860
187911
187938
188521
188571
188611
188635
188654
188691
188707
188724
188745
188788
188803
188823
188841
188871
188889
188911
188933
188974
189038
189087
189102
189120
189138
189160
189176
189191
195216
195398
195454
195469
196539
196560
196576
196592
196638
198278
198305
198335
198389
198404
198553
198571
198812
198878
198898
198918
199126
199146
199166
199186
199235
199255
199275
199295
199315
199335
199355
199426
199443
199597
199615
199630
199647
199665
200271
200380
200398
200416
200435
200773
200790
200810
200830
200850
200870
200890
200910
200931
200951
200971
200991
201011
201031
201051
201071
201089
201109
201130
201149
201168
201198
201235
201272
201307
201327
201347
201377
201398
201418
201438
201458
201479
201521
201541
201571
201591
201611
201631
201661
201807
201828
201848
201868
201898
201918
201938
201957
201977
201998
202018
202038
202058
202078
202098
202116
202166
202186
202206
202226
202276
202297
202318
202338
202359
202379
202399
202419
202439
202459
202479
202500
202520
202643
202663
202684
202704
202724
202744
202763
202783
202803
202833
202863
202883
202903
203449
207409
207427
207448
207468
207488
207509
207530
207551
207600
207620
207640
207660
207681
207702
207723
207743
207763
207783
207803
207820
207838
207868
208994
209048
209079
209099
209119
209139
209160
209180
209201
209222
209242
209262
209278
209296
209320
209340
209360
209380
209401
209421
209470
209491
209511
209532
209552
209572
209593
209613
209633
209703
209743
209763
209903
210523
210563
218793
218813
218833
218853
218923
218953
218974
219024
219044
219064
219084
219114
219134
219154
219170
219219
219248
219840
219859
219934
219954
219973
219990
220011
220030
220057
220073
220089
220114
220137
220157
220175
220195
220221
220243
220261
220286
220313
220339
220357
220380
220395
220471
220568
220584
220721
220736
220757
220772
220787
220803
220893
220928
221109
221149
221164
221191
221218
221236
221251
222489
222510
222537
222566
225944
226047
226063
226091
226121
226279
226299
226319
226339
226359
226380
226407
226703
227219
227247
227268
227308
227329
227349
227371
227391
227412
227431
227454
227602
227632
227651
227671
227692
227713
227731
227751
227772
227792
227813
227829
227850
227871
227891
227911
227931
227952
227978
227998
228018
228039
228059
228080
228100
228120
228140
228170
228191
228211
228231
228247
228603
228623
228643
228664
228684
228705
228725
228746
228766
228786
228806
228836
228856
228875
228895
228915
228934
229150
229171
229192
229212
229233
229250
229270
229290
229324
229504
229522
229542
229572
229592
229613
229653
229672
229692
229712
229732
229753
229774
229794
229814
229835
229855
229883
229918
229934
230008
230640
230675
230699
230719
230740
230763
230779
230805
230822
230838
230859
230890
230939
230966
230982
231003
231029
231047
231078
231101
231127
231176
231203
231236
231259
231274
231303
231322
231362
231377
231484
231500
231522
231544
231566
231582
231847
231869
231884
231903
233182
234971
234987
235010
235057
235150
235277
235297
235428
235448
235468
235488
235509
235530
235560
235581
235991
236018
236464
236502
236523
236543
236564
236584
236604
236624
236645
236672
236699
236730
237073
237093
237113
237133
237154
237174
237198
237219
237236
238192
238212
238233
238263
238283
238303
238333
238413
238433
238453
238529
238545
238562
238698
238749
238770
238790
238809
238829
238850
238871
238960
238986
239001
239079
239099
239162
239183
239204
239224
239244
239265
239285
239586
239873
239894
239915
239935
239955
239978
240003
240025
240042
240058
240114
240135
240155
240175
240195
240215
240236
240256
240275
240295
240315
240365
240394
240422
240446
240473
240490
240796
240816
240846
240867
240896
240922
240940
240967
240985
241001
241017
241038
241078
241107
241127
241167
241188
241209
241229
241269
241290
241310
241339
241355
241415
242059
242107
242131
242175
242205
242228
242245
242289
242325
242344
242371
242397
242432
242456
242482
242523
242609
242631
242650
242666
244971
245026
245057
245091
245128
246396
246432
246464
246488
248126
248149
248198
248217
248259
248279
248319
248339
248360
248381
248402
248421
248442
248462
248511
248534
248558
248580
248616
248649
257815
257886
257906
257927
257957
257977
257998
258015
258035
258086
258115
258135
258155
258184
258204
258224
258244
258264
258285
258304
258334
258354
258374
258394
258410
258431
258471
258492
258513
258533
258551
258581
258597
258627
258648
258668
258689
258709
258729
258750
258770
258835
258864
258904
259166
259187
259227
259267
259316
259337
259358
259378
259399
259420
259440
259461
259481
259501
259521
259614
259635
259656
259676
259696
259717
259737
259757
259777
259807
259828
259849
259879
259899
259923
259941
259962
259982
260002
260023
260053
260072
260092
260122
260143
260163
260190
260207
260230
260248
260265
261411
261432
261452
261472
261492
261513
261533
261553
261574
261594
261615
261635
261675
261744
261771
262404
262432
262458
262497
262513
262563
262611
262631
262647
262678
262733
262761
262785
262802
262830
262851
262867
262884
262907
262935
262951
262971
262990
263031
263072
263088
263140
263156
263173
263189
263208
263251
263273
263331
267916
267932
267947
267976
269143
269170
269199
269218
269240
273109
273132
273238
273258
273278
273308
273329
273349
273369
273390
273410
273431
273452
273469
273499
273519
273537
273557
273577
273598
273668
273688
273708
273729
273765
273785
273813
273834
273854
273874
273894
273915
273936
273956
273976
273996
274017
274047
274068
274089
274108
274133
274159
274178
274208
274227
274247
274267
274287
274308
274328
274346
274365
274386
274406
274426
274444
274464
274485
274505
274525
274544
274564
274584
274601
274650
274671
274690
274710
274730
274760
274781
274802
274842
274862
274887
274917
274936
274957
274978
275008
275028
275049
275069
275089
275111
275135
276181
276196
276224
276241
276261
276291
276312
276332
276353
276373
276421
276441
276461
276482
276512
276532
276562
276622
276642
276662
276681
276701
276722
276742
277382
277468
277484
277520
277539
277574
277612
277656
277692
277710
277727
277761
277786
277805
277826
277843
277886
277906
277936
277955
277986
278183
278200
278234
278254
278469
278485
278507
278522
279693
279710
280920
280943
280957
280971
281054
281071
281087
281104
281119
281136
281153
281172
281194
281221
283013
283028
283055
283096
283110
283126
283175
283190
283247
283280
283315
283411
283429
283460
283475
283492
284831
284864
284909
284937
284959
285004
285031
285051
285067
285091
285155
285186
285243
285266
285293
285316
285345
285367
285393
285428
285456
285472
285554
285574
285598
285626
285658
285677
285695
285732
285750
285784
285807
285859
285904
285918
285967
285982
286012
286027
286046
286061
286273
286298
286313
286330
286344
286361
286387
286404
286443
286489
286521
286564
286589
286620
286643
286665
286690
286724
286756
286773
286794
286812
286836
286862
286886
286910
286939
287030
287065
287085
287105
287126
287168
287194
287221
287238
287255
288195
288212
288228
288244
288260
288283
288390
288422
288459
288541
288556
288577
288596
288628
291148
291164
291214
291264
291312
291363
291414
291464
291511
291562
291613
291664
291715
291776
291827
291878
291929
291980
292031
292082
292133
292181
292229
292277
292325
292373
292421
292469
292517
292566
292615
292665
292715
292765
292815
292865
292925
292985
293033
293081
293142
293192
293242
293292
293341
293402
293451
293500
293549
293599
293649
293699
293749
293799
293849
293910
293960
294009
294058
294108
294157
294207
294257
294307
294355
294415
294464
294514
294563
294613
294663
294800
294850
294900
294950
294997
295044
295091
295139
295187
295235
295283
295331
295379
295427
295475
295523
295571
295619
295667
295715
295763
295811
295859
295907
295955
296003
296051
296099
296147
296195
296244
296293
296342
296391
296451
296500
296549
296598
296647
296696
296745
296794
296843
296892
296941
296990
297039
297088
297137
297186
297235
297295
297355
297403
297451
297510
297559
297609
297659
297709
297759
297809
297859
297909
297959
298009
298059
298109
298159
298209
298259
298309
298360
298411
298462
298513
298564
298614
298664
298714
298764
298814
298864
298915
298966
299017
299068
299119
299170
299221
299271
299321
299370
299419
299468
299517
299566
299616
299666
299726
299774
299822
299883
299933
299983
300033
300094
300109
300159
300209
300259
300309
300359
300409
300459
300509
300559
300608
300657
300706
300755
300804
300853
300902
300951
301000
301048
301096
301144
301193
301242
301291
301340
301389
301438
301487
301536
301585
301633
301681
301729
301777
301825
301873
301921
301969
302017
302065
302113
302161
302209
302257
302305
302353
302401
302449
302497
302545
302593
302641
302689
302737
302785
302833
302882
302931
302980
303029
303078
303127
303176
303225
303274
303323
303372
303421
303470
303519
303568
303617
303666
303715
303764
303813
303862
303911
303960
304009
304058
304107
304156
304205
304254
304303
304352
304401
304450
304499
304548
304597
304646
304695
304744
304793
304842
304891
304940
304989
305038
305087
305136
305185
305234
305283
305332
305381
305430
305479
305528
305577
305626
305675
305724
305773
305822
305871
305920
305969
306018
306067
306116
306165
306214
306263
306312
306361
306410
306458
306506
306554
306602
306650
306698
306746
306794
306842
306890
306938
306986
307034
307082
307131
307180
307229
307278
307327
307376
307424
307473
307522
307571
307620
307669
307718
307767
307816
307865
307914
307963
308012
308061
308110
308159
308209
308259
308309
308359
308408
308459
308510
308561
308612
308663
308724
308774
308824
308875
308926
308975
309025
309075
309125
309175
309225
309275
309325
309375
309425
309485
309535
309596
309646
309707
309757
309818
309868
309929
309979
310029
310079
310129
310190
310240
310301
310351
310412
310462
310523
310573
310634
310684
310745
310795
310845
310906
310956
311017
311067
311117
311167
311217
311267
311317
311367
311417
311467
311517
311567
311617
311667
311717
311767
311817
311867
311917
311967
312028
312078
312128
312179
312230
312280
312328
312379
312430
312481
312532
312594
312643
312692
312752
312802
312852
312902
312952
313002
313052
313102
313152
313202
313252
313302
313352
313402
313452
313502
313552
313601
313650
313701
313752
313803
313854
313905
313956
314007
314058
314107
314168
314218
314268
314318
314379
314429
314479
314528
314577
314626
314675
314725
314775
314825
314875
314925
314975
315025
315075
315125
315175
315225
315275
315326
315377
315427
315475
315526
315577
315628
315679
315741
315802
315863
315924
315985
316046
316107
316168
316217
316266
316315
316364
316413
316462
316511
316572
316621
316670
316719
316768
316818
316868
316918
316968
317018
317068
317118
317168
317218
317268
317318
317368
317418
317468
317518
317568
317618
317668
317718
317779
317829
317880
317930
317981
318032
318094
318145
318196
318247
318296
318344
318394
318444
318494
318545
318594
318630
318691
318741
318802
318852
318902
318963
319013
319064
319115
319165
319213
319264
319315
319366
319417
319479
319528
319577
319627
319688
319749
319799
319849
319899
319949
319998
320045
320095
320145
320195
320245
320306
320354
320402
320450
320499
320548
320599
320650
320701
320752
320802
320820
320840
320856
320906
320955
321004
321054
321104
321153
321200
321250
321300
321350
321400
321461
321521
321570
321618
321678
321738
321786
321834
321883
321943
321993
322650
322938
322987
323115
323135
323202
323222
323844
324301
324330
324353
324383
324418
324431
324447
324502
324533
324582
324604
324640
324669
324691
324722
324740
324761
324816
324832
324923
324951
324984
325011
325030
325086
325102
325232
325258
325274
347041
347055
347201
347217
347234
347264
347283
347298
347327
347420
347447
347482
347498
347514
347548
373380
373439
373456
373482
373509
373527
373542
373568
373724
373740
373803
373875
373892
373909
373946
373974
374197
374215
374229
374895
374915
374933
384887
384907
384948
384964
384989
388625
388640
388662
399826
399847
399864
399881
399934
399963
399985
400000
422766
422794
422823
422851
422887
422922
422939
422957
422974
422991
423007
423030
423046
423063
423076
423104
423168
423193
423218
423244
423268
423293
423318
423344
423361
423382
423420
423444
423465
423484
423505
423530
423556
423584
423617
423635
423673
423699
423724
423743
423777
423810
423837
423868
423888
423925
423950
423980
424011
424033
424053
424070
424094
424119
424135
424148
424183
424205
424238
424263
424296
424313
424368
424410
424441
424461
424481
424505
424529
424559
424580
424617
424643
424668
424733
424751
424820
424837
424853
424894
425276
425291
425378
425397
425445
425485
425614
425631
425649
425664
426042
426616
427173
427187
427492
427513
427574
427642
429035
429101
429118
429191
429209
429224
429409
429427
429443
429470
429533
429558
429576
429591
429608
429719
429776
429833
429849
429863
429878
429905
429926
429978
430016
430031
460749
460853
461223
461239
461289
461306
461421
461437
461451
461465
461481
461494
461538
461586
461601
461618
461633
461655
461676
461695
461754
461802
461882
461932
461982
462032
462052
462068
462084
462398
462415
462448
462472
462491
462507
462566
462583
462634
462648
462787
462812
462827
462852
462867
462882
462944
462972
462988
463002
463019
463033
463059
463163
463177
463193
463206
463221
463348
463363
463411
463427
463455
463481
463497
463513
463528
463567
463646
463662
463678
463695
463713
463752
463781
463799
463816
