시간 30024,37255|30024,37268|30838,5526|30838,6549|33821,640|33821,1738|33821,2426|33821,3899|33821,4791|33821,5407|39572,295|40740,150|40740,167|40740,1742|40740,1759|40740,4737|40740,4754|40740,5429|40740,5446|40740,6185|40740,6202|40740,7248|40740,7265
시간에는 45690,25168
시간은 39242,9311
시간을 39242,8500|47905,5679
시간이 21985,36307|21985,36796|27609,258|28478,21352|37895,1681|39242,781|39242,11092|39242,11231|39242,13344|44611,5065|44611,5101|45690,23072|45690,25113|45690,25515|47905,1508|47905,1538|47905,1593|47905,1623|47905,2475|47905,5097|47905,5144|47905,5521|47905,5744|47905,7980|47905,9493|47905,9540|47905,9590|53592,12096
시간차를 40740,87
시리즈 47905,1847
시리즈내 53592,10073|53592,10134
시리즈명칭 42049,166|42049,2215|42049,3344|42049,4828|42049,7174|42049,8989|42049,10963|42049,13536|48345,168|48345,2178|48345,3328|48345,4818|48345,7168|48345,8950|48345,11014|48345,13508
시선 23818,5577|23818,5641|40740,5010|40740,5049
시선이 28478,23312|39676,33109
시설명 35592,99
시설을 53592,11062|53592,11086|53592,11114|53592,11139|53592,11168|53592,11195|53592,11221|53592,11249|53592,11276|53592,11299|53592,11326|53592,11352
시설의 35592,76
시스템 31706,3824|39242,80
시야를 41496,3224|41496,3535
시야에서 41496,3206
시에 45690,19690
시원한고기 23612,800|41496,2747|42405,2244|42405,2684|42405,6243|49617,6823
시의 41496,9571|41496,9646|47905,6609|52371,26931
시작 21985,37414|23612,7540|23818,5815|24394,36164|26312,38513|27368,40558|27609,9559|28478,23610|29333,34301|29353,34188|30024,38494|30377,30188|30838,8490|31706,6244|33821,6146|35592,12190|35698,34371|36224,33077|37895,9318|37895,11931|39242,9260|39242,15757|39339,10186|39572,6613|39676,33534|40740,8455|41496,33572|42049,15576|42405,10055|44611,4940|44611,8042|45690,26234|46577,6324|47905,6154|47905,11020|48345,15650|48373,9390|48576,26971|49617,33718|52371,27130|53592,17811
시작시 39242,9225
시작은 30377,29606|48576,25623
시작하면 30377,28360
시작후 39242,11458
시저건랜스 21985,17072|45690,10422
시저캐논 45690,10687
시저캐논g 45690,18645
시점에서 35592,3418|35592,4602
시점이 27368,39670|39676,31654
시제품 35592,5513
시제품형벌집 35592,1203|35592,1297
시체를 39242,1007|39242,1035
시켜 39242,11784
시켰다 53592,11402|53592,11441|53592,11480
시키는 30024,37000
시킬 39242,5730
시한폭탄 41496,4317
시한폭탄30 41496,4364
