효과 23612,6680|23612,6686|23612,7112|27609,255|28478,19798|28478,21452|30377,28789|30838,5025|30838,5076|30838,5125|30838,5181|30838,5273|30838,7772|37895,101|37895,145|37895,275|37895,420|37895,532|37895,639|37895,1212|37895,1678|37895,1778|37895,2599|37895,3035|37895,3847|39242,6527|39242,6609|39242,6661|41496,96|41496,1439|41496,1497|41496,2727|41496,2796|41496,3779|41496,6861|41496,6874|41496,7048|41496,7461|41496,7471|41496,7843|41496,8915|41496,10381|41496,11488|41496,11828|41496,11890|41496,27564|41496,28970|41496,30688|41496,31479|44611,1363|44611,3188|44611,3252|44611,3436|44611,3925|44611,3978|44611,3999|44611,4102|44611,5016|44611,5592|44611,5614|47905,1681|47905,6195|48373,51
효과가 23612,6566|23612,6622|23612,6645|28478,19890|30024,36423|30024,37452|30838,2334|37895,1726|39242,737|39242,9339|39242,14471|39242,14514|39242,15348|41496,3237|41496,3254|41496,3317|41496,3544|41496,6830|44611,3067|44611,5869|47905,1424|47905,1453|47905,1767|47905,6929
효과는 30838,309|37895,80|37895,1615|39242,14577|44611,3117|44611,5837|45690,25337
효과도 39242,14535
효과도는 45690,23785
효과량 47905,9102|47905,9172
효과로 48576,25872
효과를 23612,6445|28478,22458|30377,28808|30838,4577|39242,9241|41496,11382|47905,8169|47905,8216|47905,9082|47905,9112|47905,9152|47905,9181|48576,26281
효과범위 41496,2018|41496,5932|41496,5990|41496,6066|41496,6135
효과시간 37895,109|37895,151|37895,281|37895,426|37895,538|37895,647|37895,1220|37895,1786|37895,2607|37895,3043
효과시간은 37895,44
효과시간이 47905,9622
효과에 23612,7081|47905,6457
효과와 37895,1631|47905,8614
효과을 37895,1661
효과의 39242,14550|41496,7701
효과이므로 39242,13016
효과적으로 48576,26390
효과적이다 30377,29030|48576,26809
효과적인 45690,24001
효과지속 26312,1835|26312,1938|26312,4797|26312,4866|26312,8138|26312,11680|26312,11751|26312,14894|26312,14998|26312,22378|26312,22440|26312,25538|26312,25603|26312,35681|26312,35756|26312,36056|26312,36129|29333,1739|29333,4427|29333,9817|29333,12653|29333,12759|29333,19423|29333,22424|29333,31890|29333,32156|29353,1852|29353,4704|29353,9974|29353,12768|29353,19561|29353,22420|29353,31697|29353,32036|29353,32904|35698,1908|35698,4740|35698,9912|35698,12927|35698,19623|35698,22560|35698,31994|35698,32066|35698,32332|35698,32401|35698,33137|47905,8904|48373,6599|48373,6649|48373,6699|48373,6967|48373,7009|48373,7056|49617,1902|49617,9276|49617,12329|49617,21977|49617,31306|49617,31375|49617,31625|49617,31686
효력을 41496,1812
효안 27368,27686
효율이 24394,35124|30838,359|30838,4733|39242,4403
효율적으로 30024,38127
효율적이므로 39242,11176
효율적입니다 39242,11287
효환 26312,11936|26312,25612|26312,28218|26312,37788|29333,10076|29333,22509|29333,24961|29333,33688|29353,10162|29353,22543|29353,24963|29353,33598|35698,10100|35698,22640|35698,25058|35698,33812|42049,4205|42049,9801|42049,10689|42049,15192|49617,9464|49617,22056|49617,24516|49617,33149
