플러스 36224,32172|47905,2833
플레어 45690,6430
플레이 27368,40340|33821,491|39242,10861|39676,32368|45690,20870|53592,12092
플레이라면 28478,23116
플레이를 39242,14448|39242,15325
플레이시 52371,27088
플레이시는 28478,23403
플레이어 39242,13246|48576,25844
플레이어가 39242,6627|39242,9229
플레이어나 47905,9090|47905,9160
플레이어를 39242,2305
플레이어에게 39242,4325|39242,10707
플레이어와 39242,6486|39242,6568|39242,6680|39242,6763|39242,10595
플레이어의 39242,9756|45690,25227
플레이에서 48576,25522
플레이의 39242,1252
플레이인데도 28478,23345
플미넌트 24394,5032
플미넌트블레이드 24394,4839
플미넌트소드 24394,4616
