ébplist00 24362,4295|24362,4856|24362,5155
échanger 50198,180360
échec 50198,128879|50198,145087|50198,145130|50198,145465|50198,155735|50198,156218|50198,156276
échell 50198,186339
échoua 50198,145300
échoue 50198,89584|50198,89777|50198,145364
échouer 50198,56195|50198,56559|50198,58509|50198,82850|50198,83156|50198,83304|50198,83504|50198,90776|50198,91587|50198,91750|50198,94599|50198,94722|50198,99221|50198,124914|50198,128435|50198,129811|50198,131233|50198,138169|50198,155698|50198,156420
échouera 50198,108532|50198,145413
échoueraient 50198,156718
échoué 50198,89893|50198,102432|50198,140858
échue 50198,6539
éciern 39077,462
écouleront 50198,140406
écoulé 50198,45934
écran 50198,38276
écrasant 50198,51335
écrase 50198,50418
écrasement 50198,37460|50198,49836|50198,52171|50198,141363
écraser 50198,51925|50198,137487
écraseront 50198,37606
écrasé 50198,57983|50198,100699|50198,109834
écrit 50198,748|50198,199841
écrite 50198,15245|50198,38223|50198,132548|50198,149013|50198,184125
écritr 50198,59627
écritur 50198,2500|50198,3354|50198,3407|50198,3431|50198,3479|50198,3516|50198,3566|50198,3610|50198,3672|50198,3696|50198,3763|50198,5701|50198,10644|50198,11079|50198,13917|50198,35758|50198,36928|50198,37356|50198,37514|50198,37730|50198,38884|50198,40269|50198,40342|50198,52314|50198,52377|50198,52402|50198,52566|50198,52588|50198,53069|50198,53094|50198,53173|50198,53318|50198,53430|50198,53500|50198,53907|50198,53941|50198,54014|50198,54108|50198,55465|50198,55948|50198,56160|50198,56259|50198,56338|50198,56527|50198,56901|50198,56976|50198,57102|50198,57126|50198,57447|50198,58776|50198,59385|50198,59727|50198,60054|50198,60099|50198,61050|50198,61131|50198,73513|50198,74552|50198,119956|50198,120541|50198,123479|50198,150761|50198,150909|50198,166008|50198,184398|50198,184788|50198,201559|50198,201683
écrivent 50198,22842
éditer 50198,50009
édition 50198,1788|50198,33460|50198,37415|50198,50235|50198,50306|50198,50340
éditoriaux 50198,9362
édouard 22539,20720
égal 50198,44759|50198,207524|50198,207979
égale 50198,26150
également 50198,14164|50198,30718|50198,34736|50198,40974|50198,57494|50198,76722|50198,77399|50198,98732|50198,114303|50198,126520|50198,144547|50198,145422|50198,171026|50198,178346|50198,178949|50198,185328|50198,186317|50198,188723|50198,189332|50198,193439|50198,207954
élabor 50198,191615
électroniqu 50198,18730
élement 32952,3071|50198,154664
élevé 50198,20421
élément 50198,6643|50198,8988|50198,9026|50198,11548|50198,12472|50198,12688|50198,14053|50198,21181|50198,21352|50198,23757|50198,43537|50198,63560|50198,63619|50198,63671|50198,64188|50198,64916|50198,65346|50198,65394|50198,65483|50198,65634|50198,65712|50198,65752|50198,65846|50198,68138|50198,72514|50198,72546|50198,76421|50198,76453|50198,77636|50198,77683|50198,78209|50198,78597|50198,93072|50198,94359|50198,94393|50198,94733|50198,99885|50198,102546|50198,104655|50198,109186|50198,112543|50198,112695|50198,113511|50198,115806|50198,118273|50198,146197|50198,146259|50198,146480|50198,146525|50198,146640|50198,146821|50198,146945|50198,148333|50198,148647|50198,148822|50198,148879|50198,149030|50198,149080|50198,149108|50198,149872|50198,151110|50198,151763|50198,151792|50198,152364|50198,152418|50198,152464|50198,152505|50198,152531|50198,152567|50198,152698|50198,153215|50198,153511|50198,153975|50198,153999|50198,154092|50198,154131|50198,154233|50198,154284|50198,154528|50198,154902|50198,155232|50198,155434|50198,155623|50198,155823|50198,156105|50198,156905|50198,157171|50198,157190|50198,157312|50198,157552|50198,157619|50198,157781|50198,157809|50198,157829|50198,158142|50198,158188|50198,158210|50198,158240|50198,158907|50198,159000|50198,159277|50198,159520|50198,159797|50198,159937|50198,160126|50198,160232|50198,167969|50198,168220|50198,168280|50198,168436|50198,168634|50198,170858|50198,171120|50198,171378|50198,173494|50198,174287|50198,174808|50198,174997|50198,175697|50198,175778|50198,175837|50198,176019|50198,176282|50198,188236|50198,188633|50198,188886|50198,189018|50198,189121|50198,197498|50198,197621|50198,201182|50198,201223|50198,201296|50198,201367|50198,201486|50198,201571|50198,201720|50198,201895|50198,202066|50198,202565|50198,202602|50198,202742|50198,202837|50198,203230|50198,203284|50198,203566|50198,203593|50198,204277|50198,204443|50198,204719|50198,205078|50198,205296|50198,205460|50198,205511|50198,206032|50198,206233|50198,206292|50198,207172|50198,207676
élémentair 50198,35956
émet 50198,68325
émi 50198,142106
émigré 50224,23773
émile 27557,70843|27557,70936|41875,14565
émission 50198,203423|50198,205654
énaction 42635,1138
équipé 50198,45015|50198,46868|50198,54537|50198,54835
équival 50198,102945
équivalent 50198,200704
éritur 50198,55501
ésariésskâ 39077,450
établi 50198,28003
établir 50198,33227
étaient 50198,11152
était 22628,1901|48822,406|50198,30130|50198,87566|50198,97231|50198,100061|50198,101129|50198,105346|50198,109355|50198,109872|50198,145863|50198,160733|50198,203872|50198,204233|50198,204294|50198,206186
étant 50198,684|50198,23570|50198,26095|50198,27650|50198,28886|50198,37673|50198,40608|50198,83008|50198,86246|50198,93002|50198,103103|50198,132542|50198,140177|50198,145805|50198,148088|50198,148347|50198,148562|50198,160687|50198,207226
étape 50198,103138|50198,191715
état 50198,1877|50198,4098|50198,4142|50198,4236|50198,4885|50198,5183|50198,5594|50198,6312|50198,6342|50198,6378|50198,6421|50198,6476|50198,6514|50198,6558|50198,6607|50198,12780|50198,13021|50198,13210|50198,13283|50198,13338|50198,13456|50198,13609|50198,16403|50198,20474|50198,25743|50198,25888|50198,31211|50198,31440|50198,32157|50198,40746|50198,51100|50198,55047|50198,55224|50198,55440|50198,56593|50198,65438|50198,77725|50198,79168|50198,79208|50198,79352|50198,79542|50198,83338|50198,84029|50198,84265|50198,85233|50198,88464|50198,88569|50198,88890|50198,92766|50198,98189|50198,98302|50198,98667|50198,99245|50198,99958|50198,100346|50198,100613|50198,101147|50198,107552|50198,107581|50198,107678|50198,108049|50198,108557|50198,109256|50198,114068|50198,116663|50198,117448|50198,117963|50198,125720|50198,130719|50198,130757|50198,130838|50198,130927|50198,131096|50198,131108|50198,131192|50198,131301|50198,131333|50198,131598|50198,131715|50198,132339|50198,132406|50198,134319|50198,134947|50198,135008|50198,135076|50198,135171|50198,135194|50198,135817|50198,136053|50198,136147|50198,136196|50198,137500|50198,137656|50198,138200|50198,138413|50198,138505|50198,138762|50198,142731|50198,142761|50198,142848|50198,142881|50198,143070|50198,143887|50198,144006|50198,144017|50198,144046|50198,144056|50198,144087|50198,144204|50198,144256|50198,144512|50198,144907|50198,144940|50198,145076|50198,145120|50198,145500|50198,145545|50198,145777|50198,145858|50198,146045|50198,146097|50198,146330|50198,146429|50198,151065|50198,160726|50198,177381|50198,177430
étendu 50198,21146|50198,190001|50198,190192
étude 33139,79340|39743,1450
été 50198,1071|50198,11471|50198,13230|50198,17683|50198,18436|50198,19326|50198,20860|50198,28597|50198,34681|50198,36499|50198,45971|50198,55371|50198,55539|50198,59783|50198,62329|50198,64147|50198,72322|50198,80304|50198,82378|50198,82418|50198,84425|50198,85009|50198,89666|50198,90014|50198,90062|50198,92951|50198,99286|50198,99435|50198,99747|50198,99806|50198,100695|50198,102685|50198,108598|50198,108655|50198,108741|50198,109043|50198,109107|50198,111451|50198,113086|50198,115516|50198,118369|50198,120430|50198,122002|50198,124206|50198,124473|50198,124805|50198,125673|50198,125904|50198,126411|50198,127840|50198,128711|50198,137369|50198,138708|50198,140307|50198,142689|50198,142780|50198,144588|50198,160417|50198,175881|50198,189760|50198,190349|50198,205590|50198,206320|50198,206359
éventuel 50198,23033|50198,35835|50198,104464
évenuel 50198,160051
évitant 50198,51915
évite 50198,151945|50198,180408
éviter 50198,2412|50198,10151|50198,22592|50198,206728
évolut 50198,19587
évolué 50198,168404
é³ 36858,11124|36858,11274|36858,22243|36858,22444|45627,10362|45627,17007|45627,19579|45627,22770|45627,24630
é¾î 22194,645|28798,1421|28798,1478|28798,4400|28798,4491
éàå¼ò 36858,15014
éá 28798,9631|28798,9698|28798,10572|28798,10657|28798,11417|28798,11579|36858,8919|36858,9042|36858,19630|36858,19791|36858,19892|36858,19934|36858,19945|36858,30228|36858,30323|36858,30601|36858,30617|36858,30629|36858,30721|36858,30745|36858,30769|36858,30843|36858,30873|36858,40337|36858,40367|36858,40393|36858,40421|45627,10136|45627,10230|45627,13915|45627,14015|45627,14606|45627,14715|45627,14726|45627,14737|45627,16970|45627,16981|45627,19528|45627,19542|45627,19553|45627,24899|45627,24910|45627,24921|45627,24932
éáß 28798,1165
éãê 28798,1086|28798,1117|28798,6848|28798,6879|36858,974|53550,3522|53550,3539|53550,5042|53550,5673
éåº 28798,5691
éçõ 53550,2283|53550,4797
éÿÿÿÿ 26820,716
