쿡d 42049,1869|48345,1838
쿡d가드 29353,4240
쿡d그리브 35698,4167
쿡d레깅스 35698,4274
쿡d레지스트 29333,4020
쿡d메일 29333,3913
쿡d암 29353,4134
쿡d캡 26312,4267
쿡d코트 49617,4115
쿡d폴드 49617,4008
쿡d헬름 26312,4146
쿡s 42049,5705|48345,5718
쿡s가드 29353,13717
쿡s그리브 35698,13672
쿡s레깅스 35698,13751
쿡s레지스트 29333,13717
쿡s메일 29333,13615
쿡s암 29353,13652
쿡s캡 26312,15860
쿡s코트 49617,13267
쿡s폴드 49617,13201
쿡s헬름 26312,15755
쿡u 42049,8056|48345,8042
쿡u가드 29353,18569
쿡u그리브 35698,18431
쿡u레깅스 35698,18540
쿡u레지스트 29333,18418
쿡u메일 29333,18333
쿡u암 29353,18485
쿡u캡 26312,21159
쿡u코트 49617,18208
쿡u폴드 49617,18123
쿡u헬름 26312,21052
쿡x 42049,11168|48345,11219
쿡x가드 29353,25772
쿡x그리브 35698,25780
쿡x레깅스 35698,25872
쿡x레지스트 29333,25800
쿡x메일 29333,25731
쿡x암 29353,25690
쿡x캡 26312,29057
쿡x코트 49617,25343
쿡x폴드 49617,25244
쿡x헬름 26312,28950
쿡z 42049,12717|48345,12709
쿡z가드 29353,28740
쿡z그리브 35698,28812
쿡z레깅스 35698,28903
쿡z레지스트 29333,28747
쿡z메일 29333,28646
쿡z암 29353,28643
쿡z캡 26312,32477
쿡z코트 49617,28276
쿡z폴드 49617,28185
쿡z헬름 26312,32371
쿡가드 29353,2911
쿡그리브 35698,2849
쿡레깅스 35698,2952
쿡레이지 27368,4220
쿡레지스트 29333,2720
쿡메일 29333,2655
쿡바렛 27368,24131
쿡바렛g 27368,37465
쿡암 29353,2823
쿡앵거 27368,3932
쿡죠 30024,12612
쿡죠g 30024,31226
쿡카운트 27368,23842
쿡카운트g 27368,37173
쿡캡 26312,2806
쿡코인 21985,21887|26312,7891|26312,9589|29333,6901|29333,7081|29353,7219|29353,7481|33821,696|35698,7240|35698,7960|41496,28235|42405,2461|42405,6469|42405,7989
쿡코트 49617,2978
쿡트윈즈 30377,5814
쿡트윈즈改 30377,6035
쿡폴드 49617,2888
쿡픽 30024,12807
쿡픽g 30024,31948
쿡픽으로부터 48576,17551
쿡헬름 26312,2689
