비각 53592,4942
비거리가 47905,9216
비거리에 30838,4829
비경을 40740,2466
비경탐색술 44611,4887|44611,6921|44611,6963
비고 23612,112|23612,733|23612,1378|23612,2031|23612,2769|23612,3520|23612,4209|23612,4965|23612,5739|28478,19529|30838,106|30838,811|30838,1278|30838,1910|30838,2618|30838,3125|30838,3805|30838,4160|30838,4957|30838,6553|37895,163|37895,286|37895,438|37895,543|37895,659|37895,1232|37895,1798|37895,2619|37895,3055|39242,11740|39572,330|39572,447|39572,616|39572,803|39572,973|39572,1151|39572,1310|39572,1487|41496,107|41496,7854|41496,8926|41496,10392|41496,11499|41496,11901|41496,27575|41496,28981|41496,30699|41496,31490|41496,31713|42049,315|42049,2364|42049,3493|42049,4977|42049,7323|42049,9138|42049,11112|42049,13686|48345,317|48345,2327|48345,3477|48345,4967|48345,7317|48345,9099|48345,11163|48345,13658
비교적 28478,21844|39242,13884|45690,21180|45690,26014
비교하면 28478,20795|30838,582
비교해 30377,29408|45690,23719
비기 45690,25039
비너스오브캣 24394,5967
비늘 41496,27395
비로 39339,212
비록 30377,30034|39242,6316
비료 41496,3378|41496,3422
비룡 40740,643|40740,2942|40740,2967|53592,6792
비룡과 44611,4660
비룡도 52371,9659|52371,9868|52371,10050|52371,10257|52371,10553|52371,10732|52371,10967|52371,11158|52371,11282|52371,24894|52371,25067
비룡등의 24394,35853|30024,36963
비룡배설물 23818,3283|23818,3311|35592,7236|35592,7396|35592,9612|35592,9789|35592,11344|41496,3397|42405,593|42405,1639|42405,6130
비룡을 41496,4094
비룡의 45690,24996|48576,26096
비룡의알 41496,32692
비룡종 31706,1318|31706,5442|40740,1710|53592,16930
비룡종인가 30024,38331
비밀의배낭 41496,32234
비병주 48373,4005
비상 53592,7472
비술주 35592,8467|48373,8968
비스트 53592,8687
비스트로u베스트 29333,23405
비스트로u에이프런 49617,22963
비스트로u캡 26312,26516
비스트로베스트 29333,7190
비스트로에이프런 49617,6759
비스트로캡 26312,8674
비약 23612,275|23818,1658|23818,1869|27609,2197|35698,24016|35698,24103|39339,6998|39572,575|41496,1675|41496,9605|41496,30788|42405,1241|42405,2091|42405,2773|42405,3112|42405,3317|42405,5790|42405,6590|42405,7037|42405,8311|42405,9077|46577,1660
비약주 48373,6212
비었을 23612,6637
비옥 53592,15810
비용이 30838,3014
비율 28478,19989|39242,4729
비율이 37895,2450
비장 53592,783
비정상으로 28478,23075
비천 30377,23574
비취 53592,2510
비취빛과일 44611,1138
비트세이버 52371,12526
비트세이버계 52371,12392
비해 27368,39873|28478,21316|45690,21017|45690,22251
비행 47905,6130
