모노데빌 42049,4567|48345,4575
모노데빌u 42049,10304|48345,10361
모노데빌u가드 29353,24246
모노데빌u그리브 35698,24282
모노데빌u레깅스 35698,24396
모노데빌u레지스트 29333,24304
모노데빌u메일 29333,24181
모노데빌u암 29353,24131
모노데빌u캡 26312,27450
모노데빌u코일 49617,23740
모노데빌u코트 49617,23859
모노데빌u헬름 26312,27330
모노데빌가드 29353,11126
모노데빌그리브 35698,11118
모노데빌레깅스 35698,11238
모노데빌레지스트 29333,11042
모노데빌메일 29333,10923
모노데빌암 29353,11012
모노데빌캐스트 39676,3575
모노데빌캐스트g 39676,29690
모노데빌캐스트改 39676,12395
모노데빌캡 26312,12960
모노데빌코일 49617,10489
모노데빌코트 49617,10604
모노데빌헬름 26312,12844
모노브로스 39242,8056|40740,3409|40740,3429|40740,3453|40740,3505|41496,23238|41496,23410|42049,2500|42049,6367|47905,1813|48345,2465|48345,6385|53592,1390|53592,1402|53592,2395|53592,3491|53592,4559|53592,5649|53592,6699|53592,17001
모노브로스s가드 29353,15040
모노브로스s그리브 35698,15057
모노브로스s레깅스 35698,15143
모노브로스s레지스트 29333,15096
모노브로스s메일 29333,15011
모노브로스s암 29353,14959
모노브로스s캡 26312,17460
모노브로스s코일 49617,14566
모노브로스s코트 49617,14674
모노브로스s헬름 26312,17348
모노브로스x 42049,11849|48345,11847
모노브로스x가드 29353,27031
모노브로스x그리브 35698,27055
모노브로스x레깅스 35698,27147
모노브로스x레지스트 29333,27016
모노브로스x메일 29333,26940
모노브로스x암 29353,26942
모노브로스x캡 26312,30478
모노브로스x코일 49617,26476
모노브로스x코트 49617,26587
모노브로스x헬름 26312,30356
모노브로스가드 29353,5140
모노브로스그리브 35698,5101
모노브로스레깅스 35698,5173
모노브로스레지스트 29333,4893
모노브로스메일 29333,4822
모노브로스사이스 52371,6493
모노브로스사이스改 52371,6702
모노브로스심장 21985,15043|21985,15941|24394,10875|29333,11007|29333,15145|29333,22580|29333,24269|29333,27077|30377,14130|36224,21463|36224,31416|39676,12509|39676,29809|41496,23386|42405,5489|48373,1418|49617,20347|49617,20472|52371,6584|52371,7213
모노브로스암 29353,5024
모노브로스캡 26312,5386
모노브로스코일 49617,4781
모노브로스코트 49617,4852
모노브로스클럽 36224,9842
모노브로스클럽g 36224,27464
모노브로스헬름 26312,5267
모노브장미 39572,1911|39572,3996
모델 53592,12241
모두 24394,35313|30024,37989|30377,29078|30838,2195|30838,3474|30838,6870|30838,7769|39242,14937|45690,23370|47905,2830|48576,26285|53592,365|53592,403|53592,441|53592,479|53592,517|53592,593|53592,633|53592,673|53592,704|53592,736|53592,767|53592,798|53592,830|53592,861|53592,894|53592,925|53592,958|53592,992|53592,1025|53592,1059|53592,8464|53592,11961|53592,11997|53592,12074|53592,12186|53592,12827|53592,12905|53592,12981|53592,13441|53592,13463|53592,13519|53592,13544|53592,13600|53592,13625|53592,13672|53592,13755|53592,13834|53592,14425|53592,14512|53592,14628|53592,14849|53592,14923|53592,14996|53592,15141|53592,15163|53592,15216|53592,15238|53592,15288|53592,15310|53592,15900|53592,16195|53592,16342|53592,17228
모두가 28478,20193
모두를 30838,3940|33821,3353|53592,13055
모두에게 53592,7523|53592,7563|53592,7601
모두의 21985,35344
모두채웠다 53592,11936
모드에 39242,10761
모든 21985,35323|23612,6925|28478,23255|30838,553|33821,3288|33821,3308|33821,3365|37895,3895|39242,497|44611,3291|44611,3356|45690,24349|47905,1792|47905,1933|47905,1968|53592,7644|53592,7732|53592,8358|53592,8393|53592,8428|53592,10330|53592,11002|53592,11870|53592,11894|53592,13025|53592,13271|53592,13348|53592,13694|53592,13776|53592,13945|53592,14021|53592,14484|53592,14561|53592,15857|53592,15921
모든것이 53592,15642
모래속에서 40740,4800
모래속의 40740,489|40740,517|40740,4850|40740,4872
모른다 28478,23240
모범이 53592,15178
모션 21985,36970|28478,21638|30838,5523|30838,6543|30838,7101|30838,7161|30838,7232|30838,7271|30838,7316|30838,7359|48576,25683
모션값 48576,25287|48576,25308
모션값이 48576,25471
모션과 35592,3573
모션에는 48576,25188
모션은 30838,5415|30838,6470|39242,13768
모션을 24394,35647
모션이 30024,37414|30024,37473
모션치 28478,20299
모션치가 28478,22169|30377,29412|36224,32243
모스 39572,3665|39572,3690|39572,5476|41496,13477
모스브레스트 29333,6705
모스의가죽 26312,7550|29333,6744|29353,7058|35698,7080|41496,13456|42405,3818|48373,4932|49617,6702
모스펀치 29353,7021
모스페이크 26312,7512
모스풋 35698,7044
모스히프 49617,6665
모습을 41496,3559|41496,3573
모습이 35592,3577
모아서 39242,5715|39572,461|39572,630|39572,817|39572,987|39572,1165|39572,1324|39572,1501
모았을 30024,37575
모양이다 37895,1744|39242,14012
모으기나 45690,25324
모으는 30024,37251
모으는게 30024,36379
모으면서 52371,26910
모은 30024,37916|53592,16078
모을수 28478,20944
모이게 42405,90
모이고 52371,26612
모이는 35592,5369
모이면 24394,34428|52371,26625
모일 42405,289
모집중 53592,315
모험용헬멧 53592,16144
모험을 53592,16254
모험자 53592,11915
