크게 21985,36273|21985,36510|27368,40452|30024,37624|30024,37649|30024,38287|30838,6661|39242,6781|39242,9618|39676,32581|45690,21623|45690,22402|45690,22613|45690,23496|45690,24539|45690,24688|47905,105|47905,276|47905,2582|47905,4741
크기 24394,35076|24394,35326
크다 40740,1461|45690,26061
크라대거 30377,20970|30377,21128|36224,6568
크랩캐스터네츠 37895,7012|48576,19625
크랩커터 24394,19651|52371,4848
크레센트바이스 52371,7340
크로노스그레네이드 27368,16393
크로노스팬저 27368,30588
크로스보우건 27368,13117
크로스보우건g 27368,32527
크로우반지 53592,13655
크로우티켓 21985,21859|24394,24136|24394,31650|26312,8929|26312,9018|26312,9462|26312,9574|27368,8523|29333,7448|29333,7546|29333,7997|29333,8108|29353,7492|29353,7579|29353,8030|29353,8140|30024,27137|33821,782|33821,838|33821,979|33821,1038|33821,1142|33821,1246|33821,1345|33821,1801|33821,1920|33821,2041|33821,4071|33821,4209|35698,7444|35698,7626|35698,7722|35698,8176|35698,8287|36224,20795|41496,29965|42405,2897|42405,6710|42405,8411|49617,6910|49617,7006|49617,7463|49617,7575
크롬데스레이저 24394,1735
크롬레이저 24394,1563
크롬레이저g 24394,30792
크롬메탈부츠 35698,2622
크롬메탈코일 49617,2514
크리스탈노바 30024,9363
크리스탈노바g 30024,30864
크리스탈락 30024,9127
크리어한 53592,15219
크리티컬 28478,20770|28478,21536|28478,21761|28478,21873|28478,22150|30024,37930|30838,601|30838,4875|39242,8635
크리티컬로 28478,21926
크림슨 53592,3287
크림슨갓 24394,6902
크림슨브로스 21985,14985
크림슨브로스g 21985,30699
크림슨브로스改 21985,15157
크림슨사이스 52371,6306
크림슨사이스g 52371,24011
크림슨클럽 36224,9655
크림슨호른 21985,14781
크림저지 35698,16772
크지만 21985,37357|30024,37077
크커서 48576,25765
