0
102
120
917
989
1016
1101
1137
1284
1405
1714
1739
1846
1906
2078
4210
4249
4269
4899
5003
5022
7066
7342
7381
8962
9249
9923
10196
10219
10363
10468
10507
10523
10574
10623
10710
10796
10864
10878
11225
11438
11454
11548
11563
11718
11763
11809
11856
12211
12227
12242
12291
12344
12400
12439
12464
12503
12529
12641
12660
12687
12720
12971
13030
13070
13276
13349
13364
13379
13406
13491
13506
13521
13536
13657
13672
13709
13724
13739
13754
13769
13784
13799
13814
13840
13859
14235
14250
14265
14280
14295
14310
14333
14348
14363
14378
14400
14415
14749
14798
14813
14850
14981
14996
15011
15026
15041
15056
15071
15109
15141
15163
15298
15344
15735
16038
16101
16129
16157
16194
16225
16273
16291
16572
16597
16623
16637
16719
16748
16917
16932
225693
225751
225781
225810
226400
226417
226435
226506
226594
227006
227039
227068
227106
227361
227406
227427
227494
227514
227533
227550
227617
227636
227670
227705
227738
227789
227837
227857
227878
227954
228020
228049
228081
228116
229452
229808
229889
229952
230030
230051
230069
230141
230251
230319
230336
230386
230427
230511
230562
230637
230825
233960
233995
234045
234514
234994
235083
235107
235141
235196
235258
235307
235432
235456
235550
235597
235783
235831
235869
235900
235943
235961
235983
236003
236037
236071
236106
236140
236161
236264
236283
236452
236491
236734
236755
241701
241758
241835
241859
244756
244793
244814
244892
244955
244990
245108
245171
245230
245250
245368
247718
247816
247892
248379
248404
248427
248899
248931
249047
249086
249737
249764
249812
249913
249950
250000
250036
250082
250105
250129
250151
250239
250318
250340
250361
252883
252908
252933
252951
252972
253050
253073
253788
253822
253854
253889
253925
255027
255064
255553
255617
255647
333123
333350
333370
333534
335644
335663
335685
335706
335960
336001
336260
336419
336439
336459
336495
336567
336611
336633
336680
336712
336734
336793
336830
336863
336952
337002
337294
337314
337373
337409
337605
337679
337709
337739
337760
337797
337838
338140
338179
338198
338230
338247
338321
338365
338399
338444
338486
338509
338531
338550
338582
338617
338726
338760
338793
339519
339770
339803
340005
340035
340056
340175
340253
340272
340305
340325
340563
340608
340641
340659
340691
340811
340889
340923
340964
340983
341002
341049
341081
341113
341149
341188
341221
341273
341308
341343
341403
341442
341467
341503
341541
341577
341614
341640
341677
341713
341750
341789
341830
341867
341899
341931
341955
342007
342059
342094
342156
342208
342245
342336
342374
342466
342544
342576
342595
342618
342650
342682
342715
342734
342753
342793
342810
342831
342852
342923
342942
342991
343026
343055
343074
343093
343167
343200
343342
343418
343476
343576
343612
343675
343697
343720
343744
343762
343818
343867
343904
343926
343949
343973
343989
344263
344379
344399
344436
344552
344586
344629
344647
344840
344874
344911
344946
344963
345040
345102
345124
345186
345235
345270
345319
345355
345376
345409
345431
345464
345644
345689
345711
345902
345959
345996
346046
346063
346097
346159
346260
346365
346401
346438
346482
346515
346713
346737
346772
346857
346878
346968
346992
347010
347132
347182
347554
347633
347677
347706
347737
347789
347931
348010
348117
348181
348235
348277
348328
348407
348512
348566
348658
348735
348770
348791
348810
348828
348861
348952
348976
348997
349057
349091
349112
349567
349587
349685
349718
349740
349768
349801
350595
350614
350686
350722
350745
350779
350815
350847
350891
350925
350945
352110
353988
354004
354166
354218
354266
354350
354370
354410
354440
354478
354551
354612
354705
355625
355644
355685
355704
355723
355757
355775
355795
355867
355887
355922
355941
355973
356006
356132
356152
356749
356766
356787
356819
356868
356905
356949
356985
357004
357111
357132
357163
357198
357235
357312
357390
357407
358353
358393
358422
358444
358464
358485
358505
358611
359101
359408
359441
359475
359505
359542
359559
359582
359666
359683
359702
359722
359757
359791
362516
362566
362638
362700
362724
362804
362882
362918
362940
363018
363110
363161
363237
363357
363395
363427
363451
363502
363800
363822
363845
363936
363958
364020
364057
364107
364137
364188
364275
364316
364368
364421
364471
364565
364618
364708
364748
364785
364906
364943
364994
365016
365040
365070
365148
365182
365328
365362
365396
365430
365448
365510
365539
365560
365576
365596
365615
365630
367389
367411
367432
367465
367563
367600
367630
367660
368070
368116
368186
368217
368265
368286
368302
368320
368349
368368
368388
368408
368428
368448
368489
368558
368593
368627
368661
368882
369013
369099
369121
369170
369220
369237
369331
369350
369482
369523
369555
369608
369646
369664
369698
369726
369757
369825
369843
369860
369890
370137
370235
370280
370501
370534
371207
371245
379689
379708
379791
379853
379913
379951
379987
380011
380033
380158
380797
380830
380905
380926
380975
381038
381076
381112
381136
381187
381210
381272
381307
381357
381392
381803
381836
381856
381930
382004
382103
382153
382172
382208
382230
382598
382620
382654
382730
382752
382829
382885
383087
384263
384300
384324
384393
384411
384530
384563
384594
384627
384661
384699
384821
384857
384888
384933
385003
385031
385066
385109
385163
385219
385252
385595
385653
385672
385703
385737
385771
385805
385912
386000
386048
386069
386102
386138
386159
386180
386214
386247
386281
386300
386320
387060
387624
387659
389089
389124
402551
402610
402777
402940
402961
403012
403063
403087
403109
403146
403180
403226
403260
403292
403316
403370
403398
403423
403457
403479
403501
403538
403571
403605
403655
403692
403808
403877
403913
403962
404848
404868
405365
405448
405486
405506
406027
406091
406112
406182
406210
406296
406324
406352
406391
406431
406475
406537
406588
406664
406768
406803
406865
407352
407389
407413
407704
407737
407772
407836
408594
409829
409899
409937
409985
410021
410094
410116
410179
410201
410288
410310
410331
410361
410384
410407
468875
468894
468926
468959
468994
469043
469079
469768
469817
469851
470034
470059
470077
470118
470138
470205
470237
470271
470370
470518
471024
471060
471120
471158
471201
471221
471317
471353
471376
471400
471446
471481
471518
471552
471573
471609
471667
471687
472037
472534
472557
472666
472729
472763
472822
472843
472865
472902
473145
473209
477360
477543
477604
477627
477664
477714
477750
477783
477806
477844
477867
477903
477951
477986
478008
478043
478103
478391
478419
478530
478555
478595
478655
478690
478706
479255
479301
479337
479409
479482
479518
479548
479583
479760
479826
479849
479888
479925
479943
480131
480169
480229
480251
480283
480317
480341
480412
480445
480479
480519
480598
480622
480659
480724
480759
480799
480850
480888
480924
480960
481001
481034
481053
481168
481806
481946
481967
481988
482263
482284
482314
482374
482407
482439
482477
482497
482529
482563
482609
482641
483826
484073
484127
484152
484179
484200
484220
484259
484309
484333
484356
484391
484410
484515
484550
484573
485758
485792
485827
485876
485909
485991
486013
486061
486156
486186
486214
486234
486310
487074
487129
487238
487272
487307
487341
487436
487473
487577
487601
487633
487654
487728
487760
487796
487822
487862
487918
488078
488099
488115
488154
488216
488234
488257
488308
488334
488393
488442
488474
488494
488526
488560
488580
488667
488703
488755
488789
488866
489017
492533
492595
492612
492631
492720
492750
493002
493022
493041
493058
493137
493168
493229
493276
493295
493338
493368
493390
493410
493459
493483
493506
493542
493563
493585
493636
493685
493708
493772
493806
493841
493875
493909
495386
495436
495476
495511
495533
495628
495663
497683
497715
497741
497768
497789
499169
499208
499232
499257
499281
499326
499436
499470
499502
499589
499622
499937
499975
500047
500065
500146
500376
500412
500461
500521
500565
500591
500668
502039
502093
502131
502168
502193
502359
502397
502435
502861
502912
502965
503026
503050
503760
503800
503823
503862
503895
503917
504388
504601
505185
505236
505297
505345
505367
505390
505412
505450
505793
505826
506053
506092
506130
506166
506187
506223
506246
506279
506312
506521
506540
506572
506591
506636
506668
506684
506754
506822
506998
507059
507867
508166
509673
509710
509849
509886
509918
509951
509986
510019
510111
510145
510166
510296
510371
510409
510433
510466
510613
510633
510693
510741
510762
510810
510871
510919
510954
514264
515970
515989
516022
516074
516111
516146
516164
516197
516231
516275
516373
516393
516445
516464
516485
516626
516660
516680
516713
516779
517042
517152
517187
517205
517724
548831
548864
548899
548977
549069
549122
549146
549221
549271
549347
549371
568314
568365
568445
568495
568546
568597
568649
568669
568699
568844
568872
568918
568946
569012
569089
569138
569169
569920
569943
569968
569991
570123
570146
570305
570342
570393
570470
570548
570593
571509
571614
573515
573902
574009
574116
574185
574214
574245
574295
574317
574340
574388
574423
574511
574547
574585
574807
574830
597004
597354
597380
597407
597459
597511
597532
597876
597901
597922
601314
601344
601401
601492
601541
601575
601597
601619
601656
601691
601742
601774
601797
601818
601862
601966
602031
602192
605034
605055
605306
605371
605554
605572
605595
605633
605671
605785
605835
605876
605898
605919
606023
606225
606248
606268
608227
608252
608725
608763
608880
608957
608992
609042
609080
609220
609243
609279
609317
609355
609388
609502
609554
609708
609732
609798
610124
610744
610767
610793
610830
610853
610893
610912
611153
611192
611209
611275
611294
611325
611367
611388
611425
611457
611486
611530
611557
611603
611638
611657
611691
614185
614235
614568
614645
614680
614702
614738
614880
614930
614975
614995
615167
615299
615350
615387
616011
616087
616127
616163
616328
616388
616472
616488
616863
617127
617149
617167
617185
617291
617309
617450
617598
617633
617656
617675
618149
618339
618372
618395
618578
618706
618739
618775
618805
618838
618873
618904
618939
618992
619393
619430
619585
630033
630053
630090
630126
631998
632053
632086
632123
632156
632176
632197
632217
633073
633182
633203
633236
633293
634660
634679
634705
634746
634894
634911
635182
635219
635256
635365
635396
635757
635780
635800
635821
635962
636035
636164
636195
636231
636266
636301
636321
636368
636637
636672
636707
637024
637046
637079
637217
637275
637298
637332
637372
637407
637427
637460
637523
637566
637615
637665
638028
639111
639132
639153
639187
639221
639306
639330
639355
639414
639432
639455
639487
639506
639537
639557
639577
639610
639631
639665
639753
639829
639846
639902
639960
639992
640012
640033
640063
640102
640135
640169
640231
640655
640675
640710
640738
641161
641185
641227
641246
641307
641354
641381
641429
641825
642383
642413
642434
642464
642518
642536
642553
642581
642714
642730
642750
642784
642804
642999
643115
643155
643192
643256
643280
643305
643327
643359
643378
643399
643535
643559
643577
643622
643685
643707
643729
643751
643773
643795
643817
643839
643861
643883
643905
643927
643949
643971
643993
644015
644037
644059
644081
644103
644125
644148
644171
644194
644217
644240
644263
644286
644309
644332
644355
644378
644401
644424
644447
644470
644493
644516
644539
644562
644585
644608
644631
644654
644677
644700
644723
644746
644769
644792
644815
644838
644861
644884
644907
644930
644953
644976
644999
645022
645045
645068
645090
645112
645134
645156
645178
645200
645222
645244
645266
645288
645310
645332
645354
645376
645398
645420
645442
645464
645486
645509
645532
645555
645578
645601
645624
645647
645670
645693
645716
645739
645762
645785
645808
645831
645854
645877
645900
645923
645946
645969
645992
646015
646038
646061
646084
646107
646130
646153
646176
646199
646222
646245
646268
646291
646314
646337
646360
646383
646406
646429
646462
646516
646577
646614
646679
646729
646780
646801
646837
646863
647361
647380
647399
647441
647470
669795
669832
669890
669979
679981
680271
680324
680482
680902
680921
680959
680978
681034
681052
681077
681125
681156
681247
681269
681320
681437
681477
681529
681662
681681
681697
681732
681795
683516
683557
683742
683761
683783
683804
683841
684115
684145
684180
684228
684334
684384
684416
684440
684584
684603
684637
684659
684704
684787
684811
684836
687982
688007
688029
688055
688089
688108
688126
688318
688335
688369
688403
688439
688473
688508
688541
688684
688718
688753
688776
691131
691182
691207
691246
691283
691333
691365
691401
691434
691735
691771
691801
691839
691875
691908
691931
691963
691995
692056
692091
692111
692130
715897
715930
715966
716001
716034
716112
716134
716184
716288
716350
716402
716467
716490
716527
716551
716670
716706
716756
716951
717085
717390
717960
717994
718039
718116
718145
718176
718213
718249
718268
718304
718337
718800
718863
718899
722729
722765
723194
723229
723253
723280
723303
723339
723362
723385
723408
723446
723523
723546
723599
723670
723760
723813
723840
723864
723918
723946
724699
724736
724758
724793
724816
724850
724955
725003
725081
725148
725168
725235
725262
725300
725348
725379
726722
726758
726805
726829
726863
726885
726935
726969
727019
727042
727065
727091
727113
727162
727306
727372
727450
727485
727535
727569
739941
739967
739993
740019
740303
740421
740574
740696
740714
740737
740772
741136
741212
741280
741329
741378
741517
741577
741611
741633
741697
741826
741855
741893
742086
742109
742186
742206
742331
742365
742385
742420
742454
742481
742499
742534
742567
742602
742632
742665
742747
742783
742859
742891
742910
742933
743121
743196
743217
743254
743288
743362
743426
743447
743588
743705
743762
743786
743822
743909
744193
744216
744235
744256
744341
744359
744494
744530
744663
744708
744742
744802
744837
745196
745244
745303
745500
745580
745615
745818
745855
745891
745949
745970
746003
746039
746157
746176
746278
746355
746524
746560
746611
746631
749806
749871
749932
749969
750127
750161
750265
750336
750357
750417
750506
750832
750868
752032
752744
752779
752885
752926
752966
753045
753102
753196
753240
753373
753408
753563
753604
753644
753685
753750
753788
753864
753901
753964
754001
754085
754119
754169
754380
754400
754575
754597
754651
756527
756561
756597
756619
756656
756700
757084
757119
757138
757567
757606
757643
757679
757878
757913
757989
758011
758054
758087
758313
758345
758367
758402
758436
758529
758586
758621
758642
758746
758783
758846
758870
758923
759001
759063
759096
759131
759164
759197
759238
759256
759359
759397
759489
771094
771170
771272
772092
772271
772307
772327
772362
772423
772457
772492
772514
772558
772665
772722
773292
773331
773356
773394
773418
773450
773478
773514
773551
773583
773619
773665
773703
773736
773906
773981
774449
774475
774507
774572
774591
774612
774635
774675
774718
775083
775111
775145
775246
775310
775402
775436
775490
775523
775594
775629
775662
775738
778105
778179
778232
778250
778273
778317
778336
778372
778935
778972
778990
779028
779060
779081
779125
779162
779197
779233
779293
779329
779488
779521
779608
779856
780030
780065
780119
780177
780212
780242
780261
780280
780300
780322
780343
780379
780529
780589
780626
780756
780813
780882
780918
780989
781009
781407
781459
781502
781525
781559
781605
781640
781659
781694
781729
781789
781822
781838
781902
781937
782088
782152
782201
782220
782325
782388
782411
782489
782546
785924
785947
785980
786001
788612
788637
788675
788740
788765
788804
790397
790415
790453
790489
790521
790555
790590
790623
790669
790707
790741
790774
790808
790841
790875
790906
790924
790998
791052
791082
791267
791407
791433
791463
791508
791539
791557
791724
791764
791825
791857
791889
791908
791952
791970
791994
792013
792071
792114
792161
792195
792213
792231
792250
792316
792337
792357
792389
792441
792475
792498
792521
792615
792668
792710
792740
810445
810522
810545
810578
810625
810847
810880
810975
811000
811502
811525
811632
811656
811738
811785
811819
811858
811940
812036
812057
812127
812166
812248
812272
812293
812314
812338
812369
812703
812722
812743
813903
813937
814328
814385
814430
814473
814510
814530
814563
814582
814630
814678
814725
814801
814819
815588
815611
815631
815649
816012
817345
817386
817419
817475
817503
817638
817666
817698
817730
817774
817790
817838
819971
820006
820041
820131
821209
821242
821259
821279
821312
821412
821446
821467
821573
821645
821681
821746
821831
823405
823686
823721
823772
823855
823966
823996
824729
824757
824787
825172
825191
825226
825258
825319
825377
825412
825430
825453
825520
825540
825572
825643
825685
825750
825786
825871
826117
826178
826254
826277
826295
826314
826392
826997
827017
827118
827154
827620
827995
828017
828040
828072
828108
828144
828177
828432
828465
828483
828500
828520
828698
828729
828748
828777
832632
832679
832714
832790
832824
832873
832910
833375
833440
833492
833531
833568
833658
833760
833837
834063
834088
834111
834136
834161
834198
834263
834298
834376
834453
834473
835748
835796
835818
835849
835886
835937
836021
836038
836063
836725
836762
836896
836931
836966
837012
837046
837069
837103
837123
837186
837262
837295
837316
837362
837401
837436
837485
837582
837632
837651
837670
837692
837729
837766
837802
837839
837869
838036
838070
838133
838170
838753
838776
838812
838848
838881
838928
838950
839004
839024
839045
839086
839105
839278
842212
842413
842484
842563
842639
843276
843312
843335
843380
843412
843459
843488
843522
843556
843575
843592
843627
843658
843752
843785
843818
843891
843925
843959
844005
844147
844171
844196
844220
844255
844330
844554
844587
845058
845133
845167
845241
845317
845390
845411
845434
845458
845489
845534
845571
845601
845632
845785
847121
847171
847196
847231
847262
847288
847512
847570
847791
847810
847833
847882
847968
848013
848406
848514
848623
848645
848669
849914
849965
849990
850020
850252
850287
850519
850550
850572
850647
850800
850848
850872
850937
850959
850982
851006
851071
851149
851360
851394
851430
851519
851553
851654
851672
851703
851723
851746
851779
851810
851829
851849
851915
851944
851977
852165
852199
852220
852253
852286
852348
852384
852421
1248060
1248083
1248102
1248157
1248192
1248295
1248329
1255379
1255413
1255449
1255469
1255487
1255506
1255542
1255746
1255796
1255832
1255853
1255930
1255979
1256080
1256117
1256134
1256169
1256245
1256279
1256328
1256362
1256380
1256516
1256593
1256627
1256761
1256798
1256832
1256849
1257298
1257563
1258521
1258540
1258587
1258615
1260962
1261471
1261490
1261525
1261587
1261622
1261642
1261677
1261754
1261787
1261885
1261918
1262919
1262955
1263031
1263093
1263126
1263297
1263434
1263508
1263661
1263698
1263748
1263772
1263794
1263831
1263895
1263932
1263983
1264019
1264094
1264187
1264253
1264289
1264312
1264342
1264481
1264515
1264553
1264576
1264676
1264727
1264765
1264816
1264890
1265125
1265147
1265164
1265196
1265229
1272840
1272940
1273003
1273048
1273067
1273087
1273106
1273124
1273160
1273180
1273201
1273222
1273271
1273321
1273341
1273358
1273377
1273975
1274011
1274030
1274146
1274168
1274201
1274218
1274252
1274275
1274294
1274380
1274403
1274426
1274461
1274481
1274558
1274608
1274638
1274657
1274692
1274831
1274907
1274938
1275132
1275212
1275232
1275268
1275300
1275349
1275563
1275599
1275634
1275667
1275697
1275730
1275780
1275815
1275865
1275914
1275945
1275993
1276013
1276048
1276080
1276313
1276347
1276382
1276433
1276465
1276484
1276517
1276539
1276805
1276854
1276888
1276921
1276940
1276978
1276993
1277026
1277086
1277108
1278457
1278479
1278502
1278551
1278570
1278965
1278996
1279014
1279048
1279642
1279679
1279702
1279753
1279790
1279858
1279880
1279931
1279966
1280002
1280038
1280070
1280102
1280150
1280394
1280415
1280437
1280483
1280501
1280531
1280568
1280601
1280636
1280670
1280699
1280732
1280766
1280847
1280865
1280906
1280955
1280978
1281013
1281037
1281060
1281082
1281098
1281291
1281319
1281338
1281387
1281408
1286413
1286929
1286944
1286961
1287440
1288297
1288319
1288553
1288569
1288587
1288604
1288632
1292798
1292815
1292952
1292969
1292985
1293081
1293100
1293127
1293167
1293207
1293226
1293242
1293272
1293312
1293349
1293366
1293381
1293666
1293686
1293706
1293731
1293748
1293768
1293827
1293844
1293863
1293880
1293896
1293958
1293986
1294046
1294134
1294182
1294199
1294224
1294241
1294430
1294449
1294499
1294517
1294540
1294570
1294589
1294648
1409029
1409057
1438229
1438287
1438528
1438565
1438591
1438626
1438703
1438796
1438848
1438914
1438950
1438987
1439024
1439060
1439098
1439150
1439189
1439241
1439279
1439366
1514702
1514722
1514741
1514771
1514878
1514923
1515177
1515197
1515219
1515238
1515315
1515339
1515390
1515417
1515468
1515504
1515592
1515630
1515695
1515844
1515942
1515964
1515987
1516035
1516070
1516093
1516113
1516150
1516969
1516992
1517159
1517318
1518279
1518330
1518379
1518415
1518452
1518529
1518586
1518608
1518663
1518694
1518743
1518793
1518954
1519005
1519055
1519675
1519709
1519759
1519810
1519890
1519913
1519964
1519999
1520113
1520149
1520200
1520238
1520262
1520324
1520652
1520717
1520741
1520818
1520877
1520944
1521006
1521029
1521066
1521142
1521194
1521245
1521297
1521348
1521386
1521464
1521620
1521673
1521792
1521819
1521857
1521879
1521930
1521993
1522029
1522172
1522195
1522246
1522297
1522416
1522433
1522454
1522476
1523543
1523565
1523676
1523713
1523748
1523843
1523916
1523990
1524014
1524043
1524076
1524110
1524143
1524175
1524210
1524232
1543425
1549113
1549141
1549175
1550644
1550833
1550858
1550948
1550970
1551035
1551085
1551108
1551145
1551180
1551213
1559484
1559533
1559577
1559638
1559761
1559794
1559847
1559891
1560053
1560085
1560552
1560590
1560664
1560691
1569852
1569874
1573844
1573996
1574016
1574046
1574189
1574755
1574921
1575010
1575035
1575061
1575085
1575118
1575139
1575234
1575260
1584370
1584393
1584467
1584679
1584699
1584724
1584749
1588624
1588665
1588689
1588757
1588785
1588905
1589052
1589079
1589169
1589194
1589470
1589496
1589534
1589586
1589678
1589941
1589964
1589988
1590012
1590108
1590155
1590337
1590375
1590533
1590572
1590635
1590683
1590718
1590755
1590779
1590797
1590821
1590850
1590873
1590909
1590987
1591053
1591116
1591139
1591176
1591229
1591253
1591276
1591311
1591391
1591443
1591479
1594010
1594032
1594081
1594104
1594244
1594858
1594897
1594935
1594973
1595008
1595273
1595352
1595417
1595510
1595537
1595573
1595637
1596613
1596662
1596700
1596745
1596768
1596792
1596830
1596854
1596877
1596947
1596983
1597032
1597065
1597089
1597126
1597198
1597242
1597317
1597389
1597409
1597635
1600019
1600055
1600343
1600369
1600405
1600483
1600556
1604097
1604250
1604410
1606052
1606098
1606133
1606213
1606237
1606261
1606286
1606327
1606356
1606379
1606402
1606743
1606817
1606865
1606881
1607746
1607804
1607847
1607880
1607898
1607918
1607955
1607986
1608129
1608168
1608207
1608286
1608393
1608447
1608491
1608539
1608563
1608601
1608655
1608696
1608740
1608795
1608884
1609080
1609156
1609180
1609206
1609223
1609256
1609287
1609303
1609321
1609342
1609376
1609485
1609505
1609579
1609706
1609954
1612164
1612200
1612236
1612269
1612331
1612469
1612525
1612547
1612604
1612638
1612741
1612781
1612818
1612848
1612881
1613734
1613789
1614124
1614335
1614492
1614522
1614575
1614729
1615325
1615348
1615435
1615469
1615567
1615588
1615610
1615642
1615666
1615752
1615775
1615943
1615966
1616003
1616029
1616069
1616121
1616158
1616279
1616330
1616366
1616443
1617260
1617293
1617317
1617343
1617366
1617405
1617483
1617516
1617562
1617592
1617635
1617669
1617781
1617888
1617989
1618091
1618108
1618143
1618322
1618367
1618401
1619239
1619274
1619311
1619335
1619384
1619516
1619581
1619633
1619669
1619706
1619780
1619857
1619893
1619913
1619935
1619958
1619982
1620096
1620116
1620166
1620183
1620216
1620233
1620250
1620295
1620331
1620363
1620603
1620708
1620725
1620840
1620860
1620876
1620910
1620961
1620984
1621146
1621177
1621209
1621242
1621275
1621357
1621377
1621702
1621736
1621766
1621789
1621868
1622208
1622257
1622316
1622420
1622445
1622499
1622562
1622581
1623558
1623608
1623682
1623715
1623764
1623815
1623866
1623916
1623953
1623974
1624057
1624389
1624469
1624500
1624534
1624590
1624961
1624980
1625066
1625100
1625121
1625140
1625256
1625284
1625302
1625335
1625472
1625491
1625632
1625718
1625860
1625882
1625905
1625927
1625976
1626010
1626047
1626078
1626110
1626209
1626392
1626508
1626575
1626607
1626638
1626671
1626703
1626802
1626906
1626943
1626977
1627121
1627141
1627172
1627231
1627248
1627266
1627299
1627320
1627339
1627435
1627467
1627525
1632401
1632421
1632465
1632487
1633149
1633186
1633222
1633979
1633999
1634034
1634066
1634112
1634167
1634265
1634299
1634396
1634429
1655598
1655857
1655903
1655953
1656010
1656042
1656299
1656366
1656423
1656454
1656475
1656493
1656525
1656542
1656582
1656599
1656660
1656692
1656714
1656882
1657018
1657101
1657329
1657410
1657441
1657472
1657912
1658087
1658121
1658160
1658192
1658335
1658894
1658916
1659037
1659057
1659096
1659131
1659706
1659904
1659946
1659988
1660511
1660553
1660613
1660646
1660896
1660919
1660952
1660974
1661009
1661030
1661064
1661256
1661278
1661299
1661335
1661357
1661392
1661436
1661468
1661501
1661534
1661680
1661714
1661762
1661785
1661854
1661918
1663104
1663139
1663199
1663219
1663241
1663263
1663281
1663304
1663359
1663730
1663750
1663932
1663983
1664199
1664275
1664351
1664400
1664477
1664554
1664597
1664630
1664701
1664750
1664853
1664874
1664908
1665168
1665205
1665239
1665260
1665294
1665328
1665623
1665673
1665692
1666124
1666174
1666204
1666258
1667109
1667130
1667148
1667164
1667196
1667230
1667262
1667279
1667352
1667372
1667418
1667438
1667489
1667519
1667551
1667595
1667612
1667645
1667664
1667681
1667702
1667754
1668166
1668186
1668265
1668299
1668332
1668411
1668480
1668509
1668528
1668555
1668573
1668606
1668746
1668766
1668787
1668820
1668854
1668889
1668937
1668973
1669016
1669058
1669089
1669111
1683974
1683991
1684108
1684201
1684239
1684275
1684368
1684405
1684435
1684471
1684490
1689807
1697944
1697979
1697999
1698033
1698087
1698124
1698169
1698194
1698216
1698251
1698287
1698304
1698336
1698382
1698416
1698454
1698497
1698587
1698651
1698696
1698717
1698738
1698812
1698947
1698982
1699018
1699037
1699070
1699169
1699208
1699298
1699323
1699373
1699396
1699417
1699439
1699823
1699903
1699938
1699975
1700035
1700086
1700166
1700304
1700406
1700503
1700566
1700587
1701789
1701812
1701851
1701895
1701932
1701969
1702006
1702071
1702093
1702115
1702133
1702578
1702699
1702804
1702844
1702895
1702933
1702985
1703202
1703282
1703348
1703399
1703423
1703476
1703500
1703523
1703544
1703621
1703673
1703712
1703750
1703774
1703798
1703836
1703872
1703907
1703949
1704041
1704063
1704102
1704194
1704218
1704241
1704279
1704334
1704522
1704547
1704587
1704678
1704716
1704738
1704773
1704851
1704901
1704939
1704990
1705028
1705049
1705113
1705177
1705206
1705243
1705317
1705484
1705504
1705521
1708290
1708419
1708455
1708475
1708582
1708602
1708679
1708737
1708812
1708850
1708884
1708918
1709010
1709060
1709081
1709102
1709154
1709284
1709321
1709371
1709448
1709513
1710037
1710070
1710132
1710296
1710334
1711220
1711284
1711319
1711379
1711416
1711479
1711505
1711542
1711579
1711629
1711665
1711704
1711783
1711833
1711940
1712106
1712155
1712243
1712261
1712347
1712425
1712642
1712666
1712716
1713181
1713201
1713220
1718707
1718770
1718829
1718856
1718876
1718898
1718936
1718958
1719328
1719555
1719592
1719613
1719648
1719680
1719702
1719765
1719785
1719802
1720226
1720245
1720278
1720510
1720544
1720564
1720605
1720650
1720746
1722320
1722344
1722379
1722692
1722710
1722855
1722895
1722921
1722988
1723025
1723077
1723186
1723244
1723293
1723314
1723335
1723371
1723500
1723562
1723617
1723640
1723858
1723892
1723926
1723983
1724136
1724186
1724236
1822593
1822624
1822687
1822709
1822741
1822772
1823052
1825052
1825073
1825249
1825300
1825336
1825355
1825390
1825479
1825528
1825574
1825608
1825729
1825814
1825841
1825871
1825902
1825934
1825967
1825999
1826032
1826627
1826646
1826667
1826738
1826781
1826800
1826836
1826857
1826877
1827003
1827039
1827098
1827133
1827195
1827284
1827306
1827341
1827365
1827397
1827414
1827446
1827497
1827517
1827735
1827958
1827996
1828050
1828082
1828192
1828234
1828270
1828290
1828336
1828389
1828416
1828497
1828526
1828551
1828577
1828625
1828676
1828701
1828821
1828885
1828953
1828991
1829044
1829068
1829106
1829132
1829173
1829199
1829222
1829316
1829371
1829396
1829447
1829472
1829497
1829523
1829663
1829689
1829733
1829770
1829796
1829850
1829887
1829911
1829950
1829972
1830024
1830057
1830130
1830204
1830228
1830267
1830304
1830324
1830348
1830428
1830468
1830505
1830579
1830606
1830646
1830700
1830721
1830763
1830814
1830852
1830877
1830943
1830967
1831003
1831023
1831058
1831113
1831165
1831190
1831229
1831307
1831336
1831427
1831464
1831523
1831557
1831597
1831616
1831679
1831703
1831768
1831833
1831850
1831873
1831955
1831994
1832086
1832140
1832188
1832234
1832271
1832356
1832396
1832417
1832467
1832504
1832539
1832561
1832584
1832605
1832654
1832678
1832760
1832797
1832876
1832980
1833013
1833074
1833137
1833199
1833252
1833291
1833382
1833405
1833704
1833799
1833837
1833929
1833968
1834007
1834046
1834080
1834277
1834299
1834314
1834332
1834381
1834457
1834476
1834508
1834575
1834649
1834683
1834724
1834752
1834795
1834832
1834856
1834895
1834945
1834999
1835024
1835143
1835181
1835247
1835300
1835378
1835423
1835450
1835507
1835528
1835566
1835592
1835614
1835651
1835703
1835725
1835789
1835826
1835879
1835933
1835957
1835982
1836006
1836046
1836069
1836107
1836256
1836337
1836396
1836450
1836473
1836511
1836550
1836629
1836669
1837622
1837664
1837701
1837747
1837767
1837801
1837860
1837882
1837905
1837927
1837948
1837971
1837997
1838072
1838344
1838378
1838439
1838460
1838486
1838520
1838642
1838663
1838694
1838716
1840304
1840378
1841920
1841938
1841969
1842003
1842023
1842098
1842172
1847560
1847582
1847760
1847813
1847882
1847944
1847967
1848007
1848032
1848057
1848074
1848128
1848178
1848201
1848265
1848363
1848430
1848450
1848542
1848590
1848632
1848711
1848779
1853516
1853549
1853977
1854024
1854305
1854368
1854392
1854567
1855022
1855066
1855100
1855203
1855266
1857127
1857172
1857205
1857370
1857862
1858092
1858127
1858147
1858588
1858622
1858646
1859245
1859279
1859311
1859387
1859418
1859619
1859696
1859733
1859752
1860279
1860912
1861183
1861229
1861263
1861284
1861318
1861353
1861387
1861416
1861439
1861461
1861484
1861534
1861557
1861656
1861675
1861987
1862039
1862177
1862200
1862248
1862270
1862293
1862374
1862395
1862473
1862492
1862529
1862566
1862586
1862607
1862639
1862658
1862883
1862928
1863096
1863113
1863132
1863194
1863230
1863265
1863376
1863397
1863430
1863465
1864470
1865077
1865112
1865148
1865203
1865565
1865584
1865660
1865701
1865737
1865804
1865823
1866306
1866324
1866540
1866597
1866646
1866673
1866696
1866728
1866778
1866802
1866821
1868458
1868493
1868539
1868614
1868681
1868745
1868770
1868791
1868826
1868846
1875482
1875524
1875547
1875591
1875625
1875660
1876026
1876925
1876961
1876995
1878149
1878194
1878228
1878333
1878400
1878437
1878456
1878475
1878508
1878528
1878753
1878774
1886713
1887394
1887429
1887464
1887499
1887517
1887536
1887623
1887655
1887674
1887695
1887714
1887748
1887884
1887918
1887986
1888022
1888044
1888154
1888174
1888193
1888211
1888332
1888354
1888389
1888572
1888592
1888634
1888652
1888685
1888724
1888741
1888841
1888859
1888892
1888913
1889547
1889605
1889624
1889838
1889911
1889989
1890030
1890056
1890144
1890217
1890281
1890590
1890615
1890669
1890812
1890838
1890881
1890943
1890967
1890996
1891034
1891058
1891099
1891136
1891161
1891202
1891230
1891259
1891299
1891351
1891405
1891548
1891597
1891613
1891685
1891750
1891777
1891813
1891848
1891884
1891900
1891933
1891952
1891998
1892020
1892044
1892078
1892112
1892146
1892181
1892217
1892246
1892299
1892378
1892452
1892508
1892572
1892865
1892888
1892951
1892975
1893000
1893080
1893129
1893166
1893217
1893241
1893316
1893339
1893402
1893428
1893451
1893489
1893580
1893658
1893712
1893765
1893817
1893880
1893919
1893958
1893981
1894004
1894039
1894153
1894202
1894237
1894269
1894301
1894336
1972139
1972202
1972235
1972270
1972319
1972355
1972393
1972432
1972470
1972505
1972542
1972619
1972665
1972698
1972735
1973215
1973775
1973799
1973851
1973884
1974171
1974210
1974235
1974256
1974284
1974321
1974353
1974385
1975238
1975269
1975330
1975432
1975562
1975640
1975724
1975800
1975823
1975887
1975923
1976001
1976035
1976059
1976096
1976142
1976178
1978484
1978565
1978599
1978628
1978857
1978936
1978968
1978990
1979013
1979048
1979110
1979189
1979239
1979277
1979340
1979389
1979437
1979459
1979602
1979680
1979727
1979774
1979810
1979910
1980189
1980224
1980279
1980317
1980337
1980396
1980429
1980459
1980571
1980601
1980620
1980639
1980722
1980745
1980794
1981797
1981847
1981885
1981971
1981994
1982028
1982059
1982161
1982181
1982243
1982266
1982285
1982893
1982930
1982966
1982987
1983098
1983133
1983195
1983269
1983291
1983353
1983375
1983437
1983460
1983523
2068382
2068484
2068774
2068814
2068847
2068893
2068956
2069663
2069941
2070017
2070094
2070804
2070887
2070931
2070984
2071023
2071082
2071132
2071155
2071190
2072366
2072391
2072584
2072610
2072648
2072671
2072757
2072775
2072795
2072843
2072878
2073076
2073122
2073156
2073184
2073220
2073279
2073397
2073475
2073530
2073612
2073651
2073733
2074008
2074058
2074094
2074150
2074234
2074269
2074306
2074590
2074650
2074699
2074734
2074830
2074862
2074894
2074930
2074951
2074982
2075105
2075127
2075175
2075210
2075227
2075260
2075296
2075560
2075594
2075612
2075675
2075704
2075832
2076705
2076735
2076811
2076849
2076886
2076918
2076998
2077173
2077197
2077335
2077394
2077562
2077597
2077643
2077677
2077853
2077901
2077924
2077945
2077979
2083030
2083049
2083099
2083781
2083803
2083861
2083895
2083932
2083968
2084073
2084238
2084278
2084301
2084387
2084406
2084427
2084609
2084650
2084884
2084960
2084998
2085084
2085117
2085137
2085215
2085556
2085590
2085648
2085766
2085802
2086076
2086219
2086255
2086319
2086352
2086403
2086439
2086459
2086496
2086541
2086575
2086645
2086806
2086823
2086843
2087272
2087830
2087853
2087888
2087944
2087962
2088047
2088069
2088161
2088203
2088282
2088316
2088350
2088427
2088470
2091500
2091573
2091607
2091641
2091665
2091711
2091748
2091782
2091814
2092277
2092300
2092337
2092586
2092662
2092751
2092794
2092816
2093366
2093399
2093420
2093496
2093573
2093611
2093646
2093682
2093705
2093746
2093818
2093852
2093877
2093903
2093924
2093951
2093975
2094096
2094152
2094190
2094207
2094296
2094328
2094348
2094381
2094415
2094435
2094479
2094500
2094578
2094650
2094734
2094822
2094889
2094907
2094940
2094976
2095057
2095094
2095128
2095163
2095182
2095214
2095234
2095302
2095321
2095382
2095412
2095445
2095478
2095540
2095562
2095678
2095697
2095744
2095764
2100017
2100035
2100113
2100134
2100239
2106369
2106407
2106459
2106483
2106744
2106792
2106851
2106875
2106896
2107292
2107314
2107359
2107392
2107413
2107484
2107678
2107700
2107746
2108063
2108086
2108119
2110441
2110474
2110505
2113152
2113182
2113201
2113220
2113641
2113667
2113690
2113950
2113975
2114046
2114197
2114254
2114276
2114295
2114343
2114366
2114447
2114502
2114523
2114542
2114571
2114591
2114659
2114680
2114702
2114724
2114744
2114775
2114800
2114834
2114867
2114886
2114940
2114961
2116068
2116088
2116127
2116164
2118146
2118165
2118183
2118205
2118248
2120963
2120986
2121132
2121185
2121217
2121238
2121260
2121391
2121414
2121439
2121463
2121489
2123933
2124107
2124139
2124216
2124242
2124652
2124773
2124807
2124828
2124916
2125018
2125053
2125155
2125198
2125288
2125825
2125892
2125922
2125952
2126021
2127121
2127193
2127232
2127254
2127277
2127301
2127397
2127457
2128553
2128604
2128654
2128674
2128703
2128735
2128975
2129013
2129064
2129132
2129172
2129229
2129260
2129292
2129358
2129395
2129412
2129446
2129479
2129512
2130760
2130778
2130799
2130947
2130968
2130989
2131009
2131047
2131083
2131123
2131347
2131380
2131411
2131431
2132156
2132240
2132292
2132312
2132594
2132631
2132731
2132761
2132781
2132801
2132821
2136011
2136027
2136046
2136109
2136137
2136262
2136283
2136723
2136743
2136762
2136796
2136838
2136880
2136915
2136937
2137157
2137254
2137287
2137345
2137365
2137399
2137417
2137463
2137496
2139311
2139336
2139386
2139425
2139450
2139469
2139503
2139546
2139563
2139596
2139616
2139674
2139708
2139743
2139792
2139881
2139906
2139931
2139956
2140009
2140063
2140100
2140137
2140197
2140661
2140701
2140719
2140765
2140787
2141553
2141589
2141614
2141689
2141728
2141762
2141796
2141830
2141881
2141915
2141987
2142006
2142038
2142072
2142090
2142320
2142906
2142980
2143014
2143047
2143216
2143252
2143328
2143458
2143474
2143495
2143513
2143568
2143629
2143718
2143741
2143765
2143817
2143852
2143902
2143925
2143962
2143986
2144038
2144055
2144089
2144107
2144151
2144169
2144203
2144229
2144252
2144272
2144307
2144346
2144400
2144426
2144453
2144478
2144514
2144551
2144630
2144656
2144678
2144706
2144732
2144802
2144860
2144918
2145012
2145039
2145068
2145175
2145214
2145252
2145333
2145386
2145441
2145492
2145542
2145621
2145658
2145699
2145791
2145842
2145906
2145974
2146015
2146094
2150238
2150268
2150297
2150331
2150357
2150398
2150438
2150517
2150556
2150634
2150687
2150741
2150767
2150848
2150872
2150898
2150939
2150966
2150994
2151021
2151060
2151087
2151114
2151246
2151270
2151309
2151333
2151832
2151882
2151920
2152054
2152109
2152199
2152278
2152410
2152556
2152595
2152701
2152738
2152776
2152815
2152853
2152892
2152917
2152971
2153022
2153077
2153144
2153171
2153209
2153235
2153316
2153356
2153397
2153461
2153524
2153550
2153585
2153610
2153674
2153701
2153723
2153789
2153827
2153868
2153977
2154014
2154040
2154079
2154106
2154131
2154185
2154222
2154275
2154303
2154382
2154436
2154458
2154497
2154535
2154628
2154668
2154691
2154758
2154784
2154808
2154873
2154927
2154990
2155072
2155113
2155151
2155217
2155241
2155320
2155361
2155441
2155540
2155571
2155595
2155629
2155745
2155784
2155805
2155823
2155854
2156017
2156061
2156095
2156129
2156153
2156184
2156199
2156218
2156237
2156257
2156288
2157699
2157733
2157770
2157799
2157873
2157946
2157976
2157996
2158022
2158100
2158281
2158454
2158471
2158638
2158699
2158746
2158762
2158784
2174914
2175003
2175024
2175058
2175102
2175135
2175158
2175191
2175239
2175262
2175307
2175492
2175512
2175543
2175880
2175916
2175972
2176014
2176062
2176094
2176141
2176174
2176803
2176821
2177066
2177087
2177120
2177139
2177167
2177240
2177272
2177361
2177406
2177437
2177964
2177985
2178006
2178420
2178437
2178478
2178508
2180221
2180278
2180311
2180354
2180384
2180413
2180470
2180548
2180583
2180606
2180674
2180715
2180830
2180869
2180905
2181292
2181371
2181394
2181417
2183751
2183827
2183849
2183911
2183936
2184624
2184681
2184780
2184831
2184861
2184951
2185027
2185083
2185147
2185240
2185280
2185330
2185403
2185425
2185487
2185512
2185546
2185597
2185622
2185697
2185734
2185760
2185798
2185837
2185941
2185976
2186053
2186081
2186103
2186154
2186246
2186323
2186412
2186446
2186469
2186489
2186537
2186559
2186579
2186624
2186672
2186708
2186726
2186805
2186862
2186941
2186961
2187014
2187053
2187084
2187122
2187189
2187237
2187285
2187327
2187377
2187413
2187444
2187531
2187553
2187611
2188242
2188260
2188278
2188312
2188343
2188392
2188427
2188445
2188478
2188551
2188583
2188619
2188650
2188669
2188814
2188915
2188932
2188951
2188982
2189001
2189033
2189067
2189085
2189126
2189160
2189251
2189286
2189316
2189352
2189515
2189537
2189562
2189579
2189595
2189626
2189646
2189662
2189820
2189955
2189974
2189993
2190008
2190023
2190044
2190082
2190101
2190129
2190151
2190229
2190377
2190402
2190419
2190451
2190469
2190486
2190513
2190532
2190550
2190591
2190633
2190676
2190715
2190760
2190807
2190843
2190879
2190916
2190963
2191008
2191043
2191084
2191119
2191161
2191200
2191242
2191285
2191324
2191368
2191408
2191432
2191462
2191482
2191501
2191517
2191530
2191549
2192063
2192089
2192121
2192139
2192156
2192177
2192199
2192213
2192232
2192249
2192269
2192286
2192313
2193380
2299461
2299491
2299507
2299531
2299565
2299584
2299628
2299657
2299678
2299848
2299869
2299904
2299966
2300149
2300199
2300223
2300254
2300296
2300329
2300374
2300420
2300437
2300807
2300870
2300896
2300962
2300997
2301085
2301215
2301303
2301326
2301372
2301504
2301532
2301567
2301603
2301729
2301751
2301813
2301870
2301886
2302417
2302735
2302767
2302853
2302913
2302935
2303047
2303136
2303264
2303302
2303338
2303372
2303419
2303495
2303512
2303543
2303584
2303893
2303912
2304001
2304019
2304040
2304113
2304149
2304292
2304317
2304364
2309240
2309419
2309496
2309545
2309570
2309605
2314080
2314103
2314181
2314231
2314255
2314290
2314339
2314434
2314509
2314527
2314558
2314593
2314616
2314652
2314701
2314896
2314971
2315021
2315094
2315120
2315161
2315190
2315235
2315294
2315315
2315351
2315412
2315568
2315587
2315638
2315689
2315968
2316005
2316065
2316096
2316113
2316157
2316203
2316236
2316274
2316294
2316312
2316343
2316394
2316435
2316470
2316532
2316600
2316625
2316659
2331493
2331515
2344683
2344710
2344753
2344777
2344831
2344979
2345016
2345091
2345155
2345173
2345252
2345318
2345409
2345619
2345701
2345779
2345844
2345953
2345997
2346118
2346144
2346209
2346314
2346368
2346414
2346452
2346490
2346528
2346563
2346607
2346629
2346680
2346743
2346779
2346855
2346894
2346918
2346944
2346995
2347062
2347093
2347115
2347192
2347211
2347243
2347281
2347331
2347347
2347368
2347394
2347426
2347470
2347503
2347633
2347668
2347782
2347821
2347870
2347908
2347945
2348058
2348093
2348119
2348195
2392855
2392887
2392933
2393065
2393116
2393140
2393163
2393213
2393234
2393341
2393361
2393384
2393436
2393599
2393625
2408686
2408737
2418450
2418499
2418551
2418573
2418625
2418663
2418681
2418715
2418738
2418791
2418818
2418880
2418904
2418927
2418948
2418970
2419021
2419754
2419792
2419830
2419868
2426514
2426645
2426709
2464586
2464615
2464654
2464674
2464710
2464728
2464750
2464772
2464820
2464842
2464876
2464925
2464948
2464982
2465004
2465028
2465070
2465121
2465157
2465193
2465229
2465264
2465301
2465412
2465477
2465500
2465545
2465577
2465600
2465622
2465665
2465700
2465749
2465784
2465834
2467081
2467286
2467311
2467346
2467372
2467390
2467428
2467461
2467481
2467512
2467532
2467564
2467577
2467593
2467707
2467726
2467760
2468144
2468179
2468200
2468234
2468332
2468393
2468413
2470143
2470409
2470870
2471812
2471835
2471858
2471889
2471938
2472003
2472026
2472070
2472103
2472254
2472792
2472826
2472872
2472906
2472929
2472950
2472967
2472986
2473633
2473652
2473673
2473691
2473709
2474171
2475029
2475091
2475127
2475242
2475302
2475339
2475461
2475505
2475640
2475666
2475740
2475798
2475832
2475849
2475920
2475938
2475968
2476718
2476741
2476765
2476783
2476874
2476938
2477006
2477024
2477712
2477729
2477762
2477782
2477815
2477834
2477871
2477900
2477921
2477942
2477963
2477983
2491218
2491235
2491253
2491287
2491949
2492018
2492552
2492587
2492625
2492660
2492696
2494165
2494185
2494208
2494227
2494251
2494432
2494502
2494534
2494571
2494590
2494627
2494662
2494827
2494940
2494975
2495023
2495046
2495081
2495141
2495210
2495247
2495281
2495300
2495450
2495472
2495573
2495622
2495725
2495748
2495768
2495803
2495837
2495873
2495982
2496204
2496937
2496972
2497197
2497232
2497277
2497328
2497349
2497395
2497413
2497446
2497562
2497580
2497601
2497625
2497645
2497781
2497814
2497847
2497870
2497904
2498201
2498219
2498277
2498336
2498372
2498405
2518317
2518348
2518544
2518606
2518642
2518716
2518738
2518769
2518802
2519052
2519087
2519202
2519320
2519339
2519361
2521492
2521635
2521658
2521692
2521722
2521755
2525239
2525257
2525274
2525374
2526228
2526691
2526739
2526802
2526840
2526872
2526907
2526928
2526951
2526975
2530095
2539487
2539508
2539538
2539602
2539654
2540123
2540144
2540167
2540203
2540278
2540708
2540734
2540756
2540781
2540805
2540830
2540853
2540876
2540899
2540926
2540976
2541013
2541439
2541457
2541613
2541649
2541670
2541714
2541741
2541763
2541797
2541846
2541930
2541979
2542014
2542038
2542090
2542226
2542262
2542404
2542439
2542509
2542557
2542656
2542692
2542768
2542788
2542811
2542830
2542949
2542985
2543020
2543055
2544872
2544890
2544925
2544959
2544991
2545025
2545042
2545059
2545092
2545108
2545140
2545174
2545193
2545226
2545327
2545361
2545381
2545428
2545522
2545556
2545594
2545636
2545669
2545703
2551991
2552017
2552037
2552063
2552081
2552152
2552231
2552252
2552273
2552297
2552318
2552769
2552789
2552821
2552842
2552873
2552893
2552913
2554061
2554110
2554139
2554175
2554224
2554494
2554513
2554543
2554625
2554644
2554677
2554700
2554721
2554760
2554796
2554815
2554837
2554857
2554878
2554913
2554930
2555005
2555054
2555131
2555167
2555229
2555283
2555316
2555502
2555524
2555831
2555861
2555938
2555962
2556016
2556062
2556100
2556139
2556161
2556184
2556232
2556387
2556513
2556538
2556679
2556721
2556788
2556871
2556934
2556958
2557180
2557203
2557265
2557318
2557380
2557420
2557525
2557642
2557681
2557715
2557751
2557788
2557842
2557877
2557913
2557949
2557997
2558032
2558056
2558121
2558176
2558228
2558266
2558291
2558319
2558430
2558457
2558502
2558538
2558572
2558645
2558679
2558714
2558791
2558812
2558835
2558857
2558935
2558954
2558982
2559008
2559168
2559184
2559209
2559230
2559250
2559314
2559367
2559425
2559464
2559584
2559634
2559689
2559783
2560021
2560056
2560120
2560225
2560260
2560292
2560364
2560415
2560441
2560462
2560495
2563809
2563831
2563852
2563963
2563998
2564029
2564114
2564137
2564158
2564208
2564315
2564336
2564401
2564436
2564471
2564489
2564566
2564586
2564621
2564990
2565007
2565440
2565475
2565684
2565758
2565776
2565863
2565926
2565947
2565969
2565997
2594615
2594685
2610526
2610556
2610587
2610614
2610638
2612189
2612287
2612308
2613918
2613950
2613985
2614008
2614032
2614128
2614152
2614225
2614381
2614414
2614436
2614472
2616862
2616885
2616944
2617630
2617776
2618091
2618115
2618137
2618161
2618181
2618244
2618266
2618422
2618487
2618526
2618571
2618591
2618629
2618653
2618685
2618707
2618726
2618756
2618809
2618832
2618894
2618926
2618984
2619024
2619155
2624123
2624140
2624162
2624217
2624727
2624765
2624813
2624857
2624878
2624906
2624991
2625013
2625035
2625058
2625081
2625206
2625234
2625252
2625270
2625360
2625396
2625449
2625474
2625497
2625517
2625600
2625632
2625672
2625702
2625735
2625777
2625809
2625832
2625848
2625921
2625953
2625996
2626021
2626038
2626072
2626102
2626132
2626151
2626195
2626215
2626784
2626819
2627042
2627080
2627133
2627260
2627297
2627346
2627393
2627431
2627471
2627509
2627549
2627637
2627660
2627941
2627959
2628002
2628021
2628043
2628092
2628150
2628172
2628195
2628219
2628252
2629069
2629103
2629196
2629249
2629275
2629291
2629320
2629340
2629419
2629485
2629534
2629558
2629586
2629624
2629643
2629663
2629716
2629754
2629795
2629852
2629917
2629943
2629970
2630049
2630074
2630140
2630179
2630203
2633013
2633046
2633073
2633104
2633136
2633166
2633187
2633235
2633303
2633582
2633636
2633659
2633697
2633734
2633783
2633881
2633940
2634025
2634052
2634094
2639047
2639080
2639101
2697732
2697860
2698503
2698706
2698727
2698781
2698846
2698938
2699178
2699309
2699361
2699399
2699419
2699447
2699703
2699734
2699765
2699789
2699823
2699857
2699880
2699918
2699969
2700020
2700073
2700165
2700227
2700426
2700451
2700469
2700487
2700521
2712048
2712234
2712269
2712570
2713155
2713788
2713814
2713848
2713980
2714280
2714301
2714324
2714489
2714524
2714555
2715772
2716069
2716127
2716149
2716332
2716357
2716381
2716589
2716654
2716675
2716719
2717032
2717055
2717103
2717125
2717296
2717325
2717803
2717837
2717882
2717899
2717953
2718187
2718209
2718242
2718390
2718424
2718456
2718502
2718520
2718552
2718616
2718697
2718738
2718756
2719308
2719337
2719692
2719715
2719737
2719785
2719822
2719864
2719942
2719960
2719993
2720027
2720058
2720091
2720124
2720157
2720186
2720229
2720261
2720297
2720333
2720351
2720383
2720402
2720437
2720481
2720542
2720563
2720647
2720707
2720730
2720777
2720806
2720826
2720854
2720871
2720903
2720932
2720952
2720972
2720989
2721007
2721024
2721040
2721099
2721194
2721219
2721247
2721272
2721411
2721427
2721448
2721463
2721481
2721499
2721517
2721553
2721600
2721617
2721690
2721713
2721852
2721903
2721937
2722231
2722378
2722393
2722415
2722445
2723003
2723022
2723122
2723197
2723274
2723292
2723310
2723384
2723398
2723427
2723446
2723465
2723482
2723537
2723554
2723572
2723599
2723617
2723650
2723700
2724116
2724153
2724170
2724200
2724237
2724325
2724341
2724369
2724410
2724429
2724449
2724469
2724487
2724513
2724539
2724557
2724574
2724594
2724616
2724634
2724650
2724668
2724684
2724764
2724779
2724816
2724840
2725461
2725557
2725576
2725620
2725650
2725667
2725682
2725702
2725735
2725767
2725849
2725867
2725928
2725977
2725994
2726010
2726026
2726063
2726101
2726139
2726177
2726215
2726243
2726271
2726298
2726373
2726390
2726422
2726463
2726531
2726551
2726568
2726605
2726632
2726665
2726682
2726698
2726717
2726755
2726773
2726801
2726827
2726847
2726865
2728077
2728108
2728126
2728611
2728640
2728681
2728772
2728814
2728867
2728914
2728955
2728984
2729015
2729031
2729419
2729455
2729476
2729493
2729976
2730143
2730193
2730245
2730321
2730399
2730537
2730559
2730582
2730604
2730767
2730831
2730853
2730876
2730899
2730932
2731018
2731041
2731064
2731154
2731253
2731325
2731356
2731518
2731550
2731583
2731700
2732216
2732263
2732312
2732331
2732393
2733194
2733228
2733289
2733311
2733384
2733457
2733547
2733570
2733681
2733734
2733828
2733857
2733887
2733916
2733992
2734017
2734052
2734118
2734141
2734227
2734251
2734314
2734331
2734350
2734393
2734444
2734476
2734617
2734643
2734677
2734708
2734740
2734770
2734788
2734806
2734827
2734931
2734949
2735026
2735062
2735085
2735308
2735330
2735380
2735519
2735538
2735561
2735648
2735683
2738162
2738181
2738211
2738358
2739183
2740298
2740329
2740439
2740623
2740853
2740899
2740924
2741395
2741437
2741460
2741547
2741581
2741614
2741634
2741655
2741760
2741781
2741802
2742361
2742382
2742475
2745306
2745327
2746944
2747158
2747193
2747227
2747248
2747323
2747359
2747433
2747609
2747647
2747678
2747712
2747748
2747810
2747861
2747909
2747925
2748051
2748071
2748106
2748122
2749348
2749366
2749388
2749445
2749461
2749511
2749545
2749581
2749820
2749839
2749913
2749933
2749965
2750000
2750062
2750098
2750218
2750252
2750309
2750526
2750559
2750595
2750671
2750762
2750812
2750832
2750878
2750926
2750960
2751020
2751084
2751105
2751182
2751201
2751277
2751484
2751535
2751568
2751837
2751871
2751890
2751939
2751958
2752008
2752060
2752091
2752113
2752145
2761616
2761637
2761660
2761682
2761707
2761728
2761759
2761793
2761811
2761844
2761865
2761912
2761932
2761985
2762059
2762121
2762524
2762749
2762766
2762795
2762842
2762990
2763022
2763057
2763114
2763133
2763155
2763233
2763253
2763311
2765714
2766437
2766473
2766529
2766586
2766621
2766643
2766664
2766683
2766701
2766720
2766820
2767005
2767051
2767099
2767140
2767159
2767192
2767212
2767267
2767288
2768302
2768345
2768377
2768881
2768943
2768962
2769027
2769289
2769321
2769341
2776745
2776922
2776943
2776980
2777016
2777034
2777076
2777102
2777127
2777161
2777211
2777287
2777311
2777332
2777367
2777438
2777459
2777509
2777531
2777561
2777644
2777678
2777738
2777801
2777877
2777951
2778025
2778115
2778139
2778182
2778216
2778238
2778269
2778290
2778321
2778356
2778472
2778509
2778544
2778593
2778623
2778644
2778666
2778755
2778779
2778801
2778824
2778846
2778878
2778940
2778971
2779007
2779079
2779129
2779203
2779245
2779301
2779352
2779386
2779408
2779446
2779481
2779533
2779569
2779621
2779731
2779873
2779896
2779951
2779984
2780015
2780033
2780094
2780113
2780147
2780180
2780259
2780277
2780389
2780438
2780456
2780533
2780572
2780633
2780719
2780752
2780771
2780808
2780917
2780967
2780990
2781013
2781064
2781094
2781126
2781147
2781287
2781315
2782058
2782089
2782273
2782305
2782337
2782372
2782433
2782464
2782512
2782551
2782598
2782619
2782641
2782662
2782679
2782742
2782790
2782809
2782882
2782952
2782989
2783078
2783099
2783130
2783165
2783187
2783204
2783272
2783294
2783341
2783376
2783398
2783418
2783452
2783498
2783865
2783885
2785057
2785093
2785116
2785136
2785219
2785532
2785569
2785588
2799672
2799694
2799743
2799794
2799831
2800226
2800262
2802589
2802627
2802663
2802775
2802813
2802868
2802941
2802990
2803024
2803043
2803075
2803124
2807719
2807742
2807762
2807861
2807885
2807916
2807950
2808075
2808185
2808263
2808297
2809357
2809419
2809452
2809487
2809521
2815624
2815663
2815684
2815706
2815752
2815770
2815806
2815840
2815862
2815948
2816466
2816552
2816740
2816827
2816862
2816883
2816916
2821201
2821240
2821276
2821312
2821349
2821372
2821410
2821446
2821687
2821716
2821737
2821756
2821793
2821842
2822196
2822335
2822370
2822393
2822528
2822564
2822586
2822696
2823190
2823280
2823320
2823353
2823411
2823457
2823521
2823558
2823603
2823639
2823765
2823839
2823886
2823935
2823956
2823979
2824828
2824899
2824923
2824949
2824972
2825008
2825060
2825096
2825131
2825167
2825267
2825300
2825321
2825356
2825376
2829008
2829034
2830511
2830600
2830634
2830656
2830698
2830731
2830766
2830802
2830838
2830873
2830894
2830915
2830965
2831000
2831033
2831065
2831085
2831106
2831130
2831194
2831229
2857382
2857417
2857440
2857464
2857487
2857516
2857538
2857562
2857614
2857631
2857666
2857688
2857725
2857811
2858008
2858072
2858094
2858131
2858208
2858247
2858281
2858363
2858402
2858452
2858588
2858608
2858684
2858775
2858827
2858866
2858917
2858996
2859051
2859072
2859092
2859127
2859150
2859187
2859226
2859265
2859345
2859385
2859449
2859481
2859502
2859546
2859567
2859658
2859680
2859755
2859787
2859886
2859962
2860104
2860122
2860141
2860177
2860733
2861039
2861059
2861079
2861112
2861146
2861181
2861215
2861250
2861329
2861351
2861392
2861414
2861792
2861813
2861833
2861864
2861988
2862030
2862048
2862084
2862119
2862175
2862212
2862230
2862262
2862281
2862316
2862355
2862434
2862484
2862505
2862588
2862785
2864307
2864350
2864447
2864709
2864755
2864797
2865015
2865051
2865376
2865460
2865498
2865575
2865607
2865626
2865660
2865695
2865846
2865866
2865941
2866115
2971848
2971876
2971925
2972137
2972155
2972206
2972229
2973071
2973135
2973170
2973264
2973330
2973354
2973390
2973434
2974256
2974300
2974338
2974390
2974424
2974457
2974480
2974503
2974541
2974578
2974603
2974654
2974673
2974696
2974716
2974748
2975350
2975403
2976427
2976490
2976514
2976536
2976584
2976607
2976628
2976690
2976767
2976869
2976900
2976921
2976958
2976995
2977019
2977402
2977428
2977494
2977547
2977602
2977623
2977645
2977669
2977791
2977838
2977859
2977901
2977996
2978050
2978186
2978228
2978250
2996821
2996886
2997770
2997878
2997901
2997961
2997996
2998030
2998066
2998117
2998150
2998185
2998207
2998230
2998370
2998777
2998853
2998903
2998966
2998999
2999061
2999098
2999309
2999363
2999400
2999427
2999465
3000015
3000040
3000113
3000148
3000396
3000478
3040014
3040046
3040072
3040096
3040118
3040141
3040164
3040186
3040209
3040232
3040253
3040290
3040333
3040370
3040413
3040451
3040495
3040533
3040577
3040613
3040655
3040691
3040733
3040769
3040811
3040847
3040889
3040913
3040945
3040981
3041000
3041076
3041105
3041145
3041178
3041222
3041444
3041465
3041487
3041521
3041556
3041588
3041718
3041840
3041876
3041953
3042083
3042183
3042220
3042318
3042341
3042376
3042413
3042435
3042471
3042508
3042540
3043388
3043421
3043463
3043497
3043560
3043581
3043601
3043651
3043672
3043690
3043851
3043875
3043900
3043950
3043999
3044017
3044405
3044431
3044455
3044523
3044562
3044592
3044615
3044664
3044699
3044721
3044743
3044778
3044866
3044903
3044969
3045032
3045070
3045111
3045162
3045215
3045243
3045305
3045329
3045380
3046980
3047045
3047109
3047186
3047220
3047254
3047305
3047357
3047485
3047543
3047565
3047589
3047685
3047829
3047900
3047925
3048662
3048698
3048726
3048752
3048829
3048870
3048892
3048929
3048951
3049257
3049307
3049334
3049368
3049403
3049429
3049625
3049676
3049819
3049854
3049905
3050066
3050204
3050398
3050476
3050514
3050592
3050617
3050707
3050759
3050797
3050847
3050870
3050932
3050971
3051007
3051030
3051066
3051134
3051170
3051524
3051566
3051628
3051651
3051703
3051752
3051804
3051840
3051917
3051938
3052003
3052055
3052075
3052111
3052134
3052181
3052409
3052449
3052492
3052553
3052657
3052680
3052744
3052778
3052814
3052866
3052905
3052997
3053160
3053181
3053216
3053252
3053315
3053340
3053364
3053423
3053441
3053461
3053532
3053669
3053699
3053731
3053818
3053853
3053873
3053936
3054041
3054540
3054559
3054621
3054692
3054711
3054765
3054826
3054861
3054899
3054937
3055537
3055573
3055608
3055641
3055674
3055702
3055724
3055757
3055791
3055826
3057218
3057242
3057277
3067794
3068301
3068324
3068401
3069561
3069683
3069707
3069744
3069781
3069834
3069865
3070150
3070203
3070268
3070305
3070343
3070393
3070419
3070454
3070479
3071775
3071800
3071837
3071861
3071939
3072053
3072078
3072113
3072261
3072297
3074095
3074125
3074164
3074184
3074246
3074266
3074337
3074379
3074416
3074433
3074452
3074480
3074500
3074520
3074539
3074569
3074603
3074622
3075468
3076340
3076362
3076417
3076440
3076881
3076941
3077075
3077124
3077228
3077247
3077285
3077317
3077335
3077355
3077420
3077511
3077546
3077580
3077614
3077650
3079054
3079087
3102779
3102859
3102910
3103253
3103278
3103501
3103521
3103557
3104007
3104053
3104143
3104177
3104218
3104252
3104276
3104299
3104358
3104412
3104436
3104550
3104606
3105178
3105215
3105234
3105267
3105297
3105340
3105361
3105419
3105486
3105638
3107341
3107390
3107502
3107524
3107547
3107596
3107618
3107848
3107873
3107935
3107972
3108155
3108193
3108229
3108362
3108397
3108445
3108742
3108793
3108817
3108866
3108889
3108923
3108945
3108982
3109025
3109077
3109099
3109119
3109162
3109185
3109217
3109251
3109303
3111677
3111751
3111800
3112220
3112256
3112277
3112350
3112372
3112395
3112418
3112480
3112502
3112566
3112602
3112638
3112698
3112749
3112779
3112810
3112845
3112880
3112942
3113087
3113149
3113179
3113238
3113844
3113876
3113909
3114083
3114119
3114184
3114233
3114256
3114278
3114351
3114386
3114420
3114458
3114509
3114540
3114658
3114716
3114751
3114781
3114832
3114868
3114968
3115002
3115157
3115279
3115329
3115382
3115403
3115470
3115654
3115730
3115752
3115775
3115809
3115861
3115922
3115969
3116162
3116262
3116299
3116348
3116377
3116401
3116431
3119007
3119352
3119388
3119423
3119459
3119495
3119525
3119664
3119699
3136212
3136246
3136278
3136312
3136347
3136366
3137018
3137202
3137288
3137322
3137356
3137401
3137509
3137527
3137616
3137672
3137722
3137766
3137789
3138890
3138927
3138963
3138997
3139086
3139123
3139163
3139752
3139773
3139826
3139854
3142417
3142437
3142473
3142505
3142525
3142547
3142570
3142657
3142688
3142780
3142972
3142990
3143025
3143114
3143149
3143184
3143430
3143449
3143471
3143505
3143739
3143754
3143770
3143795
3143810
3143935
3144125
3144181
3144227
3144261
3144280
3144311
3144356
3144424
3144470
3144502
3144536
3144583
3144709
3144780
3144814
3144849
3144869
3144902
3144924
3145037
3145113
3145136
3145188
3145222
3145256
3145290
3145323
3146284
3146316
3146333
3146352
3146437
3146457
3146476
3146512
3146564
3146595
3146615
3146633
3146701
3146733
3146872
3146945
3146978
3147012
3147032
3147094
3147204
3147232
3147250
3147268
3147285
3147303
3147321
3147378
3147405
3147432
3147449
3151983
3152009
3200917
3200948
3200970
3201004
3201039
3201072
3201105
3201124
3201179
3201216
3201241
3201267
3201627
3201652
3201685
3203505
3203533
3203621
3203697
3203732
3204410
3204465
3204577
3204669
3204785
3204836
3204872
3204894
3204928
3204977
3205010
3205681
3205718
3205903
3205936
3205972
3205995
3206025
3206074
3206198
3206550
3206572
3206595
3206629
3206647
3206769
3206791
3206839
3206875
3206977
3207081
3207117
3207139
3207168
3207190
3207266
3207317
3207378
3207413
3207600
3207677
3207770
3207821
3207856
3208185
3208248
3208299
3208376
3208439
3208457
3208481
3208519
3208683
3208714
3208757
3208779
3208800
3208834
3208878
3208896
3208934
3208984
3209004
3209244
3209286
3209339
3209444
3209478
3209501
3209551
3209584
3209728
3209806
3209846
3209921
3209947
3209968
3209992
3210014
3210059
3210087
3211079
3226193
3226213
3226238
3226255
3226343
3226391
3226841
3226929
3226952
3227103
3227256
3227338
3227485
3227548
3273459
3279476
3279508
3279753
3279791
3279842
3279865
3279890
3279941
3279980
3280015
3280039
3280078
3280131
3280182
3280206
3280239
3280316
3280352
3280403
3280456
3280509
3280533
3280556
3280810
3280865
3280903
3280952
3281004
3281028
3281063
3281157
3281195
3281215
3281310
3281361
3281481
3281535
3281587
3281807
3281859
3281883
3281920
3281970
3282102
3282155
3282220
3282245
3282320
3282377
3282398
3282471
3282493
3282516
3282538
3282559
3282779
3283060
3283080
3283429
3283462
3283535
3283567
3283602
3283626
3283652
3283685
3283854
3283889
3283924
3283960
3283996
3284029
3284057
3284090
3284128
3284247
3284292
3284349
3284369
3284485
3284505
3285220
3285348
3285384
3285417
3285451
3285486
3285567
3285730
3286070
3286104
3286159
3286454
3286500
3286519
3286554
3286583
3286604
3286624
3286645
3286710
3286741
3286830
3286867
3286901
3286918
3286953
3286973
3287281
3287326
3287359
3287376
3287424
3287446
3287468
3287490
3287510
3287546
3287580
3287642
3287677
3287711
3287742
3287773
3287816
3287835
3287855
3287929
3288005
3288043
3288088
3288124
3288161
3288192
3288210
3288243
3288260
3288278
3288414
3288447
3288465
3288540
3292088
3292108
3292156
3292338
3292375
3292415
3292449
3292472
3292550
3292626
3292647
3292703
3292722
3292739
3292896
3292975
3293017
3293056
3293090
3293124
3293156
3325494
3325511
3325528
3325545
3325641
3325682
3325730
3325959
3325979
3326218
3326295
3326399
3326570
3326616
3326647
3326668
3326696
3327750
3327826
3327861
3327882
3327948
3328029
3328294
3328312
3328358
3328459
3328523
3328546
3328566
3339330
3339437
3339488
3339537
3339560
3339595
3339613
3339689
3339708
3339770
3340351
3340428
3340507
3340526
3340562
3340606
3344409
3344434
3344471
3344520
3344572
3344609
3344632
3344652
3344670
3344706
3344770
3344788
3344909
3344953
3345072
3345124
3345150
3345240
3345270
3345303
3345362
3345383
3345499
3345623
3345659
3346480
3347492
3347514
3347627
3347765
3347788
3347807
3347990
3348009
3348072
3348122
3348157
3348175
3348246
3348311
3348330
3348365
3348599
3349026
3349047
3349093
3349238
3349258
3349279
3349381
3349470
3349573
3349737
3349785
3349807
3349828
3349847
3349865
3349933
3349956
3350745
3350783
3350815
3350847
3350921
3350995
3351184
3351217
3351480
3351550
3351568
3351594
3351629
3351661
3351694
3351725
3351759
3351791
3351929
3351950
3351972
3351993
3352735
3352785
3352823
3352844
3352867
3352893
3352944
3352970
3353049
3353088
3388735
3388774
3388813
3388964
3389037
3389072
3389107
3389130
3389787
3389832
3389867
3389891
3389928
3389976
3390106
3390151
3390169
3456113
3456146
3456181
3456199
3456235
3456343
3456392
3456417
3456468
3456617
3456641
3456667
3456692
3456769
3456806
3456901
3456953
3456978
3457015
3457068
3457120
3457199
3457238
3457318
3458275
3458316
3458649
3458673
3458815
3458906
3458998
3459023
3459060
3459121
3459198
3459235
3459313
3459336
3459378
3459430
3459453
3459486
3459508
3459529
3459558
3460490
3460529
3460580
3460620
3460656
3460681
3460775
3460827
3460850
3460901
3460937
3460988
3461055
3461100
3461123
3461482
3461596
3461650
3461730
3461758
3461783
3461877
3461915
3461942
3461988
3462022
3462053
3462072
3464589
3464693
3464730
3464766
3464799
3465329
3465454
3465477
3465506
3465549
3465584
3465614
3465689
3465721
3465760
3465804
3465827
3465847
3465875
3466097
3466427
3466498
3467100
3467138
3467191
3467216
3467268
3467321
3467376
3467393
3467437
3659376
3659420
3659477
3659805
3659886
3659927
3663651
3663681
3663704
3663742
3663776
3663824
3663855
3663929
3663959
3664185
3664431
3664643
3664699
3664736
3664771
3707467
3707499
3707546
3707594
3707647
3707679
3707699
3707811
3707872
3707932
3708243
3708276
3708310
3708344
3708418
3708492
3708513
3708550
3708574
3708608
3708641
3709519
3709552
3709572
3709620
3709669
3709709
3709742
3709760
3709811
3709844
3709873
3709908
3709941
3709970
3710005
3710037
3710068
3710100
3710250
3710322
3710452
3710477
3710501
3710598
3710631
3710650
3710685
3710717
3710736
3710751
3710837
3710871
3710887
3710922
3710995
3711015
3712209
3712223
3712250
3712264
3712279
3712311
3712343
3712405
3712444
3712655
3712683
3712748
3712794
3712828
3712845
3712896
3712922
3712943
3712960
3713094
3713182
3713222
3713238
3713259
3713305
3713327
3713347
3716367
3716404
3716431
3716461
3716493
3716536
3716582
3716601
3716616
3716634
3716652
3716670
3716719
3716735
3716752
3716800
3716869
3716909
3716947
3716964
3716982
3717055
3717073
3717122
3717649
3717697
3717712
3717740
3717827
3717854
3717870
3717970
3718077
3718093
3718133
3718150
3718226
3718332
3718349
3718393
3718532
3718553
3718575
3718597
3718972
3719004
3719023
3719042
3719063
3719173
3719191
3719317
3719346
3719366
3730642
3730686
3730784
3730838
3730870
3730887
3730901
3731078
3731105
3731137
3731157
3731179
3731214
3731233
3731283
3731349
3731379
3731494
3731526
3731579
3731599
3731742
3731796
3731815
3731849
3731869
3731904
3731959
3731988
3732003
3732055
3732078
3732114
3732159
3733885
3733902
3733918
3733945
3734001
3734065
3734091
3734130
3734149
3734164
3734182
3734228
3734267
3734286
3734323
3734348
3734391
3734434
3734451
3734473
3734552
3734583
3734613
3734632
3734661
3734687
3734740
3734801
3734939
3734998
3735015
3735571
3735626
3735646
3735678
3735702
3735734
3735774
3736274
3736344
3736890
3737097
3738041
3738215
3738232
3738251
3738277
3738563
3738594
3738809
3738979
3739025
3739086
3739126
3739145
3740339
3740420
3740451
3740615
3740635
3740668
3740688
3740745
3740761
3742353
3742376
3742393
3742420
3742449
3742566
3742594
3742622
3742661
3742689
3742717
3742745
3742773
3742801
3742829
3743088
3743213
3743268
3743285
3743345
3743373
3743520
3743540
3743696
3744759
3744821
3744848
3744876
3744897
3744913
3744929
3744947
3759534
3759563
3759593
3818073
3818186
3818228
3818260
3818413
3818452
3818475
3818496
3818519
3818543
3818563
3818583
3818603
3818627
3818648
3818716
3818737
3818753
3818792
3818832
3818853
3818876
3818899
3818919
3818939
3818958
3818978
3819036
3819060
3819082
3819127
3819171
3819192
3819208
3819223
3819252
3819270
3819287
3819303
3819452
3819702
3819723
3819773
3819816
3820081
3820101
3820136
3969661
3969689
3970425
3970442
3970551
3970576
3970598
3970942
3970966
3970985
3971003
3971027
3971049
3971069
3971085
3971112
3972614
3973071
3973105
3973136
3973167
3973202
3973235
3973268
3973332
3973394
3976469
3976490
3976510
3976547
3976597
3976648
3976664
3976700
3976720
3976767
3976934
3976954
3976970
3976986
3977005
3978560
3978591
3978633
3978674
3978793
3978831
3978869
3978941
3979184
3979281
3979318
3979367
3979424
3979440
3979469
3979503
3979782
3979828
3980274
3980308
3980342
3980376
3980408
3980471
3980491
3980520
3980736
3980904
3980936
3980969
3981004
3981023
3981054
3981121
3981140
3981161
3981223
3981270
3981304
3981357
3981425
3981624
3981654
3981731
3981765
3981784
3981882
3981907
3982001
3982039
3982243
3982268
3982308
3982346
3982385
3982405
3982428
3982468
3982535
3982562
3982932
3983005
3983026
3983069
3983093
3983178
3983210
3983883
3983933
3983994
3984027
3984060
3984081
3985017
3985115
3985180
3985233
3985625
3985644
3985673
3985706
3985739
3985842
3985859
3985934
3985968
3986025
3986057
3986567
3986590
3986625
3986661
3986697
3986716
3986735
3986757
3987357
3987375
3987409
3987431
3987462
3987510
3987543
3987562
3987611
3987667
3987711
3987778
3987811
3987950
3987984
3988018
3988265
3988300
3988342
3988596
3988618
3988666
3988753
3988775
3988798
3988820
3989204
3989294
3989318
3989349
3992060
3992082
3992115
3992147
3992182
3992205
3992237
3992546
3996925
3996942
3996963
3997013
3997059
3997080
3997135
3997260
3997294
3997375
3997408
3997439
3998982
3999073
3999109
3999145
3999179
3999211
3999248
3999282
3999319
3999363
3999398
4000281
4000299
4000318
4000352
4002056
4002078
4002122
4002143
4002177
4002208
4002250
4002403
4002446
4002474
4002715
4002736
4002752
4002768
4002789
4003088
4003171
4003190
4003209
4003256
4003272
4003290
4003325
4003375
4003409
4003427
4003464
4003526
4003558
4003585
4003614
4003656
4003769
4003865
4003898
4003914
4003944
4003976
4003995
4004310
4004344
4004378
4004411
4004445
4004476
4004587
4004632
4004663
4004729
4004746
4004778
4004811
4005122
4005142
4005164
4005187
4008864
4008918
4009106
4009139
4009170
4009219
4009239
4009353
4009402
4009451
4009482
4009535
4009569
4009603
4009637
4009672
4009705
4009738
4009809
4009841
4010195
4010228
4010271
4010316
4010434
4010456
4010486
4087560
4087606
4087629
4087653
4087688
4087725
4088193
4088240
4088372
4088430
4088467
4088586
4088634
4088712
4088831
4088851
4088887
4088923
4088973
4089006
4089037
4089057
4089092
4089113
4089198
4089231
4089267
4089301
4089348
4089382
4090535
4090586
4090612
4090700
4090722
4090771
4090807
4090832
4091520
4091576
4091595
4091723
4091787
4091840
4091876
4091926
4092013
4092078
4092267
4092300
4092591
4092632
4092692
4092713
4092774
4092809
4092840
4092903
4092964
4092998
4093031
4093065
4093105
4093144
4093179
4093212
4093257
4093291
4093327
4093629
4093665
4093715
4093822
4093875
4093897
4093947
4093981
4094069
4094103
4094327
4094615
4094643
4094669
4094700
4094733
4094766
4094811
4094847
4094881
4094898
4094920
4094956
4095113
4095151
4095171
4095257
4095603
4095707
4095756
4095776
4095836
4095857
4095892
4095913
4095946
4095977
4095999
4096044
4097073
4097112
4097149
4097227
4097318
4097394
4097420
4097457
4097477
4097674
4097711
4097747
4097982
4098015
4098106
4098141
4098176
4098382
4098504
4098844
4098951
4099066
4099088
4099111
4099160
4099192
4099322
4099358
4099421
4099479
4099499
4099520
4099580
4099597
4099666
4099725
4099757
4099778
4099960
4100358
4100475
4100505
4100527
4100554
4100723
4105934
4105987
4106075
4106112
4106178
4106300
4106382
4106404
4106505
4106522
4106552
4106587
4107463
4107521
4111804
4112316
4112341
4112374
4113031
4113080
4113129
4113163
4113184
4113436
4113456
4113479
4113503
4113538
4113557
4113816
4113956
4114017
4114104
4114126
4114149
4114169
4114204
4114224
4114257
4114292
4114371
4114405
4114441
4114541
4114587
4114607
4114627
4116768
4116790
4116841
4116864
4116885
4119353
4119415
4119452
4119489
4119510
4119548
4119594
4119665
4119718
4119749
4120603
4120641
4120660
4120695
4120728
4120762
4120815
4120919
4120955
4121043
4121109
4121132
4121178
4121198
4121232
4121247
4121278
4121295
4121366
4121480
4121503
4121535
4121592
4121612
4121701
4121750
4122334
4122355
4122387
4122439
4122589
4122633
4122710
4122813
4122841
4122887
4122959
4123528
4123563
4123638
4123675
4123705
4123737
4123771
4124007
4124032
4124080
4124114
4124146
4124181
4124217
4124291
4124325
4124738
4124763
4124810
4124909
4124941
4124975
4125008
4125042
4125077
4125116
4125156
4125188
4125209
4125254
4125314
4125344
4125406
4125621
4125684
4125716
4126278
4126325
4126784
4126847
4126897
4127012
4127074
4127111
4127136
4127153
4127401
4127440
4127474
4129015
4129037
4129085
4129159
4129191
4129209
4129296
4129376
4129453
4129478
4129514
4129533
4129566
4129660
4129713
4129730
4134357
4134435
4134501
4134553
4134603
4134654
4134719
4134744
4134835
4135077
4135121
4135154
4135172
4135298
4135327
4135688
4135720
4135784
4135807
4135839
4135859
4135897
4135928
4135957
4135977
4135997
4136040
4136271
4136305
4136354
4136387
4136969
4136991
4137014
4137036
4137058
4137116
4137212
4137283
4137889
4138011
4138056
4138089
4138123
4138147
4138180
4138253
4138283
4138381
4138414
4138531
4138578
4138615
4138869
4138904
4138940
4138980
4139017
4139176
4139220
4139257
4139293
4139335
4139352
4139413
4139432
4140527
4140599
4140665
4141275
4141313
4141347
4141863
4141886
4142002
4142068
4142104
4142144
4142203
4142270
4142291
4142672
4142691
4142767
4142948
4142968
4142989
4143022
4143058
4143236
4143264
4143297
4143316
4143338
4143482
4143681
4143717
4143752
4143785
4144567
4144598
4144666
4144686
4144718
4144751
4144813
4144850
4144894
4144911
4144934
4144970
4144986
4145003
4145037
4145070
4145089
4145111
4145223
4145245
4145277
4145402
4145442
4145467
4145494
4145510
4145531
4145564
4145601
4145619
4145955
4145989
4146024
4146067
4146112
4146175
4146189
4146217
4146232
4146262
4146279
4146296
4146344
4146363
4146470
4150633
4151137
4151155
4151184
4151201
4151218
4151669
4151698
4151756
4151772
4151788
4151902
4151990
4152010
4152525
4152554
4152570
4152620
4152668
4153179
4153207
4153247
4153388
4153404
4153420
4153436
4153452
4153470
4153489
4153517
4153735
4153764
4153780
4153966
4153995
4154102
4154257
4154274
4154291
4154307
4154409
4154489
4154533
4154552
4154607
4155124
4155142
4155373
4155407
4155438
4155458
4155488
4155503
4155606
4155659
4155673
4155692
4155720
4156258
4156534
4156553
4156600
4156632
4156680
4156719
4156749
4156801
4156840
4156975
4157182
4157229
4157439
4157475
4157511
4157548
4157634
4157667
4157703
4157771
4157816
4157851
4157885
4158086
4158161
4158209
4158232
4158283
4158345
4158384
4158448
4158486
4158539
4158594
4158693
4158727
4158744
4158796
4158834
4159052
4159111
4159146
4159177
4159225
4159260
4159277
4159311
4166545
4166597
4166620
4166658
4166680
4166701
4166718
4166736
4166767
4166805
4166837
4166888
4166964
4166991
4167014
4167567
4167627
4167795
4167830
4167865
4167899
4167937
4167974
4168009
4168568
4168645
4168681
4168718
4168782
4168819
4168872
4168907
4168942
4169020
4169059
4169173
4169250
4169273
4169325
4169405
4169458
4169507
4169544
4169622
4169662
4169921
4170070
4170109
4170147
4170184
4170261
4170324
4170412
4170446
4170506
4170609
4170645
4170682
4170756
4170816
4170941
4170982
4171036
4171079
4171117
4171193
4171348
4171376
4171415
4171492
4171534
4171588
4171617
4171684
4171712
4171749
4171791
4171868
4171949
4172001
4172062
4172114
4172185
4172240
4172291
4172319
4172360
4172416
4172539
4172615
4172791
4172835
4172876
4172901
4172994
4173037
4173066
4173095
4173130
4173181
4173227
4173268
4173320
4173358
4173383
4173432
4173882
4173921
4173959
4173986
4174028
4174136
4174193
4174356
4174436
4174473
4174535
4174628
4174679
4174955
4175009
4175032
4175096
4175175
4175346
4175420
4175474
4175526
4175576
4175625
4175705
4175799
4175826
4175868
4175945
4176022
4176051
4176109
4176155
4176209
4176360
4176407
4176459
4176538
4176572
4176597
4176632
4176684
4176738
4176765
4176803
4176904
4177024
4177103
4177158
4177213
4177305
4177342
4177436
4177489
4177515
4177673
4177753
4177805
4177841
4177879
4177985
4178051
4178157
4178184
4178223
4178288
4178330
4178384
4178435
4178457
4178520
4178568
4178608
4178646
4178686
4178766
4178872
4178923
4178974
4179039
4179130
4179168
4179193
4179219
4179257
4179350
4179550
4179604
4179658
4179695
4179776
4179831
4179910
4179951
4179984
4180008
4180031
4180069
4180122
4180205
4180286
4180343
4180420
4180446
4180526
4180559
4180614
4180720
4180767
4180804
4180826
4180903
4180945
4181120
4181201
4181244
4181283
4181339
4181384
4181424
4181477
4181503
4181552
4181604
4181642
4181699
4181734
4181754
4181925
4181942
4181974
4182351
4182374
4182395
4182416
4182438
4182459
4182491
4182511
4182532
4182578
4182673
4182727
4182764
4182801
4182831
4182889
4182923
4182959
4182996
4183283
4183346
4183381
4183400
4183433
4183485
4183510
4183535
4183573
4183654
4183703
4183780
4183844
4183923
4183961
4183985
4184051
4184239
4184276
4184328
4184373
4184409
4184467
4184499
4184583
4184616
4184654
4184686
4184730
4184764
4184798
4184815
4184859
4184918
4184947
4184981
4185018
4185039
4185074
4185108
4185140
4185165
4185227
4185279
4185302
4185342
4185365
4185402
4185437
4185490
4185512
4185641
4185707
4185762
4185777
4187108
4187146
4187326
4187373
4187396
4187442
4187464
4187541
4187579
4187607
4187649
4187684
4187735
4187813
4187868
4187909
4187964
4187997
4188017
4188040
4188074
4188196
4188410
4188484
4188534
4188571
4188604
4188653
4188699
4188775
4188798
4188820
4188896
4188948
4188984
4189023
4189049
4189154
4189208
4189226
4189246
4189304
4189336
4189368
4189402
4189458
4189486
4189545
4189567
4189615
4189633
4189673
4189697
4189722
4189748
4189770
4189846
4189924
4190013
4190048
4190085
4190119
4190135
4190159
4190191
4190296
4190333
4190368
4190407
4190430
4190469
4190506
4190530
4190606
4190629
4190653
4190732
4190770
4190822
4190858
4190894
4190953
4190972
4191004
4191759
4192456
4192522
4192657
4192708
4192747
4192785
4192824
4192861
4192888
4192929
4192956
4192981
4193006
4193047
4193102
4193142
4193164
4193188
4193226
4193265
4193303
4193355
4193392
4193425
4193462
4193541
4199780
4199868
4199903
4199943
4200124
4200229
4200260
4200286
4200342
4200366
4200420
4201010
4201065
4201119
4201146
4201174
4201199
4201219
4201286
4201319
4201382
4201407
4201475
4201503
4201530
4201586
4201640
4201870
4201981
4202010
4202142
4202278
4203911
4203937
4203964
4204004
4204045
4204166
4204188
4204214
4204279
4204300
4204326
4204348
4204370
4204409
4204433
4204485
4204509
4204550
4204575
4204602
4204646
4204816
4204872
4204898
4204924
4204953
4205076
4205116
4205184
4205238
4205259
4205286
4205309
4205332
4205417
4205498
4205521
4205677
4205720
4205746
4205802
4205881
4206188
4206298
4206324
4206365
4206403
4206465
4206491
4206614
4206666
4206698
4206738
4206789
4206813
4206868
4206898
4206926
4206952
4206993
4207040
4207107
4207134
4207176
4207203
4207228
4207254
4207309
4207334
4207355
4207376
4207408
4209036
4209061
4209116
4209143
4209186
4209317
4209343
4209463
4209486
4209525
4209579
4209617
4209645
4214208
4214285
4214354
4214398
4214436
4214502
4214557
4214639
4214663
4214717
4214755
4214781
4214824
4214875
4214906
4214934
4214973
4215089
4215113
4215163
4215200
4215264
4215342
4215367
4215433
4215458
4215520
4215558
4215597
4215638
4215671
4215760
4215871
4215930
4215954
4216008
4216036
4216100
4216123
4216178
4216234
4216263
4218607
4218687
4218712
4218751
4218805
4218827
4218879
4218974
4218995
4219035
4219076
4219099
4219124
4219150
4219205
4219289
4219329
4219382
4219423
4219502
4219526
4219690
4219717
4219743
4219796
4219849
4219890
4219917
4219971
4220179
4220204
4220256
4220296
4220336
4220414
4220893
4220918
4220940
4221209
4221243
4221267
4221360
4221413
4221440
4221536
4221562
4221648
4221728
4221797
4221818
4221923
4236374
4236397
4236425
4236469
4236508
4236548
4236603
4236651
4236720
4236739
4236804
4236843
4237312
4237473
4237581
4237604
4237657
4237699
4237738
4237870
4237895
4237948
4237973
4238027
4238388
4238417
4238461
4238522
4238626
4238691
4238745
4239896
4240037
4240061
4240115
4240137
4240210
4240247
4240268
4240305
4241074
4241099
4241136
4241185
4241215
4241264
4241299
4241331
4241357
4241398
4241424
4241461
4241486
4241526
4241565
4241589
4241612
4241730
4241795
4241849
4241884
4241910
4241949
4241973
4241994
4242056
4242339
4242375
4242430
4242473
4242578
4242643
4242667
4242727
4242827
4242892
4242918
4242945
4242967
4243059
4243081
4243118
4243153
4243190
4243215
4243270
4243348
4243399
4243423
4243459
4243539
4243575
4243612
4243650
4243731
4243855
4243883
4243952
4243981
4244024
4244092
4244132
4244195
4244231
4244307
4244333
4244426
4244518
4244575
4244617
4244760
4244942
4244963
4245057
4245216
4245294
4245331
4245395
4245420
4245446
4245487
4245512
4245537
4245565
4245664
4245697
4245747
4245773
4245854
4245876
4245924
4246000
4246063
4246127
4246164
4246190
4246232
4246271
4246326
4246378
4246430
4246504
4246555
4246576
4246600
4246654
4246679
4246703
4246728
4246782
4246807
4246850
4246872
4246924
4246952
4246981
4247035
4247080
4247143
4247180
4247258
4247294
4247355
4247420
4247471
4247586
4247623
4247667
4247693
4247759
4247824
4247905
4247984
4248011
4248048
4248085
4248155
4248212
4248290
4248345
4248373
4248426
4248450
4248489
4248516
4248554
4248607
4248658
4248709
4248747
4248898
4248948
4248974
4249079
4249143
4249344
4249384
4249461
4249486
4249525
4249562
4249615
4249679
4249759
4249851
4249868
4249891
4249913
4249950
4250029
4250327
4250548
4250569
4250618
4250644
4250720
4250756
4251025
4251051
4251102
4251140
4251194
4252557
4255471
4255495
4255535
4256566
4256634
4256698
4256736
4256804
4256871
4256936
4256975
4256995
4257075
4257097
4257149
4257199
4257238
4257276
4257312
4257351
4257390
4257444
4257521
4257573
4257626
4257681
4257719
4257745
4257783
4257811
4257841
4257859
4257905
4257991
4258054
4258091
4258111
4258195
4258230
4258266
4258282
4258300
4258330
4258361
4258379
4258411
4258443
4258476
4258549
4258649
4258845
4258895
4258963
4259044
4259067
4259156
4259179
4259333
4259358
4259409
4259449
4259513
4259550
4259577
4259615
4259651
4259731
4259767
4259807
4259824
4259843
4259885
4259918
4259936
4260040
4260084
4260112
4260165
4260184
4260205
4260227
4260247
4260331
4260352
4260369
4260502
4260560
4260581
4260667
4260708
4260739
4260759
4260773
4260791
4260821
4260900
4260918
4260936
4260956
4260974
4261004
4261023
4261124
4261146
4261173
