0
61
509
765
2721
2751
2781
2840
2899
2958
3017
3076
3135
3194
3253
3312
3415
3498
3581
3664
3747
3830
3913
3996
4079
4162
4245
4328
4411
4494
4526
4546
4566
4598
4630
4660
4743
4826
4909
4992
5075
5158
5241
5324
5407
5490
5573
5656
5739
5822
5905
5988
6071
6154
6237
6320
6401
6484
6565
6646
6729
6810
6891
6972
7053
7134
7215
7296
7377
7458
7539
7622
7705
7788
7871
7952
8033
8114
8195
8276
8359
8440
8521
8602
8683
8766
8847
8928
9009
9090
9171
9252
9333
9414
9495
9576
9657
9738
9819
9900
9981
10062
10145
10228
10311
10368
10425
10508
10591
10648
10705
10762
10819
10876
10933
10990
11047
11104
11161
11218
11277
11336
11395
11454
11513
11572
11631
11690
11749
11808
11867
11926
11985
12044
12103
12162
12221
12280
12339
12398
12481
12540
12599
12658
12717
12776
12835
12894
12953
13012
13071
13130
13189
13248
13307
13366
13425
13558
13617
13676
13735
13794
13853
13912
13971
14030
14089
14148
14207
14266
14325
14384
14443
14502
14561
14620
14679
14738
14797
14856
14937
15018
15101
15184
15265
15348
15431
15490
15549
15632
15713
15796
15879
15962
16045
16126
16209
16292
16373
16456
16515
16574
16633
16692
16751
16810
16869
16928
16987
17046
17105
17214
17273
17332
17391
17450
17559
17668
17777
17836
17895
17954
18037
18096
18155
18214
18273
18332
18391
18474
18533
18592
18651
18710
18769
18828
18887
18946
19005
19064
19123
19182
19241
19300
19359
19418
19477
19507
19566
19649
19708
19757
19840
19923
20006
20035
20088
20273
20378
20461
20520
20579
20638
20691
20816
20875
20934
20993
21024
21105
21164
21223
21282
21341
21400
21459
21518
21538
21558
21617
21637
21696
21755
21814
21873
21932
21991
22050
22109
22168
22227
22286
22345
22404
22463
22522
22581
22640
22699
22758
22817
22876
22935
22994
23053
23112
23171
23230
23289
23398
23457
23516
23575
23634
23693
23752
23811
23870
23929
23988
24047
24106
24165
24224
24283
24342
24401
24460
24519
24578
24637
24696
24755
24814
24873
24932
24991
25050
25109
25168
25227
25286
25345
25404
25463
25491
25570
25629
25688
25747
25806
25865
25924
25983
26042
26101
26160
26219
26278
26337
26396
26455
26514
26573
26632
26691
26750
26809
26868
26927
26986
27045
27104
27163
27222
27281
27340
27399
27458
27517
27576
27635
27694
27753
27812
27871
27930
27989
28048
28107
28166
28225
28284
28343
28402
28461
28520
28579
28638
28697
28756
28815
28874
28933
28992
29051
29110
29169
29228
29287
29346
29405
29464
29523
29582
29641
29700
29759
29818
29877
29936
29995
30054
30113
30172
30231
30290
30349
30408
30467
30526
30585
30644
30703
30762
30821
30880
30939
30998
31057
31116
31175
31234
31293
31352
31411
31470
31529
31588
31647
31706
31765
31824
31883
31942
32001
32060
32119
32178
32237
32296
32355
32414
32473
32532
32591
32650
32709
32768
32827
32886
32945
33004
33063
33122
33181
33240
33299
33358
33416
33475
33534
33593
33652
33711
33770
33829
33887
33946
34005
34064
34123
34182
34241
34300
34358
34417
34476
34535
34594
34653
34712
34771
34829
34888
34947
35006
35065
35124
35183
35242
35300
35359
35418
35477
35536
35595
35654
35713
35771
35830
35889
35948
36007
36066
36125
36184
36242
36301
36360
36419
36478
36537
36596
36655
36713
36772
36831
36890
36949
37008
37067
37126
37184
37243
37302
37361
37420
37479
37538
37597
37655
37714
37773
37832
37891
37950
38009
38068
38126
38185
38244
38303
38362
38421
38480
38539
38597
38656
38715
38774
38833
38892
38951
39010
39068
39127
39186
39245
39304
39363
39422
39481
39539
39598
39657
39716
39775
39834
39893
39952
40010
40069
40128
40187
40246
40305
40364
40423
40481
40540
40599
40658
40717
40776
40835
40894
40952
41011
41070
41129
41188
41247
41306
41365
41423
41482
41541
41600
41659
41718
41777
41836
41894
41953
42012
42071
42130
42189
42248
42307
42365
42424
42483
42542
42601
42660
42719
42778
42836
42895
42954
43013
43072
43131
43190
43249
43307
43366
43425
43484
43543
43602
43661
43720
43778
43837
43896
43955
44014
44073
44132
44191
44249
44308
44367
44426
44485
44544
44603
44662
44720
44779
44838
44897
44956
45015
45074
45133
45191
45250
45309
45368
45427
45486
45545
45604
45662
45721
45780
45839
45898
45957
46016
46075
46133
46192
46251
46310
46369
46428
46487
46546
46604
46663
46722
46781
46840
46899
46958
47017
47075
47134
47193
47252
47311
47370
47429
47488
47546
47605
47664
47723
47782
47841
47900
47959
48017
48076
48135
48194
48253
48312
48371
48430
48488
48547
48606
48665
48724
48783
48842
48901
48959
49018
49077
49097
49117
49137
49157
49178
49199
49233
49267
49287
49308
49328
49348
49368
49397
49417
49437
49466
49486
49506
49524
49564
49603
49619
49646
49675
49695
49716
49737
49766
49785
49806
49827
49848
49866
49884
49902
49920
49938
49956
49977
49998
50019
50040
50189
50267
50348
50497
50649
50670
50688
50723
50758
50793
50828
50863
50898
50933
50968
51003
51038
51073
51108
51143
51178
51213
51248
51283
51318
51353
51388
51423
51458
51493
51528
51563
51598
51633
51668
51703
51738
51773
51808
51843
51878
51913
51948
51983
52018
52053
52088
52123
52158
52193
52228
52263
52298
52333
52368
52403
52438
52473
52508
52543
52578
52613
52648
52683
52718
52753
52788
52823
52858
52893
52928
52963
52998
53033
53068
53103
53138
53173
53208
53243
53278
53313
53348
53383
53418
53453
53488
53523
53558
53593
53628
53663
53698
53733
53768
53803
53838
53873
53908
53943
53978
54013
54048
54083
54118
54153
54188
54223
54258
54293
54328
54363
54398
54433
54468
54503
54538
54573
54608
54643
54678
54713
54748
54783
54818
54853
54888
54923
54958
54993
55028
55063
55098
55133
55168
55203
55238
55273
55308
55343
55378
55413
55448
55483
55518
55553
55588
55623
55658
55693
55728
55763
55798
55833
55868
55903
55938
55973
56008
56043
56078
56113
56148
56183
56218
56253
56288
56323
56358
56393
56428
56463
56498
56533
56568
56603
56638
56673
56708
56743
56778
56813
56848
56883
56918
56953
56988
57023
57058
57093
57128
57163
57198
57233
57268
57303
57338
57373
57408
57443
57478
57513
57548
57583
57618
57653
57688
57723
57758
57793
57828
57863
57898
57933
57968
58003
58038
58073
58108
58143
58178
58213
58248
58283
58318
58353
58388
58423
58458
58493
58528
58563
58598
58633
58668
58703
58738
58773
58808
58843
58878
58913
58948
58983
59018
59053
59088
59123
59158
59193
59228
59263
59298
59333
59368
59403
59438
59473
59508
59543
59578
59613
59648
59683
59718
59753
59788
59823
59858
59893
59928
59963
59998
60033
60068
60103
60138
60173
60208
60243
60278
60313
60348
60383
60418
60453
60488
60523
60558
60593
60628
60663
60698
60733
60768
60803
60838
60873
60908
60943
60978
61013
61048
61083
61118
61153
61188
61223
61258
61293
61328
61363
61398
61433
61468
61503
61538
61573
61608
61643
61678
61713
61748
61783
61818
61853
61888
61923
61958
61993
62028
62063
62098
62133
62168
62203
62238
62273
62308
62343
62378
62413
62448
62483
62518
62553
62588
62623
62658
62693
62728
62763
62798
62833
62868
62903
62938
62973
63008
63043
63078
63113
63148
63183
63218
63253
63288
63323
63358
63393
63428
63463
63498
63533
63568
63603
63638
63673
63708
63743
63778
63813
63848
63883
63918
63953
63988
64023
64058
64093
64128
64163
64198
64233
64268
64303
64338
64373
64408
64443
64478
64513
64548
64583
64618
64653
64688
64723
64758
64793
64828
64863
64898
64933
64968
65003
65038
65073
65108
65143
65178
65213
65248
65283
65318
65353
65388
65423
65458
65493
65528
65563
65598
65633
65668
65703
65738
65773
65808
65843
65878
65913
65948
65983
66018
66053
66088
66123
66158
66193
66228
66263
66298
66333
66368
66403
66438
66473
66508
66543
66578
66613
66648
66683
66718
66753
66788
66823
66858
66893
66928
66963
66998
67033
67068
67103
67138
67173
67208
67243
67278
67313
67348
67383
67418
67453
67488
67523
67558
67593
67628
67663
67698
67733
67768
67803
67838
67873
67908
67943
67978
68013
68048
68083
68118
68153
68188
68223
68258
68293
68328
68363
68398
68433
68468
68503
68538
68573
68608
68643
68678
68713
68748
68783
68818
68853
68888
68923
68958
68993
69028
69063
69098
69133
69168
69203
69238
69273
69308
69343
69378
69413
69448
69483
69518
69553
69588
69623
69658
69693
69728
69763
69798
69833
69868
69903
69938
69973
70008
70043
70078
70113
70148
70183
70218
70253
70288
70323
70358
70393
70428
70463
70498
70533
70568
70603
70638
70673
70708
70743
70778
70813
70848
70883
70918
70953
70988
71023
71058
71093
71128
71163
71198
71233
71268
71303
71338
71373
71408
71443
71478
71513
71548
71583
71618
71653
71688
71723
71758
71793
71828
71863
71898
71933
71968
72003
72038
72073
72108
72143
72178
72213
72248
72283
72318
72353
72388
72423
72458
72493
72528
72563
72598
72633
72668
72703
72738
72773
72808
72843
72878
72913
72948
72983
73018
73053
73088
73123
73158
73219
73254
73289
73324
73359
73394
73429
73464
73499
73534
73569
73604
73639
73674
73709
73744
73779
73814
73849
73884
73919
73954
73989
74024
74059
74094
74129
74164
74199
74234
74269
74304
74339
74374
74409
74444
74479
74514
74549
74584
74619
74654
74689
74724
74759
74794
74829
74864
74899
74934
74969
75004
75039
75074
75109
75144
75179
75214
75249
75284
75319
75354
75389
75424
75459
75494
75529
75564
75599
75634
75669
75704
75739
75774
75809
75844
75879
75914
75949
75984
76019
76054
76089
76124
76159
76194
76229
76264
76299
76334
76369
76404
76439
76474
76509
76544
76579
76614
76649
76684
76719
76754
76789
76824
76859
76894
76929
76964
76999
77034
77069
77104
77139
77174
77209
77244
77279
77314
77349
77384
77419
77454
77489
77524
77559
77594
77629
77664
77699
77734
77769
77804
77839
77874
77909
77944
77979
78014
78049
78084
78119
78154
78189
78224
78259
78294
78329
78364
78399
78434
78469
78504
78539
78574
78609
78644
78679
78714
78749
78784
78819
78854
78889
78924
78959
78994
79029
79064
79125
79160
79195
79230
79265
79300
79335
79370
79405
79440
79475
79510
79545
79580
79615
79650
79685
79720
79755
79790
79825
79860
79895
79930
79965
80000
80035
80070
80105
80140
80175
80210
80245
80280
80315
80350
80385
80420
80455
80490
80525
80560
80595
80630
80665
80700
80735
80770
80805
80840
80875
80910
80945
80980
81015
81050
81085
81120
81155
81190
81225
81260
81295
81330
81365
81400
81435
81470
81505
81540
81575
81610
81645
81680
81715
81750
81785
81820
81855
81890
81925
81960
81995
82030
82065
82100
82135
82170
82205
82240
82275
82310
82345
82402
82459
82516
82573
82630
82687
82744
82801
82858
82915
82972
83029
83088
83147
83206
83265
83324
83383
83442
83501
83560
83619
83678
83737
83796
83855
83914
83973
84032
84091
84150
84209
84268
84327
84386
84445
84504
84563
84622
84681
84740
84799
84858
84917
84976
85035
85094
85153
85212
85271
85330
85389
85448
85507
85566
85625
85684
85743
85802
85861
85920
85979
86038
86097
86156
86215
86274
86333
86392
86451
86510
86569
86628
86687
86746
86805
86864
86923
86982
87041
87100
87159
87218
87277
87336
87395
87454
87513
87572
87631
87690
87749
87808
87867
87926
87985
88044
88103
88162
88221
88280
88339
88398
88457
88516
88575
88634
88693
88752
88811
88870
88929
88988
89047
89106
89165
89224
89283
89342
89401
89460
89519
89578
89637
89696
89755
89814
89873
89932
89991
90050
90109
90168
90227
90286
90345
90404
90463
90522
90581
90640
90699
90758
90817
90876
90935
90994
91053
91112
91171
91230
91289
91348
91407
91466
91525
91584
91643
91702
91761
91820
91879
91938
91997
92056
92115
92174
92233
92292
92351
92410
92469
92528
92587
92646
92705
92764
92823
92882
92941
93000
93059
93118
93177
93236
93295
93354
93413
93472
93531
93590
93649
93708
93767
93826
93885
93944
94003
94062
94121
94180
94239
94298
94357
94416
94475
94534
94593
94652
94711
94770
94829
94888
94947
95006
95065
95124
95183
95242
95301
95360
95419
95478
95537
95646
95705
95764
95823
95882
95941
96000
96059
96118
96177
96236
96295
96354
96413
96472
96531
96590
96649
96708
96767
96826
96885
96944
97003
97062
97121
97180
97239
97298
97357
97416
97475
97534
97593
97652
97711
97770
97829
97888
97947
98006
98065
98124
98183
98242
98301
98360
98419
98478
98537
98596
98655
98714
98773
98832
98891
98950
99009
99068
99127
99186
99245
99304
99363
99422
99481
99540
99599
99658
99679
99738
99797
99856
99915
99974
100033
100092
100151
100210
100269
100328
100387
100446
100505
100564
100623
100682
100740
100799
100858
100917
100976
101035
101144
101203
101262
101370
101429
101488
101597
101706
101765
101824
101883
101942
102001
102060
102119
102178
102237
102296
102355
102414
102473
102532
102591
102650
102709
102768
102827
102886
102945
103004
103063
103122
103181
103240
103299
103358
103417
103476
103585
103644
103703
103762
103821
103880
103939
103998
104057
104116
104175
104234
104343
104364
104385
104406
104427
104448
104468
104488
104528
104549
104570
104591
104631
104651
104672
104691
104712
104733
104753
104768
104789
104810
104850
104871
104888
104909
104930
104951
104971
105016
105036
105057
105078
105098
105119
105137
105176
105344
105549
105634
105790
105813
106243
106315
106356
106419
110090
110119
110239
110280
110298
110332
110405
110438
110468
110508
110557
110587
110618
110637
110656
110771
110898
110928
110960
119956
119987
120006
120033
120070
120204
120231
120252
120271
120291
120317
120366
120387
120408
120429
120450
120470
120491
120512
120533
120554
120572
120592
120612
120631
120665
120694
120715
120731
120746
120767
120788
120808
120826
120847
120868
120889
120909
120928
120949
120969
120990
121011
121031
121049
121070
121090
121139
121160
121180
121201
121221
121242
121263
121283
121303
121324
121345
121365
121386
121414
121434
121455
121482
121502
121523
121543
121564
121584
121630
121660
121731
121794
122456
122476
122496
122516
122536
122556
122577
122597
122625
122656
122675
123991
124006
124021
124036
124053
124179
124305
124332
124353
124374
124395
124416
124437
124458
124478
124499
124520
124540
124560
124581
124602
124623
124644
124663
124684
124705
124725
124746
124767
124787
124808
124826
124847
124868
124889
124909
124939
124959
124980
125009
125030
125051
125072
125092
125123
125141
125170
125190
125211
125232
125250
125271
125291
125312
125333
125352
125373
125394
125415
125435
125453
125470
125522
125607
125663
125693
125717
126181
126208
126248
126270
126296
126327
127513
127528
127545
127562
127583
127604
127625
127646
127667
127682
127703
127724
127745
127766
127787
127808
127829
127847
127867
127888
127909
127929
127950
127971
127990
128011
128032
128052
128073
128094
128114
128135
128155
128175
128196
128217
128238
128259
128280
128301
128322
128342
128363
128384
128405
128426
128445
128463
128484
128505
128526
128547
128568
128589
128608
128653
128742
129502
129518
129536
129612
129638
129658
129695
129711
130869
130901
130927
130948
130969
130990
131011
131030
131050
131071
131201
131231
131252
131273
131294
131315
131346
131367
131387
131408
131429
131450
131470
131519
131551
131571
131592
131612
131633
131652
131673
131693
131714
131735
131755
131775
131796
131817
131838
131859
131876
131897
131918
131939
131960
131981
132002
132023
132044
132073
132101
132156
132193
132239
132274
132917
132970
132986
133015
133068
134337
134438
134464
134484
134510
134547
134568
134587
134605
134626
134647
134667
134687
134708
134729
134747
134768
134789
134810
134828
134848
134869
134889
134910
134931
134952
134972
134993
135014
135035
135056
135074
135095
135115
135136
135154
135175
135196
135217
135237
135258
135279
135300
135321
135342
135362
135383
135404
135425
135445
135466
135487
135508
135529
135550
135571
135592
135610
135648
135681
135745
135782
135816
135840
135868
136430
136459
136488
136540
136566
136667
136693
137694
137722
137760
137786
137807
137825
137846
138020
138037
138055
138075
138123
138156
138187
138228
138247
138279
138474
138498
138517
138544
138564
138592
138621
138646
138686
138744
138764
138835
138868
138896
138923
138941
139023
139039
139064
139092
139163
139225
139240
139307
139326
139347
139368
139395
139444
139462
139489
139507
139530
139627
139722
139770
139791
139812
139833
139854
139875
139917
139937
139958
139979
140000
140020
140040
140060
140080
140108
140128
140145
140182
140200
140221
140252
140269
140286
140304
140324
140429
140447
140465
140530
140557
140576
140606
140636
140656
140672
140687
140734
140764
140781
140802
140890
140907
140924
140945
140962
140984
141002
141022
141041
141071
141106
141125
141146
141163
141182
141205
141225
141245
141262
141280
141297
141314
141334
141349
141376
141405
141426
141447
141468
141486
141507
141527
141548
141575
141596
141616
141636
141656
141676
141708
141729
141750
141770
141791
141811
141830
141851
141872
141892
141911
141932
141953
141974
141994
142015
142036
142056
142077
142098
142119
142139
142159
142180
142200
142217
142241
142317
142351
142364
142412
143225
143238
143306
143470
143523
143563
143584
143610
143626
143640
144856
144871
144892
144920
144941
144963
144984
145005
145026
145047
145068
145089
145110
145131
145152
145173
145190
145210
145231
145251
145272
145293
145313
145334
145350
145371
145392
145413
145433
145454
145472
145490
145510
145531
145552
145573
145594
145614
145632
145650
145671
145692
145713
145733
145753
145773
145794
145815
145836
145857
145878
145899
145919
145939
145959
145979
146000
146021
146070
146090
146111
146205
146293
146335
146363
147095
147204
147246
147274
147304
147405
147453
147517
147576
147593
147619
147691
148761
148776
148797
148818
148838
148859
148880
148901
148922
148943
148964
148985
149005
149026
149047
149065
149086
149106
149127
149148
149166
149187
149207
149227
149248
149269
149289
149310
149328
149356
149377
149397
149418
149439
149460
149481
149502
149551
149571
149592
149613
149634
149655
149676
149694
149715
149736
149757
149775
149797
149871
149936
150053
150212
151070
151192
151227
151262
151293
151320
151528
151543
151594
151657
151672
151725
152919
152972
153115
153130
153151
153172
153193
153214
153235
153256
153277
153298
153319
153339
153360
153380
153401
153419
153440
153461
153482
153503
153523
153541
153562
153583
153604
153624
153645
153664
153683
153703
153723
153744
153765
153786
153803
153894
153938
154500
154544
154593
154646
154665
154861
154877
156144
156159
156274
156312
156416
156445
156604
156665
156738
156752
156769
156818
156867
157000
157077
157115
157186
157203
157219
157256
157271
157444
157461
157478
157615
157632
157651
157667
157689
157719
157749
157782
157853
158123
158138
158187
158213
158230
158279
158318
158356
158374
158402
158469
158518
158535
158584
158618
158643
158809
158828
158870
158919
158960
158983
159039
159054
159085
159102
159119
159168
159287
159302
159355
159371
159433
159452
159489
159588
159605
159623
159708
159732
181484
181534
181561
181596
181630
181647
181662
181696
181723
181764
181798
181814
181829
181875
181898
192072
192156
192180
192197
192212
192228
192259
192273
192429
192443
192505
192958
193965
193996
194034
194049
194065
194083
194192
194228
194287
194401
194469
194533
194592
194746
194760
194821
194838
194911
195030
195046
195074
195091
195108
195127
195154
195732
195915
214688
214706
214823
214902
214966
214997
215040
215083
215150
215181
215212
215259
215282
215312
215342
215394
215425
215447
215478
215509
215540
215574
215618
215640
215673
215717
215750
215783
215805
215828
215851
215886
215909
215932
216435
216552
216583
216974
216997
217019
217042
217065
217099
217122
217145
217168
217192
217215
217238
217261
217283
217306
217646
217668
217924
217951
217996
218107
218263
218542
218577
218621
218665
218709
218757
218772
218915
218952
219044
219170
219201
219448
219575
219790
219809
219831
219890
219921
219941
219960
219979
220064
220131
220176
220231
220266
220364
220391
220416
220536
220571
220596
220632
220657
220761
220791
220816
221063
221313
221343
221388
221406
221501
221518
221563
221608
221656
221671
221686
221704
221745
221760
221775
221793
221811
221826
221999
222020
222047
222074
222092
222109
222144
222179
222205
222254
222273
222294
222312
222439
222538
222744
222789
222834
222891
222972
222993
223014
223035
223056
223077
223098
223119
223140
223161
223194
223215
223236
223947
224092
224127
224142
224167
224242
224312
224358
224380
224402
224424
224439
224509
224550
224575
224601
224619
224694
224820
224855
224898
224953
224975
224997
225043
225065
225095
225130
225165
225200
225259
225294
225329
225400
225435
225470
225529
225564
225599
225634
225669
225704
225751
225774
225797
225820
225838
225853
225872
225993
226008
226025
226040
226055
226090
226113
226136
226159
226175
226233
226270
226295
226340
226446
226461
226479
226496
226521
226546
226581
226616
226634
226668
226698
226721
226869
227429
227448
227510
227529
227551
227574
227597
227620
227643
227666
227689
227710
227733
227755
227820
227885
227950
227975
228000
228025
228123
228230
228245
228260
228275
228340
228355
228380
228405
228420
228487
228579
228664
228689
228744
228759
228774
228789
228836
228859
228990
229035
229062
229127
229153
229171
229194
229217
229240
229263
229298
229321
229344
229379
229402
229425
229448
229471
229494
229529
229564
229599
229646
230010
230091
230114
230136
230171
230206
230229
230264
230299
230322
230345
230392
230427
230462
230497
230544
230579
230602
230701
230724
230823
230846
230945
230980
231015
231050
231073
231108
231131
231230
231329
231428
231463
231498
231545
231572
231587
231602
231687
231752
231787
231802
231867
231883
232042
232060
232075
232100
232136
232163
232370
232388
232423
232438
232464
232499
232522
232581
232604
232627
232650
232698
232714
232797
232836
233362
233385
233403
233421
233450
233469
233516
233563
233586
233609
233632
233655
233690
233713
233748
233783
233818
233838
233951
233981
234005
234079
234117
234340
234371
234408
235862
235875
235903
