낮거나 39242,4817
낮게주각 29333,29821
낮고 48576,25498
낮기 36224,32248|39242,953|45690,22073
낮다 21985,35165|30024,37222
낮습니다 39242,11202
낮아서 30838,462
낮아졌다 45690,22274
낮아지고 40740,7344
낮아지면 39242,14198
낮아진다 30838,431
낮에는 39339,194
낮으면 39242,1399|39242,1858
낮은 21985,35966|21985,36155|37895,2362|39242,13829|39242,15064|45690,21557
낮은확률 42405,535|42405,547|42405,962|42405,974|42405,1375|42405,1387|42405,3013|42405,3025|42405,3463|42405,3475|42405,4378|42405,4390|42405,4903|42405,4915|42405,5613|42405,5625|42405,5918|42405,5930|42405,6818|42405,6830|42405,7165|42405,7177|42405,8529|42405,8541|42405,8949|42405,8961|42405,9379|42405,9391
낮을 39242,14137
낮잠등의 39242,9424
낮지만 31706,3746
