0
431
492
604
628
649
670
699
718
738
758
777
793
809
828
844
862
1438
1456
1473
1492
1513
1656
1671
1692
1713
1733
1753
1774
1795
1812
1830
1876
1895
1925
1946
2035
2127
2163
2195
2216
2308
2328
2358
2379
2399
2419
2438
2525
2547
2565
2641
2673
2697
2717
2806
2827
2848
2940
2961
2979
2995
3014
3034
3052
3144
3165
3257
3275
3324
3390
3408
3649
3669
3690
3710
3730
3751
3876
3963
3984
4073
4165
4333
5122
5224
5280
5298
5319
5411
5432
5519
5540
5561
5580
5634
5690
5777
5798
5885
5906
5927
5946
5967
5993
6008
6026
6149
6258
6275
6321
6867
6956
6977
7066
7087
7108
7133
7151
7167
7227
7825
7840
7855
7875
7909
7930
7947
7970
7999
8014
8043
8070
8101
8148
37882
37970
38000
38018
38082
38175
38192
38208
38225
38263
38345
45160
45178
45193
46442
46459
46892
47055
47071
47098
47423
47548
47685
47715
47736
47757
47833
47888
47909
47930
47951
47971
47995
48016
48037
48058
48129
48175
48218
48585
48606
48627
48647
48664
48685
48702
48799
48835
48854
48875
48896
48917
48987
49003
49021
49042
49063
49079
49138
49181
49247
49265
49286
49310
49722
49743
49764
49794
49809
49855
49999
50028
50049
50070
50091
50130
50150
50171
50190
50232
50288
50306
50602
50623
50643
50664
50719
50755
50787
50807
50828
50849
50870
50901
50947
50977
51004
51025
51046
51129
51144
51180
51258
51283
51844
51869
51886
51917
51934
51960
52017
52039
52074
52106
52135
52157
52178
52215
52238
52261
52287
52326
52358
52407
52424
52479
52591
52609
52631
53076
53091
54264
54408
54478
54509
54665
54685
54777
54864
54894
54930
54948
55045
55137
55229
55321
55342
55396
55414
55435
55456
55476
55565
55654
55674
55728
55754
55775
55862
55883
55904
55924
55978
56034
56064
56085
56106
56127
56163
56181
56316
56334
56349
56385
56415
56580
56789
56810
56840
56856
56932
56962
56982
57003
57024
57044
57064
57085
57103
57159
57177
57207
57228
57249
57270
57290
57311
57360
57426
57468
57487
57520
57540
57596
57652
57682
57711
57732
57752
57772
57789
57844
57862
57878
57914
57942
57969
58561
58625
58642
58689
58765
58786
58810
58847
58872
58888
59024
59042
59084
59111
59128
59203
59391
59406
59433
60631
60646
60667
60684
60705
60726
60755
60770
60796
60877
60892
60918
60939
60960
61041
61057
61087
61108
61141
61162
61289
61335
61354
61800
61821
61841
61861
61882
61903
61970
62006
62038
62059
62079
62099
62119
62224
62260
62281
62302
62323
62344
62365
62383
62419
62437
62523
62544
62565
62610
62653
62679
62721
62742
62763
62784
62826
62892
62910
62931
62951
62972
62993
63014
63034
63053
63109
63130
63151
63169
63200
63256
63305
63985
64044
64066
64083
64141
64165
64189
64213
64232
64259
64287
64305
64470
64485
65727
65743
65771
65822
65843
65863
65894
65930
65959
66024
66044
66099
66185
66206
66225
66247
66264
66285
66303
66321
66377
66406
66427
66448
66469
66490
66544
66561
66587
66607
66628
66649
66669
66916
66937
66957
67027
67083
67161
67247
67268
67289
67309
67358
67377
67397
67412
67466
67482
67518
67548
67569
67589
67610
67631
67698
67724
67743
67764
67785
67815
67831
67848
67869
67890
67910
67941
67997
76723
76744
76834
76860
76896
76936
77565
77635
77689
77709
77758
77812
77845
77868
77889
77919
77938
77961
77977
78017
78035
78053
78107
78150
78172
78199
78844
78870
80159
80317
80365
80536
80557
80834
80863
80884
81040
81211
81232
81253
81273
81292
81313
81332
81402
81420
81456
81477
81496
81517
81538
81559
81614
81644
81670
81691
81712
81732
81753
81783
81849
81869
81890
81921
81947
81967
81984
82033
82057
82078
82108
82124
82143
82161
82281
82317
82336
82356
82451
82472
82489
82546
82572
82591
82611
82657
82705
82789
82817
82909
82925
82951
83056
83076
83097
83118
83139
83183
83219
83276
84163
84189
84209
84225
84253
84280
84299
84355
84399
84427
84497
88734
88786
88804
90190
90220
90278
94473
94675
96372
96389
96877
96900
96982
96999
97061
97082
97103
97173
97199
97219
97240
97260
97368
97386
97412
97431
97449
97469
97525
97546
97566
97582
97603
97624
97645
97670
97705
97792
97884
97926
97971
98007
98028
98048
98069
98088
98108
98128
98146
98182
98203
98224
98244
98263
98283
98303
98323
98339
98357
98373
98395
98416
98437
98457
98477
98493
98513
98583
98629
98647
98680
98701
98729
98775
98825
99439
99545
99561
99591
99649
99670
99694
99719
99738
99761
99780
99892
99964
100013
100029
100047
100062
100078
100313
100328
101634
101728
101743
101764
101785
101806
101827
101848
101869
101888
101909
101928
101944
101965
101982
102001
102029
102050
102069
102089
102110
102131
102150
102169
102190
102209
102230
102249
102269
102290
102309
102330
102349
102369
102390
102409
102428
102449
102470
102490
102506
102527
102548
102569
102595
102614
102634
102655
102676
102789
102807
102824
102840
102861
102880
102901
102922
102942
102968
102989
103015
103063
103653
103691
103714
103730
103758
103786
103829
103851
103987
104005
104440
105752
105970
105989
106157
106175
106194
106213
106233
106254
106273
106294
106315
106331
106347
106444
106476
106495
106516
106537
106558
106579
106600
106621
106640
106660
106681
106699
106715
106736
106752
106773
106794
106815
106831
106852
106871
106892
106913
106931
106961
106982
107003
107024
107043
107059
107079
107110
107130
107150
107167
107185
107202
107222
107243
107269
107290
107311
107330
107349
107370
107391
107412
107429
107450
107471
107487
107559
108241
108279
108295
108315
108334
108362
108404
108421
108439
108461
108485
108542
108606
108624
108640
108885
108900
108915
110228
110268
110285
110333
110354
110373
110848
110869
110890
110911
110932
110953
110971
110989
111042
111062
111078
111096
111117
111135
111155
111176
111197
111217
111236
111252
111271
111292
111313
111332
111352
111368
111397
111418
111459
111480
111501
111520
111539
111580
111601
111617
111659
111679
111700
111721
111742
111763
111779
111797
111846
111866
111882
111912
111931
111952
111973
111994
112170
112201
112263
112825
112865
112887
112917
112933
112965
112983
113006
113034
113071
113097
113167
113181
113257
113306
113359
113466
113484
113629
113655
114843
114861
114888
114904
114922
114939
114965
115744
115789
115877
115892
115922
115963
115977
115991
116007
116035
116051
116113
116136
116153
116180
116197
116232
116913
116928
116945
117062
117097
117118
117133
117152
117176
117195
117260
117329
117345
117379
117460
117479
117513
117539
117557
117573
117595
117651
117665
117680
117722
117736
117787
117810
117826
117851
117909
117963
117982
118003
118029
118047
118077
118114
118137
118154
118208
118235
118262
118289
118318
118380
118423
118447
118471
118490
118507
118534
118567
118588
118630
118645
118674
118717
118732
118942
119546
119574
119613
119635
119736
119754
119782
119822
119843
119947
121020
121038
121056
121073
121091
121140
121158
121295
121373
121400
121426
121500
121526
121575
121678
121709
121726
121772
121792
121841
121861
121910
122058
122085
122102
122169
122239
122295
122319
122337
122352
144111
144129
144183
144200
144215
144242
144329
144381
144397
144419
144446
144464
144493
145001
145053
145118
145136
145154
145179
150022
150076
150139
150167
150185
150645
150663
159954
160428
160446
160473
161204
161252
161267
161286
161305
279199
279224
279255
279271
279285
279349
279431
279459
279499
279520
279576
279612
279654
279698
279740
279762
279786
279804
279919
279935
280371
280847
280862
280882
281770
281785
281823
281842
281879
281897
281958
281978
282687
282705
282721
282738
282770
282787
282802
282896
282940
283044
283060
290936
290955
291009
291035
291069
291104
291168
291183
291202
291231
291249
291272
291294
438599
438647
438808
438826
438862
438910
438926
439189
439251
439266
439282
439373
439404
439461
439491
439507
439613
439640
439655
439668
439683
439834
439970
440040
440056
440070
440085
440101
440116
440144
440163
440179
440194
440217
440232
440259
440288
