자갈 23612,1003|23612,1749|23818,1681|23818,1695|23818,2506|23818,4239|23818,4250|23818,4460|23818,4499|27609,1917|27609,3596|27609,3648|27609,3896|27609,4210|27609,4213|27609,4260|27609,4471|27609,4510|27609,4564|27609,6034|27609,6492|27609,6518|27609,7230|27609,7543|27609,7828|35592,3744|35592,3759|39339,1001|39339,1506|39339,1535|39339,1546|39339,2232|39339,2252|39339,2739|39339,2785|39339,2843|39339,3032|39339,6161|39339,6197|39339,6233|39339,7592|39339,7621|39339,7642|39339,7746|39339,7829|41496,7861|42405,5005|46577,2686|46577,2889|46577,3041|46577,3044|46577,3405|46577,3477|46577,4917
자게료스 40740,1365|41496,15869|53592,16895
자고 39242,14143
자기 37895,131
자는 39242,13864|53592,15787
자동 24394,34432
자동리로드 26312,11009|26312,33595|29333,9268|29333,22022|29333,23209|29333,29761|29353,9365|29353,22069|29353,23262|29353,29766|35698,9246|35698,22154|35698,23333|35698,29975|35698,32418|47905,3703|47905,3712|48345,3866|48345,9535|48345,10102|48345,13179|48373,2837|48373,2916|48373,4280|49617,8673|49617,21592|49617,22754|49617,29361
자동리로드는 30838,6856
자동리로드를 30838,6966
자동리로드시 30838,7053
자동마킹 42049,393|42049,2897|42049,5071|42049,5840|42049,7410|42049,9221|42049,11930|47905,6046|47905,8711|48345,398|48345,2891|48345,5061|48345,5831|48345,7414|48345,9182
자동방어 26312,810|47905,2698|47905,2706|48373,2575
자동방어가 39676,32446
자동으로 47905,2741
자동장전 27368,40059|30838,7422
자동적으로 30838,7615
자랑 53592,6689
자랑하고 45690,22350|45690,22852
자랑한다 30024,37164
자료에서 23612,6234
자루없는황금칼날 23612,5310|39572,4194|39572,4275
자리나 39242,13225
자리로부터 30377,28831
자리를 45690,22152
자리에서 24394,35812
자면 39242,14596
자색칼날 39339,10035
자세가 44611,5344
자세를 39242,1338
자수가 39572,2617
자신 37895,134
자신에게 30838,3953|39242,9109|47905,8819|47905,8869|47905,8920|47905,8992
자신의 21985,36977|21985,37072|39242,9012|42405,268|48576,25643
자신이 39242,1330|39242,10618|53592,16360
자애주 48373,6860
자연 41496,845|41496,2911|41496,2967
자연치유부분 47905,4726|47905,4776|47905,4824|47905,4876
자연회복량 37895,2153|37895,2243
자욱한 40740,1287|40740,1302
자유롭지 21985,35370
자이언트타스크 21985,12904
자자 48576,26501
자자미 37895,9107|42049,1616|42049,6066|48345,1597|48345,6083|53592,1576
자자미s가드 29353,14485
자자미s그리브 35698,14417
자자미s레깅스 35698,14536
자자미s레지스트 29333,14527
자자미s메일 29333,14412
자자미s암 29353,14367
자자미s캡 26312,16735
자자미s코트 49617,14053
자자미s폴드 49617,13939
자자미s헬름 26312,16617
자자미u 42049,8408|48345,8395
자자미u가드 29353,19279
자자미u그리브 35698,19215
자자미u레깅스 35698,19326
자자미u레지스트 29333,19140
자자미u메일 29333,19059
자자미u암 29353,19199
자자미u캡 26312,22013
자자미u코트 49617,18976
자자미u폴드 49617,18895
자자미u헬름 26312,21902
자자미x 42049,11522|48345,11538
자자미x가드 29353,26390
자자미x그리브 35698,26412
자자미x레깅스 35698,26535
자자미x레지스트 29333,26453
자자미x메일 29333,26372
자자미x암 29353,26288
자자미x캡 26312,29760
자자미x코트 49617,25944
자자미x폴드 49617,25843
자자미x헬름 26312,29640
자자미z 42049,13032|48345,12995
자자미z가드 29353,29371
자자미z그리브 35698,29464
자자미z레깅스 35698,29585
자자미z레지스트 29333,29374
자자미z메일 29333,29255
자자미z암 29353,29260
자자미z캡 26312,33173
자자미z코트 49617,28932
자자미z폴드 49617,28827
자자미z헬름 26312,33055
자자미가드 29353,3748
자자미그리브 35698,3657
자자미레깅스 35698,3773
자자미레지스트 29333,3518
자자미메일 29333,3404
자자미소 41496,9586|41496,9664|41496,32266
자자미소브이 39572,4397|39572,4424
자자미슬래셔 52371,5546
자자미슬레이서 52371,5319
자자미암 29353,3633
자자미캡 26312,3703
자자미코트 49617,3753
자자미폴드 49617,3639
자자미헬름 26312,3586
자잘하게 21985,35267|21985,36372
자잘한 30838,1526|45690,20605
자전 36224,13496
자전g 36224,27810
자전改 30377,13064|36224,13720
자전改g 36224,27977
자주 28478,22977|28478,23316|28478,23380|39242,12135|45690,21333|48576,25485
자주자주 45690,26125
자지 39242,14640
자체에 28478,22417
자체의 30838,2244
자초 28478,6824
자칭 47905,9557|53592,104
자화룡 40740,2006|40740,2055
자화룡가시 24394,1478|24394,9665|24394,34129|26312,13095|27368,9405|27368,18080|28478,10277|29333,15737|30377,10307|35698,10169|35698,10390|36224,8021|41496,19388|42405,7776|48373,4151|52371,11040
자화룡갑각 24394,9474|24394,9646|26312,6054|27368,5855|28478,10005|28478,10138|29353,5763|35698,5844|35698,12561|41496,19308|42405,7770|49617,5454|52371,10846|52371,11032
자화룡견각 24394,11904|26312,18135|27368,12919|28478,10309|29353,15687|29353,23543|35698,15717|36224,8467|36224,30548|41496,19334|49617,15290|52371,11233
자화룡로스 39572,5627
자화룡비극 26312,37168|27368,28339|27368,28679|28478,11085|29353,27606|29353,33379|30377,27540|36224,8713|36224,8787|36224,16029|41496,19443|42405,8730|48576,13631
자화룡비늘 24394,9466|24394,9654|26312,6041|26312,14537|26312,18122|27368,5831|28478,10022|29333,5522|29353,5776|29353,7604|29353,12414|29353,19326|30377,10146|35698,5857|36224,8029|41496,19140|42405,8559|49617,5467|52371,10838
자화룡비옥 39572,2013|39572,5653
자화룡상가시 26312,27599|26312,27944|27368,18345|27368,19266|27368,25965|28478,10793|28478,10935|29333,27650|29353,15674|29353,24750|29353,25033|36224,8240|36224,30556|41496,19415|48373,4240|52371,4733|52371,11241
자화룡상린 21985,3067|26312,18109|27368,12906|28478,10269|28478,10317|29333,15688|29333,19585|29353,15734|29353,20603|30377,10480|35698,15730|36224,8249|41496,19172|42405,8644
자화룡역린 24394,21658|24394,30939|26312,11311|28478,10328|28478,15949|29353,24437|35698,23238|35698,24863|35698,25335|36224,1794|36224,8260|36224,28995|41496,19226|42405,4220|48373,2862|48576,13141|49617,24323|52371,11051
자화룡중각 24394,33401|26312,31149|27368,25096|28478,10592|29353,27614|35698,27699|41496,19361|42405,4510|48576,13612|49617,27152|52371,25213
자화룡천린 24394,33763|26312,37518|27368,30135|28478,10600|29333,27637|29333,33227|29353,32419|29353,33392|30377,10902|35698,33603|35698,33874|36224,2197|41496,19280|42405,8761|48576,13860|49617,27160|49617,32613|49617,32938|52371,25231
자화룡홍옥 24394,10044|24394,10271|24394,34137|24394,34317|26312,27958|27368,20433|28478,10458|29333,15676|29333,24505|29333,24785|29353,23167|29353,24761|29353,25245|29353,33074|35698,22711|35698,24873|35698,32667|35698,33595|36224,1987|36224,8475|36224,8739|36224,15821|41496,19253|42405,4241|49617,15278|49617,24051|49617,24333|49617,32930|52371,11250
자화룡후린 24394,33755|26312,31136|27368,25083|28478,10450|29333,27624|29353,27622|35698,27707|36224,9053|36224,16010|41496,19199|42405,8701
