패강도크네탄캄 52371,21572
패검엠캄트룸 24394,27312|24394,27426
패궁레라캄트룸 28478,16226|28478,16373
패더나이프 36224,12729
패더소드 36224,13003
패더암랑스 21985,6084|45690,15441|45690,15622
패더암랑스改 45690,15833
패더휘슬 30024,14457|37895,7938|48576,17540
패더휘슬계 48576,17330
패드 28478,21113|45690,19869
패드를 21985,35050|30377,28347|45690,20154|45690,20209|45690,20639|45690,21584
패럴라이져 21985,8384
패룡강조 24394,27489|26312,26371|30377,17021|30377,17175|35698,23385|41496,27072|45690,14114|48373,1499
패룡견각 24394,27472|24394,27634|26312,26383|29333,23275|29353,23328|30377,17014|35698,20550|35698,23397|41496,27020|45690,14124|45690,14285|48373,6396|49617,22823|49617,22924|52371,21474|52371,21649
패룡꼬리 24394,27479|24394,27641|41496,27046|42405,7924|48576,21387|48576,21596|52371,21484
패룡대침 28478,16400|41496,27125|48373,2941|49617,22807|49617,22906|52371,21467|52371,21642
패룡상린 26312,26395|28478,16410|29333,23287|29353,23340|30377,17031|30377,17182|35698,23409|41496,26989|48373,4184|48576,21405|49617,22839|49617,22939
패룡큰이빨 28478,16392|28478,16524|29333,23262|29353,23315|41496,27098|45690,14106|45690,14277|48576,21394|48576,21603
패룡토벌 41496,29048|53592,15074
패멸궁크네레라캄 28478,16504
패미통 27609,9075|35592,11893|39339,9425|39339,9671|40740,1776|40740,1796|40740,6532|41496,30126|53592,12681
패미통pt 35698,20538|41496,30069|42405,1128
패미통t셔츠 29333,7009|29333,20284
패미통t셔츠x 29333,30487
패미통주문서 29333,20336|30024,28695|30377,20317|30377,20493|41496,30042|42405,741|52371,21860|52371,22047
패미통특수주문서 29333,30540|35698,30729|41496,30095|42405,1103|45690,17446
패미통티켓 26312,12742|29333,7060|29333,10853|29353,10942|30024,28559|30377,20149|35698,7400|35698,11047|41496,30016|42405,721|49617,10419|52371,21869
패미통팬츠 35698,7422|35698,20559
패미통팬츠x 35698,30755
패미통한포 35698,7350|35698,20487
패미통한포x 35698,30685
패예조크네암캄 30377,17110
패왕 40740,3042|40740,3062|40740,3209|40740,3226|46577,6243|53592,5178
패왕검크네엠캄 24394,27569
패인트가 47905,6902
패적하우캄트룸 37895,8069|37895,9933|48576,21299
패적하우캄트룸계 48576,21157
패조암르캄트룸 30377,16859|30377,16969
패중적크네하우캄 37895,8082|37895,9946|48576,21515
패창 45690,13943
패총창아베캄트룸 45690,14061
패턴 31706,1691|31706,1741|31706,2215|31706,2265|31706,2741|31706,2795|31706,3190|31706,3244|31706,3665
패턴도 30024,36392
패턴을 21985,35645
패턴이 31706,1647|31706,1675
패포창크네아페캄 45690,14210
