페스타 41496,30625
페이지 41496,542|41496,585
페이지로 21985,37418|23612,7544|23818,5819|24394,36168|26312,38517|27368,40562|27609,9563|28478,23614|29333,34305|29353,34192|30024,38498|30377,30192|30838,8494|31706,6248|33821,6150|35592,12194|35698,34375|36224,33081|37895,11935|39242,15761|39339,10190|39572,6617|39676,33538|40740,8459|41496,33576|42049,15580|42405,10059|44611,8046|45690,26238|46577,6328|47905,11024|48345,15654|48373,9394|48576,26975|49617,33722|52371,27134|53592,17815
페이지에는 24339,69|49486,69
페이지의 53592,11988
페이크 53592,4036
페인트 27368,395|27368,659|27368,961|27368,1258|27368,1544|27368,1836|27368,2120|27368,2408|27368,2686|27368,2974|27368,3259|27368,3528|27368,3812|27368,4100|27368,4379|27368,4776|27368,5062|27368,5349|27368,5632|27368,5913|27368,6192|27368,6474|27368,6763|27368,7040|27368,7443|27368,7741|27368,8030|27368,8310|27368,8598|27368,8882|27368,9159|27368,9452|27368,9766|27368,10058|27368,10298|27368,10688|27368,10971|27368,11262|27368,11560|27368,11847|27368,12136|27368,12424|27368,12706|27368,12995|27368,13290|27368,13583|27368,13870|27368,14158|27368,14449|27368,14726|27368,15111|27368,15408|27368,15696|27368,15986|27368,16273|27368,16574|27368,16978|27368,17278|27368,17567|27368,17849|27368,18137|27368,18427|27368,18709|27368,18997|27368,19314|27368,19604|27368,19884|27368,20176|27368,20480|27368,20768|27368,21062|27368,21345|27368,21586|27368,21985|27368,22272|27368,22563|27368,22849|27368,23140|27368,23432|27368,23722|27368,24011|27368,24289|27368,24589|27368,24885|27368,25170|27368,25450|27368,25735|27368,26024|27368,26308|27368,26596|27368,26885|27368,27173|27368,27562|27368,27847|27368,28139|27368,28422|27368,28726|27368,29016|27368,29295|27368,29586|27368,29876|27368,30182|27368,30468|27368,30754|27368,31050|27368,31340|27368,31671|27368,31950|27368,32242|27368,32691|27368,32983|27368,33283|27368,33576|27368,33870|27368,34162|27368,34444|27368,34731|27368,35017|27368,35309|27368,35596|27368,35884|27368,36176|27368,36466|27368,36761|27368,37053|27368,37345|27368,37629|27368,37909|27368,38214|27368,38518|27368,38807|27368,39095|27368,39381|28478,371|28478,480|28478,600|28478,781|28478,928|28478,1148|28478,1318|28478,1500|28478,1689|28478,1961|28478,2194|28478,2302|28478,2423|28478,2600|28478,2739|28478,2962|28478,3130|28478,3380|28478,3609|28478,3718|28478,3842|28478,4013|28478,4156|28478,4316|28478,4540|28478,4656|28478,4773|28478,4902|28478,5101|28478,5264|28478,5429|28478,5660|28478,5888|28478,6013|28478,6136|28478,6324|28478,6538|28478,6663|28478,6800|28478,7009|28478,7129|28478,7254|28478,7382|28478,7581|28478,7802|28478,8035|28478,8164|28478,8290|28478,8474|28478,8610|28478,8760|28478,8976|28478,9097|28478,9226|28478,9407|28478,9626|28478,9753|28478,9974|28478,10099|28478,10229|28478,10406|28478,10549|28478,10686|28478,10883|28478,11039|28478,11259|28478,11387|28478,11512|28478,11646|28478,11851|28478,12075|28478,12204|28478,12336|28478,12527|28478,12754|28478,12882|28478,13015|28478,13234|28478,13354|28478,13482|28478,13649|28478,13779|28478,13952|28478,14218|28478,14348|28478,14482|28478,14697|28478,14811|28478,14942|28478,15209|28478,15336|28478,15553|28478,15675|28478,15892|28478,16015|28478,16141|28478,16359|28478,16485|28478,16703|28478,16819|28478,16945|28478,17117|28478,17258|28478,17434|28478,17673|28478,17885|28478,18155|28478,18276|28478,18397|28478,18523|28478,18648|28478,18773|28478,18894|28478,19019|28478,19148|28478,19275|28478,19402|39676,409|39676,714|39676,1012|39676,1292|39676,1572|39676,1861|39676,2158|39676,2455|39676,2862|39676,3157|39676,3447|39676,3741|39676,4026|39676,4327|39676,4619|39676,4907|39676,5314|39676,5602|39676,5890|39676,6178|39676,6468|39676,6766|39676,7053|39676,7349|39676,7650|39676,8066|39676,8336|39676,8624|39676,8921|39676,9212|39676,9516|39676,9818|39676,10118|39676,10403|39676,10692|39676,10976|39676,11370|39676,11666|39676,11967|39676,12267|39676,12560|39676,12968|39676,13260|39676,13544|39676,13840|39676,14141|39676,14428|39676,14717|39676,15001|39676,15297|39676,15596|39676,15898|39676,16300|39676,16593|39676,16888|39676,17178|39676,17467|39676,17767|39676,18066|39676,18363|39676,18655|39676,18959|39676,19251|39676,19533|39676,19835|39676,20125|39676,20532|39676,20819|39676,21120|39676,21410|39676,21700|39676,21987|39676,22278|39676,22574|39676,22877|39676,23170|39676,23462|39676,23762|39676,24051|39676,24344|39676,24637|39676,24925|39676,25226|39676,25696|39676,25991|39676,26290|39676,26583|39676,26877|39676,27176|39676,27473|39676,27767|39676,28069|39676,28362|39676,28652|39676,28954|39676,29256|39676,29562|39676,29860|39676,30150|39676,30444|39676,30737|39676,31042|39676,31342|41496,11378
페인트나 47905,8706
페인트류를 47905,6085
페인트병 23612,3733|28478,19763|28478,19926|41496,11802
페인트볼 23612,1166|23818,367|23818,3041|27609,1003|27609,1129|27609,6166|27609,6181|27609,6322|27609,6349|27609,6549|27609,6969|33821,4850|33821,4916|33821,5019|33821,5073|33821,5239|33821,5321|35592,6109|35592,6260|35592,11324|39339,1930|39339,2630|39339,4708|39339,5004|41496,3129|41496,7132|46577,1132|46577,4089
페인트볼과 28478,19789
페인트볼로 47905,10289
페인트볼의 30838,5067
페인트열매 23612,1175|23612,3405|23612,3741|23818,346|23818,741|23818,747|23818,1042|23818,1048|27609,4865|27609,5021|28478,19780|30838,5059|31706,2454|31706,3986|35592,1837|35592,1888|41496,7105
페인트탄 23612,3395|27609,6391|30838,5032|30838,6073|30838,7214|39676,33385|41496,11348|41496,11823
페인트효과를 28478,19956
페일카이져 24394,11180
페일카이져g 24394,33788
