0
15
32
50
69
86
101
140
168
181
200
248
263
292
310
339
356
373
388
405
433
449
466
482
498
512
636
838
961
980
999
1018
1080
1094
1858
1875
1928
1948
1965
2045
2095
2113
2127
2156
2175
2191
2219
2257
2294
2311
2328
2345
2409
2426
2454
2469
2488
2503
2520
2537
2618
3856
3874
3920
3947
3963
3977
3994
4339
4367
4387
4408
4429
4451
4471
4490
4509
4529
4549
4569
4587
4847
4865
4883
4902
4922
4939
4991
5021
5335
5364
5523
5800
5820
5839
5859
5875
6043
6060
6078
6120
6141
6160
6178
6197
6215
6230
6247
6264
6284
6301
6326
6343
6371
6409
6425
6442
6501
6520
6540
6560
6581
6600
6618
6636
6655
6674
6693
6720
6739
6759
6779
6800
6819
6837
6855
6874
6893
6912
6941
6960
6980
7000
7021
7040
7058
7076
7095
7114
7133
7162
7181
7201
7221
7242
7261
7279
7297
7316
7335
7354
7371
7389
7407
7426
7443
7463
7482
7498
7514
7531
7548
7567
7584
7625
7662
10001
10062
10079
10096
10219
10236
10431
10683
10700
10717
10734
10750
10802
10819
10838
10854
10870
10912
10928
10943
10957
10971
10986
11079
11094
11110
11136
11163
11179
11196
11213
