쌍각 36224,24358
쌍검 30377,23|30377,28272
쌍검닐이터멜 30377,3715
쌍검류이다 30377,29920
쌍검에 21985,35302
쌍검오오나즈치 30377,15533
쌍검용의사해 30377,10407
쌍검용의사해g 30377,27385
쌍검으로부터 36224,22865|36224,23647|36224,24765
쌍검은 30377,29235|30377,29499
쌍검을 53592,10001
쌍검의 33821,5486
쌍검파생 36224,3576|36224,3640|36224,4287|36224,5321|36224,6602|36224,6647|36224,6693|36224,9130|36224,10676|36224,11180|36224,14274|36224,16299|36224,16928|36224,19574|36224,21510|36224,22761|36224,22911|36224,23338
쌍둥이 40740,1188|40740,1205
쌍둥이버섯 44611,785
쌍뢰검키린 30377,13004|30377,13169|36224,14231
쌍뢰검키린g 30377,27559
쌍룡검 30377,17205|30377,17362|30377,17506|30377,17674|30377,17875|30377,27911|36224,22734|36224,23303
쌍룡신 30377,23754
쌍룡인 30377,23570
쌍마 53592,4575
쌍성검길드나이트 30377,2058
쌍안경 31706,675|31706,3115|41496,5783|48373,8549
쌍어룡 40740,4940|40740,4955|40740,5021|40740,5119|40740,5131|40740,5191
쌍염 30377,17989|30377,18046|30377,18429|36224,22841
쌍영검 30377,19636
쌍영검g 30377,27213
쌍인얀쿡 30377,6215
쌍인얀쿡g 30377,26158
쌍철선 30377,19979|30377,20099|30377,20258|30377,20425
쌍협 36224,24571
