0
182
196
231
287
356
440
457
536
554
611
629
1410
1426
1453
1489
1505
1542
1566
1607
1623
1643
1673
1700
1736
1764
1779
1840
1876
1902
1923
1962
2007
2043
2058
2126
2237
2251
2266
2292
3090
3106
3158
3194
3230
3252
3404
3455
3475
3498
3521
3620
3641
3674
3692
3714
3794
3816
3837
3881
3928
3952
3973
4078
4117
4159
4180
4199
4221
4252
4272
4315
4685
4705
4725
4742
4758
4836
5180
5200
5222
5276
5299
5321
5339
5359
5376
5394
5427
5450
5484
5502
5535
5569
5958
6122
6141
6164
6186
6222
6241
6262
6300
6334
6367
6402
6438
6459
6494
7055
7087
7552
7593
7649
7695
7728
8613
8968
9044
9067
9368
9399
9430
9468
9878
10939
10960
11054
11097
11121
11154
11183
11205
11899
11935
11955
11974
12009
12053
12073
12097
12114
12147
12165
12181
12203
12252
12275
12307
12338
12376
12405
12433
12467
12488
12520
12539
12619
12641
12673
12692
12709
12729
12746
12763
12798
12847
12882
12932
12953
13177
13423
13457
13490
13742
13761
13795
13829
13875
14008
14039
14247
14280
14301
14319
14350
14441
14465
14489
14513
14546
14580
14663
14741
14772
14793
14873
14891
14921
14952
15575
16019
16039
16218
16248
16266
16303
16322
16364
16382
16403
16421
16456
16489
16504
16577
16599
16762
16783
16817
16837
16857
16888
17064
17154
17177
17201
17226
17257
17276
17773
17792
17839
17887
17906
17937
17959
17980
18219
18252
18291
18596
18629
18650
18761
18794
18818
18912
18936
18957
18979
19010
19053
19075
19092
19110
19146
19168
19184
19282
19306
19323
19342
19383
19402
19437
19493
19678
19862
19894
19940
19961
20348
20366
20471
20492
20516
20608
20630
20686
20707
20813
20831
20851
21105
21123
21201
21279
21299
21317
21344
21374
21401
21530
21548
21581
21611
21629
21671
21687
21719
23374
23406
23427
23448
23490
23510
23538
23557
23591
23614
23635
23708
23727
23749
23771
23792
23850
23884
23904
23924
23955
23997
24018
24049
24099
24121
24157
24191
24214
24292
24326
24349
24383
24419
24456
24479
24513
24551
24637
24660
24684
24720
24755
24775
24795
24830
24852
24900
24951
25017
25049
25080
25125
25146
25370
25390
25409
25444
25463
25498
25518
25552
25589
25610
25632
25650
25673
25700
25736
25755
25790
25825
25866
25902
26161
26180
26225
26319
26355
26400
26421
26453
26496
26518
26555
26589
26636
26669
26710
26809
26932
26954
27068
27117
27138
27160
27181
27202
27232
27266
27302
27330
27349
27379
27413
27446
27469
27528
27561
27600
27624
27648
27714
27774
27806
27839
27857
27878
27992
28600
29713
29735
29757
29793
29852
29886
29976
30012
30038
31007
31026
31047
31079
31126
31178
31214
31237
31282
31314
31349
31369
31387
31431
31451
31486
31520
31557
31593
31640
31663
31701
31723
31856
31875
31910
31930
31952
31975
31992
32027
32077
32113
32153
32244
32277
32320
32350
32384
32418
32955
33005
33043
33109
33159
33193
33728
33777
33836
33872
33890
33934
34024
34046
34081
34103
34150
34183
34228
34260
34295
34324
34416
36502
36533
36556
36574
36607
36639
36731
36760
36781
36801
36832
36863
36885
36918
36937
36958
36978
36998
37099
37124
37145
37166
37185
37217
37237
37268
37298
37317
37337
37388
37421
37440
37460
37493
37513
37529
37548
37569
37614
37631
37649
37670
37731
37754
37832
37883
37906
37927
37945
37978
37997
38030
38049
38079
38099
38147
38544
38563
39370
39392
39409
39432
39522
39539
39557
39573
39638
39868
39887
39904
39922
39940
40305
40322
40341
40361
40379
40397
40417
40450
40487
40521
40550
40573
40605
40628
40643
40727
40747
40778
40798
40820
40857
40974
40993
41033
41063
41098
41129
41147
41777
41842
42412
42434
42457
42491
42511
42535
42569
42589
42610
42653
42676
42694
42736
42755
42773
42793
42824
42844
42876
42908
42932
42947
43009
43057
43075
43097
43125
43145
43165
43181
43199
43232
43266
43304
43322
43343
43364
43378
43417
43649
43665
43843
43862
43889
43908
43930
43945
44028
44047
44066
44093
44112
46116
46139
46160
46235
46263
46282
46316
46333
46415
46793
46838
46904
46925
46946
46963
46980
47012
47030
47100
47121
47152
47170
47190
47212
47235
47255
47315
47535
47551
47619
48847
49010
49678
49903
49972
50029
50058
50074
50096
50185
50202
50302
50320
50343
50366
50388
50407
50435
50469
50496
50513
50532
50555
50584
50639
50658
50690
50712
50762
50782
50812
50842
50907
50953
50975
50994
51103
51129
51153
51233
52161
52184
52264
52295
52424
53383
53406
53508
53559
53593
53668
53686
53717
53752
53769
53800
53833
53868
53902
53933
53981
54016
54049
54065
54427
54447
54485
54507
54537
54587
54639
54659
54680
54702
54739
54775
54810
54846
54869
54888
54935
54969
55003
55037
55127
55191
55214
55265
55296
55330
55401
55436
55456
55476
55511
55547
55600
55621
55655
55738
55755
55786
55803
55820
55866
55927
55948
55967
55986
56036
56069
56104
56126
56193
56225
56260
56278
56396
56422
56501
56533
56551
56568
56634
56749
56813
56834
56853
57871
58091
58143
58162
58199
58219
58236
58254
58289
58310
58328
58347
58373
58453
58471
58489
58517
58550
58581
58650
58706
58733
58751
58771
58801
58818
58849
58882
58913
58968
59087
59154
59173
59190
59223
59292
59338
59355
59424
59444
59467
59584
59603
59633
59653
59785
59832
59849
59927
59990
60008
60158
60192
60238
60254
60290
60868
60913
60933
61000
61041
61061
61099
61138
61156
61186
61204
61223
61241
61272
61291
61311
61342
61373
61408
61442
61479
61502
61536
61581
61602
61620
61642
61662
61681
61867
62897
62923
62961
63004
63025
63046
63061
63081
63106
63123
63179
63198
63462
63505
63527
63569
63613
63630
63647
63669
63691
63727
66847
66925
66944
66967
67037
67114
67133
67155
67189
67207
67301
68198
68276
68309
68339
68443
68464
68485
68521
68579
68711
68811
68858
68878
68960
68979
69014
69171
69328
69348
69369
69393
69429
69448
69467
69485
69522
69547
69568
69586
69605
69650
70582
70613
70719
70739
70758
70801
70823
70849
70869
70889
70952
70970
71086
71105
71156
71208
71225
71244
71263
71299
71324
71391
71422
71444
71466
71485
71507
71557
71575
71593
72237
75997
76018
76054
76073
76122
76243
76287
76347
76380
76409
76429
76464
76512
76664
76709
76728
76773
76793
76813
76852
76884
76903
76992
77021
77041
77131
77147
77179
77211
77245
77287
77321
77364
77574
77594
77615
77675
77710
77747
77790
77821
77841
77918
77936
77971
78034
78060
78092
78124
78215
78233
78251
78269
78286
78327
78360
78396
78616
78662
78696
78823
78855
78890
78912
78928
78968
78987
79007
79026
79049
79083
79117
79151
79186
79216
79250
79295
79330
79349
79420
79437
79455
79487
79519
79537
79570
79604
79638
79655
79710
98882
98900
98921
99031
99052
99396
99417
99548
99573
99747
99763
99807
99827
99893
99915
99956
99988
100011
100029
100048
100077
100094
100277
100312
100332
100354
100377
100400
100420
100706
100727
100760
100778
100812
100843
100877
100899
100920
100940
100992
101071
101089
101210
101230
101266
101305
101344
101429
101451
101471
101503
101537
101572
104051
104068
104085
104104
104275
104304
104324
104348
104387
104454
104473
104492
104604
104620
104648
104681
104711
104757
104772
104814
104831
104881
104908
104950
104987
105005
105025
105054
105325
105346
105363
105402
105425
105444
105473
105491
105514
105550
105568
105588
105605
105635
105695
105730
105751
105765
105792
105849
105871
105933
108794
109720
109740
109762
109798
109825
110379
110413
110460
110479
110541
110561
113063
113085
113106
113148
113170
113415
113960
113981
114015
114061
114092
114275
114294
114365
114476
114508
114898
114939
117729
117752
117772
117789
117879
117953
117972
117992
118013
118034
118057
118076
118117
118166
118197
118247
118266
118283
118302
118404
118423
118441
118457
118476
118493
118512
118531
118739
118759
119071
119109
119128
119145
119174
119194
119282
119301
119321
119339
119358
119398
119428
119446
119488
119580
119597
119629
119663
121016
121037
121057
121076
121108
121128
121148
122121
122140
122164
122196
122211
123862
124088
124192
124225
124242
124270
124290
124309
124329
124348
124514
124557
124730
124752
124840
126087
126104
126136
126153
126181
126210
126262
126294
126318
126368
126405
126453
126488
126519
126555
126587
126607
126643
126662
126716
126735
126758
126778
126816
126901
126917
126939
126973
127004
127039
127058
127844
127881
127906
127932
127954
127990
128146
128165
128183
128212
128233
128347
128383
128403
128474
128493
128540
128559
128585
128603
128625
128657
128681
128702
128723
128754
128797
128856
129044
129063
129083
129125
129142
129161
129299
129531
129552
129821
129859
129893
129929
129957
129977
130061
130098
130115
130134
130154
130174
130194
130262
130305
130339
130373
130600
130650
130689
130712
130786
130805
130825
130843
130881
130898
130942
131013
131046
131083
131119
131136
131178
131225
131270
131294
131330
131352
131386
131410
131499
131548
131573
131608
131631
131722
131756
131791
131828
131881
131899
132115
132132
132149
132167
132342
132426
132453
132514
132545
132565
132652
132691
132729
132746
142413
142433
142452
142485
142549
142582
142609
142626
142804
142876
142896
142929
142963
143000
143018
143052
143183
143201
143276
143405
143465
143489
143507
143530
143549
143615
143705
143736
143812
144150
144169
144186
144253
144337
144374
144685
145376
145601
145628
146040
146163
146258
146277
146305
146337
146405
146427
146463
146483
146503
146955
147065
147097
147118
147198
147232
147266
147300
147349
147369
147390
147411
147434
147498
147547
147607
147659
147680
147702
147767
147801
147822
147945
147999
148021
148045
148066
148120
148154
148288
148322
148413
148500
148533
148581
148629
148676
148738
148786
148848
148883
149106
149138
149158
149193
149218
149257
149279
149302
149323
149341
149372
149391
149418
149472
149513
149633
149684
149716
149736
149757
149780
149844
149864
150015
150033
150075
150111
150186
150235
150272
150380
150400
150538
150565
150590
150621
150649
150668
150688
151535
151582
151685
151720
151754
151789
159574
159593
159620
159652
159686
159747
159797
159815
159833
159850
159885
159918
160054
160120
160142
160258
160280
160314
160494
160514
160532
160585
160835
161589
161611
161634
161674
161734
161768
161850
161891
161922
161943
161966
161987
162004
162046
162065
162081
162115
162153
162216
162253
162329
162406
162458
162475
162528
162545
162588
162640
162663
162694
162723
162756
162778
162811
162829
163087
163106
163437
163477
163495
163515
163533
163565
163709
163834
163887
163953
163979
164226
164258
164389
164407
164452
164471
164516
164534
164552
164606
164638
164657
164691
164740
164792
164842
164875
164893
164912
164932
164965
164983
165000
169350
169377
169398
169414
169435
169497
169515
169547
169575
169592
169610
169626
169644
169673
169702
169825
169857
169873
169892
169909
169928
169944
169962
170359
170896
170930
170964
170983
171001
171021
171056
171076
171106
171125
171159
171220
171282
171301
171334
171355
171377
171396
171420
171467
171497
171547
171594
171656
171762
171778
171801
171827
171873
171886
171923
171952
171983
173575
174222
174241
174259
174279
174314
174343
174363
174381
174405
174426
174451
174472
174502
174533
174567
174584
174603
174623
174696
174796
174816
174836
175668
175701
176032
176274
176293
176316
176336
176378
176414
176460
176479
176536
176558
176602
176618
176633
176692
176723
176758
176774
177261
177290
177328
177347
177375
177446
177487
177518
177535
177558
177581
177601
177631
177659
177686
177707
177739
177758
177806
177835
177873
177915
177946
177983
178023
178059
178083
178136
178170
178201
178233
178266
178287
178309
178345
178376
178407
178526
178564
178596
178629
178662
178716
178749
178784
178818
178854
178897
178917
178937
178957
178989
179007
179024
179115
179262
179277
179572
179619
179639
179659
179713
179750
179771
179793
179815
179851
179885
179920
179941
180005
180022
180038
180072
180102
183088
183107
183126
183157
183178
183196
183222
183253
183359
183392
183440
183469
183487
183538
183577
183600
183623
183642
184929
184960
184992
185026
185060
185094
185127
185176
185196
185230
185261
185281
185303
185337
185367
185399
185419
185436
185624
185686
185714
185747
185805
185848
186035
186057
186077
186098
186135
186168
186201
186220
186252
186307
186328
186365
186398
186433
186451
186470
186579
186597
186629
187736
187760
187795
187859
187896
187933
188002
188104
188123
188275
188307
188326
188357
188381
188502
188536
188558
188592
188613
188689
188763
188784
188802
188820
188853
198195
198216
198262
198281
198304
198341
198375
198425
198452
198589
199145
199164
199187
199209
199255
199316
199349
199428
199484
200267
200302
200902
200923
200955
202461
202499
202941
202975
203023
203058
203080
203116
203150
203185
203218
205527
205549
205586
205610
205632
205673
205737
205760
205784
205807
205831
205871
205891
205929
205950
205987
206009
206044
206080
206162
206217
206267
206290
206313
206337
206362
206383
206405
206430
206456
206535
206614
206666
206706
206754
206776
206797
206819
206874
206910
206930
206949
206985
207034
207056
207107
207131
207180
207230
207504
207556
208172
208210
208232
208269
208291
208313
208335
208386
208493
208531
208639
208714
208735
208756
208805
208826
208848
208871
208909
208930
208976
208997
209050
209073
209099
209120
209142
209180
209202
209237
209275
209298
209418
209455
209507
209546
209596
209648
209670
209707
209734
209778
209856
209891
209916
209956
209999
210037
210105
210128
210180
210207
210229
210252
210303
210328
210368
210446
210472
210499
210555
210607
210745
210767
210818
210842
210865
210889
210912
210936
210961
210985
211009
211034
211070
211090
211112
211135
211184
211234
211272
211293
211344
211380
211403
211427
211464
211513
211554
211589
211672
211688
211724
211755
211775
211795
211838
211908
211938
211970
212009
212042
212104
212121
212142
212188
212273
212335
212385
212421
212453
212498
212533
212579
212598
212620
212654
212787
212821
212898
212923
213484
213503
213568
213602
213632
213665
213682
213713
213768
213801
213833
213882
213916
213948
214535
214652
214692
214710
215143
215173
215269
215351
215403
215421
215810
215883
215916
216001
216034
216054
216075
216093
216112
216147
216260
216309
216343
216368
216385
216411
216437
216455
216483
216502
216526
216545
216561
216583
216602
216634
216653
216681
216719
216743
216761
216780
216797
216814
216832
216865
216891
216920
216938
216967
216985
217002
217020
217040
217076
217119
217137
217171
217187
217245
217260
217290
217333
217460
217488
217507
217557
217774
217793
217812
217889
217929
217970
218031
218055
218265
218299
218342
218399
218418
218470
218486
218769
218793
218845
218896
218933
218970
219000
223569
223800
223823
223960
224015
225163
225635
225664
225689
225706
225724
225740
225920
225949
225965
226017
226039
226061
226082
226103
226120
226140
226167
226270
226289
226311
226346
226466
226487
226510
226587
226604
226645
226738
226831
226847
226878
226910
226929
226949
226981
227015
227033
227066
227086
227105
227139
227171
227189
227453
227488
227517
227556
227594
227629
227664
227698
227754
227772
227802
227833
227866
227890
227919
227934
227952
228015
228048
228165
229492
229564
229606
229695
229713
229729
229748
229806
229825
229854
229916
229935
229952
229984
230017
230037
230071
230117
231561
231583
231616
231647
231694
231727
231745
231763
231782
231800
231839
231892
231907
232093
232110
232126
232156
232337
232421
232543
232567
233018
233038
233066
233208
233248
233414
233435
233458
233504
233567
233635
233660
233682
233851
234083
234102
234130
234149
234384
234403
234419
234440
234516
241840
241897
241916
241996
242016
242038
242055
242074
242095
242149
242164
242702
242780
242795
242815
242841
242881
242904
242922
242943
242977
242996
243039
243098
245073
245094
245117
245139
245157
245235
245282
245324
245354
245578
245671
245818
245955
245972
246203
246248
246325
246359
246410
246442
246463
246486
246530
246554
246760
246785
246879
246901
246922
246939
246961
246978
247030
247101
247120
247153
247187
247262
247301
247320
247415
247467
247534
247555
247729
247751
247783
247818
247899
247919
247937
248025
248042
248082
248100
248116
248133
248149
248166
248196
248246
248522
248548
248580
248611
248640
249734
249750
249780
249823
249971
249990
250010
250043
250078
250096
250149
250182
250203
250237
250279
250295
250327
250361
250397
250420
250444
250464
250488
250527
250581
250600
250634
250656
250678
251051
251080
251101
251267
251287
251309
251329
257183
257201
257240
257280
257321
257345
257371
257466
257489
257513
257538
257562
257583
257632
257654
257677
257743
257782
257834
257868
257894
257934
257972
258023
258047
258109
258144
258182
258220
258285
258361
258411
258443
258464
258498
258521
258543
258568
258624
258648
258673
258742
258761
258866
258885
258903
258921
258969
258990
259023
259042
259062
259096
259114
259220
259244
259283
259320
259341
259419
259458
259480
259517
259539
259559
259609
259628
259648
259684
259719
259757
259791
259843
259864
259900
259917
259934
259952
259974
259993
260024
260054
260100
260133
260160
260257
260277
260306
260337
260356
260541
260565
260692
260724
260742
260857
260985
261003
261024
261041
261081
261098
261115
261136
261155
261190
261210
261299
261315
261333
261369
261394
261445
261466
261517
261539
261580
261610
261631
261692
261720
261744
262002
262217
262248
262293
262310
262341
262384
262415
262437
262456
262539
262558
262759
