0
494
511
611
631
651
670
696
725
744
879
899
918
937
956
977
1009
1030
1050
1071
1087
1106
1136
1157
1203
1222
1243
1260
1281
1302
1318
1337
1355
1376
1395
1421
1440
1461
1482
1508
1527
1547
1567
1588
1608
1665
1701
1732
1753
1772
1791
1811
1832
1851
1897
1916
1937
1983
2002
2020
2065
2097
2128
2149
2169
2190
2211
2230
2251
2272
2293
2324
2360
2379
2418
2492
2512
2577
2605
2623
2735
2796
2814
2857
2882
2898
2914
2931
25686
25726
25764
25781
25795
25820
25834
25884
26708
26897
26915
26934
27120
27141
27162
27183
27199
27218
27239
27259
27279
27300
27321
27367
27398
27417
27438
27459
27485
27504
27536
27557
27578
27599
27620
27639
27658
27679
27705
27724
27743
27763
27784
27805
27831
27850
27871
27890
27926
27945
27965
27986
28007
28026
28046
28064
28080
28099
28117
28137
28158
28179
28199
28220
28241
28277
28308
28328
28349
28370
28389
28410
28456
28475
28496
28513
28535
28556
28576
28602
28621
28686
28713
28731
28770
28798
28851
28963
29012
29052
29097
29132
29147
29163
29183
29204
29223
29244
29265
29285
29311
29342
29371
29391
29412
29432
29453
29473
29492
29518
29536
29555
29574
29595
29615
29671
29690
29711
29730
29751
29772
29793
29813
29833
29863
29889
29908
29928
29961
29981
30001
30021
30041
30061
30110
30128
30144
30163
30184
30202
30222
30243
30264
30314
30523
30541
30577
30596
30616
30637
30658
30676
30732
30750
30769
30787
30805
30824
30843
30864
30885
30915
31001
31019
31050
31071
31098
31118
31137
31157
31187
31243
31262
31280
31366
31385
31402
31464
31480
31513
31542
31655
31698
31833
31865
31936
31954
31975
31996
32016
32037
32057
32078
32124
32155
32174
32191
32212
32232
32253
32273
32291
32321
32340
32359
32378
32397
32418
32437
32456
32512
32531
32562
32582
32622
32654
32686
32718
32739
32760
32793
32812
32861
32907
32926
32947
32964
32984
33003
33059
33078
33097
33116
33142
33161
33178
33199
33220
33240
33260
33296
33315
33336
33356
33375
33396
33444
33465
33484
33505
33525
33546
33567
33643
33662
33683
33701
33757
33776
33797
33818
33839
33860
33880
33901
33922
33998
34029
34044
34083
34108
34220
34263
34306
34349
34454
34472
34500
34519
34549
34570
34591
34611
34631
34652
34672
34758
34811
34837
34856
34893
34912
34931
34952
34973
34992
35013
35058
35090
35122
35154
35175
35194
35226
35258
35277
35323
35340
35359
35380
35429
35465
35496
35517
35537
35557
35576
35597
35643
35661
35680
35701
35721
35742
35798
35816
35835
35856
35874
35895
35916
35936
35957
35989
36020
36038
36056
36074
36110
36129
36148
36168
36189
36210
36236
36255
36287
36307
36328
36349
36370
36406
36425
36444
36465
36485
36505
36526
36547
36573
36592
36611
36632
36651
36672
36693
36714
36735
36791
36822
36841
36868
36883
36919
36937
36954
36974
36989
37006
37024
37042
37063
37214
37257
37300
37315
37342
37547
37600
37617
37634
37662
38004
38025
38067
38088
38108
38126
38172
38191
38207
38238
38334
38355
38376
38396
38416
38437
38457
38483
38528
38547
38564
38585
38606
38624
38645
38666
38682
38768
38787
38806
38826
38858
38877
38896
38915
39001
39020
39040
39059
39080
39101
39120
39141
39162
39183
39203
39223
39243
39289
39308
39326
39347
39368
39394
39413
39434
39454
39490
39509
39529
39595
39614
39635
39654
39674
39695
39716
39772
39791
39812
39832
39888
39907
39931
40008
40038
40063
40087
40125
40154
40182
40231
40331
40380
40420
40463
40478
48493
48509
48591
48612
48633
48679
48710
48729
48745
48766
48787
48807
48823
48842
48861
48880
48912
48933
48952
48972
48992
49038
49057
49076
49132
49150
49169
49190
49211
49247
49265
49284
49305
49325
49346
49367
49385
49421
49440
49461
49478
49495
49551
49569
49588
49609
49630
49649
49676
49697
49716
49737
49756
49782
49801
49822
49857
49877
49898
49918
49954
49973
49994
50015
50036
50055
50076
50096
50152
50171
50200
50247
50268
50293
50310
50398
50441
50466
50587
50752
50774
50792
50834
50881
50937
50968
51033
51052
51073
51109
51128
51149
51205
51224
51242
51263
51284
51302
51348
51367
51386
51407
51433
51464
51485
51515
51536
51556
51574
51610
51629
51650
51669
51688
51707
51726
51745
51765
51786
51806
51827
51848
51869
51905
51924
51966
51987
52007
52028
52049
52068
52144
52163
52183
52204
52225
52245
52266
52287
52307
52328
52349
52415
52434
52455
52471
52490
52505
52584
52612
52640
52683
52822
52838
52881
52932
52993
53020
53050
53572
53591
53612
53633
53648
53666
53722
53753
53876
53897
53953
53972
54002
54023
54044
54065
54086
54104
54170
54189
54210
54231
54252
54272
54398
54417
54438
54459
54480
54501
54519
54575
54605
54636
54654
54675
54696
54714
54810
54828
54847
54867
54888
54908
54928
54949
54970
54991
55009
55035
55053
55072
55093
55123
55141
55207
55226
55245
55263
55293
55310
55376
55394
55414
55435
55456
55474
55530
55544
55585
55602
55617
55635
55672
55808
55856
55899
55981
55995
56017
56055
56075
56092
56113
56134
56190
56208
56228
56258
56279
56300
56346
56365
56386
56404
56425
56446
56512
56685
56704
56725
56746
56765
56784
56801
56967
56988
57009
57030
57049
57068
57088
57109
57130
57175
57221
57790
57811
57832
57852
57882
57998
58016
58037
58058
58076
58162
58181
58202
58221
58242
58261
58280
58326
58346
58367
58388
58408
58428
58449
58515
58536
58555
58574
58594
58613
58632
58651
58670
58689
58708
58727
58763
58803
58856
58873
58891
58916
58934
58963
58998
59087
59130
59161
59180
59220
59240
59270
59605
59629
59669
59688
59705
59724
59738
59755
59772
59789
59806
59823
59854
60113
60127
60153
60170
60186
60269
60506
60786
60800
60821
60840
60859
60878
60914
60933
60953
60976
61015
61053
61079
61093
61118
61152
61181
61201
61216
61232
61247
61292
61310
61353
61384
61426
61466
61484
61503
61532
61574
61596
61638
61665
61682
61699
61727
61766
61783
61802
61819
61840
61860
61881
62045
62160
62209
62258
62307
62336
62357
62376
62419
62434
62483
62532
62606
62672
62688
62708
62729
62744
62763
62859
62879
62910
63017
63048
63075
63096
63141
63200
63216
63231
84995
85022
85041
85073
85092
85106
85126
85145
85171
85189
85230
85283
85315
85406
85423
85594
85636
85674
85692
90515
90567
90585
90611
90677
90704
97112
97172
97612
97628
116069
116123
116156
116256
116272
116298
116367
116386
116414
116514
116539
116556
116574
116838
116864
116904
116951
116978
117120
117170
118034
118052
118113
118132
121544
121607
121648
121676
121703
121718
121749
121766
121851
121869
121892
141296
141314
141351
141517
141542
141582
141608
141719
141832
141870
141884
141900
141915
141942
141955
141969
141988
142002
142017
142040
142067
142102
142119
