아가씨 53592,297|53592,6613
아기토 24394,12017|52371,17075
아나자브로스 30377,14236
아날로그 21985,34898|21985,35045|24394,34599|28478,21108|28478,21191|30024,36199|30377,28342|45690,19864|45690,20149|45690,20204|45690,20634|45690,21579|52371,26081
아니고 21985,35263|21985,35574|31706,3820|35592,12125|45690,20393|48576,26682|53592,16563
아니다 21985,35598|45690,26190
아니라 27368,40400|39676,32168
아니라면 30838,3631
아니면 45690,22828
아니므로 30024,37809
아니지만 42049,15494|48345,15560
아닌지에 30024,37283
아래 39242,15672
아래로 39242,15200|45690,20158
아래를 35592,5427
아래에 40740,945
아래와 21985,80|24394,70|27368,88|28478,81|30024,70|30377,70|36224,72|39676,93|41496,6823|45690,77|45690,23104|45690,24273|45690,25554|48576,77|52371,563
아래의 24394,35493|45690,20669
아로경단 23612,1682|41496,5131
아로아나계만 41496,5152
아르나스 28478,15693
아르브리드 24394,10160|24394,11310
아름다움을 53592,13166
아름답고 53592,14270
아마테라키스 39572,6178
아머 53592,10654
아머가 39242,1814
아메자리 41496,19041|42049,4499|48345,4513
아메자리가드 29353,10961
아메자리갑각 26312,12716|27368,7955|27368,39023|29333,10827|29353,10916|30024,28550|30024,28704|30024,28873|35698,11021|41496,18991|42405,657|49617,10393
아메자리거대각 30377,24282|41496,19021|42405,1061|52371,22463
아메자리그리브 35698,10979
아메자리도 52371,22329
아메자리레깅스 35698,11066
아메자리메일 29333,10786
아메자리보우건 27368,7861
아메자리보우건g 27368,38927
아메자리스킨 29333,10872
아메자리암 29353,10876
아메자리임펙트 30024,28813
아메자리캡 26312,12777
아메자리코트 49617,10438
아메자리크로우 30377,24168
아메자리폴드 49617,10352
아메자리해머 30024,28501
아메자리해머改 30024,28642
아메자리해머계 30024,28376
아메자리헤드 26312,12674
아무 39242,14790
아무것도 23818,357|23818,408|23818,930|23818,949|23818,1297|23818,1315|23818,4114|23818,4134|23818,4576|27609,1063|27609,5460|27609,6469|27609,6495|39242,13781|39242,14329|39339,6681|39339,6713|39339,7346|39339,7376|39339,7606|46577,579|46577,640|46577,1487|46577,2242|46577,2262|46577,2567|46577,3052|46577,4574|46577,4992|47905,6218|47905,6299|47905,6374
아무런 47905,1763
아무렇지도 39242,15222
아무일 45690,25890
아수종 31706,1030|31706,5750|40740,6153|53592,17170
아신 39676,24477
아이루 39242,1464|39242,9105|39242,9606|39242,10801|39242,11006|39242,13730|44611,18|44611,183|53592,11490
아이루食券 27368,13205
아이루가 39242,1497|39242,6326|39242,8484|39242,9495|39242,10994|39242,14056
아이루군메라루군 30377,20543|30377,20674
아이루는 39242,10658|39242,10830|39242,11632|44611,62|44611,192
아이루럭돌 27368,7261
아이루로 39242,11053
아이루로부터 41496,33076
아이루로의 44611,371
아이루를 39242,64|39242,1122|39242,2296|39242,6228|39242,9893|39242,10425|39242,10587|39242,10699|39242,10923|39242,11321
아이루만 39242,1959
아이루보드를 53592,14436
아이루식권 21985,21661|21985,27632|21985,27796|21985,32750|24394,5494|24394,5657|24394,5668|24394,5852|24394,6071|24394,6336|24394,24837|24394,29890|24394,32375|26312,7491|26312,7678|26312,8567|26312,8715|26312,9225|26312,9346|26312,23728|26312,23853|26312,26579|26312,27043|26312,36781|27368,7354|27368,7657|27368,16903|27368,17206|27368,38151|28478,6593|28478,6726|29333,7233|29333,7763|29333,7883|29333,20791|29333,20916|29333,23466|29333,24014|29333,32915|29353,7797|29353,7917|29353,20754|29353,20879|29353,23973|29353,32793|30024,6689|30024,6731|30024,6880|30024,7057|30024,7235|30024,12160|30024,12290|30024,23196|30024,23353|30024,23517|30024,23687|30024,23839|30024,23891|30024,23903|30024,24056|30024,32896|30024,33072|30024,33772|30024,34837|30377,3350|30377,3401|30377,3590|30377,3769|30377,20754|30377,25594|30377,25771|35698,7942|35698,8062|35698,20913|35698,21033|35698,23998|35698,24088|35698,33024|36224,5426|36224,5466|36224,5609|36224,5792|36224,5803|36224,17243|36224,17391|36224,17526|36224,29508|36224,31066|39676,7975|41496,29632|41496,29661|44611,7661|44611,7692|44611,7703|44611,7803|44611,7921|44611,7944|44611,7967|44611,7990|48373,4635|48373,5086|48373,5304|49617,6803|49617,7225|49617,7346|49617,20298|49617,20423|49617,23029|49617,23571|49617,32273
아이루양메라루양 30377,20852
아이루에게 39242,725|39242,1596|39242,1750
아이루와 39242,1614
아이루와의 39242,15087
아이루의 39242,8696|39242,8928|39242,10350|39242,10631|39242,11397|39242,13317|41496,29723|44611,473
아이루키친 39242,9835
아이루키친에서 41496,33068
아이루키친의 44611,51|44611,5595
아이루페이크 26312,7610
아이루헬돌 27368,16795
아이루헬돌g 27368,38029
아이스 53592,3684
아이스슬로우 39676,19087
아이시크루대거 30377,21319
아이시클보우ⅰ 28478,1726
아이시클보우ⅱ 28478,2001
아이시클블리자드 21985,5936
아이언 53592,8996
아이언건랜스 21985,11148|45690,4033|45690,4227
아이언건랜스g 45690,17890
아이언건랜스改 45690,4401
아이언랜스 21985,386|21985,497|45690,4099|45690,7865
아이언랜스g 21985,28279
아이언랜스改 21985,597
아이언리젝트 30024,3697
아이언벨트 49617,444
아이언스트라이크 30024,839
아이언스트라이크g 30024,30000
아이언스트라이크改 30024,1030
아이언임펙트 30024,3501
아이콘도 33821,3789
아이콘은 39242,13278
아이콘의 39242,13308
아이콘이 39242,9539|39242,13165|39242,14554|47905,6104
아이템 23612,72|23612,693|23612,1338|23612,1991|23612,2729|23612,3480|23612,4169|23612,4925|23612,5699|23612,6425|23612,6516|23612,6553|31706,115|31706,124|31706,133|31706,142|31706,151|31706,160|31706,799|31706,808|31706,817|31706,826|31706,835|31706,1748|31706,1757|31706,1766|31706,1775|31706,1784|31706,2272|31706,2281|31706,2290|31706,2299|31706,2308|31706,2802|31706,2811|31706,2820|31706,2829|31706,2838|31706,3270|31706,3279|31706,3288|31706,3297|31706,3306|31706,3862|31706,3871|31706,3880|31706,3889|31706,3898|31706,4601|31706,4610|31706,4619|31706,4628|31706,4637|31706,4650|31706,4661|31706,4672|31706,4683|31706,4694|31706,4709|31706,4720|31706,4731|31706,4742|31706,4848|31706,4857|31706,4866|31706,4875|31706,4884|35592,1715|35592,6062|35592,7006|35592,7932|35592,8586|35592,9462|35592,10206|35592,10935|39242,13734|39572,2089|39572,2465|41496,23|41496,2289|41496,6941|41496,32963|41496,33011|41496,33051|41496,33116|41496,33156|41496,33212|41496,33272|41496,33331|41496,33380|41496,33422|41496,33459|41496,33495|42405,493|42405,513|42405,905|42405,920|42405,940|42405,1190|42405,1207|42405,1333|42405,1353|42405,2956|42405,2971|42405,2991|42405,3283|42405,3300|42405,3421|42405,3441|42405,4321|42405,4336|42405,4356|42405,4789|42405,4806|42405,4861|42405,4881|42405,5556|42405,5571|42405,5591|42405,5761|42405,5778|42405,5876|42405,5896|42405,6761|42405,6776|42405,6796|42405,7008|42405,7025|42405,7123|42405,7143|42405,8472|42405,8487|42405,8507|42405,8907|42405,8927|42405,9337|42405,9357|42405,9714|47905,1649|47905,8769|53592,12933
아이템10 31706,4753
아이템과 39572,179
아이템도 47905,9644
아이템들도 35592,3464|35592,4648
아이템들만 39572,188
아이템들은 39572,241|41496,7720
아이템명 39572,2099|39572,2488|39572,2839|39572,2911|39572,3224|39572,3547|39572,3626|39572,3932|39572,4244|39572,4325|39572,4524|39572,4845|39572,4920|39572,5084|39572,5368|39572,5442|39572,5795|39572,6080|39572,6154|41496,64|41496,7811|41496,8883|41496,9723|41496,10349|41496,11456|41496,11858|41496,19094|41496,27532|41496,28192|41496,28938|41496,30656|41496,31447|41496,31683
아이템사용 36224,32026|41496,3754
아이템사용강화 42049,786|42049,2138|42049,5376|42049,14830|47905,8912|48345,822|48345,2101|48345,5373|48345,14870
아이템사용약화 42049,4122|42049,9789|42049,14320|42049,14464|47905,8983|48345,4131|48345,9781|48345,14353|48345,14493
아이템수는 39242,13720
아이템에 39676,32113
아이템으로 47905,2503
아이템은 39242,13527|39242,14366
아이템을 23612,6305|39242,643|39242,767|39242,14305|39242,14504|39572,160|47905,2039|48576,26381
아이템의 27368,40212|36224,32109|44611,4021|48576,26217
아이템이 47905,6698|47905,6747|47905,6795|47905,6843
아이템입수 41496,9341|41496,9391
아이템정제를 53592,14564
아이템조합으로 41496,33365
아이템１ 35592,1669|35592,1759
아이팀이 48576,26301
아종 39242,125|53592,2092|53592,3133|53592,4203|53592,5295|53592,6332|53592,7381|53592,7647|53592,7705
아종을 53592,7669|53592,13923
아주 39242,8401|45690,24648|53592,14934
아즈르캐논 39676,6599
아지랑이 53592,2917
아쳐 53592,8880
아캄토룸 31706,1058|31706,5764|40740,4624|41496,27011|53592,1977|53592,1987|53592,3023|53592,4091|53592,5186|53592,6220|53592,7273
아캄토룸을 53592,13188|53592,13201
아캄트 42049,10101|48345,10162
아캄트노키리페 29353,23387
아캄트사쿤페 29353,23272
아캄트사크이마키 26312,26441
아캄트사크파케 26312,26326
아캄트우룬테 29333,23219
아캄트우룬페 29333,23335
아캄트익케크 49617,22764
아캄트익케타리 49617,22863
아캄트치킬 35698,23457
아캄트케말 35698,23343
아쿠아가디언 52371,16198
아쿠아리어스 21985,3422
아쿠안스피어 21985,4245
아쿠안스피어g 21985,32841
아쿠안스피어改 21985,4486
아틀라스해머 30024,12488|48576,7548
아틀라스해머g 30024,30181
아틀란티카 52371,16470
아티레리 39676,6897
아프케로스 41496,12574
아프케로스등 41496,12540
