0
270
301
402
419
468
517
604
633
653
1327
1366
1387
1418
1463
1492
1523
1556
1576
1592
1608
1647
1664
1690
1706
1733
1782
2353
2394
2412
2428
2447
2496
2522
3465
3493
3530
3563
3750
3765
3824
3867
3916
4060
4084
4107
4141
4158
4185
4385
4415
4433
4449
4466
4484
4513
4601
4685
4714
5079
5146
5165
5191
5219
5247
5448
5487
5536
5570
5650
5691
5743
5771
5799
5889
5910
5925
5963
6012
6061
6098
6135
6236
6255
6296
6487
6503
6518
6562
6578
6670
6692
6712
6731
6833
6867
6907
6935
10242
10270
10302
10362
10410
10437
10464
10503
10561
10632
10682
10719
10734
198329
198362
198396
198448
198506
198529
198546
198562
198578
198615
198635
199057
199088
199168
199224
199270
199303
199330
199364
199397
199430
199464
199490
199519
199570
199619
199666
199705
199739
199767
199799
199834
201250
201273
201466
203981
204192
204216
204252
204290
204364
204385
204421
204456
204508
204580
205082
205479
205507
205555
205668
205716
205735
205770
205802
205834
206033
206068
206106
206130
206150
206168
206186
206408
206428
206536
206654
206683
206730
206762
206886
206935
206963
209717
209778
209842
209891
209920
209941
209964
209999
210060
210110
210160
210210
210293
210314
210333
211060
211077
211109
211158
211234
211268
211313
211395
211443
211475
211510
211545
211589
211623
230844
241046
242000
242021
242057
242102
242139
242174
242210
242246
242323
242357
242391
242427
242465
242562
242612
250039
250088
250611
250659
250760
250796
250931
251003
251065
251115
251165
251184
251221
251261
251292
251314
251403
251426
251462
256553
256571
256630
256655
256679
256732
256754
256811
256859
256938
256975
257025
257063
257177
257213
257236
257260
257283
257358
257552
257576
257601
257708
257731
257774
257811
257834
257913
257964
258015
259708
259744
259795
259861
259898
259964
259993
260018
260070
260094
260146
260209
260232
260256
260281
260306
260423
260501
260527
260560
260609
260728
260830
260853
260902
260948
260999
263538
263556
263691
263714
263791
263815
278767
287255
287276
289538
301680
301700
301719
301737
301770
301803
301821
301865
301883
301929
301977
309607
309631
309691
309778
309836
310589
310660
310747
310836
310887
312137
312189
312275
312324
312436
312468
312513
312576
312612
312632
312706
312729
312855
312927
312965
312986
313113
313138
313203
313460
313508
313527
313567
313615
313664
313714
313762
313811
313860
313888
313937
313986
314025
314074
314123
314152
314201
314250
314299
314347
314387
314435
314482
314529
314577
314624
314672
314700
314750
314798
314845
314866
314887
314939
314961
314992
315014
318132
318193
318252
318288
318530
318738
319205
319225
319307
319379
319400
319817
319852
319888
319923
319956
320041
320076
320109
320158
320198
320244
320263
320459
320490
320554
320734
320808
321078
321193
321225
321503
321523
321543
321565
321614
321663
321703
321769
321786
321844
321861
321894
321930
321956
322569
322770
322813
322847
322865
322899
322933
323001
323059
323081
323116
323192
323221
323252
323326
323360
323375
323458
323492
323594
323629
323663
323696
323783
323814
323850
323868
323889
324623
324640
324721
324755
324812
324856
324889
324910
324932
324975
327764
327907
328057
328461
328494
328527
328561
328581
328664
328695
329016
329092
329193
329392
329425
329481
329497
329553
329585
331502
331531
331562
331704
331845
331877
332038
332071
332147
332222
332430
332465
332497
332657
332743
333034
333113
333127
333158
333205
333255
333275
333309
333342
333377
333411
333433
333467
333528
333561
333592
333632
333650
333682
333829
333845
333864
333883
333921
333961
334144
334252
334293
334369
334401
334489
334537
334585
334613
334653
334692
334709
337048
337064
337082
337574
337621
337637
337883
338007
338041
338060
338134
338164
338345
338391
338419
338446
338479
338511
338546
338571
338608
338720
339272
339313
339353
339369
339404
339669
339705
339768
339832
339855
339924
339959
340061
340115
340402
340483
340523
340564
340618
340686
340780
340837
340869
340914
340963
340984
341049
341097
341158
341487
341512
341548
341569
341590
341611
341657
341691
341711
341731
341751
341826
341850
341902
341980
342392
342442
342460
342478
342497
342515
342533
342551
342569
342584
342603
342621
342654
342688
342714
342762
342845
342897
342935
342976
343004
343052
343133
343186
343259
343286
343346
343395
343412
343544
343561
343609
343848
343882
343960
343994
344083
344106
344125
344160
344246
344284
344305
344339
344373
344411
344437
344464
344492
344532
344625
344663
344690
344730
344807
344844
344878
344939
344973
344995
345027
345062
345114
351906
351927
351974
352038
352081
352167
352212
352258
352319
352367
352416
352437
352488
352527
352548
352598
352634
352697
352729
352762
352784
352836
352859
352965
352999
353029
353053
353092
353129
353153
353180
353420
353438
353457
353483
353501
353518
353537
353652
353706
353779
353856
353890
353923
353957
354054
354089
354144
354159
354190
354225
354351
354385
354420
354464
354480
354513
354546
354580
354598
356261
356292
356324
356360
356411
356489
356511
356542
356844
356921
356954
357039
357056
383574
383596
383633
383669
383690
383734
383767
383799
383829
383852
383877
383997
384019
384041
384103
384126
384201
384219
384237
384313
384388
384492
384571
384599
384645
384672
384734
384750
384766
384925
384943
384985
385048
385092
385137
385190
385227
385253
385276
385350
385367
387913
388011
388202
388586
388619
388639
388663
388680
388717
397221
397435
397492
397547
399919
399939
400410
400445
400708
400728
400752
400807
402310
402343
402361
402393
402430
402454
402505
402540
402586
402604
403524
403559
403597
403638
403701
403737
403776
403797
403824
403854
403931
403962
404004
404039
404296
404330
404366
404389
404427
404460
404493
404542
404858
404906
404941
405209
405282
405315
405413
405427
405511
405544
405740
405771
405786
405836
405899
406291
406433
406518
406542
406562
406636
406697
406717
406751
406788
406811
406875
406936
406960
406997
407063
407103
407154
407233
407271
407307
407331
407370
407394
407417
407481
407547
407600
407634
407730
407795
407816
407891
407957
407981
408033
408065
408116
408196
408220
408241
408277
408314
408337
408358
408436
408474
408507
408620
408673
408743
408774
408868
408904
408941
408978
409181
409216
409267
409321
409373
409389
409406
409432
409796
409835
409863
409892
409966
409988
425079
425096
425115
425174
425190
425206
425457
425495
425568
425642
425658
425676
425732
425883
425926
425958
425976
426010
426047
426071
426104
426146
426190
426223
426534
426551
426577
426595
426628
426645
427025
427043
427077
427094
427161
427195
427228
427259
427292
428275
428294
428327
428363
428423
428495
428527
428561
428616
428647
428663
428920
428939
428965
429154
429175
429220
429242
429275
429306
429527
429559
430347
430374
430401
430534
430695
430730
430773
430851
430899
430920
430969
431444
431465
431485
431599
431660
431694
431742
431776
432052
432085
432107
432139
432237
432253
432306
432372
432448
432525
432615
432704
432769
432798
483161
484174
484240
484286
484321
484357
484377
484410
484510
484586
484604
484654
484705
484741
484775
484856
484936
484985
485019
485037
485078
485102
485137
485172
485191
485211
485259
485305
485381
485444
485996
486013
486040
486073
486199
486239
486257
486291
486313
486348
486384
486546
486567
486589
486610
486665
486700
486732
486765
487122
487351
487516
487536
487661
487691
487949
488078
488241
488293
488315
488340
488371
488443
488474
488506
488541
488562
488597
490225
490275
490312
490344
490817
490836
606759
606791
606816
606846
608003
608047
608134
608200
608418
622244
624383
624420
624475
624565
624584
624615
624636
624713
624743
625181
625213
625245
625265
625281
625296
625376
625394
625424
625442
625461
625493
625525
625569
625666
625700
625731
625763
625796
625831
625863
626224
626258
626292
626327
626349
626368
627188
627226
627258
627278
627319
628526
628585
628611
629064
629082
629099
629117
629152
629183
629203
629356
629375
629432
629510
629556
629605
629670
629701
629765
629797
629854
629939
629970
630002
630045
630100
630143
630176
630209
630250
630306
630339
630371
630403
630432
630505
630572
630603
630621
631132
631175
631983
632015
632049
632107
632976
632994
633241
633287
633323
804839
805458
805754
805775
805796
805812
850896
850926
850975
851011
851048
851070
851127
851167
851207
851262
851285
851309
851337
851414
851455
851636
851712
851731
851758
851853
851886
852086
852153
852172
852208
852224
852307
852340
852363
852405
852544
852576
852608
859367
859397
859420
859548
859572
859618
859656
859694
859717
859739
859787
859839
859856
859887
860539
860584
860612
860633
860666
860694
860711
860727
860741
860758
860936
861073
861092
861121
861137
862119
862168
862218
862275
862337
862374
862391
862410
864316
864336
864356
864374
864437
864456
864474
864504
864524
864543
864562
864581
864600
864619
864646
864666
864680
864697
873108
873126
873154
873182
873351
873385
873416
873704
873739
873790
873834
873855
873877
873894
873911
873932
873982
874005
874055
874078
874214
874231
874247
874314
874341
874360
874390
874410
874434
874513
874552
874658
874755
874869
874890
874912
874933
874957
874988
875018
875034
875052
875078
875110
875136
875793
875841
875890
875997
876025
876057
876084
876127
876181
876204
876235
876255
876296
876599
876623
876670
876881
876912
876947
876978
876997
877062
877141
877170
877190
918220
918254
918279
918304
918355
918392
918412
918795
918855
919094
919173
919249
919349
919619
919648
919861
919895
920015
920041
920141
920747
920771
953227
953249
953269
953317
953482
953532
953568
953589
953624
953683
953735
953935
953968
954045
954122
954155
954255
954289
954353
954427
954491
954524
954571
954603
972505
972677
972861
972894
972928
973010
973047
973107
973126
973159
973179
973292
973352
973431
973462
973673
973730
973762
974013
974066
974083
974116
974132
974484
974507
974523
974567
974607
974626
974667
974700
974752
974829
974858
974945
975033
975146
975258
975334
978302
978347
978422
978439
978753
978773
978817
978849
978907
978949
978973
979017
979069
979086
979126
979144
981194
981218
981260
981291
982153
982198
982277
982302
982320
982347
982427
982445
982466
982499
982561
982586
982648
983696
983726
983769
983866
983901
983996
984015
984068
984102
984131
984146
984179
984225
984241
984261
984294
984328
984358
984378
984465
984505
984850
984896
984917
984949
984969
984986
985020
985040
985209
985255
985278
985297
986622
986666
986716
986751
986800
986907
986942
986960
986993
987030
987094
987132
987151
987172
987194
987229
987251
987287
987321
987343
987377
987426
987457
987539
987574
987661
987703
987725
987748
987780
987798
987874
987905
987938
987971
987999
988066
988097
988591
988636
988687
988712
988748
988851
988913
988929
988976
989010
989032
989064
989108
989125
989169
989213
989245
989265
989822
990013
990087
990203
990238
990284
990306
990337
990414
990494
990639
990674
990705
990725
990880
990926
991064
991086
991147
991183
991401
991437
991511
991777
991956
991991
992026
992058
992092
992270
992289
992323
992352
992384
992416
993425
993470
993548
993593
993635
993669
993708
993747
993781
993817
996453
996479
996538
996591
996679
996731
996785
996954
997025
997110
997167
997247
997296
997376
997468
997501
997536
997855
997872
997888
997905
998071
998087
998136
998171
998189
998218
998426
998458
998478
998497
998556
998571
998601
998617
998647
998678
998709
998749
998781
998799
998817
998922
998994
999012
999051
999288
999309
999345
999415
1000415
1000439
1000578
1000600
1000647
1000678
1000884
1000908
1000951
1000975
1001022
1001062
1001080
1002690
1003088
1003108
1003127
1003147
1003180
1003287
1003339
1003359
1003434
1003466
1003498
1003583
1003599
1003627
1003645
1003688
1003705
1003740
1004448
1004470
1004493
1004515
1004550
1004605
1004626
1004648
1004681
1004702
1004738
1004772
1005448
1005468
1005499
1005536
1005559
1005694
1005713
1005748
1005768
1005792
1005822
1005844
1006909
1006931
1006953
1007053
1007073
1007907
1007940
1007959
1008143
1008165
1008223
1008294
1008315
1009032
1009099
1009117
1009149
1009167
1009184
1009223
1009391
1009410
1009616
1013577
1013610
1013628
1013658
1013704
1013814
1013866
1013925
1014068
1014097
1014160
1014193
1014256
1014276
1014297
1014373
1014410
1014454
1014473
1014508
1014554
1014569
1014601
1014622
1014795
1014818
1014888
1015019
1015115
1015179
1015215
1015269
1015322
1015359
1015409
1015457
1015481
1015518
1016484
1016927
1016949
1017144
1017198
1017229
1017259
1017279
1022186
1022217
1022268
1022563
1022642
1022921
1022948
1022972
1023007
1023031
1024666
1024691
1024714
1025137
1025201
1025239
1025264
1025302
1025326
1025350
1025387
1025437
1025456
1025472
1025501
1025545
1025567
1025582
1025601
1025630
1025664
1025724
1025740
1025802
1025913
1025975
1026048
1026112
1026155
1026185
1026209
1026229
1026273
1026290
1026310
1026808
1026825
1027464
1027482
1027513
1027544
1027691
1027723
1027755
1027783
1027805
1027834
1027852
1027884
1028259
1028277
1028972
1029077
1029095
1029112
1029159
1029695
1029714
1029734
1031817
1031840
1031858
1031901
1032120
1032140
1032161
1032195
1032242
1032267
1032287
1033759
1033777
1033796
1033815
1033848
1033898
1033930
1033970
1033993
1034015
1034602
1034624
1034649
1034703
1034723
1036646
1036817
1037035
1037366
1037399
1037432
1037498
1037518
1037601
1037634
1037670
1037748
1037778
1037798
1037815
1037832
1037851
1037871
1037893
1037930
1038026
1039463
1039498
1040226
1040249
1040272
1043822
1043843
1043865
1043901
1043936
1043968
1044037
1044080
1044125
1044194
1044231
1044399
1044421
1045046
1045101
1045133
1045153
1045171
1045645
1046759
1046795
1046852
1046883
1046903
1047412
1047452
1047520
1047541
1047734
1047750
1047781
1047798
1047891
1047918
1047978
1048040
1048161
1048378
1048630
1048651
1048683
1048706
1082131
1082149
1082168
1082183
1082216
1082231
1082291
1082306
1082670
1082688
1082705
1082744
1082904
1083011
1083031
1083048
1084164
1084202
1084441
1084493
1084511
1084531
1084579
1084600
1084727
1084744
1084762
1085085
1085106
1085158
1085234
1085282
1085310
1085325
1085520
1085543
1085574
1090967
1090984
1091006
1091024
1091500
1091534
1091560
1091581
1091612
1091648
1091720
1091759
1091799
1091817
1092054
1092187
1092207
1092243
1092261
1092291
1092309
1092347
1092365
1092425
1092487
1092526
1092565
1092660
1092697
1092730
1092747
1092767
1092787
1092809
1092907
1092947
1092985
1093006
1093037
1093084
1093119
1093151
1093175
1093197
1093268
1093304
1093324
1093347
1093379
1099501
1099516
1099547
1100113
1100147
1100174
1101686
1101738
1101773
1101844
1101882
1101917
1101949
1101972
1102008
1102471
1102778
1102795
1102825
1102857
1104454
1104499
1104563
1104635
1104665
1104791
1104950
1105036
1105134
1105154
1105213
1105232
1105265
1105297
1105494
1105542
1105591
1105612
1106614
1106638
1106661
1106716
1106773
1106908
1106940
1106957
1107038
1107079
1107105
1107123
1108048
1108084
1108148
1108184
1108260
1108286
1108336
1108360
1108411
1108709
1108741
1108790
1108813
1108847
1108898
1108975
1109011
1109088
1109152
1109189
1109222
1109245
1109278
1109297
1109327
1109382
1109618
1110190
1110224
1110243
1110262
1110351
1110596
1110629
1110649
1110669
1110688
1110750
1110906
1110940
1110996
1111030
1111065
1111101
1111136
1111174
1111205
1111273
1111291
1111310
1111342
1111362
1111587
1111612
1111664
1111695
1111727
1111760
1111793
1111826
1111859
1111917
1111935
1112111
1112406
1112427
1112485
1112519
1112551
1112569
1112589
1112622
1112675
1112707
1112730
1112761
1112795
1112919
1112987
1113005
1113022
1113093
1113732
1113764
1113797
1114125
1114178
1114215
1114253
1114298
1114331
1115041
1115073
1115107
1115171
1115207
1115242
1115431
1115465
1115486
1115546
1115580
1115624
1115657
1115679
1115712
1115746
1115764
1115795
1115829
1115863
1115898
1115960
1115982
1116015
1116049
1116083
1116226
1116259
1116303
1116336
1116369
1116576
1116607
1116626
1117506
1117541
1117581
1117639
1117686
1117739
1117944
1118081
1118116
1118194
1118292
1126039
1126074
1126142
1126247
1126301
1126333
1126374
1126710
1126744
1126783
1126832
1126872
1133331
1133421
1133499
1133550
1133585
1133663
1133777
1133801
1134192
1134269
1134417
1134485
1134514
1134549
1134635
1134859
1134941
1134969
1135012
1135054
1135097
1135139
1135198
1135221
1135281
1135370
1135432
1135489
1135543
1135600
1135659
1135715
1135744
1135805
1135833
1135968
1136133
1136246
1136283
1136325
1136368
1136396
1136424
1136505
1136564
1136768
1136888
1136964
1137007
1137047
1137129
1137159
1137212
1137239
1137267
1137293
1137333
1137414
1137456
1137499
1137552
1137607
1137633
1137711
1137766
1137831
1137898
1137970
1138036
1138165
1138258
1138295
1138568
1138645
1138698
1138777
1138808
1138868
1138916
1138970
1139011
1139102
1139183
1139240
1139312
1139371
1165121
1165164
1165231
1165283
1165324
1165369
1165416
1165482
1165509
1165537
1165564
1165609
1165691
1165731
1165801
1165856
1165898
1165945
1165972
1166039
1166071
1166132
1166310
1166372
1166478
1166518
1166545
1166572
1166616
1166662
1166723
1166771
1166865
1166948
1166988
1167330
1167372
1167412
1167469
1167522
1167567
1167612
1167669
1167752
1167780
1167820
1167859
1167925
1167952
1168115
1168155
1168211
1168320
1168346
1168399
1168476
1168554
1168592
1168625
1168657
1168710
1168742
1168850
1168920
1170342
1170490
1170524
1170675
1170774
1170864
1170927
1171003
1171077
1171095
1171136
1171256
1171346
1171435
1171668
1171686
1171706
1274095
1274446
1274467
1274487
1274507
1274565
1274587
1274606
1274645
1276340
1276367
1276410
1276430
1276462
1276528
1276565
1276744
1276769
1276928
1276951
1276983
1277002
1277042
1277080
1277365
1277468
1277671
1277744
1277766
1277798
1277911
1277964
1278759
1278779
1278839
1278861
1278923
1278970
1278987
1279018
1279075
1279127
1279195
1279236
1279258
1279278
1279336
1279714
1279737
1279774
1280703
1280738
1280774
1280812
1280838
1280905
1280956
1281008
1281045
1281078
1281110
1281143
1281159
1281186
1281206
1281262
1281280
1281313
1281376
1281443
1281467
1281519
1281548
1281578
1281607
1281635
1281665
1283135
1283167
1283217
1283905
1283927
1284249
1284274
1284323
1284355
1284372
1284404
1285035
1285051
1285067
1285083
1285100
1285118
1285136
1285179
1285211
1285233
1285275
1285334
1285422
1285445
1285481
1285502
1285552
1285585
1285667
1285685
1285753
1285820
1285866
1285898
1285932
1285966
1285997
1286111
1286195
1286258
1286279
1286322
1286398
1286419
1286438
1286470
1286489
1286508
1286938
1286956
1286974
1287319
1287339
1287355
1287395
1287414
1287431
1287461
1287480
1290006
1298186
1298218
1298757
1299061
1299120
1299210
1299298
1299332
1299367
1300089
1300110
1300155
1300202
1300260
1300284
1300302
1300322
1300341
1300375
1300396
1300420
1300454
1300487
1300520
1300555
1305726
1305747
1305982
1306005
1306023
1306056
1306090
1306125
1306176
1306197
1306227
1306260
1307768
1307819
1308253
1308285
1308318
1308347
1308366
1308384
1308681
1308700
1311971
1312002
1312021
1313093
1314749
1314781
1314810
1314831
1314900
1314930
1314948
1315086
1315106
1315125
1315144
1315200
1315255
1315276
1315298
1315366
1318992
1319260
1319283
1319377
1319396
1327152
1327533
1327561
1327584
1327610
1327711
1327746
1327805
1327982
1328003
1328023
1328057
1328073
1328437
1328459
1328479
1328512
1328638
1328696
1328730
1328750
1329237
1329523
1329606
1330067
1330235
1330274
1330312
1330432
1330479
1330511
1330556
1330576
1330632
1330794
1330839
1330902
1330935
1330967
1330997
1331015
1331108
1331158
1333040
1333083
1333105
1333179
1333250
1333269
1333299
1333355
1333429
1333463
1333507
1334452
1334473
1334492
1334523
1334756
1334850
1334908
1338737
1338851
1338890
1338930
1338969
1338991
1339011
1339046
1339063
1339171
1339259
1339279
1339957
1341038
1341060
1341092
1341111
1343164
1343182
1343234
1343253
1343379
1343398
1343430
1343507
1343527
1343561
1343612
1344180
1344211
1344376
1344397
1344438
1344472
1344491
1344525
1344560
1344613
1344630
1344664
1344684
1344703
1344725
1344789
1344846
1344863
1344897
1344930
1344964
1347516
1347666
1347683
1347953
1347970
1349829
1349863
1349897
1349943
1349973
1350007
1350075
1350108
1350141
1350174
1350208
1350242
1350274
1352587
1352674
1352850
1352886
1352922
1352962
1352997
1353023
1353071
1353106
1353165
1353201
1353437
1353470
1353503
1353537
1353581
1353629
1353664
1353699
1353758
1353795
1353827
1353846
1355232
1355264
1355282
1355317
1355355
1355455
1355475
1355577
1355611
1355640
1355699
1355736
1355941
1355960
1355996
1356806
1357719
1357747
1357786
1357823
1357844
1359190
1359216
1359278
1359359
1359821
1360315
1360354
1360371
1360407
1360478
1360499
1360858
1360879
1360913
1360948
1360983
1361016
1361035
1361053
1361087
1361131
1361163
1361208
1361241
1361274
1361307
1361325
1361345
1361380
1361414
1361450
1361486
1361522
1361556
1361611
1361644
1361941
1362009
1362053
1362088
1362122
1362176
1362226
1362244
1362278
1362311
1362333
1362353
1362389
1362417
1362543
1362576
1362652
1362682
1362703
1362725
1362742
1362852
1362930
1362964
1363617
1363650
1363667
1363697
1363888
1363927
1363971
1364004
1364024
1364045
1364093
1364122
1364153
1364185
1364218
1364245
1364301
1364333
1364378
1364407
1364448
1364479
1364513
1364670
1364697
1364752
1364813
1364857
1364890
1364910
1365027
1365063
1365111
1365182
1365268
1365415
1365544
1365636
1365669
1365818
1366125
1366158
1366216
1366451
1366703
1366739
1366771
1366792
1366854
1366872
1366914
1366957
1367021
1367054
1367097
1367128
1367162
1367194
1367226
1367261
1367293
1404462
1405084
1405116
1405148
1405167
1405217
1405252
1405286
1405302
1405320
1405348
1405376
1405404
1405432
1405450
1405921
1405972
1406004
1406032
1406060
1406088
1406116
1407756
1407776
1410405
1410455
1410503
1410535
1410551
1411140
1411298
1411357
1411391
1411424
1411457
1411565
1411597
1411630
1411664
1411704
1411737
1411767
1411881
1411905
1411925
1411968
1411987
1412034
1412050
1412071
1412221
1412237
1412254
1412288
1412323
1413301
1413323
1413517
1413546
1413565
1413614
1413662
1414145
1414171
1414229
1414373
1414677
1414696
1414722
1414771
1416014
1416045
1416077
1416109
1416662
1416680
1416742
1416896
1416931
1417104
1417248
1417269
1417345
1417376
1417650
1417726
1417888
1417931
1417963
1418018
1418040
1418075
1418115
1418188
1418221
1418256
1418290
1419454
1419498
1419627
1419660
1419788
1419830
1419876
1419899
1419931
1419964
1419995
1420013
1420045
1420077
1420110
1420177
1420233
1420286
1420315
1420342
1420357
1420375
1420394
1420590
1420607
1420641
1420659
1420701
1420744
1420777
1420889
1420924
1420957
1420990
1421078
1421151
1421196
1421230
1421265
1421316
1421366
1421400
1421449
1421525
1421613
1421632
1421862
1421878
1421917
1422188
1422625
1423203
1423224
1423284
1423308
1423343
1423363
1424130
1429210
1429226
1429243
1429319
1430719
1430752
1430882
1430917
1430938
1430971
1431026
1506063
1506080
1506097
1506114
1506131
1506156
1506197
1506218
1506239
1506264
1506296
1506329
1506347
1506364
1507060
1507124
1507174
1507423
1507481
1507596
1507675
1507711
1507727
1511042
1511077
1511111
1511243
1511275
1511513
1511540
1512289
1512338
1512424
1512590
1512825
1513008
1513044
1513157
1513177
1513252
1513317
1513350
1513454
1514063
1514097
1514131
1514847
1514875
1514947
1514982
1515017
1515055
1515169
1515217
1515281
1515357
1515377
1515641
1515676
1515709
1515893
1516047
1516065
1516098
1516129
1538311
1538504
1538537
1538557
1538591
1538912
1538941
1539035
1539059
1539092
1539292
1539327
1539358
1539460
1539553
1539579
1539613
1539648
1539779
1539978
1540057
1540334
1540356
1540528
1540552
1540632
1540682
1540718
1540737
1540772
1540806
1540896
1540988
1541006
1541036
1543110
1543196
1543285
1543330
1543496
1543615
1543669
1543756
1543790
1543813
1543849
1543883
1543917
1543950
1544011
1544033
1544112
1544201
1544239
1544302
1544392
1544642
1544676
1544710
1544788
1544836
1544932
1545152
1545270
1545306
1545337
1545423
1545439
1547359
1547411
1547489
1547513
1547539
1547587
1547664
1547797
1547830
1547867
1547958
1548047
1548084
1548119
1548209
1548244
1548279
1548310
1548342
1548377
1548414
1548521
1548678
1548713
1548747
1548811
1548948
1549000
1549041
1549189
1549536
1549570
1549606
1549640
1549756
1549842
1549931
1549985
1550472
1550510
1550546
1550570
1550596
1550649
1550675
1550754
1550793
1550830
1550852
1550972
1551027
1551403
1551442
1551464
1551543
1551577
1551630
1551673
1551706
1551736
1551767
1551798
1551843
1551879
1551928
1551954
1552051
1552080
1552098
1552302
1552337
1552470
1552521
1552604
1552691
1552724
1552786
1552817
1552850
1552883
1552928
1552987
1553021
1553055
1553091
1553124
1553157
1553602
1553627
1553956
1554013
1554047
1554398
1554434
1554470
1554492
1569194
1569513
1569708
1569750
1569822
1569880
1570176
1572239
1572352
1572927
1573067
1573128
1573164
1573278
1573312
1573702
1573726
1573745
1573804
1573915
1573947
1574050
1574082
1574117
1574170
1574242
1574273
1574324
1574358
1574373
1574392
1577623
1577778
1577838
1577887
1578796
1578838
1578889
1578924
1578943
1581019
1581048
1581080
1584106
1585197
1585216
1585236
1585289
1585326
1585359
1585443
1586405
1586911
1586943
1587172
1587195
1587230
1587265
1587291
1587443
1587462
1587478
1587511
1587964
1588041
1588089
1588112
1588135
1588170
1588205
1588934
1589028
1589129
1589511
1590053
1590438
1590470
1590505
1590537
1590581
1590640
1592407
1592440
1592475
1592509
1592543
1592604
1592649
1592683
1593501
1593591
1593626
1593658
1593702
1593736
1593768
1593792
1593871
1593921
1593954
1593989
1594036
1594085
1594159
1594193
1594252
1594343
1594406
1594609
1594700
1594779
1594816
1594896
1594983
1595015
1595160
1595190
1595244
1595263
1595295
1595313
1595345
1595382
1595425
1595459
1595492
1595579
1595613
1595644
1595706
1595724
1595741
1595759
1595846
1595898
1595958
1595991
1596098
1596147
1596318
1596394
1596480
1596504
1596531
1596579
1596624
1596655
1596744
1601575
1601612
1601643
1601893
1601988
1602042
1602070
1602105
1602133
1602156
1602186
1602331
1602372
1602455
1602490
1602524
1602556
1602727
1602778
1602880
1602915
1603007
1603057
1603120
1603152
1603185
1603505
1603645
1605566
1605588
1605623
1605699
1605747
1605845
1605880
1605982
1606031
1606946
1607000
1607021
1607054
1607091
1607142
1607393
1607411
1611510
1615815
1615952
1615989
1616011
1616034
1616097
1616133
1616170
1616248
1616273
1616324
1616348
1616385
1616403
1616438
1616473
1616521
1616569
1626526
1626544
1626564
1626584
1626660
1626713
1626747
1627047
1627071
1627160
1627234
1627269
1627308
1627347
1627381
1627441
1627505
1627543
1627574
1627607
1658971
1658997
1665921
1665941
1665971
1665995
1666019
1666056
1666080
1666107
1666151
1666176
1666201
1666235
1666306
1666325
1666358
1666392
1666410
1666445
1666497
1666630
1666693
1666712
1666746
1666781
1666815
1666939
1666972
1667004
1667055
1669638
1669989
1670023
1670249
1670267
1670300
1670334
1670381
1670416
1670451
1670491
1670524
1670580
1698065
1698088
1698138
1698161
1698205
1698226
1698302
1698321
1698379
1698413
1698478
1698709
1698744
1698784
1698844
1698891
1698922
1698944
1698971
1699020
1699110
1699144
1699204
1699238
1699259
1699334
1699358
1699406
1699477
1699553
1699588
1699666
1699761
1699787
1699822
1699841
1699912
1699945
1700135
1700151
1700184
1700215
1700235
1700267
1700284
1700302
1700415
1700436
1700452
1700507
1700523
1700551
1700573
1700603
1700695
1703090
1703143
1703179
1703230
1703341
1703424
1703578
1703628
1703775
1703823
1703888
1703953
1703989
1704007
1704038
1704070
1704134
1704179
1704240
1704270
1704302
1704325
1704402
1704467
1704500
1704515
1704576
1704607
1704639
1704653
1712250
1712317
1712331
1712358
1712418
1712467
1712492
1712530
1713067
1729214
1729241
1729281
1729321
1729437
1729556
1731989
1732039
1732062
1732082
1732111
1732144
1732181
1732200
1732262
1732297
1732326
1732361
1732544
1732596
1732632
1732684
1732737
1732771
1732806
1732966
1733029
1733063
1733082
1733108
1733136
1733165
1733202
1733339
1733362
1733487
1733515
1733568
1733632
1733658
1733685
1733711
1733752
1734260
1734347
1734423
1734467
1734527
1734578
1734602
1734667
1734699
1734824
1734871
1734905
1734922
1734943
1734995
1735025
1735046
1735091
1735930
1735960
1736006
1736082
1736168
1736205
1736399
1736432
1736481
1736505
1736535
1738686
1738718
1738751
1738786
1738822
1738910
1738946
1738979
1739041
1739064
1739098
1739353
1739482
1739515
1739591
1739635
1739651
1739687
1739722
1739755
1739785
1739845
1739907
1739956
1739995
1740048
1740073
1740100
1740157
1740192
1740258
1740314
1740410
1740468
1740519
1740559
1740601
1740631
1740663
1740694
1740729
1740807
1740835
1740917
1740973
1741003
1741027
1741074
1741206
1741240
1741260
1741891
1741917
1741954
1741981
1742061
1742095
1742143
1742274
1742310
1742332
1742382
1742416
1742450
1742484
1742520
1742561
1742597
1742631
1742651
1742733
1742758
1742838
1742873
1742953
1742981
1743002
1743050
1743087
1743122
1743155
1743186
1743220
1743257
1743303
1743352
1743444
1743477
1743535
1743655
1743744
1743837
1744059
1744078
1744097
1744132
1744222
1744487
1744521
1744542
1744564
1744639
1744671
1744720
1747334
1747372
1747408
1747641
1747731
1747821
1747855
1763342
1763415
1763465
1763526
1763547
1763571
1763591
1763626
1763678
1763713
1763747
1763811
1763846
1763898
1763936
1763970
1764010
1764156
1764195
1764232
1764309
1764344
1764379
1765493
1765901
1765936
1765971
1773082
1788845
1788873
1788922
1788978
1789010
1789042
1789074
1789164
1789223
1789257
1789305
1789340
1789401
1789502
1789594
1789629
1789760
1789794
1789828
1790051
1790079
1790113
1790335
1794573
1794605
1794637
1794744
1794881
1794918
1795046
1795099
1795131
1795222
1795266
1795395
1795485
1795538
1795579
1795620
1795750
1797737
1797765
1797847
1797872
1797890
1797907
1798157
1798180
1880901
1880920
1881004
1881037
1881073
1881191
1881242
1881278
1881302
1881681
1881760
1881782
1881833
1881865
1881928
1881971
1882006
1882057
1882086
1884426
1884462
1884514
1884754
1884778
1884804
1884823
1886797
1886984
1887016
1887051
1887101
1887153
1887401
1887449
1887483
1887504
1887526
1887579
1887849
1887895
1887920
1887952
1887992
1888084
1888116
1888868
1888891
1888934
1888969
1889044
1889093
1889155
1889185
1889205
1889241
1889298
1889337
1889853
1889878
1889912
1889930
1889974
1889992
1890334
1890369
1890404
1890776
1890823
1890855
1894388
1894420
1894663
1894787
1894823
1894910
1894983
1895002
1896726
1896756
1896778
1896800
1897558
1897729
1897750
1897771
1897875
1897923
1897939
1897987
1898221
1898270
1898315
1898374
1898442
1898465
1898517
1898580
1898630
1898655
1898681
1898706
1898733
1898813
1898904
1898941
1898965
1898990
1899013
1899038
1899078
1899169
1899278
1899336
1899381
1899404
1899426
1899492
1899517
1899541
1899668
1899706
1899731
1899796
1899835
1899889
1899911
1899963
1899985
1900095
1900223
1900366
1900495
1900531
1900608
1900752
1900803
1900821
1900844
1900896
1900922
1900959
1900983
1901008
1901034
1901075
1901102
1901156
1901180
1901205
1901229
1901251
1901274
1901298
1901406
1901459
1901499
1901527
1901623
1901678
1901718
1901741
1901779
1901822
1901845
1901910
1901976
1902000
1902039
1902075
1902127
1902155
1902198
1902243
1902276
1902318
1902341
1902379
1903384
1903434
1903485
1903536
1903615
1903698
1903723
1903778
1903811
1903833
1903898
1903924
1903987
1904051
1904088
1904138
1904230
1904295
1904320
1904360
1904406
1904441
1904464
1904516
1904554
1904591
1904630
1904671
1904697
1904724
1904750
1904775
1904815
1904839
1904864
1904891
1904946
1904975
1905015
1905081
1905120
1905142
1905194
1905218
1905242
1905276
1908789
1908810
1908832
1908855
1908904
1908940
1908975
1909025
1909103
1909289
1911389
1911410
1911443
1911490
1911570
1911668
1911717
1911788
1911822
1911870
1911888
1911931
1912057
1912113
1912235
1912276
1912311
1912424
1912457
1912493
1912579
1912671
1913838
1913889
1913914
1913949
1913965
1913997
1914018
1914053
1914072
1914114
1914136
1914232
1914251
1915079
1915110
1915135
1915156
1915187
1915208
1915228
1915301
1916419
1916464
1916500
1916531
1916567
1916599
1916617
1916891
1917085
1928156
1928192
1928227
1928277
1928355
1928398
1928688
1928721
1928753
1928859
1928894
1929023
1929058
1929298
1929331
1929363
1929537
1929574
1929622
1929657
1929787
1929821
1929868
1929957
1930045
1930077
1930239
1930287
1930332
1930436
1930481
1930499
1930561
1930624
1930643
1930733
1930785
1930804
1930893
1931065
1931100
1942386
1942411
1942505
1942596
1942628
1942660
1942695
1942729
1942846
1942881
1943070
1943115
1943165
1943189
1943224
1943247
1943282
1943303
1943326
1943357
1944449
1944499
1944530
1944564
1989872
1989909
1989934
1989965
1989985
1990048
1990083
1990174
1990267
1990306
1990340
1990374
1990407
1990440
1990459
1990946
1991143
1991262
1991422
1991446
1991482
1991722
1991758
1991886
1991907
1991927
1991950
1991971
1993230
1993251
1993282
1993314
1993603
1993682
1993746
1993791
1993808
1993827
1993928
1994011
1994036
1994074
1994162
1994245
2204206
2204224
2204260
2204283
2204319
2204345
2204407
2204488
2204574
2204657
2204739
2204858
2204889
2204918
2205027
2205066
2205105
2205129
2205206
2205270
2205347
2205364
2205452
2205542
2205588
2205637
2205655
2205735
2205922
2205944
2205980
2206000
2211146
2211180
2211297
2211319
2211355
2211389
2211424
2212083
2212113
2212132
2212429
2212461
2212494
2222518
2222543
2222579
2222709
2222761
2222836
2222874
2222951
2222977
2223066
2223086
2223176
2223216
2223247
2223335
2223368
2223441
2223476
2223497
2223584
2223741
2223806
2223853
2223911
2224268
2224286
2224375
2224410
2224458
2224644
2224776
2224880
2224929
2224951
2224988
2225012
2225046
2225081
2225129
2225456
2225491
2225515
2225551
2225584
2225607
2225655
2225745
2225995
2226022
2226042
2226169
2226190
2226238
2226270
2226424
2226511
2226560
2226577
2226679
2237251
2237285
2237321
2237356
2237390
2237467
2237501
2237535
2237570
2237618
2237710
2237745
2237778
2237810
2237843
2237932
2237979
2238056
2238078
2238101
2238128
2238235
2238250
2238350
2238371
2238517
2238548
2239067
2239120
2239252
2239291
2239320
2239337
2239424
2239441
2239461
2239496
2239545
2239577
2239747
2239781
2240014
2240036
2250625
2250656
2250691
2250730
2250802
2250867
2250909
2250950
2250981
2251014
2251159
2251175
2251193
2251211
2251340
2251386
2252124
2252161
2252186
2252217
2252251
2252283
2252318
2252392
2252439
2253000
2253026
2253058
2253090
2253178
2253725
2253775
2253806
2253993
2254024
2254112
2254160
2254191
2254222
2254258
2254292
2254326
2254456
2254543
2254628
2254674
2254719
2254753
2254787
2254835
2254876
2254964
2255000
2255091
2255126
2255176
2255230
2255279
2255316
2255368
2255405
2255429
2255462
2255502
2255521
2255542
2255573
2255714
2255746
2255779
2255817
2255849
2256034
2256053
2256084
2256199
2256272
2256293
2256345
2256698
2256768
2256788
2256819
2256851
2256885
2256922
2256994
2257026
2257061
2257150
2257188
2257211
2257247
2257309
2257340
2257376
2257411
2257443
2257477
2258620
2258653
2258684
2258722
2258741
2258757
2258804
2258824
2258859
2258881
2277035
2277089
2277220
2277308
2277354
2277412
2277833
2277864
2277887
2277950
2277986
2278001
2278017
2278051
2278084
2280901
2281078
2281102
2281127
2281163
2281255
2281310
2281336
2281393
2281438
2281578
2281602
2281634
2281681
2281727
2281773
2281892
2281983
2282072
2282163
2282285
2282375
2282392
2282420
2282453
2284224
2284273
2284426
2284473
2284492
2284537
2284572
2284606
2285163
2285199
2285275
2285306
2285324
2285453
2285486
2299160
2299210
2299236
2299259
2299415
2299445
2299469
2299557
2299591
2299639
2299659
2299698
2299760
2299814
2299831
2299862
2299938
2300044
2300089
2300122
2300204
2300254
2300356
2300420
2300452
2300540
2300586
2300621
2300653
2300881
2303779
2304338
2304404
2304441
2304532
2304567
2304686
2304707
2304755
2304846
2305015
2305052
2305143
2305177
2305226
2305380
2305431
2305484
2305571
2305675
2305708
2305743
2305779
2305880
2306053
2306087
2306117
2306301
2306391
2306408
2306440
2306472
2306505
2306573
2306720
2306755
2306843
2306878
2306968
2307009
2307058
2307130
2307220
2307253
2307330
2307378
2307414
2307447
2307486
2307511
2307544
2308241
2308275
2325765
2325919
2326041
2326064
2326096
2326127
2326245
2326279
2326315
2326350
2326761
2326870
2326927
2327002
2327081
2327113
2327147
2328404
2328462
2328562
2328613
2329064
2329084
2329145
2329181
2329214
2329235
2329286
2329319
2329397
2329459
2329482
2329516
2329563
2329597
2329615
2329690
2354747
2354792
2354835
2354871
2354939
2354993
2355029
2355053
2355077
2355112
2355147
2355175
2355204
2355234
2355259
2355299
2355337
2355365
2355396
2355421
2355447
2355473
2355540
2355578
2355606
2355642
2355698
2355752
2355791
2355830
2355906
2355946
2355975
2356070
2356110
2356136
2356161
2356215
2356268
2356308
2356332
2356371
2356397
2356432
2360111
2360135
2360164
2360186
2397334
2397356
2397385
2397433
2397470
2397561
2397612
2397632
2397666
2397701
2397735
2397768
2397815
2397980
2398019
2398047
2398081
2398323
2398412
2398977
2400309
2400330
2400407
2400472
2400492
2400525
2400792
2400817
2400860
2400878
2400910
2400929
2401045
2421286
2421830
2421934
2447137
2447159
2447178
2449884
2449918
2449938
2450020
2450048
2450092
2450164
2450187
2450212
2450279
2450310
2450846
2450865
2450917
2450996
2451112
2451158
2451316
2451370
2451405
2451427
2451614
2451648
2451689
2451714
2451740
2451765
2451819
2451845
2451884
2451940
2451997
2452017
2452110
2452135
2452176
2452214
2452249
2452284
2452324
2452344
2452376
2452463
2452498
2452534
2452571
2452634
2453030
2453050
2453083
2453145
2453339
2453358
2453450
2455249
2455272
2455295
2455349
2455376
2455530
2455794
2455844
2455879
2455925
2455962
2456039
2456075
2456207
2456336
2456363
2456412
2456490
2456508
2456544
2456607
2456871
2456895
2456972
2458726
2459432
2460531
2460586
2460613
2460634
2460711
2460732
2481379
2481412
2481447
2481477
2481495
2481531
2481567
2481602
2481637
2483228
2483247
2483311
2483349
2483372
2483881
2483908
2483935
2484040
2484127
2484150
2484187
2484256
2484333
2484395
2484463
2484494
2484518
2484649
2484739
2484774
2484807
2484838
2487224
2487380
2487398
2487445
2487479
2487511
2488424
2488447
2488482
2495519
2495607
2495690
2495715
2495754
2495788
2495825
2495859
2495891
2495941
2495998
2496033
2496075
2496109
2496144
2496180
2496218
2496240
2496342
2496415
2496470
2496550
2496605
2496662
2496974
2497000
2497064
2497085
2497106
2497168
2497203
2497600
2497646
2497694
2497728
2497760
2499144
2499175
2499196
2499225
2499395
2499415
2499465
2499815
2499994
2500068
2500102
2500134
2500166
2500213
2500277
2500359
2500381
2539369
2539415
2543065
2543096
2543178
2543207
2543245
2543274
2543328
2543351
2543421
2543456
2543477
2544606
2544857
2544877
2544962
2544996
2545032
2545170
2545208
2545292
2545348
2545377
2545401
2545488
2545523
2545613
2545647
2545721
2545755
2545843
2545865
2545995
2546086
2546138
2546171
2546204
2546222
2546253
2546294
2546340
2546404
2546439
2546459
2546521
2546582
2546915
2546951
2547003
2547058
2547097
2640471
2640494
2640537
2640574
2640624
2640681
2641975
2642026
2642049
2642125
2642542
2642761
2642850
2642869
2642885
2642947
2642970
2643012
2643753
2643893
2643926
2643960
2643992
2644039
2644071
2644105
2644155
2644231
2644267
2644290
2644353
2644429
2644516
2644537
2644586
2644608
2644630
2644715
2644791
2644824
2644939
2645048
2645103
2645316
2645337
2645356
2645374
2645419
2645452
2649863
2649878
2649894
2650080
2650101
2650163
2650201
2650223
2650321
2650355
2650430
2650479
2650532
2650564
2650599
2650636
2650662
2650689
2650713
2650738
2650777
2650829
2650875
2650911
2650936
2650976
2651009
2651110
2651200
2651312
2651402
2651448
2651483
2651510
2651542
2651566
2651583
2651601
2651623
2651659
2651679
2651714
2651750
2651785
2651823
2651850
2651876
2651929
2651954
2652035
2652112
2652133
2652156
2652220
2652269
2652293
2652368
2652394
2652417
2652481
2652532
2652658
2652689
2652722
2652795
2652882
2652903
2652938
2652960
2652995
2653028
2653078
2653168
2653190
2653580
2653657
2653720
2653798
2653835
2653862
2653901
2653941
2654019
2654059
2654156
2654190
2654226
2654259
2654290
2654364
2654382
2654418
2654491
2654620
2654658
2654679
2656047
2656096
2656129
2656163
2656198
2656231
2656261
2656291
2656327
2656357
2656375
2656407
2656431
2656456
2656547
2656582
2656603
2656653
2657214
2657291
2657314
2657338
2657376
2657401
2657424
2657448
2657487
2657563
2657624
2657646
2657669
2657693
2657757
2657860
2658025
2658074
2658111
2658147
2658183
2658249
2658283
2658327
2658362
2658397
2658436
2658486
2658508
2658571
2658593
2658627
2658661
2658694
2658772
2658799
2658836
2658874
2658951
2658993
2659028
2659065
2659100
2659137
2659159
2659183
2659218
2659455
2659638
2659672
2659710
2659737
2659903
2659996
2660024
2660059
2660122
2660728
2660762
2660803
2662010
2662295
2662330
2662369
2662408
2662536
2662571
2662607
2662646
2662804
2662828
2662879
2662936
2662977
2663013
2663092
2663126
2663163
2663227
2663252
2663279
2663343
2663380
2663497
2663556
2663590
2663612
2663663
2663684
2663783
2663815
2663836
2663870
2663919
2663944
2663984
2664064
2664095
2664117
2664218
2664241
2664305
2664359
2664674
2664716
2664776
2664854
2664888
2664925
2664989
2665014
2665211
2665246
2665268
2665357
2665392
2665623
2665665
2665721
2665910
2665988
2666042
2666089
2666139
2666171
2666206
2666237
2666408
2666442
2666531
2666632
2666659
2666685
2666710
2666734
2666787
2666820
2666858
2667013
2667079
2668355
2668402
2668436
2668459
2668494
2668557
2668594
2668629
2668665
2668705
2668728
2668766
2668800
2668835
2668857
2668893
2668970
2669023
2669071
2669094
2669118
2669171
2669207
2669257
2669321
2669345
2669383
2669404
2669439
2669471
2669510
2669533
2669571
2669619
2669651
2669713
2669851
2669888
2669970
2669997
2670056
2670138
2670217
2670280
2670357
2670405
2670446
2670482
2670559
2670719
2670759
2670797
2670821
2670846
2670872
2670907
2670942
2670963
2670997
2671033
2671110
2671144
2671179
2671215
2671276
2671431
2671464
2671498
2671532
2671570
2671641
2671679
2671704
2671736
2671769
2671805
2671866
2672280
2672359
2672505
2672544
2672593
2672631
2672650
2672673
2672710
2672758
2672798
2672851
2672887
2676806
2676828
2676905
2676968
2677031
2677093
2677115
2677180
2677224
2677246
2677309
2677392
2677737
2677794
2677830
2677853
2677877
2677942
2677980
2678031
2678222
2678434
2678470
2678535
2678562
2678589
2678626
2678690
2678755
2678795
2678838
2678900
2678978
2679054
2679090
2679124
2679270
2679319
2679344
2679397
2679418
2679492
2679513
2679591
2679615
2679641
2679682
2679763
2679798
2679904
2680033
2680059
2680139
2680166
2680194
2680285
2680347
2680370
2680395
2680418
2680440
2680489
2680648
2680712
2680746
2680796
2681115
2681167
2681214
2681249
2681305
2681367
2681433
2681467
2681503
2681525
2681574
2681636
2681657
2681693
2681743
2681805
2681881
2681958
2682027
2682069
2682102
2682130
2682148
2682180
2682237
2682253
2682900
2682931
2682966
2682985
2683071
2683103
2683156
2683320
2683396
2683469
2683532
2683591
2683632
2683651
2683668
2683699
2683761
2683894
2686250
2686278
2686308
2686328
2686445
2686480
2686513
2686568
2686742
2687059
2687079
2687101
2687135
2687158
2687189
2687261
2687304
2687335
2687417
2687450
2687495
2687549
2687568
2687587
2687633
2687679
2687696
2687713
2687733
2687753
2771872
2771895
2771918
2771948
2771976
2772002
2772029
2772052
2772071
2772107
2772137
2772156
2772182
2772199
2772218
2774030
2774049
2774085
2774105
2774134
2774154
2776964
2777039
2777072
2777137
2777171
2777212
2777269
2777305
2777345
2780431
2780527
2780646
2780666
2780685
2780933
2780992
2781040
2781085
2781106
2781167
2781296
2781314
2781337
2781371
2781422
2781442
2782299
2782357
2782383
2782433
2782449
2782464
2782749
2782769
2782812
2782829
2782846
2782863
2782880
2782908
2783079
2783111
2806198
2806219
2806254
2806363
2806400
2806441
2806460
2806628
2806674
2812145
2812222
2812248
2812324
2812359
2812563
2812617
2812680
2812715
2812864
2812897
2812933
2812972
2812996
2813163
2813187
2813222
2813256
2813289
2813340
2813545
2813573
2813598
2813672
2813707
2813741
2815537
2815859
2815887
2815937
2816068
2816162
2816609
2816633
2816661
2816727
2816856
2816878
2816956
2817085
2817120
2821584
2821660
2821816
2821997
2822057
2822092
2822122
2822227
2822413
2822668
2822704
2822752
2822846
2822895
2822957
2822975
2823009
2823057
2823080
2823130
2823168
2823204
2823231
2823268
2823346
2823378
2823438
2824432
2842145
2935167
2953946
2953996
2954055
2954082
2954102
2954148
2954171
2954203
2954237
2954258
2954596
2954633
2954662
2954689
2954725
2954802
2954836
2954854
2954913
2954947
2954991
2955021
2956575
2956610
2956649
2958431
2958459
2958864
2959020
2959055
2959108
2959126
2959155
2959209
2959227
2959244
2959260
2963177
2963267
2963310
2963486
2963530
2963554
2963577
2963609
2963669
2963702
2963819
2963864
2963899
2963998
2964042
2965696
2965731
2965768
2965806
2966039
2966071
2966093
2966136
2966183
2966201
2966266
2966358
2966392
2966409
2967341
2967365
2967409
2967441
2967514
2967547
2967577
2967724
2967881
2967901
2967942
2968026
2968044
2968279
2968310
2968342
2968359
2968391
2968423
2968455
2968490
2968506
2968539
2968771
2968805
2968825
2968846
2969094
2969500
2969579
2969636
2969672
2969709
2970331
2970421
2970443
2970479
2970581
2970612
2970645
2970693
2970724
2970775
2970795
2970980
2971002
2971024
2971056
2971078
2971123
2971144
2971881
2971927
2972010
2972046
2972096
2972128
2972158
2972193
2972226
2972279
2972367
2972390
2972413
2972435
2972453
2972621
2972654
2972673
2972728
2972790
2972824
2972861
2972932
2972961
2972979
2973012
2973028
2973046
2973065
2973081
2973157
2973283
2973304
2973373
2973421
2973457
2973487
2973541
2973579
2973602
2973656
2973742
2973774
2973837
2973870
2974140
2974172
2974200
2974353
2974410
2974598
2974635
2974701
2974725
2974764
2974840
2974863
2974883
2974901
2975245
2975270
2975291
2975330
2975382
2975407
2975486
2975749
2975801
2975835
2975868
2975898
2975942
2975964
2976127
2976157
2976192
2976252
2985925
2986534
2986581
2986616
2986635
2986928
2986960
2987803
2987836
2988030
2988075
2988093
2988128
2989827
2989849
2989884
2989942
2990143
2990175
2990209
2990230
2990264
2990295
2990329
2990406
2990438
2993753
2993777
2993981
2994065
2994122
2994242
2994275
2995545
2995577
2995624
2995648
2995736
2995768
2995815
2995844
2995902
2995935
2995967
2996006
2996043
2996081
2996143
2996165
2996200
2996239
2996277
2996365
2996399
2996434
2996467
2996485
2996529
2996586
2996618
2996638
2996656
2996887
2996969
2997157
2997193
2998936
2998969
2999004
2999434
2999451
2999470
2999504
2999536
2999588
2999623
3000296
3000330
3000701
3000751
3000809
3000842
3000876
3000923
3000956
3001046
3001100
3001134
3001168
3001265
3001301
3001337
3001357
3001389
3001407
3001611
3001644
3001677
3001710
3001744
3001778
3001812
3001874
3001905
3001927
3001950
3001967
3002130
3003379
3003401
3003434
3003468
3003502
3003563
3003583
3003662
3003695
3003714
3005410
3005479
3005949
3006161
3006368
3006402
3008730
3008750
3009042
3009110
3009172
3010696
3010790
3010812
3010832
3010854
3010886
3010905
3011072
3011088
3011485
3011535
3011566
3011601
3011634
3012013
3012107
3012157
3012594
3012613
3012649
3012764
3012798
3012845
3015199
3015234
3015295
3015316
3015378
3015399
3015532
3015789
3015827
3015862
3015898
3015921
3015958
3016036
3016090
3016116
3016196
3016232
3016285
3016656
3016689
3016767
3016818
3016871
3016918
3016953
3016974
3017049
3017225
3017362
3017385
3017487
3017695
3018145
3018163
3018180
3018230
3018435
3018470
3018491
3018531
3019099
3019160
3019193
3019211
3019234
3019255
3019313
3019330
3019433
3019627
3020763
3020786
3020806
3089305
3089363
3089398
3089464
3089649
3089702
3089720
3089752
3089827
3089854
3089888
3089910
3089943
3090016
3090053
3090090
3090114
3090287
3090352
3090372
3090391
3090410
3090431
3090450
3090490
3090559
3090594
3090638
3090788
3090870
3090903
3090937
3090981
3091042
3091062
3091089
3091130
3091148
3091202
3091356
3091485
3091517
3091537
3091590
3091605
3091638
3091782
3091832
3091862
3091919
3091938
3091962
3092199
3092394
3092425
3092472
3092506
3092551
3092583
3092993
3093028
3093061
3093139
3093163
3093183
3093231
3093350
3093366
3093776
3093794
3093828
3093863
3093881
3093944
3094064
3094103
3094128
3094164
3094206
3094243
3094331
3094349
3094384
3094448
3094473
3094524
3094578
3094614
3094691
3094729
3094766
3094841
3094877
3094916
3094977
3095061
3095085
3095109
3095200
3095239
3095308
3095337
3095381
3095448
3095491
3095528
3095578
3095633
3095670
3095697
3095739
3095766
3095808
3095835
3095878
3095945
3095963
3095999
3096021
3096101
3096135
3098711
3098731
3098747
3098770
3098797
3099174
3099296
3100074
3100106
3100123
3100219
3100509
3100527
3100736
3100779
3100798
3100815
3100875
3100905
3100967
3101002
3101038
3101072
3101091
3101123
3101844
3101865
3101882
3101933
3102248
3102942
3103088
3103111
3103146
3103171
3103192
3103271
3103402
3103436
3103486
3103510
3103572
3103604
3107833
3107978
3108041
3108090
3108145
3108183
3108208
3108243
3108304
3108342
3108397
3108453
3108472
3108509
3108547
3108584
3108714
3108779
3108829
3108998
3109033
3109069
3109102
3109133
3109210
3109283
3109346
3109467
3109523
3109559
3109594
3109768
3109820
3109877
3109899
3109916
3109955
3109977
3112095
3112114
3112159
3112307
3112340
3112459
3112492
3112527
3112811
3112876
3113119
3113153
3113187
3113241
3113268
3113327
3113379
3113442
3113476
3113494
3113558
3113594
3113730
3113765
3113815
3113877
3113926
3113959
3114225
3114248
3114335
3114353
3114385
3114416
3114505
3114543
3114576
3114610
3114688
3114712
3114747
3114779
3114868
3115169
3115244
3115279
3115328
3115428
3115491
3115527
3115585
3115678
3115762
3115815
3115869
3115936
3116013
3116091
3116182
3116272
3116338
3116379
3116433
3116497
3116562
3116640
3116717
3116770
3116802
3116838
3116924
3116941
3117528
3117548
3117613
3117686
3117710
3117760
3117779
3117854
3117899
3117997
3118330
3118363
3118428
3118518
3118618
3118719
3118845
3118970
3119059
3119093
3119109
3119126
3119154
3119189
3119221
3119265
3119298
3119343
3119395
3119544
3119573
3119592
3119626
3119659
3119679
3119752
3119771
3119815
3119873
3119910
3119991
3120013
3120035
3120055
3120091
3120122
3120152
3120173
3120332
3120359
3120393
3120412
3120501
3120532
3120552
3120609
3120643
3120676
3120696
3120744
3120780
3120816
3120857
3120887
3120921
3120966
3120999
3121076
3121108
3121220
3121291
3121351
3121369
3121467
3121497
3121585
3121698
3121823
3121899
3121922
3121959
3121991
3122356
3122378
3122406
3122602
3122652
3122703
3122738
3122778
3122830
3122860
3123430
3123460
3123494
3123525
3124799
3124872
3124906
3124957
3124994
3125074
3125226
3125272
3125957
3125992
3126027
3126049
3126151
3126170
3126203
3126241
3140135
3140156
3140177
3140227
3140327
3140375
3140426
3140512
3140587
3140727
3140837
3140871
3140896
3140928
3140962
3140997
3141052
3141449
3141483
3141592
3141625
3141660
3141679
3141721
3141821
3141853
3142327
3142347
3142378
3142414
3142457
3151255
3151287
3151345
3151385
3151421
3151454
3151510
3151731
3151765
3151816
3151911
3151945
3151978
3152116
3152153
3152171
3152191
3152211
3152266
3152354
3152397
3152417
3152452
3152487
3152510
3152639
3152683
3152745
3152764
3152778
3152908
3152937
3153045
3153068
3153139
3153682
3153711
3154179
3154219
3154272
3154291
3154315
3154338
3154370
3154459
3157068
3157105
3157128
3157219
3157237
3157267
3157567
3158915
3158935
3158970
3158992
3167290
3167358
3167381
3167417
3167449
3169085
3169120
3169155
3169381
3169413
3169446
3169482
3169516
3169566
3169588
3169611
3169636
3169724
3169800
3169833
3169868
3169885
3176257
3176273
3176492
3176522
3176555
3190559
3190584
3190699
3190761
3190796
3190873
3190904
3190938
3191016
3191051
3191154
3191207
3191239
3191262
3191295
3191313
3192297
3192348
3192373
3192390
3192534
3192553
3193020
3193167
3193185
3194175
3194220
3194371
3194406
3194438
3221466
3221936
3221986
3222008
3222031
3222064
3222087
3222137
3222202
3222221
3222263
3222286
3222307
3222340
3222363
3222384
3222409
3222435
3222519
3222553
3222585
3222616
3230856
3230911
3230955
3230975
3231011
3231048
3231069
3231105
3231156
3231210
3231264
3231450
3231557
3231611
3231647
3231682
3231718
3231803
3231844
3231878
3231910
3231929
3247648
3247711
3247770
3247894
3247916
3248060
3248094
3248111
3248129
3248194
3248267
3248341
3248422
3248468
3248555
3248606
3248683
3248717
3248777
3248807
3248882
3248952
3249492
3249544
3249580
3249614
3249665
3249683
3249704
3249755
3250029
3250067
3250132
3250172
3250207
3250269
3250371
3250475
3250547
3250604
3250625
3250662
3250700
3250739
3250772
3250901
3250975
3251013
3251050
3251220
3251270
3251291
3251339
3251418
3251467
3251488
3251507
3251541
3251563
3251598
3251619
3251650
3251684
3251800
3251824
3251847
3251880
3251922
3251954
3251987
3252023
3252054
3253216
3253281
3253451
3253484
3253500
3253728
3253958
3253982
3254053
3254071
3254087
3285741
3285767
3285783
3285799
3285816
3285846
3285863
3285880
3285897
3285913
3286552
3286591
3286795
3286840
3286890
3290979
3291012
3291030
3291078
3291127
3291158
3291235
3291313
3291345
3291375
3291431
3291453
3291468
3312878
3312929
3313127
3313177
3313212
3313378
3313427
3313457
3313500
3313583
3314339
3314368
3314387
3314418
3314459
3314517
3314550
3314583
3314608
3314668
3314702
3316181
3316220
3316255
3316343
3316392
3316411
3316429
3317005
3317298
3317338
3317355
3317414
3317453
3317489
3318386
3318420
3318769
3318809
3318842
3318875
3318908
3318944
3318977
3320087
3320106
3320142
3320176
3320236
3320271
3320307
3320340
3320376
3320412
3320446
3320519
3320556
3320582
3320619
3321645
3321667
3321703
3321737
3321771
3321805
3321836
3321857
3321922
3321972
3322037
3322071
3322103
3322126
3322149
3322186
3323558
3323635
3323689
3323723
3323749
3323790
3323836
3329229
3329305
3329354
3329386
3329417
3329448
3329484
3329545
3329584
3329621
3329830
3329852
3329946
3330064
3330086
3330118
3330149
3330225
3330258
3330335
3330387
3330405
3330427
3331248
3331282
3331315
3331361
3331388
3331427
3331481
3331523
3331684
3331721
3331757
3331790
3331854
3332783
3333426
3333461
3333501
3333567
3333624
3333645
3333743
3333862
3333916
3333950
3334095
3334155
3334411
3334482
3334506
3334543
3334584
3334605
3334642
3334900
3334937
3335055
3335108
3335143
3335163
3335198
3335234
3335264
3335337
3335584
3335622
3335676
3335740
3335793
3335841
3335877
3336384
3336438
3336457
3336476
3336591
3336684
3336703
3336819
3336867
3337045
3337098
3337607
3337642
3337675
3337907
3337925
3338029
3338185
3338217
3338280
3338317
3338335
3338433
3338466
3338501
3338538
3338598
3338617
3338648
3338764
3338837
3338966
3339002
3339035
3339063
3339094
3339175
3339210
3339623
3339655
3339715
3339742
3339761
3339778
3339831
3339865
3339925
3339998
3340035
3340075
3340094
3340165
3340197
3340329
3340357
3340374
3340408
3340424
3340724
3340757
3342189
3342208
3342229
3342273
3342295
3342357
3342392
3342410
3342608
3342634
3342655
3342689
3342884
3342970
3342999
3343017
3343035
3343054
3343073
3343105
3343139
3343213
3343243
3343307
3343323
3344032
3344267
3344285
3344318
3344358
3344373
3344400
3344429
3344449
3344930
3345008
3345049
3345114
3345188
3345221
3345249
3345281
3345312
3345342
3345712
3345761
3345786
3345824
3345864
3345897
3345930
3345964
3346008
3346023
3346086
3346121
3346155
3346192
3346216
3346297
3346396
3346421
3346458
3346559
3346591
3346653
3346676
3346838
3346871
3346919
3346983
3347019
3347070
3347150
3347251
3347286
3347310
3347364
3347404
3347437
3347476
3347509
3347525
3347600
3348456
3354460
3354491
3354524
3354558
3354592
3354655
3354687
3354708
3354773
3354985
3355034
3355072
3355165
3355228
3355305
3355357
3355410
3355446
3355477
3355510
3355544
3355589
3355623
3355657
3355691
3355723
3355756
3355790
3355811
3355836
3355893
3355915
3357798
3357833
3358010
3359689
3359742
3359776
3359808
3359854
3359891
3359958
3360667
3360700
3360750
3360805
3360837
3360913
3360948
3360985
3361023
3361062
3361101
3361132
3361166
3361195
3361227
3361276
3361434
3361515
3361550
3361566
3361705
3361748
3361794
3361829
3361866
3361969
3361993
3362036
3362073
3362124
3362157
3362190
3362235
3362270
3362302
3365772
3366246
3366279
3366390
3366652
3366741
3366886
3366963
3366997
3367031
3367083
3367104
3367124
3367158
3367285
3367316
3367334
3367433
3367475
3367507
3367580
3367764
3367830
3367850
3367882
3367915
3367938
3368000
3368023
3368057
3368092
3368112
3368146
3368182
3368247
3368350
3368387
3368423
3368500
3368575
3368611
3368650
3368692
3368730
3368783
3368821
3368857
3369056
3369116
3369151
3369187
3369307
3369342
3369365
3369576
3369748
3369811
3369847
3369985
3370020
3370055
3370133
3370158
3370197
3370233
3370284
3370374
3370425
3370446
3370481
3370558
3370594
3370652
3370676
3370751
3370787
3370819
3370896
3371015
3371079
3371115
3371148
3371196
3371232
3371269
3371318
3371340
3371373
3371406
3371440
3371475
3373127
3373144
3373181
3373209
3373234
3373296
3373330
3373411
3373430
3373464
3373483
3373546
3373949
3374026
3374052
3374082
3374147
3374225
3374265
3374355
3374376
3374410
3374434
3374495
3374517
3374549
3374580
3375060
3375079
3375115
3375178
3375227
3375266
3375538
3375576
3375639
3375689
3375729
3375857
3375956
3376017
3376225
3376274
3376298
3376348
3376384
3376556
3376927
3377620
3377640
3377675
3377712
3377776
3378125
3378157
3383858
3384239
3384585
3384614
3384634
3384676
3391180
3391207
3391245
3391269
3391317
3391338
3391389
3391421
3391472
3391492
3391540
3391605
3391621
3391657
3391681
3391717
3391754
3391791
3391832
3391866
3391903
3391959
3391992
3392027
3392078
3392115
3392149
3392211
3392247
3392271
3392307
3392330
3392368
3392447
3392485
3392511
3392547
3392583
3392620
3392700
3392874
3392925
3392989
3393049
3393083
3393117
3393179
3393200
3393259
3393284
3393467
3393500
3393534
3393578
3393641
3393691
3393726
3393760
3393796
3393831
3393852
3393887
3393922
3393957
3393989
3394022
3394083
3394100
3394132
3394167
3394241
3394303
3394338
3394376
3394435
3394458
3394505
3394568
3394591
3394629
3394708
3394773
3394808
3394860
3394895
3394933
3394967
3395004
3395028
3395060
3395093
3395128
3395206
3395283
3395305
3395367
3395384
3395488
3395564
3395583
3395703
3395734
3395798
3397587
3397614
3397645
3397677
3398450
3398499
3398517
3398821
3398854
3398886
3398919
3398978
3399109
3401019
3401049
3401096
3401119
3401164
3401198
3401218
3401239
3401281
3401301
3401360
3443803
3443823
3443875
3443901
3443925
3443951
3443976
3444272
3444339
3445429
3445461
3445698
3445744
3446280
3446316
3446353
3446392
3446432
3446474
3446516
3446568
3447491
3447540
3447886
3448140
3448222
3448252
3448284
3448317
3448348
3448452
3448487
3448519
3448553
3448587
3448623
3449006
3449027
3449133
3449191
3449224
3449251
3449695
3449774
3449839
3449880
3449905
3449961
3449992
3450037
3450307
3450324
3450353
3450381
3450438
3450457
3450476
3450495
3450514
3450539
3450558
3452789
3452820
3452986
3453020
3453041
3453076
3453193
3453227
3453273
3453367
3453446
3453480
3453514
3454743
3519092
3519112
3519161
3519183
3519233
3519252
3519275
3519314
3519341
3519375
3519413
3519446
3520363
3520398
3520421
3520462
3520521
3520624
3520646
3520681
3722101
3722263
3722389
3722491
3722743
3723299
3723329
3723363
3723383
3723665
3723748
3723770
3723872
3723906
3723956
3723978
3724086
3724181
3724256
3724278
3724309
3724522
3724544
3724564
3732294
3732338
3732403
3732428
3732446
3732464
3732485
3744231
3744265
3744299
3744319
3744343
3744391
3744410
3745449
3745471
3745721
3746060
3746097
3746230
3746359
3746389
3799861
3799895
3799960
3800206
3800260
3800288
3800358
3800380
3800428
3800528
3800560
3800596
3800830
3800864
3800898
3801022
3801083
3801102
3801136
3801186
3801209
3801233
3802958
3802986
3803019
3806193
3806242
3806278
3821334
3821415
3821436
3821460
3821539
3834102
3834127
3834217
3834266
3834287
3834309
3834359
3835927
3835978
3836016
3836054
3836084
3836129
3836162
3836217
3836250
3836281
3836303
3836322
3836341
3836383
3836437
3836479
3836497
3836567
3836603
3836633
3836721
3836754
3836866
3836898
3836930
3837394
3837443
3837493
3845445
3845558
3845586
3845672
3845710
3845730
3845763
3848026
3848117
3848139
3848160
3848184
3848215
3848383
3848418
3848453
3848540
3848574
3848607
3848781
3848814
3849008
3849090
3849180
3849212
3849226
3849295
3849635
3849659
3849679
3849712
3850150
3850192
3850210
3857547
3857582
3857634
3858891
3858932
3859056
3865422
3865454
3865489
3865521
3865553
3865589
3865612
3865644
3865678
3865733
3865748
3865776
3865814
3865832
3865868
3865888
3865921
3865936
3866024
3866154
3866211
3866243
3866276
3866306
3866326
3866357
3866405
3866486
3870458
3870489
3870545
3870588
3870604
3870646
3870678
3870694
3870995
3871015
3871033
3871695
3871745
3872135
3873185
3873216
3873234
3873357
3873377
3873444
3873477
3873600
3873631
3873652
3873667
3873682
3873714
3873749
3873795
3873829
3873861
3873876
3873905
3873924
3873990
3874019
3874036
3878482
3878575
3878623
3878638
3878708
3878732
3878809
3879089
3879128
3879162
3879194
3879227
3879245
3879264
3889088
3889135
3889158
3889209
3889234
3889312
3904235
3904311
3904349
3904381
3904415
3904435
3904847
3904887
3904915
3904944
3904971
3905004
3905027
3905077
3905386
3905436
3905460
3955227
3955245
3955283
3955309
3955371
3955397
3955427
3955456
3955478
3955539
3955559
3955643
3955676
3973709
3973733
3973759
3973809
3973836
3973855
3973872
4143217
4143279
4143360
4143417
4143445
4143470
4143494
4143583
4143608
4143683
4143716
4143748
4143786
4143834
4143870
4143904
4143933
4143960
4143980
4144006
4144025
4144060
4144135
4144169
4144205
4144256
4144334
4144373
4144399
4144434
4144467
4144488
4144527
4144561
4144634
4144789
4144825
4144863
4144897
4144930
4144964
4145000
4145029
4145049
4145293
4145345
4145373
4145402
4145420
4145455
4145489
4145519
4145580
4145693
4145726
4145759
4145792
4145826
4145861
4145951
4145982
4146018
4146051
4146138
4146173
4146194
4146520
4146543
4147189
4147221
4147252
4147284
4147319
4147337
4149605
4149628
4150315
4150355
4161827
4161861
4161894
4161995
4162032
4162106
4209880
4210072
4210120
4210361
4210387
4210426
4210458
4210498
4210542
4210568
4210589
4210640
4210703
4210737
4210756
4210791
4210822
4210853
4211643
4211666
4211688
4211740
4211764
4211782
4213295
4213314
4213395
4213425
4219572
4219608
4219761
4219802
4219889
4219923
4219998
4220073
4220109
4220384
4220448
4220472
4220506
4231338
4231363
4231413
4231498
4231534
4231566
4231630
4231706
4231736
4232361
4232384
4232704
4232767
4232795
4232847
4232896
4232947
4232977
4233001
4236537
4236573
4248633
4248877
4248929
4249000
4249055
4249129
4249155
4249223
4249273
4249305
4249493
4249529
4249818
4249843
4249873
4250082
4250185
4250205
4250225
4250259
4250429
4250454
4250547
4250573
4250784
4250810
4250844
4251071
4251118
4251153
4251188
4251306
4251341
4251512
4251541
4251587
4251623
4251768
4251794
4251845
4251876
4251923
4252320
4252386
4252441
4252503
4252526
4252613
4252652
4254761
4254786
4254844
4254873
4254969
4254993
4255018
4290612
4290645
4297013
4297045
4297118
4298529
4298561
4298581
4298638
4298718
4298739
4298813
4298846
4298903
4299008
4299078
4299121
4299165
4299258
4299315
4299344
4299395
4299476
4299533
4299590
4299647
4299704
4299750
4299768
4299811
4299845
4300141
4300166
4300200
4300245
4300302
4300345
4300388
4300445
4300476
4352299
4352499
4352725
4352752
4352862
4353042
4353356
4353543
4353908
4353932
4353955
4353991
4354115
4354179
4354234
4354255
4354294
4354317
4354341
4354405
4354477
4354572
4354602
4354690
4354711
4354784
4354955
4354993
4355023
4355049
4355083
4355105
4355141
4355161
4356960
4356982
4357787
4358163
4358214
4358331
4359483
4359520
4361578
4361598
4361636
4361794
4361815
4361844
4361873
4361951
4361986
4362046
4362101
4362120
4362140
4382384
4382486
4382522
4382557
4382576
4382598
4382687
4383116
4383235
4383266
4383299
4383385
4383413
4383459
4383491
4383678
4384035
4384091
4384124
4384143
4386871
4386897
4386991
4387019
4387094
4387128
4392283
4392389
4392501
4392597
4392648
4393047
4393076
4393103
4393125
4393374
4393400
4393698
4393741
4393774
4393803
4394339
4394362
4394396
4394566
4394609
4396144
4396166
4396199
4396233
4396267
4396314
4396375
4396410
4396445
4396479
4396510
4396542
4396571
4396622
4448786
4448821
4448878
4449220
4449291
4449356
4449390
4449408
4455063
4455096
4455115
4455220
4455246
4455273
4455301
4455320
4455344
4455407
4455439
4455462
4455662
4455724
4455745
4455776
4455809
4455865
4455884
4455916
4455935
4455955
4456014
4456046
4456080
4456098
4456164
4456219
4456269
4456305
4456328
4456374
4456410
4456443
4456465
4456486
4456551
4456575
4456598
4456721
4456785
4456822
4456846
4456908
4456942
4456976
4456997
4457033
4457071
4457124
4457481
4457502
4457553
4457574
4457602
4457637
4457713
4457852
4457875
4457893
4457926
4457959
4457990
4458006
4458051
4458087
4458108
4458146
4458181
4458302
4458487
4458524
4458563
4458586
4458635
4458689
4458711
4458734
4458759
4458826
4458866
4458893
4458945
4458972
4459023
4459058
4459123
4459154
4459253
4459272
4459517
4459544
4459796
4459898
4460197
4460218
4460240
4460317
4460349
4460381
4460415
4460439
4460493
4460513
4460575
4460638
4460660
4460739
4460817
4460875
4460897
4460960
4460994
4461771
4461846
4461880
4461917
4462024
4462073
4462233
4462254
4462305
4462357
4462382
4469100
4478045
4478061
4481256
4481383
4481402
4490724
4490747
4490779
4493075
4493097
4493134
4496951
4497000
4497066
4497088
4497115
4497142
4497237
4497274
4497314
4497339
4497374
4497409
4497443
4497630
4497656
4497814
4497852
4541322
4541342
4541368
4541393
4541430
4541665
4541690
4541729
4541770
4541796
4542091
4542122
4542499
4542694
4542759
4543519
4543648
4543676
4543700
4543721
4543996
4544046
4544065
4544698
4544719
4544756
4545207
4549903
4549970
4550008
4610679
4610831
4610856
4610877
4610906
4614286
4614315
4614340
4614376
4614412
4614447
4614506
4614930
4614974
4615007
4623756
4623798
4623834
4623892
4623934
4623962
4624004
4624029
4624055
4624078
4624114
4635423
4635472
4635515
4670805
4670850
4670923
4670955
4671003
4671202
4671396
4671428
4676783
4676834
4677086
4677106
4677139
4677165
4677181
4701309
4701343
4708045
4708608
4708636
4708742
4708764
4708786
4708818
4708919
4708943
4709421
4709473
4716838
4719048
4726087
4726175
4726291
4726309
4726330
4726740
4726761
4726878
4726899
4732701
4732739
4732761
4794545
4794569
4794612
4795426
4795636
4795667
4795699
4797460
4797532
4797559
4797578
4797595
4797659
4797734
4797788
4798279
4798308
4798341
4798376
4799114
4799133
4804409
4804641
4804672
4810918
4811121
4811165
4811193
4811239
4816419
4816469
4816493
4817196
4817274
4817396
4817436
4817703
4817757
4817806
4820185
4820394
4820414
4821416
4821554
4821835
4821918
4821979
4822007
4822024
4822105
4822177
4822198
4822221
4822244
4822267
4865672
4865724
4865746
4865887
4865925
4865976
4866003
4866037
4866071
4866094
4866121
4866155
4866212
4866333
4866390
4866421
4866469
4866506
4866543
4866580
4866604
4866646
4866703
4866763
4866801
4867213
4867278
4867303
4867421
4867454
4867509
4867573
4867626
4867647
4867670
4867703
4867730
4867768
4867834
4868034
4868062
4868297
4868383
4868513
4868891
4869023
4869347
4869628
4869668
4869690
4869723
4869992
4870014
4870045
4870062
4870082
4870099
4870118
4870362
4870390
4870480
4870514
4870548
4870564
4870612
4870742
4870898
4870947
4870981
4871233
4871262
4871338
4871372
4871406
4871433
4871469
4871507
4871540
4871575
4871624
4871660
4871695
4871742
4871775
4871807
4872007
4872067
4872100
4872135
4872951
4872992
4873022
4873055
4873073
4873094
4873153
4873363
4873395
4873425
4873733
4873856
4873950
4873978
4874014
4874033
4896121
4896145
4896185
4896216
4896267
4896307
4896558
4896583
4896620
4896658
4896687
4923736
4923774
4923799
4923855
4923880
4923903
4923952
4924005
4924143
4924184
4924207
4924260
4924337
4924372
4924407
4928458
4928506
4929077
4929105
4929131
4929163
4929805
4929830
4929848
4930277
4930305
4944457
4944478
4944514
4944567
4944602
4944656
4944689
4944912
4944961
4945000
4945025
4945080
4945118
4945238
4945271
4945297
4945328
4945362
4945435
4945837
4945874
4946236
4946502
4946528
4946563
4946799
4946831
4946892
4947188
4947268
4947295
4947336
4947352
4959444
4959482
4959507
4959547
4959577
4959606
4959629
4959656
4959696
4959721
4967582
4967885
4967952
4968447
4968489
4968516
4968689
4968751
4968774
4968823
4968850
4968966
4969083
4969200
4969224
4969249
4969275
4969300
4969331
4969391
4969469
4969530
4969567
4969592
4969620
4969662
4969690
4969713
4969766
4969790
4969826
4969878
4970038
4970061
4970485
4970600
4970627
4970653
4970899
4971965
4972572
4972599
4972623
4973285
4973313
4973378
4973417
4973447
4973501
4973528
4973555
4973593
4973618
4973686
4973818
4973972
4974085
4974229
4974279
4974305
4974675
4974703
4974898
4975057
4975111
4975140
4975175
4975239
4975263
4975311
4975330
4975362
4985956
4986689
4986725
4986763
4986785
4986822
4986885
4987049
4987068
4987238
4987395
4987429
4987464
4987562
4987664
4987794
4987932
4987966
4988219
4988322
4988345
4988369
4988433
4988451
4988513
4988599
4988634
4988666
4988698
4988716
4988734
4988957
4988983
4989015
4989052
4989262
4989346
4989464
4989727
4989752
4989777
4989809
4989843
4989875
4989909
4989957
4989979
4990031
4990081
4990112
4990146
4990177
4990347
4990408
4990430
4990474
4990493
4990521
4991130
4991153
4991176
4991198
4991379
4991405
4991421
4991477
4991821
4991894
4991995
4992014
4992034
4992056
4992077
4992102
4992125
4992417
4992871
4992893
4992924
4992954
4993016
4993047
4993150
4993187
5004826
5004847
5005190
5005239
5005275
5005325
5005362
5005412
5005490
5005674
5005700
5005749
5005782
5005828
5005879
5005901
5005937
5005957
5006042
5006117
5006167
5006217
5006251
5006299
5006480
5006618
5006654
5006675
5006724
5006877
5006896
5006960
5007023
5007109
5007144
5007181
5007217
5007289
5007330
5007378
5007414
5007452
5007502
5007540
5007590
5007690
5007711
5007798
5007874
5007925
5007975
5008010
5008073
5008103
5008126
5008197
5008234
5008284
5008359
5008381
5008431
5008611
5008658
5008689
5008718
5008749
5008766
5008809
5008881
5008913
5009125
5009172
5009204
5009235
5009266
5009297
5009341
5009375
5009393
5009427
5009444
5009830
5009886
5010238
5010261
5010321
5010365
5010387
5010438
5010484
5010502
5010553
5010577
5010950
5010994
5011061
5011214
5011229
5011248
5011264
5011283
5011300
5011337
5011368
5011397
5011429
5011460
5011492
5011525
5011571
5011587
5011615
5011643
5011672
5011691
5011722
5011996
5012017
5012048
5012376
5012420
5012455
5012497
5012521
5012583
5012600
5012617
5012639
5012675
5012691
5012719
5012755
5012785
5012805
5012823
5012839
5013181
5013220
5013240
5013258
5013324
5013342
5014148
5014168
5014189
5014875
5014895
5014916
5014953
5015015
5015033
5015050
5015137
5015156
5015187
