괴담 40740,2825|46577,6141
괴력의씨앗 23612,476|23612,536|23612,3435|23612,6027|23818,993|23818,1009|23818,1418|23818,1434|23818,1627|23818,1643|23818,3080|23818,3096|23818,4187|23818,4203|23818,5327|23818,5344|30838,5109|31706,2575|31706,4111|35592,1811|35592,2056|35592,2202|35592,2208|39572,1444|41496,7144|42405,2068|42405,2596|42405,5423|42405,7319|46577,5623|46577,5640|47905,9069|47905,9139|47905,9334|48373,93
괴력의씨앗등의 47905,8945|47905,9017
괴력의씨의 41496,6855
괴력의환약 23612,526|41496,1149|42405,2062|42405,2749|42405,3048|42405,5447|42405,6569|48373,1038
괴조가익 29353,25747
괴조가죽 39572,3791
괴조갑각 24394,16003|26312,2741|27368,4028|28478,4568|29333,2711|29353,2874|35698,2901|39572,593|39676,2069|41496,15274|42405,8001|49617,2940
괴조강익 24394,30250|26312,29019|26312,32439|27368,23952|28478,6202|29333,25842|35698,25839|35698,28870|39676,17990|41496,15518
괴조견각 24394,16318|24394,30260|26312,15810|29333,13668|29353,13708|35698,13742|41496,15299|49617,13258
괴조귀 24394,16153|26312,2730|26312,4188|27368,4040|27368,4321|28478,4813|30024,12861|30377,5915|30377,6096|35698,2890|35698,4209|41496,15351|42405,7625|48373,8480
괴조발바닥 39572,3748
괴조복귀 26312,28995|26312,32414|27368,23940|27368,24219|28478,5170|28478,6250|30024,15618|30024,32037|30377,26301|35698,25825|35698,28855|39676,18292|39676,29194|41496,15403|42405,4399|42405,8665
괴조비늘 23818,3294|23818,3322|23818,3763|24394,16010|26312,832|26312,5098|28478,4575|29333,2695|29353,2417|29353,2862|30024,12718|30377,5876|35592,7340|35592,7541|39676,2081|41496,15195|42405,7996|48373,101|49617,2928
괴조비옥 39572,1897|39572,3812|39572,3862
괴조상린 26312,17043|29333,13656|29353,13692|30377,26311|41496,15223|49617,13242
괴조얀쿡 39339,9491
괴조연골 39572,3770
괴조익막 24394,16159|26312,2753|26312,4212|26312,15822|26312,21120|29333,2760|29333,13680|29353,2886|29353,5522|29353,13757|35698,2913|35698,4233|35698,13786|35698,18499|41496,15493|42405,7620
괴조종각 49617,25321
괴조중각 26312,29007|27368,23928|28478,18696|29333,25791|29353,25740|30024,31307|35698,25832|39676,17978|41496,15325|42405,4407|48373,9324
괴조지옥귀 24394,16325|26312,15797|26312,21094|30024,15423|30377,6279|35698,13730|35698,18473|39676,12191|39676,29499|41496,15376
괴조후린 24394,16834|24394,30267|26312,29915|27368,37274|28478,18686|29333,25775|29353,25733|29353,26527|30024,32026|39676,29181|41496,15248|49617,25314
