추가 30024,36689|31706,6180
추가되지 23612,6649
추가된 30377,29220|42405,901|42405,2952|42405,4317|42405,5552|42405,6757|42405,8468|44611,5727
추가된다 44611,5031
추가됩니다 23612,6570|23612,6626|23612,7085
추가로 42049,292|42049,2341|42049,3470|42049,4954|42049,7300|42049,9115|42049,11089|42049,13663|42049,15521|48345,294|48345,2304|48345,3454|48345,4944|48345,7294|48345,9076|48345,11140|48345,13635|48345,15587
추가보수 33821,643|33821,1741|33821,2429|33821,3902|33821,4794|33821,5410|39572,321
추가적으로 28478,22226|39242,2851
추가조건 35592,6093|35592,7037|35592,7963|35592,8617|35592,9493|35592,10237|35592,10966|42405,9724
추가타도 30024,37984
추격이나 21985,35921
추위 41496,1488|41496,7039
추위를 53592,12921|53592,15106
추위무효 23818,178|23818,187|27609,138|27609,198|37895,2768|37895,5777|37895,8398|37895,11869|39339,121|39339,130|42049,1750|42049,2682|42049,2690|42049,6320|42049,6575|46577,111|47905,7163|47905,7232|48345,1725|48345,2666|48345,2674|48345,4476|48345,6330|48345,6558|48576,10993|48576,11508|48576,23302
추위배가 42049,1371|42049,3775|42049,4349|42049,4487|42049,9457|42049,9494|42049,10016|42049,13227|42049,13268|42049,13993|47905,7307|47905,7376|48345,1354|48345,3767|48345,4366|48345,9413|48345,9423|48345,10061|48345,13229|48345,13951
추위에 47905,7199|47905,7273|47905,7344|47905,7413
추적하라 40740,4858|40740,4880
추적해라 40740,497|40740,525
추척확률은 39242,7452|39242,7575|39242,7702
추천 28478,22671|37895,8996|37895,10700|39242,11447|39242,12013|39242,12482|44611,3090|44611,3185|45690,22319|48576,26938
추천합니다 39242,11358
추풍주 35592,6337|48373,7565
