집g 41496,8654|41496,8727|41496,8796|41496,29079|41496,29117|41496,29170|41496,29203
집g전 41496,8833
집게가 40740,5803
집니다 39242,10812
집단연습 33821,3715
집단연습을 53592,13849
집단연습의 53592,8451
집단의 27609,9280
집단전에서는 30838,1713
집중 28478,22595|30377,28853|42049,4024|42049,9227|42049,9694|42049,12361|42049,13771|47905,5659|48345,4034|48345,9188|48345,9704|48345,10953|48345,12358|48345,13742
집중되는 39242,712
집중해서 30838,1627
집행인의도끼 24394,11836
집행인의도끼g 24394,33266
집회소 23818,280|23818,289|23818,293|23818,573|23818,582|23818,586|23818,855|23818,864|23818,868|23818,1173|23818,1182|23818,1186|23818,1553|23818,1562|23818,1566|23818,2072|23818,2081|23818,2085|23818,2909|23818,2918|23818,2922|23818,3207|23818,3216|23818,3220|23818,3583|23818,3592|23818,3596|23818,4003|23818,4012|23818,4016|23818,4320|23818,4329|23818,4333|23818,4829|23818,4838|23818,4842|23818,5469|23818,5481|23818,5485|27609,413|27609,422|27609,426|27609,1503|27609,1512|27609,1516|27609,2506|27609,2515|27609,2519|27609,3376|27609,3385|27609,3389|27609,4409|27609,4418|27609,4422|27609,5358|27609,5367|27609,5371|27609,6104|27609,6113|27609,6117|27609,6863|27609,6872|27609,6876|27609,7736|27609,7745|27609,7749|27609,8214|27609,8223|27609,8227|31706,4822|35592,343|35592,420|35592,548|35592,623|35592,704|35592,832|35592,974|35592,1058|35592,1173|35592,1256|35592,10620|39242,11415|39339,355|39339,364|39339,368|39339,737|39339,746|39339,750|39339,1714|39339,1723|39339,1727|39339,2365|39339,2374|39339,2378|39339,3681|39339,3690|39339,3694|39339,4391|39339,4400|39339,4404|39339,5107|39339,5116|39339,5120|39339,5830|39339,5839|39339,5843|39339,6619|39339,6628|39339,6632|39339,7530|39339,7539|39339,7543|39339,8463|39339,8472|39339,8476|39339,9142|39339,9151|39339,9155|42405,98|44611,1325|46577,273|46577,282|46577,286|46577,502|46577,511|46577,515|46577,967|46577,976|46577,980|46577,1383|46577,1392|46577,1396|46577,1890|46577,1899|46577,1903|46577,2168|46577,2177|46577,2181|46577,2481|46577,2490|46577,2494|46577,2751|46577,2760|46577,2764|46577,3341|46577,3350|46577,3354|46577,3999|46577,4008|46577,4012|46577,4382|46577,4391|46577,4395|46577,4644|46577,4653|46577,4657|46577,5249|46577,5258|46577,5262|46577,6017|46577,6026|46577,6030|53592,692|53592,724|53592,755|53592,786|53592,818|53592,849|53592,882|53592,913
집회소g 31706,1573|35592,750|35592,1102
집회소のg 53592,944|53592,978|53592,1011
집회소긴급 31706,6065|53592,15763
집회소에서 53592,13423|53592,13501|53592,13582|53592,15124|53592,15198|53592,15271
집회소의 39572,64|53592,1049|53592,15352
집회소퀘스트 53592,13450|53592,13528|53592,13609
집회소퀘스트g 53592,15152|53592,15227|53592,15299
집회장 31706,1542
