각각 24394,34479|30377,29245|30377,29351|41496,3016|44611,3592|53592,8291|53592,13927|53592,15992
각각의 24394,34409|45690,21841
각룡 40740,584
각룡갑각 21985,16081|24394,11912|26312,6595|29333,5980|29353,6289|30024,18393|35698,6287|36224,9917|36224,10074|39676,4539|41496,22325|42405,8157|48373,5713|49617,5911
각룡검타리얼라드 24394,14370
각룡견각 21985,12780|26312,18812|26312,24224|28478,12108|29333,16309|29333,21293|29333,28415|29353,16344|29353,21248|35698,16321|35698,21392|39676,10616|41496,22350|48373,5768|49617,15899|49617,20790
각룡견갑 21985,15748|24394,14461|28478,12242|29333,16246|30024,13683|30377,14140|35698,16333|35698,21404|39676,10604|41496,22428|49617,15888|49617,20802
각룡꼬리 24394,14244|30024,18214|30024,18386|41496,22480
각룡배갑 21985,15559|21985,16270|24394,11724|29333,5928|30377,13975|35698,6303|36224,10248|39676,4527|41496,22402|49617,5899
각룡이빨 21985,16259|26312,10949|28478,1222|29353,6301|29353,6614|29353,16405|29353,20019|29353,28382|29353,29990|36224,10237|36224,27798|41496,22532|42405,8162|52371,6573
각룡인미 30024,32723|30377,27202|41496,22506
각룡중각 24394,33409|26312,32057|28478,17937|28478,19200|29353,28364|35698,28548|39676,23386|39676,30076|41496,22376|49617,27951
각룡중갑 21985,30967|21985,32382|21985,33842|24394,14688|24394,30595|28478,12434|28478,17930|29333,28397|35698,28555|36224,27788|41496,22454|48373,5818|49617,27944
각룡추카오스렌더 30024,13586
각맵 39572,2080
각메뚜기 23612,1693|31706,3347|35592,2428|35592,2635|35592,2640|41496,9820|48373,7913
각박주 48373,8169
각별히 48576,25769
각왕검아틸라트 24394,14599
각왕궁게일혼 28478,12549
각왕추카오스오더 30024,13802
각적 23612,2078|23612,2099|23612,5913|31706,3061|31706,5113|35592,6444|35592,6583|41496,5860|48373,8011|48373,9147
각적계 47905,6694|47905,6743|47905,6791|47905,6839|47905,9640|48576,26213|48576,26297|48576,26377
각종 21985,34857|28478,22530|30838,6513|35592,1622|45690,20047
각종내성 44611,3178
각종속성 39242,11805
각종속성공격 39242,12433
각종수정값을 30838,6863
각종탄 30838,22
각종피리 39242,12822
각종피리계의 44611,3785
각창디아브로스 21985,16182
각창디아브로스g 21985,30882
각하 53592,6867
각효과 37895,9500|37895,9689
각효과１회씩 37895,10073
