90000z 21985,3675|21985,7155|21985,13623|21985,24805|21985,26030|24394,12874|24394,15450|24394,17340|24394,25695|24394,26922|30024,10856|30024,14274|30024,21416|30024,22632|30024,23932|30377,15461|30377,17443|30377,21417|30377,21916|30377,22588|36224,2715|36224,11468|36224,19116|36224,24273|45690,1601|45690,3269|45690,6342|45690,9264|48576,1903|48576,8766|48576,19522|52371,2860|52371,3496|52371,12928|52371,16122|52371,18140
9000pt 35592,1094
9000z 26312,11255|26312,11353|26312,15932|26312,16042|26312,16103|26312,16218|26312,16289|26312,16398|26312,21232|26312,21343|26312,21404|26312,21512|26312,21577|26312,21682|26312,27177|26312,27287|29333,9501|29333,9583|29333,13788|29333,13896|29333,13954|29333,14038|29333,14110|29333,14223|29333,18485|29333,18568|29333,18626|29333,18734|29333,18796|29333,18877|29333,24057|29333,24134|29353,9598|29353,9679|29353,13778|29353,13858|29353,13915|29353,14032|29353,14099|29353,14185|29353,18633|29353,18714|29353,18770|29353,18878|29353,18939|29353,19018|29353,24013|29353,24088|35698,9467|35698,9568|35698,13820|35698,13901|35698,13958|35698,14076|35698,14145|35698,14232|35698,18612|35698,18694|35698,18751|35698,18862|35698,18925|35698,19005|35698,24123|35698,24255|36858,9801|36858,12466|36858,12628|36858,16981|36858,21004|36858,21599|36858,21982|36858,22348|36858,22960|36858,23471|36858,23806|36858,26945|36858,27194|36858,30547|36858,31094|36858,32609|36858,33086|36858,37169|39676,18201|41496,20496|41496,22615|41496,23812|41496,24706|41496,24813|41496,25736|41496,25989|45627,12760|45627,13140|45627,18605|45627,18792|45627,20992|45627,21314|45627,24031|49617,8903|49617,8984|49617,13329|49617,13409|49617,13467|49617,13580|49617,13648|49617,13734|49617,18272|49617,18383|49617,18441|49617,18547|49617,18609|49617,18713|49617,23612|49617,23697
9006200e 52888,6737
9007600e 52888,15086
9007800e 52888,16290
9008260e 52888,18567
9009480e 52888,35661
900kb 24840,171|34985,263|36350,188|39134,205|42980,176|46555,148|53703,194
900mhz 31133,5825
900sec 23348,57
900z 26312,7912|27368,2249|29333,6923|29353,7241|33821,3936|33821,4327|35698,7261|36858,773|36858,887|36858,1174|36858,1291|36858,1687|36858,2280|36858,20281|36858,31824|39676,543|41496,13980|41496,24072|41496,28535|41496,28714|45627,1183|45627,1507|45627,1650|45627,1776|45627,1874|45627,2301|45627,2406|45627,2556|45627,2656|45627,3122|45627,3927|45627,4351|45627,4913|45627,5733|45627,10535|45627,10662
90100z 28478,8239|28478,12279|28478,13597
90107a 43765,121821|43765,121847|43765,122074
90107b 43765,122957|43765,122983|43765,123224
9012590e 52888,40628
9013900e 52888,22791
9016800e 52888,45330
901kb 25254,170|29645,159|30662,190|39215,194|40417,190|45793,191|51582,165
9021200e 52888,24738
9026500e 52888,27131
902kb 22544,169|22679,204|24256,213|24488,266|25256,294|28008,173|28502,234|33447,189|34453,178|50000,119
9031500e 52888,26669
90360732558afc7386030516a8ae6e467ab5fc 45393,106
9037new 47398,4493
9039800e 52888,43878
903kb 22105,203|24496,270|27679,126|36345,218|38136,126|50396,240|51887,157
903sec 23348,239
9040400e 52888,31635
9043960e 52888,31322
9045000e 52888,5714
9045z 41496,22779
9047600e 52888,31586
904kb 23499,214|23715,253|28706,199|30318,171|30919,202|31332,234|34829,196|41618,191|48327,181
904sec 23348,432
904x10276 31523,8090
9050600e 52888,21257
905kb 25568,248|27020,173|31769,235|48332,193
905sec 23348,625
9063360e 52888,40496
9068new 47398,9542
9069750e 52888,27708
906kb 22957,211|25041,126|33321,184|33810,158|40672,376|46063,220
906sec 23348,813
906x10246 31523,8028
9078360e 52888,42657
907kb 27013,184|36942,165|37738,209|50123,182|51328,199
907sec 23348,998|23348,1183
9080500e 52888,18980
9081300e 52888,31553
9081900e 52888,21141
9082m 44475,2057
9084new 47398,11036
9085220e 52888,47789
9089000e 52888,23765
908kb 24207,197|38172,196|49440,199|50765,160
908sec 23348,1376
9093690e 52888,11505
9096300e 52888,13089
909kb 26499,199|33794,124|39959,222|41357,184|47069,212|52721,194
909sec 23348,1564
909wdmcu 45425,294191
90b 23960,27445|52128,2989
90b2o26b3o163bo 21907,1602
90bfa94900e52449b9f925081378ee1e1c36dc 50709,106
90bo9bo 44421,6141
90bob7obo4bob7obo44b3o 44421,4669
90c08 42078,8052|42078,14671
90e 40029,14972|40029,15016|43545,56984|43545,57009|43545,57228
90g 43545,91916|43545,91941|43545,92130
90h 43545,202973|43545,202998|43545,203244
90i 43545,354508|43545,354533|43545,354742
90j8g 22533,3016
90mm 22113,309|22258,200|23042,264|24355,279|24771,216|25052,200|25086,272|25499,331|25560,291|27164,302|30517,327|30620,212|33659,243|34438,289|34975,290|35239,261|35893,252|36572,274|37423,252|37446,365|37874,302|38378,281|38542,268|39001,248|40158,319|40671,251|41013,279|41327,285|41434,292|41951,288|43140,259|43623,310|43752,238|44632,256|44961,258|46812,267|47688,243|47866,264|48033,253|48124,267|48353,259|48468,262|48916,303|53749,275
90o0v2yxg27yr 34149,28156
90pslh 44389,3590|44389,3651|44389,3712
90th 28733,429
90z 31706,2358|31706,2484|31706,2994|31706,4435|31706,4559|41496,9027|41496,9218
90으로 47905,5262|47905,5368
90초로 45690,20013|45690,25529|47905,5532
9100z 26312,16459|26312,16568|26312,16630|26312,16747|26312,16818|26312,16923|26312,16985|26312,17079|26312,21741|26312,21853|26312,21915|26312,22025|26312,22089|26312,22188|26312,24733|26312,24860|29333,14281|29333,14368|29333,14424|29333,14541|29333,14610|29333,14696|29333,14750|29333,14816|29333,18931|29333,19018|29333,19071|29333,19154|29333,19211|29333,19319|29333,21712|29333,21810|29353,14238|29353,14325|29353,14378|29353,14497|29353,14565|29353,14649|29353,14701|29353,14770|29353,19071|29353,19156|29353,19210|29353,19291|29353,19347|29353,19458|29353,21761|29353,21859|35698,14286|35698,14374|35698,14430|35698,14549|35698,14749|35698,14864|35698,19059|35698,19168|35698,19228|35698,19339|35698,19401|35698,19518|35698,21847|35698,21944|49617,13787|49617,13892|49617,13951|49617,14065|49617,14134|49617,14243|49617,14302|49617,14371|49617,18769|49617,18854|49617,18907|49617,18988|49617,19044|49617,19155|49617,21252|49617,21377
9108600e 52888,13733
9109400e 52888,7182
910kb 25632,146|25656,123|30312,281|31717,126|37654,168|38649,201|46335,132|48028,354|48608,205|50176,189
910sec 23348,1742
9110270e 52888,33269
9115800e 52888,9789
911kb 30472,188|39037,204|44881,220|46168,172|46238,141|46481,182|50786,190
911la 38003,134564
911sec 23348,1928
9121600e 52888,11588
9123000e 52888,12693
9123740e 52888,34292
9128new 47398,16304
912kb 22481,179|24687,217|26090,197|26100,289|26367,220|26741,205|30970,194|37819,175|38106,223|41163,222|41404,146|42186,207|50003,154|52278,350|52396,176
9132900e 52888,19854
9134000e 52888,9575
9135800e 52888,863
9138970e 52888,37262
913kb 26135,145|41194,202|43726,125|47191,175
9142700e 52888,22131
914kb 23094,189|38056,251|42589,170
914x1371 29709,188
9151600e 52888,2711
9153430e 52888,45281
9156new 47398,5530
9159800e 52888,7826
915kb 28005,174|29117,195|36094,208|41886,170|52919,131
9163illinois1955 47398,7613
9167000e 52888,20085
9167700e 52888,31371
9169000e 52888,31421
916kb 24798,131|25939,255|29063,173|35892,199|38346,157|46921,193|52563,182|53187,222
9170500e 52888,39324
9175000e 52888,47310
9175700e 52888,30695
917kb 22137,141|23664,217|43221,215|44910,188|48899,283
9180z 41496,19455
9181000e 52888,13106
9181100e 52888,45231
918kb 23521,218|26491,179|27719,177|37664,364|40230,171|41442,150|42098,293
9192950e 52888,35546
9194300e 52888,47112
9194900e 52888,31734
9195000e 52888,780
919kb 23607,131|26346,186|28571,261|39269,201
91a 43765,35990|43765,36015|43765,36246
91b2o184b2o 21907,1771
91b3o3b3o6b3o3b3o 44421,4751
91bo184bo5b2o 21907,1783
91bo184bob3o15b2obo 21907,1734
91bo7bo 44421,5628|44421,6155
91bo7bo22 44421,6163
91bo7bo5bobbo3bobbo 44421,6040
91bo7bo9bo 44421,5784
91bob5obo8bobobo 44421,5674
91bobo3bobo5bobo5bobo 44421,5803
91boo5boo5b3o5b3o 44421,5636
91d 43545,11725|43545,11750|43545,11917
91e 40029,15026|40029,15070|40029,68082|40029,68101
91e6a105153b663ed983a0da35219a6c8f30d5 26398,146
91f 43765,105212|43765,105237|43765,105436
91g 43765,87177|43765,87202|43765,87400
91h 43545,32629|43545,32654|43545,32884|43545,248033|43545,248058|43545,248266|43765,113015|43765,113040|43765,113231
91jun24202803 45470,298
91kxip4l4rnddp 34149,85989
91softwar 39795,1109
9200000e 52888,22428
9200new 47398,3925
9208020e 52888,42608
9209730e 52888,25712
920kb 29090,179|31037,244|38476,182|38851,187|42445,201|44687,217
920x1380 43667,203
9217f 44475,2089
9219000e 52888,25316
9219560e 52888,48795
921do 38003,57864
921e 50592,105940
921kb 26882,256|28778,165|28851,186|29039,321|34588,239|39840,126|47740,211|49743,148|52972,206
9220600e 52888,22346
9221500e 52888,46386
9224800e 52888,4493
9229070e 52888,38912
922kb 30220,188|45274,181
9231700e 52888,12380
923kb 22364,176|25074,249|28528,225|30772,220|33095,233|34056,170|35914,176|39585,201|50427,169|52746,214
9244790e 52888,31751
9245missouribefor 47398,18894
924do 38003,11045
924kb 22484,156|24398,160|49479,205|50268,133|52877,166
9250z 39676,17603
9257150e 52888,6126
925do 38003,10921
925kb 27117,251|32375,211|42886,132|44014,152|45648,190|50262,219
9262000e 52888,24276
9262800e 52888,18996
9264770e 52888,21735
9268950e 52888,17445
92697babak 28496,5354|39914,9037|43404,341|43625,3519|45827,3455|46104,3231|53094,3519
926do 38003,40519
926kb 30514,177|35117,244|35233,211|37175,245|39670,218|50107,169|51055,202
9271000e 52888,9096
9271600e 52888,7611
9271710e 52888,14327
9278700e 52888,16950
9279640e 52888,12132
927kb 33878,175|33939,175|35086,126|40309,132|42615,151
927la 38003,40581
9282500e 52888,18056
9283800e 52888,1952
9284434e 52122,4640
9287500e 52888,22890
928kb 21774,351|23515,227|27586,135|32689,180|33386,194|37491,151|48736,346
9296100e 52888,11571
929kb 21733,190|21876,127|23315,192|28910,175|37435,177|41021,195|47864,374|49732,226
92a 28215,12445
92b2ob 21907,1442
92b3ob3o8b3ob3o 44421,4716
92b7o8b7o 44421,5691
92ba34f513b8ba7a0cc324419c7cd153d5d91857 40921,1147|40921,1241|51976,1147|51976,1241|52797,981|52797,1075
92bo184bob2o17bo 21907,1754
92bo5bo6b3obbobb3o 44421,5655
92bo5bo7bo7bo 44421,6026
92bobobobo6bo3bobo3bo 44421,5825
92bobobobo8b3ob3o 44421,6008
92boo 44421,4732
92boo3boo 44421,5911
92boo3boo9booboo 44421,5894
92e 42078,8699|42078,15318|43765,139329|43765,139354|43765,139580
92f 43545,190709|43545,190734|43545,190929
92h 43545,269139|43545,269164|43545,269359
92j 43765,57952|43765,57977|43765,58187|43765,116420|43765,116445|43765,116701|43765,140901|43765,140926|43765,141120
92jun11165233 33608,2123
92k 34878,13280|43765,37783|43765,37808|43765,38001|43765,45682|43765,45707|43765,45913|43765,96097|43765,96122|43765,96293
92ll 25292,2766|31162,1884
92m 43545,244283|43545,244308|43545,244524|43765,90167|43765,90192|43765,90372
92teach 39795,951
92z 41496,741|41496,829
9300z 26312,11414|26312,11517|29333,9640|29333,9706|29353,9730|29353,9812|35698,9663|35698,9745|36858,31615|45627,23313|49617,9039|49617,9106
9301300e 52888,8354
9302000e 52888,8288
9304020e 52888,32378
9304720e 52888,32658
9308970e 52888,11225
930kb 22677,211|27227,191|37520,129|40594,224
930z 36858,20513|36858,32418
9312150e 52888,48119
9312300e 52888,47013
9312z 41496,27057
9315850e 52888,38054
931do 38003,15655
931kb 27102,316|27758,200|30096,424|32399,178|41261,211|42628,252|45993,175
9320000e 52888,7809
9322800e 52888,33566
9324600e 52888,32609
9325060e 52888,41024
9325290e 52888,9294
932kb 22058,195|26836,229|27333,152|28263,163|36682,193|40576,217|44515,173|50886,131|51697,199
932la 38003,85159
9337new 47398,2399
933kb 22686,174|22726,189|31188,132|35112,257|41206,302|42485,174|50984,255|52461,176|53741,181
933la 38003,8345
933sec 23348,2109
9341815e 52122,3749
9342040e 52888,38829
9343800e 52888,49125
9345500e 52888,32246
934kb 25572,217|26714,196|27710,161|28268,199|28291,149|35031,163|36627,210|41325,250|42520,131|45545,233|46901,208|48649,129
934la 38003,8407
934mhz 31133,1676
934sec 23348,2287
9356040e 52888,16257
935kb 29573,193|30464,191|32440,184|35338,211|42245,182|42860,215|43899,224|46506,278|52712,180|52962,169
935la 38003,8477
935sec 23348,2468
9365new 47398,4735
9368800e 52888,9113
936kb 22059,221|22576,239|29822,170|40395,207|41911,157|48425,191
936la 38003,8547
936sec 23348,2654|23348,2840
937do 38003,9329|38003,20717
937kb 21723,140|23135,188|23913,218|26359,211|27144,199|31211,218|31857,258|31994,134|38302,189|39170,305|39615,193|40064,127|42145,197|43621,187|48882,208|52426,429
937la 38003,8617
937sec 23348,3021
9382560e 52888,37724
9384287e 52122,4508
938kb 24527,169|29389,188|30488,207|33650,219|33716,193|41979,187|42482,167|45636,297|51312,178|52344,235
938sec 23348,3199
9392190e 52888,38846
9397600e 52888,13056
9397660e 52888,48086
9398000e 52888,28731
939e 50592,117061
939kb 23231,221|24140,186|24236,127|26064,149|29569,229|30469,200|40494,429|41330,175|46815,171|53497,184
939sec 23348,3377
93a 37145,145685|40675,619|41196,872|43765,70044|43765,70069|43765,70320|43765,92733|43765,92758|43765,93010
93b 30386,6216|35772,9139|44421,5862
93b4o11bo11b3o 21907,1456
93bo3bo10booboo 44421,5878|44421,5921
93bo3bo9bo5bo 44421,5993
93bo5b2o 21907,1421
93bob 45085,1694
93bob2o195bobo6bo 21907,1699
93bob2o24bob2o24bob2o24b 45085,478
93bob2o24bob2o24bob2o24bob2o38bob2o11b2o4b2o2bo3bo27bob2o 45085,1636
93bob2o24bob2o24bob2o24bob2o38bob2o13b5o35bob 45085,527
93bobo24b3o 21907,1430
93booboo10booboo 44421,5966
93booboo11bobo 44421,5951
93c 43545,149191|43545,149216|43545,149415
93e 40029,15080|40029,15099|40029,68111|40029,68130|43765,11501|43765,11526|43765,11721
93i 43545,138904|43545,138929|43545,139159|43545,143609|43765,121817|43765,121843|43765,122070|43765,122953|43765,122979|43765,123220
93j 43545,111121|43545,111146|43545,111381
93samp 46700,983|46700,11953|46700,13302
9406520e 52888,46106
94065645841246544x10 41028,24235
9406564584124654e 41990,62300|41990,64944
940kb 34694,218|41768,5520|42647,192|47952,189|50115,173|52858,263
940la 38003,77811|38003,101909|38003,115548|38003,115614
940sec 23348,3558
9410600e 52888,8304
9411000e 52888,47574
9416600e 52888,32939
9417new 47398,592
941kb 26819,206|29605,193|32110,240|32327,186|34188,209|38787,162|38825,219|41212,296|46590,212|49866,223|50223,173
941la 38003,115680
941sec 23348,3744
9426200e 52888,13188
9428550e 52888,42872
9429700e 52888,1028
942kb 25153,178|26128,179|26462,221|27155,186|33554,213|35550,160|36338,172
942la 38003,115750
942sec 23348,3931
9433000e 52888,16274
943kb 25067,315|33987,186|34962,164|39200,114|39877,189|40373,262|41389,171|44386,209|47353,195|49532,131|53372,201
943sec 23348,4113
9449830e 52888,37394
944e 38794,24
944kb 34777,241|37914,245|43194,243|45402,214|47723,200|48040,205
944sec 23348,4292
945kb 34617,276|41572,217|42762,196|48734,180|51036,322|51783,221
945sec 23348,4471
945x1260 51617,177
946do 38003,34591
946kb 24102,238|25334,299|31918,159|33495,161|33992,217|35967,158|38463,189|44835,167|51307,204|51474,182|53567,196
946sec 23348,4653
9470b08015e814b03016994bcef6605c0fb78a 33141,146
9471970e 52888,13419
947kb 25336,170|25991,197|26627,157|31705,182|37374,209|41430,163|44373,192|44964,190|46845,241|46987,229|52782,247
947sec 23348,4840|23348,5027
9483700e 52888,33912
9484600e 52888,10565
9486900e 52888,27444
9488570e 52888,39374
948kb 23907,238|24127,228|25042,140|29777,231|34717,240|35313,132|48595,129|50565,190
948sec 23348,5209
94917273d8e36bd28f891d23a09705cbf8bfe1 25119,106
9495200e 52888,21653
9496200e 52888,31982
9498dbh 47629,1587
949kb 24714,238
949sec 23348,5388
94a 35148,6351
94b 37145,208411|43765,70722|43765,70747|43765,70959
94b2o181b2o21b 21907,1717
94b3o11bo 21907,1471
94bo27bo27bo27bo 45085,1753
94bo27bo27bo27bo41bo14bo3bo4bo 45085,1598
94bo27bo27bo27bo41bo15bob2o37bo 45085,446|45085,576
94bobo10b3ob3o 44421,5847
94bobo12bobo 44421,5938
94c 43765,63625|43765,63650|43765,63845
94c9 23354,5725
94ce 40468,186|40468,454|40468,532|40468,608|40468,690
94e 35424,16327|40029,15109|40029,15128|40029,61958|43545,122715|43545,122740|43545,122943|43765,4920|43765,49644|43765,49669|43765,49876|43765,93806|43765,93832|43765,94060|43765,94493|43765,94519|43765,94751
94e9e685130f7f79262c52761414c33226214d 32759,106
94f 43765,59583|43765,59608|43765,59833
94h 43545,50621|43545,50646|43545,50823
94i 43545,194108|43545,194133|43545,194371|43545,300327|43545,300352|43545,300538|43765,23566|43765,23591|43765,23814|43765,33949|43765,33974|43765,34187
94j 26843,3105|43765,88856|43765,88881|43765,89084|43765,156956|43765,156981|43765,157161
94jul27154622 24606,318
94m 43545,140522|43545,140547|43545,140761
94mm 22547,280|22768,193|23907,303|25186,272|25770,214|27517,245|27738,223|29230,237|31725,252|32145,292|32368,303|34175,248|35157,366|35743,224|36563,321|36776,283|36994,224|37819,239|38164,269|39639,272|39670,283|40460,255|41304,416|42980,240|43197,253|45102,259|45180,248|46985,234|47058,277|47755,260|47952,253|48608,269|50136,332|51142,272|52594,275|52906,257|53312,272
94no7t 49892,221
94pvi9 49892,2471
94z 31706,3170
95000z 21985,3109|21985,9971|21985,22617|24394,2500|24394,6173|28478,15154|30024,5583|30024,19690|30024,26598|30377,1743|30377,11812|30377,18199|36224,8523|36224,18163|36224,23124|36224,25145|45690,1831|48576,3368|48576,11598|52371,4550|52371,9167|52371,17436
9500z 26312,17174|26312,17290|26312,22290|26312,22399|29333,14884|29333,14955|29333,19378|29333,19467|29353,14833|29353,14902|29353,19516|29353,19603|35698,14928|35698,14998|35698,19578|35698,19666|41496,25189|41496,27110|49617,14441|49617,14510
9502200e 52888,7100
9502580e 52888,13485
9505130e 52888,34308
9506200e 52888,2364
9509440e 52888,46964
950kb 24338,224|43525,126|49717,183
950la 38003,6945
950sec 23348,5569
950z 49617,1456
9512www4 38696,397
9515420e 52888,43367
9516050e 52888,38417
9518300e 52888,12314
951kb 21894,202|24026,193|26648,188|33753,168|36895,227|37682,203|39991,159|41559,135|43757,212|46175,195|48002,158|48893,162|51144,174
951la 38003,7011
9520200e 52888,13997
9524000e 52888,7842
9525200e 52888,21224
9528180e 52888,25035
9528new 47398,13424
952kb 31394,158|31404,174|31973,224|35361,216|42438,168|44634,322|48529,181|51199,331
952la 38003,7077
952sec 23348,5753
9530600e 52888,35232
9534100e 52888,30167
9534790e 52888,42344
9537new 47398,19000
953kb 24984,195|27950,180|36822,354|39013,186|40205,397|44309,131|44998,179|49326,187
953sec 23348,5942|23348,6131
9544940e 52888,41684
954do 38003,52610
954kb 30776,168|36105,147|38472,216|40919,196|44668,188|46183,212|50540,223|52139,203
954la 38003,56368|38003,96219|38003,106485
954sec 23348,6315
9559000e 52888,28137
955kb 22577,186|22875,217|30212,126|31501,207|34067,171|34175,183|45898,167|49138,209|50196,236
955ni 38003,106547
955sec 23348,6496
9561000e 52888,648
9563000e 52888,5351|52888,25547
956kb 21746,186|30781,198|39708,169
956sec 23348,6677
9574new 47398,14205
9576560e 52888,34688
957kb 22299,204|32564,150|39070,192|39481,173|40399,175|51166,162|51672,183|53403,117
957sec 23348,6861
9583510e 52888,43235
9585new 47398,18790
9589000e 52888,1110
958do 38003,131358|38003,135698|38003,135760
958e 50592,325622
958kb 22520,172|24999,557|28669,181|39181,270|41390,181|46758,190|51484,230
958sec 23348,7050
95931006alenko 42548,1427
9594800e 52888,30398
9594900e 52888,26306
9598750e 52888,36899
959do 38003,98773|38003,114060
959kb 22037,302|23735,271|27658,230|40059,165|44013,151|46416,137|49792,188|53709,207
959sec 23348,7239
95a 31201,12839|39089,5315|42069,114262|43545,334280|43545,334305|43545,334533|43765,64243|43765,64268|43765,64493
95b 41550,275|43765,15248|43765,15273|43765,15472|43765,19045|43765,19070|43765,19258
95b2ob2o67b3o9bo 27223,2772
95c 32952,8260|43765,80026|43765,80051|43765,80258|43765,96668|43765,96693|43765,96864
95d5b83f5941697bbb1c174561f72bdd13c7ef 24028,146
95e 40029,15138|40029,17084|40029,68140|40029,68159|43545,282888|43545,282913|43545,283107|43765,12010|43765,12035|43765,12249|43765,78192|43765,78217|43765,78414
95f 43545,123784|43545,123809|43545,124037|43765,147782|43765,147807|43765,148035
95g 43545,170111|43545,170136|43545,170354|43545,188454|43545,188479|43545,188704|43765,29921|43765,29946|43765,30157
95h 43545,42374|43545,42399|43545,42570
95http 42456,10343|42456,10444
95j 43545,72044|43545,72069|43545,72306|43765,13398|43765,13423|43765,13640
95k 30979,33479
95m 43765,27361|43765,27386|43765,27615|43765,129495|43765,129520|43765,129714
95mm 22303,271|22386,252|22764,210|23451,298|24134,303|24236,207|24405,271|24963,241|25374,280|26360,280|26596,267|26629,228|26765,252|27103,348|29170,269|29394,252|29520,322|31028,354|31948,271|32506,287|33459,259|36322,246|36534,265|37453,272|37724,249|38032,269|38539,244|38642,276|38691,298|39149,294|39428,353|39794,221|41656,237|41807,257|42715,284|43664,271|44250,259|46094,329|46468,275|49517,228|49586,255|50451,254|50781,234|51519,249|51888,326|52603,273|53630,272
95n 41418,8208
95q2 39457,781
95q4 39457,787
95th 51629,2024|51629,2230
95visit 39795,827
95z 31706,3404
9600790e 52888,39671
9600z 36858,27713|36858,27948|36858,32250|41496,17263|41496,17547|41496,20695|41496,22832|41496,24223|41496,24411|41496,26403
9601800e 52888,1077
9606200e 52888,23864
9606_workshop 40772,1003
960901001030z 27911,712|43111,527
960kb 26904,3543|27694,218|28154,237|30372,205|31376,188|32420,164|32464,195|37954,191|49544,236
960la 38003,83729
960sec 23348,7423
960x1200 38379,180
960z 41496,8448|41496,12411
9610630e 52888,10977
9611new 47398,19224
9614180e 52888,35348
9616200e 52888,25580
9619100e 52888,23996
961d9134f93d5ff020710a82c3a3caf9d5893a 53128,106
961do 38003,54862
961kb 23454,186|25657,149|28356,221|28996,275|29466,181|32345,195|35490,219|38311,261|38835,202|39732,204|50436,149
961sec 23348,7604
9628820e 52888,45413
962kb 23165,213|23742,199|28825,186|29001,200|31369,166|35853,390|38539,164|49586,172
962la 38003,96467
962ni 38003,106225
962sec 23348,7785
9630300e 52888,6093
9631800e 52888,20531
9634400e 52888,1935
9635000e 52888,18072
9636202e 52122,4838
9637300e 52888,7958
9637840e 52888,43499
9638810e 52888,37493
963kb 26188,135|35164,157|36608,162|45153,198|45900,229|47092,144|52179,182
963la 38003,106287
963sec 23348,7969
9640900e 52888,24243
9642353e 52122,4904
9643000e 52888,4509
96434e 28939,44490
9646470e 52888,34787
964kb 23924,232|30343,201|37945,231|40180,202|41565,196|45092,171|47216,171
964la 38003,106353
964sec 23348,8158|23348,8347
9657f 44475,2117
965kb 31090,303|37241,164|39746,321|42517,203|43537,196|44232,182|46398,251|46625,190
965la 38003,106419
965sec 23348,8531
9661120e 52888,47756
9667000e 52888,32889
9668900e 52888,2513
966do 38003,88035|38003,103049
966kb 25840,325|28169,153|37517,166|38422,200|41270,176|46538,468|47996,166|48371,195|51584,201|53389,184
966sec 23348,8712
9672300e 52888,37460
9673800e 52888,8156
9673new 47398,1925
9675z 41496,16838
967kb 22306,168|35743,159|39105,167|43607,214|45935,227
967sec 23348,8893
9680800e 52888,16604
9681650e 52888,44852
9682600e 52888,29226
9686240e 52888,41816
968kb 21925,195|34654,188|36460,173|36560,210|37503,259|37624,313|37974,146|43658,131|49381,123|50597,254|51250,205
968sec 23348,9077
9693231e 52122,4277
9694300e 52888,4839
9695600e 52888,22923
9698000e 52888,1275
969kb 23692,166|29537,249|30319,176|33763,151|37662,181|37921,232|41151,196|42572,187|43420,192|44258,215|45553,264|46910,223|53143,190
969sec 23348,9266
96a 25591,24798|34525,2706|43749,15036|46667,41
96b 22651,5910|43722,121|43765,14335|43765,14360|43765,14547|52631,121
96b2o4 46721,119
96b4o19bobo 21907,1393
96bo 22676,720|22676,731|22676,736
96bo4 22676,725
96bobo 46721,112
96cto 24036,2279|47482,2279
96d 43545,166513|43545,166538|43545,166705
96e 40029,61968|40029,62012|43765,149515|43765,149540|43765,149769
96j 43545,162337|43545,162362|43545,162615
96k 43545,335427|43545,335452|43545,335640
96kb 30345,230
96m 43765,2416|43765,2441|43765,2711|43765,8222|43765,8247|43765,8440
96may29 25031,595|43465,571
96mm 33650,284|36094,272|37435,242|37738,274|45379,267|48354,287|51383,260
96pr03062 38892,48221
96pr04842 38892,48296
96pr05343 38892,48371
96q2 39457,793
96q4 39457,799
96z 31706,4426|41496,12102
9700800e 52888,7859
9700z 41496,19265|41496,20040
9701000e 52888,30431
9704460e 52122,5333
9706000e 52888,14030
970do 38003,96591
970kb 22590,233|23557,195|30735,144|34025,212|34724,302|34885,225|36872,190|39014,166|39123,244|40487,172|41913,235|43935,235|49561,179|52184,263
970sec 23348,9459
970z 41496,21967
971k 38905,336
971kb 23891,219|28640,210|30324,192|36413,196|38418,227|41800,228|43833,188|43987,328
971sec 23348,9652
9722000e 52888,19970
9725100e 52888,203
9726200e 52888,9624
9728000e 52888,2018
9728700e 52888,41469
972kb 24664,251|25797,407|28857,370|36298,220|38093,174|47173,340
972sec 23348,9833
972x1296 37363,139
9731700e 52888,25662
9733400e 52888,45809
9739430e 52888,40331
973kb 22896,215|23419,175|30330,275|41966,225|47832,209
973sec 23348,10021
9747900e 52888,17148
974kb 29263,146|33235,138|36578,160|43320,156|45187,211|48267,166|49667,196
974sec 23348,10206
974x10760 31523,8100
9753300e 52888,5153
9755800e 52888,549
9756200e 52888,13848
9756870e 52888,47096
975do 38003,114184
975kb 25005,205|27550,127|38343,316|39461,194|40677,223|42298,183|47291,229|51167,209|51383,195|53440,288
975la 38003,86999
975sec 23348,10388
975z 41496,18431|41496,19571|41496,20389|41496,23520
9762270e 52888,44456
9762900e 52888,13716
9763210e 52888,47888
9765z 41496,26378|41496,26661
9768180e 52888,42509
9769100e 52888,6555
9769820e 52888,39737
976kb 22652,180|24501,175|24708,198|35264,175|36046,180|49098,126|50370,181
976sec 23348,10578
9776400e 52888,27890
977e 50592,25809
977kb 33555,279|35069,343|45573,183|46493,285|47329,114|52728,165
977sec 23348,10756
9787new 47398,3035
978kb 23097,226|24076,337|30175,123|31804,187|35438,229|36159,228|39302,202|42474,115|45277,190|46933,127|48572,205|49556,183|51217,183
978sec 23348,10941
9799900e 52888,44225
979kb 27692,210|36084,190|43970,126|53170,177
979sec 23348,11131|23348,11327
97a 35772,719|42069,209224|43765,15848|43765,15873|43765,16091|45614,46410
97b 29386,2818|42069,188521
97b2ob2o 49918,49|49918,85|49918,122|49918,749|49918,785|49918,822
97b4o 21907,1415
97c 43765,109202|43765,109227|43765,109481|43765,111827
97d 43545,93070|43545,93095|43545,93279
97e 40029,70865
97e4483e61659234e0550d109f29a0c32713bb 42518,106
97g 42078,8042|42078,14661
97gjkw95 34651,9619
97h 43765,10540|43765,10565|43765,10762
97k 44655,3266|46829,415
97mm 21900,289|26479,295|30854,230|32318,279|36398,288|37675,204|39200,202|39274,287|40045,253|47419,280|52503,332
97oymggiymjxxbizkf 34149,64866
97q2 39457,805
97q4 39457,811
97th 21962,15684
9800z 26312,8970|26312,9071|26312,9150|26312,9267|26312,9388|26312,9499|26312,11585|26312,11701|26312,11772|26312,11879|26312,11948|26312,12084|29333,7504|29333,7621|29333,7690|29333,7807|29333,7924|29333,8035|29333,9775|29333,9858|29333,9915|29333,10021|29333,10089|29333,10220|29353,7537|29353,7655|29353,7725|29353,7840|29353,7958|29353,8068|29353,9864|29353,9935|29353,10001|29353,10107|29353,10174|29353,10303|35698,7680|35698,7798|35698,7867|35698,7983|35698,8102|35698,8213|35698,9803|35698,9873|35698,9939|35698,10045|35698,10112|35698,10242|35698,10322|35698,10428|41496,24759|49617,6964|49617,7081|49617,7150|49617,7268|49617,7388|49617,7501|49617,9170|49617,9237|49617,9303|49617,9409|49617,9477|49617,9608|49617,9692|49617,9801
98052http 25117,253|52838,253
9806700e 52888,28748
9808795e 52122,4442
9809400e 52888,3651
980kb 29592,190|31608,244|36102,173|37311,189|37593,221|38571,168|39649,209|39799,163|42625,256|44019,372|48989,352|49040,323|50171,160
980z 41496,16748
9818200e 52888,40166
981k 27107,8922
981kb 23617,202|25559,207|25600,209|27706,214|31443,169|32937,160|34282,187|35010,323|38986,148|49517,148|50186,209
981sec 23348,11523
9826510e 52888,17049
982kb 21821,163|32485,180|34673,230|35426,231|37631,187|37863,166|39359,241|41958,214|44325,175|46672,190|46878,206|50701,243
982la 38003,83217
982sec 23348,11714
9831400e 52888,41997
9832100e 52888,28533
9833400e 52888,32856
9836400e 52888,15861
9837000e 52888,37212
9839300e 52888,21884
983kb 29229,197|33198,191|33915,183|36089,193|36181,210|36653,149|47856,155|50595,249|51403,210|52956,157
983la 38003,83279
983sec 23348,11902
983x10246 31523,7997
984do 38003,3551|38003,26131
984kb 22507,199|23368,149|24768,284|26323,183|35362,178|39848,164|41591,176|42698,230|46642,176|46717,207
984la 38003,83341
984sec 23348,12090
9850600e 52888,32312
985do 38003,26193|38003,56306|38003,88221
985kb 22791,208|28104,183|38146,171|38459,195|40477,159|42050,171|42842,176|46531,251|48690,252|48832,192|49223,190|49876,378|50731,183|52842,224
985sec 23348,12286|23348,12477
9860490e 52888,4163
9862610e 52888,41205
9862e 38613,545|48243,545
9865700e 52888,12000
9867050e 52888,38648
986do 38003,89959|38003,106031
986kb 24742,211|26320,169|28773,150|35411,245|36798,159|37024,209|37884,165|38164,203|46773,189|48604,180|50172,207|53340,165
986la 38003,96093
986ni 38003,92183
986z 41496,6099
9870490e 52888,35876
9873900e 52888,19491
9874510e 52888,8172
9876520e 52888,8948
987kb 35257,151|35418,166|36497,218|37270,175|44391,201|47971,196|53114,175
987la 38003,85357
987ni 38003,92245
987sec 23348,12673|23348,12869
9882400e 52888,31437
9886900e 52888,28121
988kb 24443,182|28147,170|31409,170|33454,172|33662,219|45118,232|46714,218|46906,243|50890,204
988la 38003,85423
988ni 38003,92307
988sec 23348,13065
9891600e 52888,4658
9897500e 52888,30315
9899000e 52888,15317
9899700e 52888,24953|52888,29507
9899780e 52888,4262
989do 38003,101459
989kb 22474,291|32473,167|41637,161|42058,213|50168,373|51168,268|51287,212
989la 38003,85489
989sec 23348,13256
98_summari 45163,10721|48210,3889
98a 25943,2412|42069,256941|45614,115765|48931,3463
98arq 35973,16839
98b 49918,735
98b2o4b2o41bo26bobo 27223,597
98b3o 49918,43|49918,79|49918,101|49918,116|49918,743|49918,779|49918,816|49918,838
98b3o2 49918,36|49918,58|49918,72|49918,94|49918,109|49918,131|49918,758|49918,772|49918,794|49918,809|49918,831
98b3o4 49918,65|49918,138|49918,765|49918,801
98bo 21907,1388
98c 43545,63943|43545,63968|43545,64166
98d 43765,43666|43765,43691|43765,43871|43765,78840|43765,78865|43765,79064
98e 40029,13089|40029,13108|40029,13422|40029,62022|40029,62091|40029,68169|40029,68188
98k 43765,52865|43765,67452|43765,73580|43765,73605|43765,73792|43765,124907|43765,124932|43765,125176
98mm 21802,604|22025,264|22071,278|22173,277|22306,253|22646,310|23009,310|23014,246|23136,267|23329,276|23350,257|23455,350|23490,277|23557,280|23611,276|23709,299|23985,257|24332,243|24581,351|24779,237|25070,284|25158,279|25165,290|25398,253|25671,240|25806,266|25812,308|25909,368|26028,260|26161,281|26291,248|26307,351|26571,276|26620,312|26777,279|26868,225|27396,287|27476,268|27737,248|27825,306|28255,284|28297,319|28370,305|28506,339|28507,289|28833,289|29033,335|29080,278|29133,321|29158,311|29507,264|29544,328|29687,272|29813,325|29821,293|29857,373|30075,257|30283,342|30305,289|30350,260|30371,293|30412,270|30472,273|30639,257|30752,281|31238,254|31374,271|31799,257|32063,241|32083,280|32152,235|32162,283|32326,275|32341,338|32549,320|32609,230|32788,458|32922,305|32931,315|32968,291|32997,338|33161,265|33465,353|33591,309|33749,245|33759,273|33763,236|33815,276|33852,321|33933,397|34257,265|34300,334|34373,274|34446,281|34677,263|34767,251|34918,287|35060,291|35114,316|35262,361|35320,305|35753,265|35821,284|35909,304|35984,259|36064,289|36361,285|36444,260|36658,315|36884,236|37191,285|37248,274|37358,258|37631,272|37727,319|37760,373|37974,231|37986,257|38138,336|38227,291|38530,275|38541,292|38735,287|38790,353|38891,574|39415,263|39651,347|39668,264|39803,343|39923,276|40121,371|40826,226|41239,275|41370,262|41773,338|41826,282|41949,371|42288,298|42378,310|42435,384|42486,339|42565,288|42669,264|42976,346|43059,291|43284,250|43372,326|43385,279|43396,350|43427,273|43499,244|43521,271|43626,271|43850,300|43974,268|44010,238|44282,274|44447,334|44643,376|44900,252|44949,272|44991,418|45036,287|45167,294|45376,286|45523,251|46123,302|46376,281|46396,275|46482,362|46846,318|47045,325|47163,244|47208,299|47244,360|47263,290|47347,398|47362,271|47452,364|47496,251|47540,373|48275,249|48479,242|48945,241|49055,278|49070,400|49101,290|49493,290|49525,373|49673,254|49995,328|50142,265|50173,242|50435,283|50563,285|50685,396|50708,241|50951,286|51293,388|51840,303|52257,292|52307,366|52413,294|52532,683|52868,272|52971,426|53235,335|53504,279
98q2 39457,817
98q4 39457,823
98th 21440,5698|21526,1187|48340,2133
9900470e 52888,8964
9900600e 52888,47393
9900z 26312,17363|26312,17474|26312,17534|26312,17650|26312,17720|26312,17833|26312,22462|26312,22573|26312,27344|26312,27463|29333,15025|29333,15112|29333,15170|29333,15252|29333,15310|29333,15379|29333,19525|29333,19609|29333,24194|29333,24319|29353,14972|29353,15054|29353,15107|29353,15212|29353,15271|29353,15386|29353,19663|29353,19744|29353,24143|29353,24259|35698,15072|35698,15158|35698,15377|35698,15446|35698,19724|35698,19807|36858,23130|41496,26888|45627,12062|45627,23033|45627,23909|49617,14580|49617,14688|49617,14745|49617,14857|49617,14924|49617,14992|49617,19214|49617,19296|49617,23753|49617,23872
9903new 47398,17335
9908440e 52888,26355
9908twist 52175,119
9909940e 52888,41552
990kb 23280,163|30153,166|30172,285|35034,183|41716,198|42238,145|42829,122|45710,199|46268,187|51083,122
990z 48576,5787
9913550e 52888,42443
991kb 22053,176|26600,257|32013,261|34856,213|35491,172|37006,162|43281,159|43295,200|44581,186|45770,174|49668,220
991sec 23348,13444|23348,13647
9925845e 52122,4013
992kb 35126,204|35543,298|44022,181|44467,163|46664,211
992sec 23348,13858|34582,36932|34582,36953
9931660e 52888,20366
9934500e 52888,2133
9936florida 47398,4037
9937550e 52888,8453
9938580e 52888,36387
993kb 23635,182|25171,165|35260,189|36541,176|37791,126|41040,171|43316,157|47082,206|49418,186|51761,252
993sec 23348,14064
9941958e 52122,5168
994kb 23502,251|23789,158|26350,196|33098,155|37391,213|40129,189|41677,171|41807,178|41937,163|43014,229|46893,225|51310,371|52849,173
994sec 23348,14275
9954300e 52888,2678
9957000e 52888,5928
9959000e 52888,11076
995a 36266,11997|38985,19747
995b 43862,12408
995kb 22500,310|25301,129|28088,144|29073,200|29712,185|33965,238|37990,215|42289,173|47857,205|48959,205|51638,195
995sec 23348,14471
9964170e 52888,42245
996do 38003,12793
996kb 24627,174|34197,149|38199,157|39808,193|40810,230|43051,199|43364,187|44253,240|45744,158|45903,177
996sec 23348,14656
9971200e 52888,41271
9974400e 52888,7430
9974900e 52888,31850
9976390e 52888,36800
99792458e8 36849,17427|44816,2373
997kb 22658,215|23358,190|31681,230|33316,197|39455,184|42515,146|43356,283|43590,203|43691,223|46190,189
997sec 23348,14834
9980000e 52888,30150
9985600e 52888,26190
9985760e 52888,40215
9987750e 52888,40727
998kb 22363,228|24596,189|25850,196|26542,205|30003,191|30785,199|34234,481|35523,126|41805,176|44645,171|52811,188
998la 38003,83027
998sec 23348,15012
9992000e 52888,3255
9993950e 52888,35199
9998700e 52888,15185
9999800e 52888,29424
999999z 53592,12157
999kb 23685,179|31696,195|32790,203|33397,236|33464,228|33690,174|37480,179|37504,130|38722,190
999la 38003,83093
999sec 23348,15197
99a 39083,9976|42069,215552|43765,81426|43765,81451|43765,81636|45614,78041
99b11o197bo 21907,2178
99b2o19bo 21907,1405
99b2o2b2o46bo3bo16bo10b4o 27223,2655
99b2o2bobo2b2o 21907,2190
99b2o7b2o 21907,2270
99b2ob5ob2o 21907,2280
99bo2bo3bo2bo 21907,2256
99bob2obo31b2o4bobo48bobo 27223,478
99d 43765,40962|43765,40987|43765,41220
99e 40029,70875|40029,70944
99g 43765,111359|43765,111384|43765,111618
99graduat 39795,720
99h 43765,46862|43765,46887|43765,47093|43765,51836|43765,51861|43765,52091
99m 43765,85130|43765,85155|43765,85339
99mm 23635,246|24102,304|25915,277|27745,261|28205,311|28256,271|30652,282|33270,368|33321,250|41325,314|41716,263|42170,283|42786,305|43281,224|46418,268|47670,267|50548,702|50812,457|53099,174|53581,304
99n 34149,95597
99pts의 39242,6014
99q2 39457,829
99th 39902,3450|43223,936
99x108 37157,35918
9_ 30681,9365|30681,9434
9_13 34842,435|34842,473|47363,433|47363,471
9_20 39690,62168
9_21 39690,80322
9_4 39690,80968
9_irvinemanu 42699,5066
9a 21871,3889|22179,9014|22499,263|23508,243|23642,1275|23642,1777|23927,245|24640,339|30699,3173|31121,4009|31867,2928|37145,24050|37145,78815|37693,4254|38689,281|41196,171|43033,5149|43033,5241|43033,5328|43033,5417|44191,554|44208,1968|44208,2052|45291,263|46252,41585|46252,67528|47766,247|48308,4254|48939,6126|51417,536
9a3ffc0492 40803,9414|40803,9796|40803,10876|47979,2503|47979,2984|47979,3787
9a7 39364,157755
9a8917e5649cf2bfc2a8457df07900c16fd302 32681,106
9affa180 50074,4663
9am 21048,1334|25509,1564|28807,35|35890,594|35890,684|36254,33490|36285,322|36285,409|36285,522|36285,640|36285,753|36285,954|38983,5919|38983,7160|41791,5919|41791,7160|46473,2181|47475,741|47844,4770|49085,654|50832,256|53691,1346
9aotzgajgds9u0xswq9e4bicfbyqa3ugmascfcxckxuuqfw9573pmu8boxephizg7hqkmpqa6ywrc3ksvalkciodbdu4ylql5ristacgvkab0b5kkabcswcca 51134,1277
9b 22499,273|23508,253|23927,255|24640,349|31121,4074|37693,4352|38689,291|44191,565|45291,273|47766,257|48239,852|48308,4352|51417,547
9b2o 30635,56|30635,131|43301,96|49761,328
9b2o11bobo13b2o 43301,111
9b2o15b2o79bobo 33210,888
9b2o16bobo29bo18b3o14b3o11b3o 33210,709
9b2o23b2ob2o39bo31b2o11bo20bo3bo7bobo16bo11bo 27223,2276
9b2o28bo3bo3b2o2b2o 48628,286
9b2o2b2o 42934,121
9b2o2b4o 44833,164
9b2o5 30635,136
9b2o7bo31b3o29b2o 33210,564
9b3o 30635,61|31410,146|41059,167
9b3o26b2o 43301,101
9b3o3b3o 41711,115
9b3o4 41059,120
9b3o5b3o9b3o4boboo3bo4boob3o3bo8b3obbo 36403,293
9b4obb3o4boboo48boobo4b3obb4o9bo 44421,6220
9b5o 31976,298|31976,313
9b7o9bo5bo9bo5bo9bo5bo 39358,316
9bgtrlcndhyt1vgqw6ma24wxugpribbv670hecxwknpjx3 34149,70635
9bo 23005,54|30635,127|48239,573
9bo13bo2b 30173,124
9bo14bo 30173,107
9bo15b 33210,477
9bo16bo10b5o28b3o37b3o 33210,454
9bo17b2o 33210,685
9bo2 23005,49|33210,807
9bo24b2ob2o 48628,93
9bo2b4o 44833,156
9bo3b4o 28293,1352
9bo4bo 41059,89
9bo4bo2 42934,86
9bo61b2ob2o25bo34b2o2bo33b3o 27223,1858
9bo7b3o30b3o 33210,582
9bo85b3o11b3o 33210,793
9bobbo 43940,94
9bobbo3bobbo10bo7bo4bobobo 36403,332
9bobo25bob 45085,1476
9bobo25bobo25bobo36b2o12b2o2bobo11bobo 45085,1437
9bobo25bobo25bobo38bobo 45085,689
9bobo25bobo25bobo38bobob2ob3o2b2o16bobo 45085,730
9boobo13bo 44421,6646
9booboo 41711,96
9byw4k3yk6oyyft 22533,5200
9c 23508,263|30255,77|36069,89|38609,1964|38609,2189|38609,2250|38609,2544|38689,301|41418,6209|41418,6333|41418,6358|43937,1964|43937,2189|43937,2250|43937,2544|45291,283|46252,41588|46252,67531|46252,68804|50497,144
9c1q0cb2njcpeq2jeurboktx 34149,68612
9c6tb186td3f4f4 34149,69448
9copyright 25706,629
9d 37897,2595|44904,41|44904,84|48319,610
9d10 41729,4795
9d22 38250,31056
9d24ifakjskhi9274 34149,45664
9dad 38250,29570|38250,31334|38250,31663|38250,31840|38250,32018
9dc0 38250,30892
9ddd9b7d0657a44771a376834e9fa4fa71ef4f57 40921,1957|40921,2051|51976,1957|51976,2051|52797,1791|52797,1885
9de29bb2d1d6434b8b29ae775ad8c2e48c5391 32812,106
9dfa2048cdb3647bbfbb4558a762d77cb3985d 26953,106
9dyx3zppmk7sztui9ds2a2ond8eecbql 34149,60791
9e 33513,41|33513,84|45425,262443|45425,370972|45425,371177|48319,615
9e385e3a10c2d21ba9e33c1a928fec95704da4 50575,106
9e493e225a8a98384b05e17b26c7bfec150f6c 34167,106
9eewurz 22533,10864
9egpshuk 49581,12
9elktuhejxeesppfzfznfhpe0s6g 34149,63136
9elyicvl6v02w2 34149,21851
9em 41821,202
9esejd3wecau7osw2dxpjgvgtqbwsdxpjg5kuejunrgpssfdmdxpiiz9bluuqm 34149,19775
9esh1arb 34149,28007
9f47a3 40267,729
9f7f429ac6f6fa18e140d7d0b294cff58b9aa7 45472,146
9fba 32383,7942
9fc6a2f26ba3b741dda834d0621c0e5bb847ff 47093,106
9fc8ac8e327c368b37332ab5f00903a907bad7 31754,146
9feb2016 44336,3768|44336,3842
9fgh9 34149,26622
9g2tlxsaqoi0byi3ckqkzsayxdfkl7d1sh07 34149,33851
9gb 31133,1683|31133,2468
9gvlaqoa24dlg4zdt9ygxml7ircaf6a78kgm 34149,93499
9ha 22437,655|22437,1047|22437,1719|22437,2021|22437,2487|22437,2879|22437,3519|22437,3821|22437,4287|22437,4679|22437,5343|22437,5645|22437,6122|22437,6514|22437,7122|22437,7424|22437,7890|22437,8282|22437,8962|22437,9264|22437,9730|22437,10258|22437,10560|22437,11269|22437,11823|22437,12119|22437,12828|22437,13214|22437,13792|22437,14088|22437,14797|22437,15183|22437,15761|22437,16057|22437,16766|22437,17152|22437,17746|22437,18042|22437,18782|22437,19174|22437,19862|22437,20164|22437,20630|22437,21022|22437,21646|22437,21948|22437,22414|22437,22806|22437,23470|22437,23772|22437,24238|22437,24630|22437,25286|22437,25588|22437,26054|22437,26446|22437,27070|22437,27372|22437,27795|22437,28133|22437,28706|22437,28949|22437,29409|22437,29795|22437,30333|22437,30629|22437,31332|22437,31712|22437,32196|22437,32486|22437,33189|22437,33569|22437,34125|22437,34415|22437,35118|22437,35498|22437,36030|22437,36320|22437,37014|22437,37385|22437,37851|22437,38131|23628,660|23628,1210|23628,1518|23628,1989|23628,2683|23628,2991|23628,3462|23628,3948|23628,4256|23628,4727|23628,5333|23628,5641|23628,6112|23628,6694|23628,7002|23628,7410|23628,8006|23628,8256|23628,8727|23628,9317|23628,9625|23628,10339|23628,10931|23628,11233|23628,11947|23628,12459|23628,12761|23628,13475|23628,14075|23628,14377|23628,15091|23628,15483|23628,16179|23628,16481|23628,17195|23628,17587|23628,18219|23628,18521|23628,19223|23628,19603|23628,20175|23628,20465|23628,21167|23628,21547|23628,22103|23628,22393|23628,23095|23628,23475|23628,24023|23628,24313|23628,25015|23628,25395|23628,25855|23628,26145|23628,26841|23628,27215|23628,27589|23628,28099|23628,28383|23628,29070|23628,29435|23628,29800|23628,30292|23628,30566|23628,31244|23628,31600|23628,31956|23628,32440|23628,32706|23628,33393|23628,33758|23628,34123|23628,34584|23628,34859|23628,35546|23628,35911|23628,36276|23628,36753|23628,37028|23628,37715|23628,38080|23628,38445|23628,38810|23628,39263|23628,39538|23628,40219|23628,40578|23628,40937|23628,41296|23628,41655|23628,42014|23628,42373|23628,42732|23628,43091|23628,43450|23628,43809|23628,44168|23628,44527|23628,44886|23628,45245|23628,45604|23628,45963|23628,46402|23628,46671|23628,47373|23628,47753|23628,48133|23628,48513|23628,48893|23628,49273|23628,49653|23628,50033|23628,50413|23628,50793|23628,51173|23628,51553|23628,51933|23628,52313|23628,52693|23628,53073|23628,53453|23628,53833|23628,54213|23628,54593|23628,54973|23628,55353|23628,55733|23628,56114|23628,56397|23628,57056|23628,57390|23628,57724|23628,58058|23628,58392|23628,58726|23628,59060|23628,59394|23628,59728|23628,60062|23628,60396|23628,60730|23628,61064|23628,61398|23628,61732|23628,62066|23628,62400|23628,62734|23628,63068|23628,63402|23628,63736|23628,64070|23628,64404|23628,64739|23628,64991|23628,65648|23628,65980|23628,66312|23628,66644|23628,66976|23628,67308|23628,67640|23628,67972|23628,68304|23628,68636|23628,68968|23628,69300|23628,69632|23628,69964|23628,70296|23628,70628|23628,70960|23628,71292|23628,71624|23628,71956|23628,72288|23628,72620|23628,72952|23628,73285|23628,73536|23628,74283|23628,74841|23628,75149|23628,75620|23628,76258|23628,76566|23628,77037|23628,77739|23628,78047|23628,78455|23628,78978|23628,79227|23628,79698|23628,80232|23628,80540|23628,81011|23628,81609|23628,81917|23628,82340|23628,82936|23628,83194|23628,83665|23628,84327|23628,84635|23628,85141|23628,85723|23628,85991|23628,86462|23628,87052|23628,87360|23628,88020|23628,88540|23628,88794|23628,89454|23628,89979|23628,90222|23628,90964|23628,91542|23628,91838|23628,92498|23628,92836|23628,93393|23628,93636|23628,94310|23628,94662|23628,95179|23628,95422|24568,678|24568,1378|24568,1692|24568,2230|24568,2922|24568,3236|24568,3774|24568,4426|24568,4740|24568,5230|24568,5952|24568,6216|24568,6754|24568,7430|24568,7744|24568,8273|24568,9004|24568,9309|24568,9858|24568,10525|24568,10790|24568,11311|24568,12040|24568,12335|24568,12801|24568,13464|24568,13709|24568,14230|24568,14919|24568,15214|24568,15680|24568,16367|24568,16612|24568,17133|24568,17870|24568,18165|24568,18631|24568,19247|24568,19493|24568,20014|24568,20751|24568,21046|24568,21623|24568,22212|24568,22447|24568,22996|24568,23621|24568,23860|24568,24348|24568,24975|24568,25216|24568,25704|24568,26254|24568,26498|24568,26988|24568,27344|24568,27957|24568,28200|24568,28690|24568,29046|24568,29560|24568,29808|24568,30302|24568,30662|24568,31022|24568,31382|24568,31742|24568,32102|24568,32462|24568,32822|24568,33182|24568,33542|24568,33998|24568,34245|24568,34708|24568,35038|24568,35368|24568,35698|24568,36028|24568,36358|24568,36688|24568,37018|24568,37348|24568,37678|24568,38008|24568,38338|24568,38668|24568,38998|24568,39328|24568,39658|24568,39988|24568,40318|24568,40648|24568,40978|24568,41308|24568,41638|24568,41968|24568,42299|24568,42547|24568,43010|24568,43336|24568,43662|24568,43988|24568,44314|24568,44640|24568,44966|24568,45292|24568,45618|24568,45944|24568,46270|24568,46596|24568,46922|24568,47248|24568,47574|24568,47900|24568,48226|24568,48552|24568,48878|24568,49204|24568,49530|24568,49856|24568,50182|24568,50509|24568,50754|24568,51583|24568,52267|24568,52581|24568,53119|24568,53843|24568,54157|24568,54639|24568,55271|24568,55525|24568,56116|24568,56355|31838,666|31838,1334|31838,1648|31838,2125|31838,2729|31838,3043|31838,3520|31838,4196|31838,4510|31838,4987|31838,5623|31838,5937|31838,6414|31838,7074|31838,7388|31838,7793|31838,8472|31838,8717|31838,9194|31838,9886|31838,10200|31838,10872|31838,11484|31838,11742|31838,12462|31838,13164|31838,13472|31838,14192|31838,14854|31838,15162|31838,15819|31838,16469|31838,16717|31838,17472|31838,18070|31838,18338|31838,19058|31838,19752|31838,20060|31838,20828|31838,21438|31838,21678|31838,22319|31838,22897|31838,23137|31838,23831|31838,24385|31838,24633|31838,25336|31838,25890|31838,26178|31838,26835|31838,27347|31838,27585|31838,28242|31838,28791|31838,29042|31838,29809|31838,30365|31838,30671|31838,31438|31838,32037|31838,32378|31838,33145|31838,33728|31838,34069|31838,34836|31838,35391|31838,35738|31838,36505|31838,36950|31838,37550|31838,37788|31838,38529|31838,38948|31838,39367|31838,39786|31838,40205|31838,40624|31838,41043|31838,41462|31838,41881|31838,42300|31838,42748|31838,43004|31838,43719|31838,44112|31838,44505|31838,44898|31838,45291|31838,45684|31838,46077|31838,46470|31838,46863|31838,47256|31838,47649|31838,48042|31838,48435|31838,48828|31838,49221|31838,49614|31838,50007|31838,50400|31838,50793|31838,51186|31838,51579|31838,51972|31838,52365|31838,52759|31838,53055|31838,53760|31838,54140|31838,54520|31838,54900|31838,55280|31838,55660|31838,56040|31838,56420|31838,56800|31838,57180|31838,57560|31838,57940|31838,58320|31838,58700|31838,59080|31838,59460|31838,59840|31838,60220|31838,60600|31838,60980|31838,61360|31838,61740|31838,62120|31838,62501|31838,62784|31838,63443|31838,63777|31838,64111|31838,64445|31838,64779|31838,65113|31838,65447|31838,65781|31838,66115|31838,66449|31838,66783|31838,67117|31838,67451|31838,67785|31838,68119|31838,68453|31838,68787|31838,69121|31838,69455|31838,69789|31838,70123|31838,70457|31838,70791|31838,71126|31838,71378|31838,72035|31838,72367|31838,72699|31838,73031|31838,73363|31838,73695|31838,74027|31838,74359|31838,74691|31838,75023|31838,75355|31838,75687|31838,76019|31838,76351|31838,76683|31838,77015|31838,77347|31838,77679|31838,78011|31838,78343|31838,78675|31838,79007|31838,79339|31838,79672|31838,79923|31838,80676|31838,81360|31838,81674|31838,82151|31838,82787|31838,83101|31838,83578|31838,84366|31838,84680|31838,85085|31838,85739|31838,85983|31838,86460|31838,87096|31838,87410|31838,87887|31838,88603|31838,88917|31838,89338|31838,90010|31838,90264|31838,90741|31838,91425|31838,91739|31838,92459|31838,93137|31838,93445|31838,94102|31838,94728|31838,94976|31838,95723|31838,96391|31838,96649|31838,97376|31838,98028|31838,98326|31838,98997|31838,99346|31838,99922|31838,100160|37940,667|37940,1415|37940,1729|37940,2207|37940,2883|37940,3197|37940,3675|37940,4263|37940,4577|37940,5055|37940,5691|37940,6005|37940,6483|37940,7095|37940,7409|37940,7887|37940,8523|37940,8837|37940,9569|37940,10159|37940,10467|37940,11188|37940,11810|37940,12118|37940,12839|37940,13485|37940,13793|37940,14514|37940,15064|37940,15372|37940,16093|37940,16747|37940,17055|37940,17703|37940,18301|37940,18545|37940,19193|37940,19753|37940,19999|37940,20642|37940,20962|37940,21574|37940,21816|37940,22473|37940,22796|37940,23366|37940,23614|37940,24278|37940,24619|37940,25213|37940,25469|37940,26178|37940,26564|37940,27110|37940,27406|37940,28115|37940,28501|37940,29087|37940,29383|37940,30047|37940,30388|37940,30941|37940,31188|37940,31940|37940,32624|37940,32938|37940,33416|37940,34092|37940,34406|37940,34884|37940,35544|37940,35858|37940,36336|37940,36956|37940,37270|37940,37739|37940,38366|37940,38671|37940,39140|37940,39823|37940,40128|37940,40597|37940,41216|37940,41521|37940,41990|37940,42689|37940,42994|37940,43463|37940,44178|37940,44483|37940,44889|37940,45584|37940,45829|37940,46298|37940,46933|37940,47238|37940,47707|37940,48325|37940,48629|37940,49335|37940,49910|37940,50203|37940,50909|37940,51516|37940,51809|37940,52515|37940,53074|37940,53367|38498,681|38498,1445|38498,1759|38498,2236|38498,2848|38498,3162|38498,3700|38498,4400|38498,4714|38498,5253|38498,5937|38498,6251|38498,6790|38498,7418|38498,7732|38498,8271|38498,8899|38498,9213|38498,9752|38498,10300|38498,10614|38498,11386|38498,11982|38498,12280|38498,13107|38498,13743|38498,14057|38498,14596|38498,15328|38498,15642|38498,16181|38498,16753|38498,17067|38498,17605|38498,18225|38498,18539|38944,660|38944,1298|38944,1606|38944,2078|38944,2668|38944,2976|38944,3448|38944,4110|38944,4418|38944,4850|38944,5472|38944,5740|38944,6149|38944,6759|38944,7007|38944,7479|38944,8085|38944,8393|38944,8856|38944,9453|38944,9752|38944,10215|38944,10860|38944,11159|38944,11657|38944,12180|38944,12429|38944,12838|38944,13393|38944,13634|38944,14048|38944,14626|38944,14866|38944,15320|38944,15948|38944,16238|38944,16712|38944,17309|38944,17608|38944,18091|38944,18777|38944,19085|38944,19557|38944,20163|38944,20471|38944,20880|38944,21419|38944,21668|38944,22077|38944,22671|38944,22919|38944,23342|38944,23943|38944,24182|38944,24573|38944,24890|38944,25475|38944,25714|38944,26460|38944,27042|38944,27350|38944,27822|38944,28412|38944,28720|38944,29192|38944,29774|38944,30082|38944,30554|38944,31144|38944,31452|38944,32167|38944,32719|38944,33021|38944,33736|38944,34272|38944,34574|38944,35289|38944,35681|38944,36353|38944,36655|38944,37370|38944,37978|38944,38280|38944,38995|38944,39571|38944,39873|38944,40588|38944,41204|38944,41506|38944,42212|38944,42731|38944,43024|38944,43721|38944,44318|38944,44601|38944,45262|38944,45800|38944,46056|38944,46717|38944,47271|38944,47527|38944,48188|38944,48748|38944,49002|38944,49711|38944,50097|38944,50691|38944,50987|38944,51696|38944,52082|38944,52660|38944,52956|38944,53631|38944,53972|38944,54313|38944,54866|38944,55113|38944,55805|38944,56174|38944,56677|38944,56954|38944,57618|38944,57959|38944,58434|38944,58683|38944,59374|38944,59742|38944,60286|38944,60564|38944,61262|38944,61637|38944,62012|38944,62387|38944,62762|38944,63137|38944,63512|38944,63887|38944,64262|38944,64772|38944,65040|38944,65738|38944,66113|38944,66488|38944,66863|38944,67238|38944,67613|38944,67988|38944,68363|38944,68738|38944,69113|38944,69488|38944,69863|38944,70238|38944,70613|38944,70988|38944,71363|38944,71738|38944,72113|38944,72488|38944,72863|38944,73238|38944,73613|38944,73988|38944,74364|38944,74642|38944,75297|38944,75626|38944,75955|38944,76284|38944,76613|38944,76942|38944,77271|38944,77600|38944,77929|38944,78258|38944,78587|38944,78916|38944,79245|38944,79574|38944,79903|38944,80232|38944,80561|38944,80890|38944,81219|38944,81548|38944,81877|38944,82206|38944,82535|38944,82865|38944,83112|38944,83764|38944,84090|38944,84416|38944,84742|38944,85068|38944,85394|38944,85720|38944,86046|38944,86372|38944,86698|38944,87024|38944,87350|38944,87676|38944,88002|38944,88328|38944,88654|38944,88980|38944,89306|38944,89632|38944,89958|38944,90284|38944,90610|38944,90936|38944,91263|38944,91508|40850,672|40850,1294|40850,1602|40850,2134|40850,2652|40850,2960|40850,3492|40850,4098|40850,4406|40850,4938|40850,5576|40850,5884|40850,6367|40850,6948|40850,7207|40850,7739|40850,8353|40850,8661|40850,9313|40850,9557|40850,10377|40850,10967|40850,11275|40850,11807|40850,12541|40850,12849|40850,13333|40850,13993|40850,14251|40850,14720|40850,15378|40850,15626|40850,16158|40850,16812|40850,17120|40850,17652|40850,18274|40850,18582|40850,19097|40850,19718|40850,20017|40850,20486|40850,21065|40850,21314|40850,21837|40850,22442|40850,22741|40850,23264|40850,23917|40850,24216|40850,24685|40850,25209|40850,25451|40850,25966|40850,26547|40850,26838|40850,27559|40850,27897|40850,28528|40850,28781|40850,29547|40850,30074|40850,30367|40850,31088|40850,31426|40850,32078|40850,32320|40850,33116|40850,33529|40850,34277|40850,34559|40850,35355|40850,35768|40850,36299|40850,36588|40850,37378|40850,37785|40850,38298|40850,38601|40850,39377|40850,39770|40850,40163|40850,40773|40850,41069|40850,41812|40850,42172|40850,42532|40850,42892|40850,43252|40850,43612|40850,43972|40850,44332|40850,44882|40850,45134|40850,45874|40850,46232|40850,46590|40850,46948|40850,47306|40850,47664|40850,48022|40850,48380|40850,48738|40850,49096|40850,49454|40850,49812|40850,50170|40850,50722|40850,50976|40850,51735|40850,52111|40850,52487|40850,52863|40850,53239|40850,53615|40850,53991|40850,54367|40850,54743|40850,55119|40850,55495|40850,55871|40850,56247|40850,56623|40850,57158|40850,57427|41730,667|41730,1059|41730,1731|41730,2033|41730,2498|41730,2890|41730,3570|41730,3872|41730,4398|41730,4790|41730,5390|41730,5692|41730,6219|41730,6611|41730,7339|41730,7641|41730,8168|41730,8560|41730,9176|41730,9478|41730,10005|41730,10541|41730,10843|41730,11555|41730,11884|41730,12486|41730,12734|41730,13548|41730,13940|41730,14668|41730,14970|41730,15497|41730,15889|41730,16577|41730,16879|41730,17406|41730,17798|41730,18502|41730,18804|41730,19330|41730,19858|41730,20160|44720,655|44720,1047|44720,1695|44720,1997|44720,2462|44720,2854|44720,3534|44720,3836|44720,4301|44720,4693|44720,5325|44720,5627|44720,6092|44720,6484|44720,7140|44720,7442|44720,7907|44720,8299|44720,8955|44720,9257|44720,9722|44720,10226|44720,10528|44720,11191|44720,11697|44720,11953|44720,12691|44720,13083|44720,13731|44720,14033|44720,14498|44720,14890|44720,15514|44720,15816|44720,16281|44720,16673|44720,17337|44720,17639|44720,18104|44720,18496|44720,19128|44720,19430|44720,19895|44720,20439|44720,20741|44720,21152|44720,21490|44720,22142|44720,22384|47938,666|47938,1302|47938,1616|47938,2094|47938,2746|47938,3060|47938,3538|47938,4134|47938,4448|47938,4926|47938,5570|47938,5884|47938,6362|47938,7046|47938,7360|47938,7838|47938,8546|47938,8860|47938,9518|47938,10152|47938,10400|47938,11121|47938,11783|47938,12091|47938,12812|47938,13386|47938,13694|47938,14352|47938,14949|47938,15200|47938,15921|47938,16503|47938,16811|47938,17532|47938,18202|47938,18510|47938,19225|47938,19769|47938,20071|47938,20786|47938,21314|47938,21616|47938,22277|47938,22615|47938,23173|47938,23425|47938,24140|47938,24532|47938,25140|47938,25442|47938,26157|47938,26653|47938,26955|47938,27670|47938,28062|47938,28638|47938,28940|47938,29647|47938,30031|47938,30415|47938,30965|47938,31241|47938,31908|47938,32252|47938,32596|47938,32940|47938,33436|47938,33698|47938,34428|47938,34835|47938,35242|47938,35649|47938,36056|47938,36609|47938,36912|47938,37642|47938,38049|47938,38456|47938,38863|47938,39270|47938,39677|47938,40132|47938,40411|47938,41141|47938,41548|47938,41955|47938,42362|47938,42769|47938,43176|47938,43583|47938,43990|47938,44397|47938,44804|47938,45211|47938,45618|47938,46025|47938,46432|47938,46839|47938,47246|47938,47701|47938,47980|47938,48721|47938,49128|47938,49535|47938,49942|47938,50349|47938,50756|47938,51163|47938,51570|47938,51977|47938,52384|47938,52791|47938,53198|47938,53605|47938,54012|47938,54419|47938,54826|47938,55233|47938,55640|47938,56047|47938,56454|47938,56861|47938,57268|47938,57675|47938,58083|47938,58393|47938,59099|47938,59480|47938,59861|47938,60242|47938,60623|47938,61004|47938,61385|47938,61766|47938,62147|47938,62528|47938,62909|47938,63290|47938,63671|47938,64052|47938,64433|47938,64814|47938,65195|47938,65576|47938,65957|47938,66338|47938,66719|47938,67100|47938,67481|47938,67863|47938,68147|47938,68808|47938,69143|47938,69478|47938,69813|47938,70148|47938,70483|47938,70818|47938,71153|47938,71488|47938,71823|47938,72158|47938,72493|47938,72828|47938,73163|47938,73498|47938,73833|47938,74168|47938,74503|47938,74838|47938,75173|47938,75508|47938,75843|47938,76178|47938,76514|47938,76767|47938,77428|47938,77763|47938,78098|47938,78433|47938,78768|47938,79103|47938,79438|47938,79773|47938,80108|47938,80443|47938,80778|47938,81113|47938,81448|47938,81783|47938,82118|47938,82453|47938,82788|47938,83123|47938,83458|47938,83793|47938,84128|47938,84463|47938,84798|47938,85134|47938,85387|47938,86048|47938,86383|47938,86718|47938,87053|47938,87388|47938,87723|47938,88058|47938,88393|47938,88728|47938,89063|47938,89398|47938,89733|47938,90068|47938,90403|47938,90738|47938,91073|47938,91408|47938,91743|47938,92078|47938,92413|47938,92748|47938,93083|47938,93418|47938,93754|47938,94007|47938,94668|47938,95003|47938,95338|47938,95673|47938,96008|47938,96343|47938,96678|47938,97013|47938,97348|47938,97683|47938,98018|47938,98353|47938,98688|47938,99023|47938,99358|47938,99693|47938,100028|47938,100363|47938,100698|47938,101033|47938,101368|47938,101703|47938,102038|47938,102374|47938,102628|47938,103383|47938,104131|47938,104445|47938,104923|47938,105679|47938,105993|47938,106471|47938,107155|47938,107469|47938,107947|47938,108639|47938,108953|47938,109359|47938,110022|47938,110267|47938,110736|47938,111411|47938,111716|47938,112185|47938,112804|47938,113109|47938,113578|47938,114229|47938,114534|47938,115003|47938,115622|47938,115927|47938,116384|47938,116895|47938,117188|47938,117645|47938,118196|47938,118489|47938,118938|47938,119489|47938,119774|47938,120438|47938,120779|47938,121403|47938,121649|47938,122313|47938,122835|47938,123083|47938,123747|47938,124277|47938,124533|47938,125242|47938,125628|47938,126126|47938,126422|47938,127123|47938,127501|47938,128069|47938,128355|47938,129019|47938,129360|47938,129838|47938,130098|47938,130762|47938,131103|47938,131571|47938,131829|47938,132529|47938,132906|47938,133434|47938,133720|47938,134419|47938,134795|47938,135171|47938,135665|47938,135933|47938,136600|47938,136944|47938,137288|47938,137753|47938,138016|47938,138710|47938,139081|47938,139452|47938,139823|47938,140194|47938,140660|47938,140940|47938,141607|47938,141951|47938,142295|47938,142639|47938,142983|47938,143327|47938,143671|47938,144015|47938,144359|47938,144703|47938,145047|47938,145391|47938,145735|47938,146079|47938,146423|47938,146767|47938,147111|47938,147455|47938,147799|47938,148143|47938,148487|47938,148831|47938,149175|47938,149520|47938,149774|47938,150474|47938,150848|47938,151222|47938,151596|47938,151970|47938,152344|47938,152718|47938,153092|47938,153466|47938,153840|47938,154214|47938,154588|47938,154962|47938,155336|47938,155710|47938,156084|47938,156458|47938,156832|47938,157206|47938,157580|47938,157954|47938,158328|47938,158702|47938,159077|47938,159361|47938,160055|47938,160423|47938,160791|47938,161159|47938,161527|47938,161895|47938,162263|47938,162631|47938,162999|47938,163367|47938,163735|47938,164103|47938,164471|47938,164839|47938,165207|47938,165575|47938,165943|47938,166311|47938,166679|47938,167047|47938,167415|47938,167783|47938,168151|47938,168520|47938,168798|47938,169486|47938,169848|47938,170210|47938,170572|47938,170934|47938,171296|47938,171658|47938,172020|47938,172382|47938,172744|47938,173106|47938,173468|47938,173830|47938,174192|47938,174554|47938,174916|47938,175278|47938,175640|47938,176002|47938,176364|47938,176726|47938,177088|47938,177450|47938,177813|47938,178085|47938,178773|47938,179135|47938,179497|47938,179859|47938,180221|47938,180583|47938,180945|47938,181307|47938,181669|47938,182031|47938,182393|47938,182755|47938,183117|47938,183479|47938,183841|47938,184203|47938,184565|47938,184927|47938,185289|47938,185651|47938,186013|47938,186375|47938,186737|47938,187100|47938,187372|47938,188054|47938,188410|47938,188766|47938,189122|47938,189478|47938,189834|47938,190190|47938,190546|47938,190902|47938,191258|47938,191614|47938,191970|47938,192326|47938,192682|47938,193038|47938,193394|47938,193750|47938,194106|47938,194462|47938,194818|47938,195174|47938,195530|47938,195886|47938,196243|47938,196509|47938,197191|47938,197547|47938,197903|47938,198259|47938,198615|47938,198971|47938,199327|47938,199683|47938,200039|47938,200395|47938,200751|47938,201107|47938,201463|47938,201819|47938,202175|47938,202531|47938,202887|47938,203243|47938,203599|47938,203955|47938,204311|47938,204667|47938,205023|47938,205380|47938,205646|47938,206328|47938,206684|47938,207040|47938,207396|47938,207752|47938,208108|47938,208464|47938,208820|47938,209176|47938,209532|47938,209888|47938,210244|47938,210600|47938,210956|47938,211312|47938,211668|47938,212024|47938,212380|47938,212736|47938,213092|47938,213448|47938,213804|47938,214160|47938,214517|47938,214783|49917,667|49917,1319|49917,1633|49917,2110|49917,2706|49917,3020|49917,3497|49917,4141|49917,4455|49917,4932|49917,5600|49917,5914|49917,6391|49917,7155|49917,7469|49917,7946|49917,8598|49917,8912|49917,9389|49917,9977|49917,10291|49917,11041|49917,11669|49917,11983|49917,12460|49917,13208|49917,13522|49917,13999|49917,14699|49917,15013|49917,15409|49917,16039|49917,16275
9i 41725,14158|41725,35271
9isym3onswaaaaaaelftksuqmcc 34149,24918
9j9uyx37zpafhxckf 34149,49074
9juli 39064,6864
9jwjrh8vtx26pf9b 34149,85756
9k 22381,911|39805,628|39805,1281|45425,74770|49551,1118|52529,27805
9kb 31398,138|31398,235|36240,218|36240,236|39626,218|39626,236
9kbgkmkj4wwxyk0zoskkjksortmaosizodtknplc7qs6lojgjvfpuglupwonn9zz0i 34149,90854
9kgeunwz5z8q6sggwi4clc0lf 34149,35849
9kkdfoafplj4u9l 34149,37224
9l8 34149,47908
9lectur 25381,6876|35212,9996|40290,7010|50314,10082
9lpmwsnttui3llovrlb1gzq6wpbjcy4rgvrhrs74cuoavabaohfw9bpgmfkj 34149,56203
9lqmdjtp2s6zpdusdrr8ps2vcjhumolc85l7hv 34149,54669
9m 21230,3168|21230,3308|21356,3264|21422,47|21422,466|21422,606|21717,1167|24213,5505|24237,29088|29022,4859|42164,2240|44860,489|49062,1445|49062,1569|49062,2677
9m3263 21954,10349|29369,11976|36167,8660|40861,10304
9m6 34149,96765
9mar 25780,7110|35268,7110
9mb 21750,180|21788,167|21922,167|21927,228|21957,133|21992,291|21999,198|22215,269|22268,241|22285,182|22305,162|22318,205|22377,160|22540,234|22619,178|22625,155|22630,169|22697,180|22751,199|22789,230|22833,201|22984,198|23042,186|23281,193|23282,179|23310,200|23345,163|23378,151|23461,197|23554,192|23590,174|23610,179|23691,199|23700,178|23758,187|23845,182|23847,244|23882,238|23922,169|23957,170|23991,180|23992,239|24016,239|24041,172|24136,197|24147,146|24171,175|24172,143|24217,191|24227,217|24238,160|24303,197|24372,165|24444,188|24447,242|24477,155|24502,224|24549,164|24608,157|24617,280|24639,188|24670,264|24677,231|24705,203|24706,187|24739,150|24764,210|24788,212|24800,185|24816,225|24832,238|24877,162|24910,211|24946,179|25003,393|25015,227|25063,210|25246,186|25268,216|25303,196|25332,216|25448,197|25505,137|25550,176|25611,187|25644,172|25711,206|25752,212|25829,173|25842,179|25945,207|26062,214|26066,234|26075,195|26081,191|26198,175|26215,164|26231,212|26318,204|26351,214|26411,206|26450,139|26495,211|26528,175|26591,206|26619,236|26660,128|26709,161|26712,180|26787,196|26807,159|26817,225|26822,198|26878,204|26897,173|26971,188|27002,154|27019,258|27054,161|27110,191|27224,164|27289,226|27419,152|27433,208|27508,188|27511,127|27548,223|27563,229|27569,161|27578,177|27592,180|27684,223|27699,167|27748,135|27819,231|27824,453|27825,223|27859,211|27869,241|27917,309|28041,203|28121,145|28149,212|28151,207|28165,182|28195,222|28250,244|28435,184|28471,167|28479,185|28578,200|28581,160|28680,214|28809,181|28819,181|28936,168|29026,255|29037,259|29105,281|29115,245|29162,198|29189,167|29209,171|29300,223|29345,234|29348,206|29493,156|29516,206|29554,267|29560,149|29600,156|29662,368|29874,217|29893,226|30029,217|30037,183|30047,165|30132,314|30179,212|30346,199|30355,187|30370,319|30413,122|30459,396|30460,194|30462,203|30463,292|30479,317|30644,161|30719,197|30736,148|30752,198|30952,181|31059,227|31208,243|31339,205|31432,198|31450,156|31453,213|31517,169|31577,131|31660,297|31664,212|31673,177|31738,203|31845,214|31887,175|31986,157|32008,281|32030,177|32059,243|32066,181|32113,177|32117,145|32162,200|32165,184|32198,203|32218,259|32223,263|32275,225|32280,161|32301,271|32348,211|32352,160|32377,231|32398,177|32415,169|32430,180|32480,169|32496,174|32506,210|32509,239|32547,155|32663,294|32756,134|32847,173|32902,212|32950,181|33035,168|33204,206|33208,196|33228,175|33276,262|33340,187|33434,179|33453,134|33474,167|33499,161|33510,168|33535,155|33556,200|33566,182|33591,226|33600,187|33673,170|33683,165|33737,220|33749,162|33793,135|33803,167|33985,174|34003,174|34006,190|34098,199|34137,173|34145,204|34235,228|34353,149|34393,184|34529,152|34563,236|34794,232|34945,219|34986,224|35098,132|35114,232|35122,179|35187,340|35215,188|35373,184|35421,242|35429,179|35492,230|35528,194|35539,228|35556,197|35558,175|35590,251|35648,228|35687,211|35714,225|35736,217|35764,226|35885,182|35997,257|36207,175|36249,199|36387,169|36398,201|36409,196|36421,151|36430,186|36742,166|36778,193|36852,190|36904,193|36976,128|37032,213|37075,257|37080,174|37121,195|37169,172|37235,180|37303,279|37457,226|37565,218|37625,301|37687,213|37708,191|37874,225|37896,195|37909,183|37919,159|37931,175|37965,195|38006,182|38068,190|38129,242|38138,253|38161,180|38254,186|38323,187|38355,194|38417,242|38444,181|38503,182|38524,216|38534,220|38587,205|38623,177|38685,170|38730,186|38753,193|38770,198|38853,222|38867,258|38873,201|38887,222|38891,492|38909,181|39030,223|39071,177|39128,208|39131,183|39150,209|39168,198|39227,175|39268,222|39320,200|39334,273|39336,213|39418,278|39479,414|39480,172|39500,187|39621,199|39646,168|39707,182|39730,176|39765,197|39785,206|39813,247|39842,137|39851,175|39866,263|40008,182|40055,175|40091,241|40146,232|40164,266|40203,304|40235,267|40371,186|40414,206|40432,258|40440,195|40448,185|40520,157|40541,247|40564,184|40589,198|40611,187|40692,199|40719,199|40731,235|40779,207|40780,212|40843,239|40885,141|40888,170|40987,167|41071,234|41161,264|41166,199|41172,174|41203,129|41223,157|41231,239|41239,191|41242,204|41292,189|41295,192|41299,216|41354,269|41358,162|41427,187|41483,198|41517,172|41674,200|41680,185|41747,212|41770,156|41779,243|41874,185|41897,221|41946,188|42002,203|42223,192|42239,208|42240,184|42255,209|42394,190|42483,208|42490,218|42501,208|42577,188|42592,229|42598,347|42668,264|42715,206|42818,198|42859,234|42927,149|42937,253|42962,195|42979,220|43053,174|43115,183|43124,249|43147,234|43172,204|43180,218|43184,157|43202,195|43207,167|43276,202|43284,166|43296,177|43371,211|43425,196|43476,166|43553,195|43603,278|43626,188|43666,176|43711,150|43745,183|43752,160|43785,180|43796,208|43799,206|43801,174|43803,184|43863,213|43886,148|43939,173|43941,179|43991,178|44050,216|44083,318|44088,194|44104,176|44176,261|44222,189|44356,229|44407,212|44441,181|44442,178|44605,308|44639,178|44673,181|44688,277|44822,201|44871,174|44876,148|44941,182|44973,208|45115,255|45407,157|45441,167|45484,208|45501,376|45521,173|45534,140|45571,209|45572,270|45743,150|45861,236|45887,237|45988,162|46066,269|46095,188|46112,207|46133,193|46138,181|46163,211|46244,172|46269,165|46286,177|46355,127|46396,192|46431,191|46524,184|46546,201|46654,170|46686,195|46744,273|46780,151|46812,185|46827,183|46873,145|46912,198|46959,197|46990,182|46993,160|47045,241|47125,230|47126,176|47208,215|47223,140|47287,234|47298,204|47341,225|47411,172|47434,200|47508,194|47561,169|47578,203|47628,161|47642,175|47648,181|47659,171|47690,126|47727,317|47729,205|47795,212|47915,247|47985,127|48006,160|48156,311|48161,165|48170,227|48263,162|48365,205|48463,178|48470,201|48502,212|48528,212|48612,186|48651,135|48706,189|48730,168|48741,216|48752,218|48793,233|48806,227|48833,164|48835,200|48988,188|49010,163|49030,222|49081,158|49150,186|49329,235|49331,242|49333,243|49384,207|49428,218|49431,213|49436,183|49438,161|49511,237|49585,193|49615,195|49645,189|49691,191|49699,202|49700,211|49744,161|49845,221|49862,217|49929,229|49942,203|49991,260|50122,192|50333,193|50417,235|50421,184|50460,142|50468,229|50470,274|50671,176|50692,168|50775,210|50782,139|50788,192|50798,217|50804,176|50895,185|50905,202|50965,178|51018,142|51038,172|51058,235|51216,209|51277,175|51283,179|51358,196|51370,190|51381,122|51427,162|51514,172|51568,161|51583,173|51621,208|51692,133|52006,258|52021,199|52023,170|52060,239|52100,139|52109,232|52121,154|52214,242|52215,196|52246,178|52343,225|52413,211|52420,210|52432,213|52547,197|52598,141|52654,183|52704,211|52715,218|52726,171|52727,185|52787,195|52817,164|52822,163|52869,185|52977,219|52989,169|53108,179|53157,166|53167,122|53215,281|53297,322|53433,195|53449,141|53463,219|53553,202|53561,167|53637,183|53652,420|53654,195|53688,159
9mov8i4t9qtee1pgp4fmh20a7gg8bz 34149,23785
9mwb7jq 34149,53160
9n 41418,7548
9na 45425,92664
9nov96lb 51190,6309
9novemb 39485,7298
9nrxy4 39993,690
9nu 40524,1624
9o 22062,6290|22062,6580|22062,7481|22062,8167|22062,8336|22463,12438|22463,12485|22463,12636|22463,12697|22463,12917|22463,12948|22463,15643|23478,1844|23478,2901|23478,3064|23478,3231|23478,4660|23478,4716|23478,4875|23478,8305|23478,8536|23478,8611|23478,10321|23478,10783|23478,11673|23478,11729|23478,12132|23478,12671|23478,12831|23478,12898|23478,13253|23478,17231|23478,17311|23478,17639|23478,18302|23478,20158|23519,11300|23519,11652|23519,11730|23763,4632|23960,22576|23960,22976|24219,14812|24219,14845|24219,14877|24219,15883|24219,16117|24219,19634|24219,19687|24219,19956|24219,20048|24219,22148|24219,22483|24219,22713|24219,30142|24219,30373|24300,24100|24300,24267|24300,24377|24325,5736|24325,5798|24325,6265|24325,6328|25609,19818|25609,20166|25794,7474|25794,8365|25794,8417|25794,8623|25838,2119|25838,2165|25838,3497|25838,3544|25838,5799|25838,5858|26225,11935|26225,11984|26378,13388|26378,13438|26621,9998|26621,12820|26621,13702|26734,3910|26734,4543|26734,10040|26734,10109|26734,11948|26788,20696|26788,20742|26788,20802|27156,7005|27156,7281|27156,7508|27156,12136|27156,15714|27156,15834|27156,16308|27156,16409|27156,17244|27156,17996|27156,26788|27156,27477|27156,29015|27156,29092|27156,45052|27156,45158|27309,3666|27309,3953|27353,4389|27522,3336|27522,3957|27522,8025|27522,8085|27898,4785|28489,3151|28489,6078|28489,6862|28607,3251|28813,1883|28872,2200|28872,3525|28872,3622|28872,4800|28872,5099|28872,5410|28872,5739|28872,6572|28872,10497|28872,11034|28872,11090|28872,11146|28872,12009|28872,12270|28872,21886|28872,22387|28872,22474|28872,22666|28872,24244|28872,24301|28894,24747|28894,24798|28894,25489|28894,26184|28894,26221|29220,1475|29220,1538|29220,1598|29220,1915|29220,1975|29294,4054|29294,4154|29511,2975|30773,7044|30773,7833|30773,8214|30773,8525|30858,9693|30858,9845|31034,9540|31067,34756|31067,36546|31067,36663|31067,36725|31067,36844|31067,37007|31067,37049|31067,38208|31067,38417|31402,4497|31402,8133|31598,13804|31598,13883|31598,14370|31598,15078|31598,16310|31598,16513|31643,1719|32136,4752|32136,5002|32136,8726|32136,8775|32136,8818|32136,10769|32136,11654|32136,11799|32334,2074|32334,2167|32550,10369|32660,7031|32660,8068|33062,12339|33062,12396|33062,12450|33062,14248|33062,14666|33062,15025|33062,20786|33062,20835|33062,30362|33062,30410|33062,30872|33062,37466|33062,37620|33062,38186|33062,38393|33062,40620|33062,41459|33062,42644|33062,42754|33062,43495|33789,2121|33789,10695|33789,11004|33789,11371|33789,11487|33789,13105|33789,13508|33789,13616|33931,7629|33931,8874|33931,9310|34209,6154|34209,6367|34209,6487|34209,6742|36266,17882|36483,19528|36483,19699|36483,23930|37185,6983|37185,7044|37185,7257|37185,7346|37185,7521|37185,7559|37276,9647|37606,5306|37606,5381|38177,12908|38177,12972|38658,4064|38764,7635|38764,9514|38764,10381|38764,11067|38764,20294|39373,1425|39373,1491|39373,1554|39373,39066|39373,39180|39373,39347|39373,39453|39373,39711|39373,39930|39373,40312|39373,40362|39373,40580|39373,41511|39558,19571|39949,24390|39949,24506|39949,24548|39949,24747|39949,24956|39949,25125|39949,25167|39949,25479|39949,25522|39949,25565|39949,25607|40096,1952|40096,3233|40096,9756|40096,9873|40096,10051|40096,10431|40096,14759|40096,15113|40096,15169|40096,15230|40173,11002|40173,11226|40173,14430|40173,18536|40173,18924|40173,20533|40173,24472|40173,25230|40173,25376|40199,5734|40199,8784|40199,9445|40199,9521|40199,9759|40199,9834|40199,14099|40653,12109|40653,12224|40653,12765|40653,12932|40653,13443|40653,13816|40653,14484|40911,4386|40911,4633|40911,4872|40911,4956|40911,5565|40927,2028|40927,2249|40927,2874|41156,16737|41156,18161|41196,7118|41196,7174|41323,7040|41323,7214|41323,7266|41323,8754|41323,8793|41323,9027|41323,9064|41323,9329|41353,2467|41353,16116|41353,16237|41353,16279|41353,16526|41353,18048|41353,18237|41510,10962|41510,11237|41510,11483|41510,11698|41627,71072|41873,11364|42089,2203|42837,15867|42969,2972|42969,4926|42969,7576|42969,9507|42969,9706|42969,17881|42969,27742|42969,28057|42969,29922|42969,30019|43714,1881|43714,3092|43714,3657|43714,5921|43714,6898|43714,7010|43714,14973|43714,15364|43714,15649|43714,17440|43714,17755|43714,18082|43714,18931|43714,19647|43714,21087|43714,21162|43749,1971|43749,2489|43749,2754|43749,2794|43749,4180|43749,4276|43749,4306|43749,10596|43749,17466|43749,24624|43749,25088|43749,25200|44264,20408|44264,20462|45309,9144|45309,9203|45309,9871|45309,9913|45309,10366|45322,8346|45729,3001|45729,3076|45729,20547|47221,17039|47221,17598|47297,2477|47297,2837|47297,3352|47297,3689|47297,4269|47297,6466|47297,6592|47297,9726|47297,11651|47297,11909|47297,13975|47297,20790|47566,9625|47566,23238|47568,3269|48148,11090|48314,1649|48314,1918|48314,2472|48314,2715|48314,3982|48314,4680|48314,6340|48314,8677|48314,8770|48314,8946|48314,10718|48314,10819|48314,10956|48314,15136|48314,16628|48314,17414|48314,17484|48314,17551|48314,17981|48314,19548|48314,20295|48314,21018|48314,21410|48314,21469|48314,21664|48314,23677|48314,24369|48314,26292|48314,29894|48314,30164|48314,30286|48314,32402|48314,32683|48314,34403|48314,34625|48314,36679|48314,55358|48314,57624|48314,57692|48314,59373|48314,60238|48314,60730|48314,60937|48314,62101|48314,65831|48314,68088|48314,68132|48314,70521|48314,70794|48314,71350|48314,71421|48314,72462|48314,77564|48314,78096|48314,78364|48314,78515|48314,79175|48314,81714|48314,81789|48314,81991|48314,82550|48314,83301|48314,84012|48314,85795|48314,88442|48314,90618|48314,90735|48314,91358|48314,91776|48314,91851|48314,91925|48314,91996|48314,94794|48314,95427|48314,95762|48314,97438|48314,97525|48314,101081|48314,105162|48314,105354|48314,105768|48314,105874|48314,105948|48314,107269|48314,110899|48314,112870|48314,114031|48314,115237|48314,115754|48314,124702|48314,127553|48314,134245|48314,135348|48314,135773|48314,136298|48314,140092|48314,140344|48314,140399|48314,146783|48314,147197|48314,148072|48314,148335|48314,148408|48314,149660|48314,156557|48314,160682|48314,160924|48314,161485|48314,161971|48314,162198|48314,162505|48314,162577|48314,164200|48314,169218|48314,169275|48314,169803|48314,169845|48314,171250|48314,173964|48314,175815|48314,176793|48314,177012|48314,177190|48314,177250|48314,179496|48314,181169|48314,182244|48314,183747|48314,183802|48314,183860|48314,183909|48314,183955|48314,190325|48314,190844|48591,8559|48939,2907|48939,3164|48939,3358|48939,10277|48939,10581|48939,10669|49385,6797|49708,2489|49915,6432|49915,79690|50222,10367|50222,47904|50293,3733|50293,3846|50293,4139|50293,4237|50293,4332|50350,5707|51227,8469|51227,8683|51227,9225|51268,8007|51268,9172|51268,9386|51268,9436|51268,10337|51268,10814|51268,10854|51268,64277|51268,64565|51268,64741|52495,2452|52495,2526|52495,2685|52545,3348|52545,3408|52545,3828|52545,4093|52545,14930|52545,15904|52545,15947|52545,16254|52545,16581|52605,8006|52605,21066|52605,21113|52605,21159|52605,21206|52605,21490|52605,21750|52605,23034|52605,25138|52605,25408|52605,25631|52605,26945|52605,27764|52605,30773|52605,31115|52605,38212|52613,29900|52613,30075|52613,30152|52613,30373|52613,30486|52613,30623|52613,30668|52613,30762|52807,15553|52807,15624|52807,15812|53255,28835|53255,29042|53255,29100|53255,29159|53314,15273|53314,15318|53339,2981|53339,3032|53339,7307|53541,5293|53541,5559|53541,5613|53541,6006|53541,6237|53541,6286
9oct2015 51265,13495
9ovhyhei 34149,46431
9p 32569,4666|32569,4787|32569,4942|32569,5018|32569,5522|32569,5709|40827,3542
9pe 40422,3285
9pm 24792,1074|31427,1412|32735,607|36254,33494|43599,122
9prckcd54aez5det 34149,83182
9pt 31839,2176|31839,2224|31839,2359|31839,3893|31839,8693|31839,9851|31839,10083|31839,10443|31839,13074|31839,13289|31839,14386|31839,14484|31839,15128|31839,15146|31839,15568|31839,15580|31839,15730|31839,15742|31839,30731|31839,41883|31839,43485|31839,43540|31839,43598|31839,43653|31839,43702|34321,2293|34321,2341|34321,2476|34321,4008|34321,10080|34321,10312|34321,10672|34321,13303|34321,13518|34321,14615|34321,14713|34321,15357|34321,15375|34321,15797|34321,15809|34321,15959|34321,15971|34321,30791|34321,44427|34321,44482|34321,44540|34321,44595|34321,44644
9rgw0rijtf9bg4 40524,1261
9rlnspnxmzdtei5jnybcn1gslxetpb7 34149,62996
9ru 34149,51328
9rz 45425,276454
9s 22074,1932|24542,1674|24836,2402|26778,1470|26778,1964|27302,1863|27762,2036|28930,934|28930,1096|28930,1921|28930,2415|28961,1321|32138,931|32138,1091|32138,1581|32138,1741|32138,1900|32138,2060|32138,2220|32138,2380|32288,976|32626,2354|32926,1639|33845,1477|34149,34399|34256,1418|34458,1505|34458,2196|34760,1131|36026,1997|37367,2358|37616,2488|37929,1310|39247,2147|39775,1240|40886,951|42080,1338|42530,1825|45380,1308|45380,1635|45380,2294|46530,1061|46530,1552|46530,2205|48021,2501|48291,1303|48579,1738|49232,1645|49988,1663|50977,1725|51148,945|51666,1361
9s4fedkok0gil 34149,79772
9s6kk4mhzvncvpkzsoheztxrnajeipiljbldsayjx89nibkt5r87nons29zzblzdjrkofdzeze7b 22533,3250
9soisxzzsne6t0 34149,45333
9t 25337,2012
9th 20388,933|20434,3201|20532,934|20534,3741|20538,842|20556,870|20638,842|20650,2902|20700,3994|20701,3732|20756,1306|20764,857|20824,3634|20830,1612|20861,2502|20968,934|21004,842|21046,2033|21098,877|21127,1677|21136,3634|21154,1677|21156,1125|21440,5255|21526,744|22268,84|22854,5968|23059,1642|23360,43|23538,11329|24266,61|25434,28648|25626,1047|25756,2008|25872,899|25898,178|25898,2775|25898,57074|25898,57639|26257,80|26355,1424|26619,76|26659,23659|26688,1251|26935,4567|26935,7904|26935,8608|26935,9495|27056,9|27056,104|27066,4087|27066,13450|27107,10422|27270,236|27270,1063|28304,7668|28318,1538|28394,25|28394,51|28511,1149|28529,2376|29020,536|29273,11140|29490,73|29500,4248|30423,65|30466,65|30669,2519|30828,57|30983,186|31124,1430|31133,11290|31382,3545|31471,5789|31471,5856|31479,11014|31800,75|31893,1005|32123,1346|32123,2102|32123,2806|32123,3693|32511,3026|32526,1054|32574,9561|32574,18267|32855,9027|32899,30653|32899,63394|32899,69152|32899,71510|32899,72524|32899,98327|32899,152915|32899,249033|32899,279877|32899,280493|33118,3064|33644,243|33674,249|34618,233|34618,1060|34737,11562|34830,650|35278,3729|35278,5191|35690,13269|36050,1577|36213,64|36215,197|36215,1489|36679,10296|36679,11404|36827,453|36827,25052|36827,66305|36827,66870|36846,1712|36877,3309|36887,588|37011,5168|37703,4087|37703,13450|37949,157|37949,39822|37949,50465|37949,51030|38034,13269|38150,59|38213,4192|38935,3181|38935,13660|38935,16990|39027,4772|39027,11682|39027,29361|39175,127|39418,103|39690,4320|39690,51047|39690,61867|39690,74745|39914,6027|39919,3181|39919,13660|39919,16990|40170,73|40201,4170|40201,5255|40224,243|40624,65|40822,1416|40893,428|40893,563|41008,13269|41036,1979|41036,4926|41036,22472|41599,70|41697,3316|41750,3176|42067,11364|42067,11929|42302,6619|42372,26290|42555,4156|42944,13269|42968,62|42989,223|42989,1635|43040,231|43158,20044|43302,86|43545,2867|43649,938|43753,7668|43765,1628|43765,5115|43765,10004|43765,10515|43765,20775|43765,38893|43765,60171|43765,157801|43838,237|44090,4649|44161,51|44389,1702|44486,9277|44486,9842|44488,4598|44735,4287|44735,4475|44735,37487|45077,7804|45077,14169|45077,15169|45603,5873|46298,105|46440,11716|46440,12000|46440,14614|46848,938|46848,1694|46848,2816|46856,234|46897,3804|46897,5345|46971,1611|46984,6481|47302,6410|47494,864|47494,1984|47494,9128|47671,188|47872,5026|48074,32878|48099,3723|48099,5521|48099,6699|48099,34130|48099,50843|48340,1690|48399,3804|48399,5345|48467,71|48722,5873|48908,72|48961,25554|49131,139|49131,4780|49143,4261|49324,1061|49338,106048|49338,109694|49338,113484|49752,434|49752,1762|49871,452|49871,28791|49871,33504|49871,35277|49871,36164|49871,56601|49871,100322|49871,177494|49871,202404|49871,202969|49887,221|49998,61|50231,46|50269,1513|50313,3685|50313,7326|50314,11001|50325,5356|50699,3050|50740,13787|51094,60|51351,15087|51351,22779|51351,43488|51418,7089|51458,148|52158,5762|52230,1052|52490,15553|52490,18048|52490,19821|52490,20708|52490,33208|52490,115997|52951,6496|53085,11280|53109,944|53278,1039|53278,3156|53278,3402|53278,4894|53306,4329
9the 22784,34780
9to5googl 20469,2704|20873,2704
9tp 34149,49502
9u 34149,35102
9ua 34149,60335
9undeclar 51336,40377
9uo0gzwoxgf9pzvv00lruclioigkijqqfikx 22533,10912
9wafs2dmggxnnmf83x6x4tth10q4ewbeyxj15tfq6wy9cm2pu1g3ilaqjz1 40524,3228
9wuaezpdvaceo4tw1rp8ai 34149,32345
9x 21949,6658|22062,6787|22062,7067|22062,7320|22463,8696|22463,12853|22463,12885|22463,15602|23478,1608|23478,1662|23478,1901|23478,3561|23478,4605|23478,4935|23478,8241|23478,9749|23478,9997|23478,10197|23478,10889|23478,11507|23478,12197|23478,12374|23478,12608|23478,13127|23478,13191|23478,17695|23478,18239|23519,11213|23519,11570|23763,4593|23960,22645|23960,22816|24219,15039|24219,15098|24219,15142|24219,15928|24219,15972|24219,16170|24219,19538|24219,19743|24219,20101|24219,20158|24219,20313|24219,21718|24219,21752|24219,21783|24219,21815|24219,21847|24219,21940|24219,22762|24219,30091|24219,30320|24300,24046|24300,24324|24325,4903|24325,5193|24325,5957|24325,6012|24325,6074|24325,6390|24325,6458|24325,6634|25609,19770|25609,20127|25609,20208|25794,7578|25838,1968|25838,2027|25838,2072|25838,3893|25838,3958|25838,4119|25838,4281|25838,4335|26378,13588|26378,13634|26509,14078|26621,10486|26621,10846|26621,13171|26621,13246|26621,13626|26621,13864|26734,1896|26734,3517|26734,9563|26734,9843|26734,11318|26734,11459|26734,11683|26734,11735|26734,11782|26734,11902|26734,18137|26734,18250|26734,24524|26788,20647|27156,6950|27156,7454|27156,12072|27156,14486|27156,15102|27156,15892|27156,17633|27156,18113|27156,27369|27156,44954|27309,4030|27353,4428|27522,3400|27522,3887|27522,4029|27522,4287|27522,4383|27522,4455|27522,8440|27898,4706|27898,4883|28489,3473|28489,4016|28489,5251|28489,6025|28489,6920|28607,3321|28813,1820|28872,1891|28872,3573|28872,5345|28872,5631|28872,6628|28872,10326|28872,10430|28872,10561|28872,10799|28872,10871|28872,12073|28872,12177|28872,20289|28872,21929|28872,22430|28872,22708|28872,24357|28872,39057|28872,39099|28894,24692|28894,25526|28894,30933|28894,30976|28894,31285|28894,31418|29220,1854|29220,2021|29220,2747|29294,4104|29511,2903|30773,2502|30773,2585|30773,6960|30773,7331|30773,7898|30773,8261|30773,8605|30858,10001|31034,9613|31067,19766|31067,19835|31067,20129|31067,20210|31067,34893|31067,37091|31067,38369|31402,4547|31402,4794|31402,4845|31402,6349|31402,7903|31402,7953|31402,11135|31402,11182|31402,11253|31598,13723|31598,14445|31598,14994|31598,15892|31598,16017|31598,16433|31598,16571|31643,1799|32136,5072|32136,5918|32136,5955|32136,10469|32136,10807|32136,11268|32136,11721|32334,2037|32334,2120|32550,10421|32660,6924|32660,6977|32660,7195|32660,7251|32660,8116|32660,8338|32660,8412|33062,12651|33062,12702|33062,13180|33062,13572|33062,13875|33062,20741|33062,26886|33062,26928|33062,26973|33062,30204|33062,30265|33062,30313|33062,30569|33062,30648|33062,30804|33062,30939|33062,37517|33062,37566|33062,39125|33062,40941|33062,40981|33062,41525|33062,42298|33062,42702|33062,43338|33062,43418|33114,15802|33114,15870|33132,10520|33132,10560|33789,2195|33789,2427|33789,12903|33931,7564|33931,8962|34209,7007|34209,7573|34209,7672|34530,6080|36266,17358|36266,17427|36266,17927|36266,18991|36266,19030|36266,19215|36483,7888|36483,7947|36483,13987|36483,16029|36483,19406|36483,23884|36483,24091|36723,8660|37132,4622|37132,4828|37132,4988|37185,7104|37185,7298|37185,7395|37185,7596|37185,7715|37185,7753|37276,9696|37276,9747|37276,9905|37276,9959|37276,10011|37276,10060|38614,20838|38614,20917|38658,4425|38764,6712|38764,6908|38764,9002|38764,20180|39373,1613|39373,1737|39373,39128|39373,39400|39373,39766|39373,39871|39558,19625|39558,19665|39949,24466|39949,24882|39949,24917|39949,25203|39949,25239|39949,25277|40096,1838|40096,1892|40096,2316|40096,2723|40096,10250|40096,10488|40096,14705|40173,5614|40173,5688|40173,5731|40173,5850|40173,5989|40173,6059|40173,11055|40173,11283|40173,15705|40173,17923|40173,18101|40173,18273|40173,18331|40173,18495|40173,18999|40173,20473|40173,24393|40199,5776|40199,5942|40199,8432|40199,8509|40199,9596|40199,10723|40653,12166|40653,12466|40653,12521|40653,12822|40653,12876|40653,13336|40653,13390|40653,13684|40653,13746|40653,14444|40738,12451|40738,12617|40911,4694|40911,4915|40911,5517|40927,1629|40927,1821|40927,2367|40927,3096|41156,16817|41156,18245|41183,3009|41196,7422|41323,5168|41323,5223|41323,7319|41323,8715|41323,8907|41323,9369|41353,2350|41353,2409|41353,2644|41353,16055|41353,17991|41510,10909|41627,4096|41627,5631|41627,70628|41627,70786|41627,70848|41627,71009|41873,10706|42837,15942|42969,4685|42969,4743|42969,5542|42969,5706|42969,5858|42969,8777|42969,8838|42969,9783|42969,10042|42969,10359|42969,17929|42969,17978|42969,21796|42969,21838|42969,27632|42969,27845|42969,30275|42969,30336|42969,30404|42969,30474|42969,30805|43572,223|43714,2205|43714,6340|43714,6607|43714,15880|43714,16391|43714,17238|43714,18662|43714,18851|43714,18977|43714,19590|43714,19786|43714,19992|43714,20045|43714,21011|43749,1680|43749,4211|43749,4245|43749,11862|43749,16796|43749,17154|43749,17240|43749,24582|43749,24815|43749,24856|43749,25143|43749,25464|43749,25508|44264,17468|44264,17518|44264,17597|44264,19558|44264,20210|44264,20260|44264,20593|45309,9258|45309,9321|45309,9638|45309,9694|45309,10203|45322,8468|45322,8605|45322,8644|45729,2476|45729,2556|45729,2923|45729,20444|45729,20495|47221,16684|47221,17405|47297,2760|47297,3516|47297,3926|47297,9977|47297,10560|47297,10606|47297,10832|47297,10879|47297,11703|47297,11960|47297,12119|47297,12166|47566,9698|47568,3775|47850,8472|47961,5690|48314,1565|48314,2300|48314,3338|48314,5510|48314,11059|48314,11166|48314,11404|48314,12123|48314,12221|48314,12512|48314,13234|48314,14571|48314,17345|48314,17646|48314,18475|48314,18931|48314,19016|48314,22595|48314,23368|48314,23430|48314,23600|48314,23734|48314,24117|48314,24180|48314,26826|48314,28493|48314,29945|48314,33038|48314,33651|48314,34988|48314,35712|48314,36451|48314,40084|48314,42358|48314,54592|48314,54720|48314,55250|48314,55596|48314,56558|48314,57352|48314,58196|48314,58477|48314,59998|48314,60793|48314,61258|48314,62334|48314,65676|48314,66146|48314,70252|48314,75516|48314,75743|48314,77242|48314,77652|48314,77781|48314,77992|48314,78653|48314,78889|48314,79632|48314,79689|48314,79848|48314,81402|48314,82337|48314,83187|48314,85108|48314,85311|48314,85983|48314,86177|48314,86581|48314,88241|48314,88357|48314,88714|48314,89039|48314,91588|48314,92054|48314,94563|48314,97113|48314,97636|48314,101155|48314,103671|48314,103743|48314,104582|48314,104689|48314,105430|48314,106806|48314,106882|48314,107214|48314,107327|48314,113035|48314,113111|48314,114191|48314,114304|48314,115040|48314,115683|48314,116494|48314,123174|48314,123702|48314,123767|48314,130035|48314,130097|48314,134482|48314,135284|48314,135850|48314,136257|48314,140053|48314,141518|48314,145590|48314,145656|48314,145719|48314,146717|48314,147476|48314,148015|48314,149713|48314,149835|48314,155962|48314,156597|48314,156751|48314,161362|48314,162639|48314,164531|48314,164671|48314,164895|48314,164954|48314,165077|48314,168759|48314,170073|48314,170562|48314,170640|48314,171069|48314,171307|48314,174019|48314,176029|48314,176083|48314,176144|48314,180825|48314,180943|48314,182323|48314,185777|48314,187754|48853,1753|48939,2838|48939,3321|48939,10344|49385,7071|49385,7694|49537,18182|49537,18269|49537,18447|49708,1773|49708,2397|49915,6510|49915,6787|49915,6862|49915,79745|49915,79791|49915,82892|50222,47664|50293,5986|50350,5800|51227,8386|51227,8427|51227,8757|51268,5508|51268,8052|51268,8178|51268,8221|51268,8260|51268,9229|51268,10000|51268,10302|51268,10373|51268,10547|51268,10658|51268,10770|51268,12693|51268,12731|51268,42366|51268,58033|51268,58348|51268,63576|51268,63633|51268,64425|51268,64703|52027,4721|52495,2604|52495,2772|52545,3569|52545,3630|52545,3784|52545,3875|52545,4037|52545,12885|52545,12938|52545,14993|52545,16034|52545,16310|52545,16351|52545,16518|52545,16643|52605,7412|52605,7554|52605,8115|52605,19800|52605,21252|52605,22820|52605,22877|52605,23095|52605,25009|52605,25299|52605,25756|52605,26757|52605,26823|52605,30830|52605,30895|52605,31070|52613,8218|52613,8262|52613,29945|52613,29992|52613,30035|52613,30114|52613,30190|52613,30334|52613,30412|52613,30448|52613,30712|52613,30813|52807,15481|53255,28778|53314,15026|53314,15361|53339,3186|53339,3238|53339,7369|53541,5242|53541,5344|53541,5395|53541,5666|53541,5905|53541,5957
9x11 29870,6679|43520,3282|46941,30266|50636,2083
9x7x5 34725,2128
9x9 23344,2021|23344,2199|30126,1218|30126,1449|30126,30512|38058,3290|44169,40179|44336,25371|44336,25480
9xk 39807,1351
9xq98efhh3wt3kh7yertyd9zi9nfia1arvmzqujxdu7f4 34149,73351
9yhsmckd6ovqsyavtmzdslwe1hg4 34149,95550
9yxu0 34149,68644
9yz 37149,11549
9z 41496,3441|41496,11404
9zll6lc5k 40524,1388
9로 53592,14428
9에서는 39339,108
9을 53592,14993
9의 53592,665
