ì500 48551,209
ìabov 26910,249
ìbox 33104,4628
ìcommon 25066,45|25066,117|36706,46|39608,706|48777,706
ìcontinuousî 31091,86
ìdata 30750,209
ìdonít 47043,197
ìeverythingî 42827,78
ìgood 24865,169|25610,169|29187,6|36388,5|36388,71
ìi 47043,81
ìinterpret 33862,91|33862,309
ìjoaní 26910,162
ìjust 26910,203
ìlow 36583,40
ìmcafeeî 36148,543
ìmilitaryî 33104,4234
ìnaiî 36148,512
ìnameî 30750,177
ìownerî 36148,355
ìplainî 49399,60
ìprime 33891,326
ìproblem 42331,62
ìregisteredî 31091,166
ìsituatedî 31091,30
ìtake 36362,285
ìthe 23565,220
ìtodayí 26165,313
ìtv 30750,54
ìwhat 38954,206
ì¹ç 45627,13385
ì¼ò 36858,20444|45627,7348|45627,11813|45627,19132|45627,19852
ì½º 36858,2905|36858,2955|36858,11365|36858,11517|36858,12122|36858,18404|36858,18454|36858,22588|36858,22762|36858,22987|36858,23151|36858,28421|36858,37425|36858,37698|36858,40594|36858,44129|36858,44712|36858,46714|45627,11584|45627,12627|45627,21681|45627,22076|45627,23055|45627,23654|45627,26688|45627,27527
ì½ãä 36858,691|36858,2016|36858,3730|36858,4198|36858,7476|36858,12030|45627,276|45627,330|45627,366|45627,413|45627,426|45627,602|45627,726|45627,1798
ìàú 36858,34857|45627,21299|53550,7097
ìàý¾æ 45627,10407
ìä 36858,51177
ìäú 36858,16799|36858,16948|36858,20635|36858,31745|36858,31971|36858,32161|36858,33937|36858,46445|45627,15650|45627,15843
ìçù 36858,22127
