저격 28478,23030
저돌 53592,4383
저력 26312,5379|26312,5445|26312,11860|26312,11921|26312,12953|26312,13011|26312,17453|26312,17513|26312,21494|26312,24605|26312,24672|26312,27443|26312,27502|26312,30471|26312,30543|26312,34627|26312,37187|26312,37248|29333,4946|29333,10002|29333,10061|29333,11035|29333,11093|29333,15067|29333,18714|29333,21588|29333,21654|29333,24297|29333,24356|29333,27072|29333,31070|29333,31143|29333,33148|29353,5133|29353,5197|29353,10088|29353,10147|29353,11119|29353,11175|29353,15014|29353,18860|29353,21636|29353,21702|29353,24239|29353,24296|29353,27077|29353,33047|35698,5225|35698,10026|35698,10085|35698,11231|35698,11288|35698,15114|35698,18843|35698,21722|35698,21788|35698,24389|35698,24443|35698,27194|35698,31192|35698,33282|47905,5213|48373,1404|48373,1485|48373,6276|48373,6322|48373,6377|49617,4903|49617,9390|49617,9449|49617,10597|49617,10653|49617,14667|49617,14725|49617,18529|49617,21128|49617,21193|49617,23852|49617,23909|49617,26544|49617,30451|49617,30522|49617,32632|49617,32691
저렴해 30838,535
저렴해서 30838,264
저지먼트 24394,7288
저지먼트g 24394,32391
저편 39339,9334|39339,9396|39339,9446|39339,9652|40740,7776|40740,7791|40740,7845
저하 30377,29047|45690,23436
저하한다 47905,4521
