취급 33821,5349|33821,5432|33821,5490|33821,5548|33821,5606|33821,5664|33821,5723|33821,5781|33821,5840|33821,5902|33821,5963|33821,6020
취급됩니다 39242,5643
취급하기 24394,35186
취득 53592,16676
취득시 53592,16669
취득조건 53592,12778|53592,14802
취득한 39242,2551|39242,4432
취색의 40740,5149|40740,5216
취소가 47905,6519
취수룡 40740,5110
취수룡の上ヒレ 24394,15399
취수룡갈기 21985,33119|24394,15193|26312,4770|29333,4506|29353,4711|35698,4747|36224,14739|41496,17911|48373,4771
취수룡비늘 21985,15548|24394,15201|26312,4731|26312,22254|27368,3174|28478,7175|29333,4434|29333,19503|29353,4624|35592,5181|35698,4658|41496,17822|45690,8999|48373,6619
취수룡상갈기 21985,4754|26312,22332|27368,15624|29333,19442|29333,29530|29353,19580|35698,19642|36224,14926|41496,17938|45690,8990
취수룡상린 21985,4763|21985,33107|24394,15409|26312,22319|27368,15611|28478,14266|29333,19430|29353,19568|35698,19630|41496,17857|45690,9217|48373,6669|49617,29064
취수룡특상갈기 21985,33097|24394,15862|24394,31297|26312,33303|26312,36959|27368,22487|27368,22775|27368,35247|28478,7719|28478,7872|28478,14535|29333,29512|29353,29484|35698,29733|36224,30031|41496,17966|45690,9451|48373,6719|49617,29049
취수룡후린 24394,15624|24394,31307|26312,33290|27368,22474|27368,35234|27368,35535|28478,7662|28478,14393|29333,29522|29353,29476|29353,32921|35698,29725|35698,33154|39676,17405|39676,17706|41496,17884|45690,9461|45690,9694|48373,4826|49617,29036
취주술 44611,3781|44611,6865|44611,7527
취하면 45690,20768
취합니다 21985,369|24394,359|30024,359|30377,359|36224,361|45690,372|48576,366|52371,852
취해서 39242,1342
