0
10421384
10511198
10511880
10511909
10512123
10512163
10512633
10512682
10512987
10513039
10513066
10513112
10513158
10513204
10513250
10513296
10513342
10513370
10513416
10513434
10513487
10513540
10513761
10514171
10514187
10514233
10514249
10514295
10514341
10514387
10514433
10514450
10514654
10514700
10514718
10514764
10514810
10514828
10514848
10514900
10514918
10514970
10515116
10515131
10515149
10515195
10515241
10515287
10515333
10515362
10515408
10515426
10515472
10515490
10515554
10515572
10515618
10515636
10515654
10515674
10515692
10515719
10515765
10515811
10515828
10515874
10515892
10515910
10515959
10516008
10516036
10516085
10516134
10516151
10516306
10516355
10516401
10516450
10516499
10516548
10516597
10516643
10516695
10516747
10516765
10516783
10516835
10516881
10516933
10516985
10517003
10517055
10517101
10517153
10517199
10517251
10517300
10517318
10517336
10517354
10517372
10517390
10517408
10517438
10517456
10517474
10517492
10517556
10517574
10517592
10517620
10517638
10517741
10517759
10517777
10517795
10517813
10517831
10517895
10517913
10517931
10517949
10517967
10518005
10518023
10518041
10518059
10518077
10518095
10518113
10518131
10518149
10518167
10518185
10518203
10518221
10518239
10518257
10518321
10518339
10518357
10518375
10518396
10518416
10518433
10518451
10518469
10518487
10518505
10518523
10518540
10518558
10518576
10518594
10518680
10518698
10518728
10518746
10518764
10518781
10518799
10518817
10518835
10518853
10518871
10518889
10518907
10518925
10518943
10518961
10519008
10519024
10519043
10519064
10519082
10519113
10519326
10519342
10720396
10720413
10720459
10720477
10720494
10720512
10720558
10720604
10720650
10720668
10720686
10720704
10720750
10720768
10720786
10720835
10720852
10720904
10720953
10720971
10720989
10721510
10721562
10721580
10721598
10721616
10721634
10721651
10721668
10721686
10721704
10721722
10721740
10721758
10721776
10721794
10721811
10721841
10721871
10721889
10721907
10721925
10721943
10721989
10722007
10722025
10722043
10722061
10722107
10722156
10722174
10722220
10722238
10722284
10722330
10722348
10722366
10722384
10722402
10722448
10722494
10722512
10722530
10722548
10722566
10722581
10722627
10722645
10722663
10722681
10722699
10722717
10722769
10722820
10722872
10722924
10722976
10722994
10723012
10723030
10723047
10723065
10723083
10723101
10723119
10723137
10723155
10723172
10723190
10723208
10723226
10723254
10723271
10723292
10723309
10723361
10723413
10723430
10723482
10723534
10723586
10723638
10723690
10723742
10723794
10723811
10723863
10723909
10724000
10724046
10724063
10724080
10724097
10724149
10724195
10724213
10724230
10724258
10724310
10724356
10724408
10724425
10724471
10724488
10724540
10724557
10724603
10724620
10724637
10724683
10724729
10724746
10724762
10724811
10724827
10724873
10724909
10724958
10725004
10725050
10725099
10725148
10725196
10725242
10725288
10725334
10725380
10725426
10725475
10725495
10725523
10725551
10725579
10725644
10725694
10725713
10784266
10784292
10784341
10784390
10784439
10784540
10784586
10784635
10784687
10784713
10784741
10784784
10784875
10784921
10784936
10784988
10785037
10785083
10785114
10785129
10785175
10785192
10785244
10785290
10785342
10785388
10785440
10785486
10785532
10785549
10785576
10785593
10785613
10785668
10785756
10785782
10785805
10785825
10983565
10983611
10983635
10983687
10983739
10983791
10983825
10983845
10983897
10983946
10983995
10984044
10984093
10984142
10984194
10984243
10984292
10984341
10984390
10984442
10984461
10984480
10984532
10984560
10984612
10984661
10984678
10984727
10984776
10984828
10984877
10984929
10984981
10985033
10985085
10985134
10985186
10985238
10985257
10985309
10985358
10985410
10985462
10985511
10985560
10985609
10985629
10985654
10985706
10985798
10985818
10985836
10985859
11244616
11244663
11244715
11244767
11244819
11244871
11244920
11244972
11245021
11245086
11245132
11245178
11245224
11245270
11245319
11245365
11245417
11245469
11245515
11245567
11245613
11245665
11245711
11245728
11245774
11245799
11245848
11245876
11245925
11245977
11246029
11246081
11246103
11246125
11246150
11246166
11246180
11246211
11491609
11491656
11491708
11491733
11491782
11491798
11491847
11491896
11491945
11491994
11492043
11492108
11492160
11492187
11492233
11492285
11492334
11492359
11492376
11492393
11492411
11492431
11492486
11492510
11492531
22920298
22920331
22920347
22920428
22920508
22920589
22920668
22920759
22920851
22920903
22920928
22920944
22920990
22921042
22921094
22921114
22921166
22921218
22921270
22921322
22921374
22921426
22921478
22921530
22921582
22921634
22921683
22921735
22921752
22921769
22921807
22921830
22921851
22921882
34340126
34340175
34340310
34340362
34340411
34340463
34340515
34340567
34340619
34340644
34340696
34340748
34340813
34340865
34340917
34340969
34341021
34341073
34341125
34341177
34341229
34341281
34341333
34341385
34341437
34341489
34341570
34341622
34341641
34341693
34341712
34341764
34341814
34341866
34341918
34341970
34342022
34342074
34342126
34342178
34342230
34342282
34342334
34342386
34342438
34342490
34342542
34342594
34342719
34342771
34342823
34342875
34342927
34342979
34343031
34343050
34343099
34343151
34343175
34343195
34649838
34650158
34650210
34650262
34650311
34650360
34650376
34650425
34650477
34650523
34650575
34650594
34650643
34650692
34650741
34650790
34650810
34650859
34650952
34650977
34651026
34651078
34651130
34651182
34651234
34651286
34651338
34651390
34651442
34651494
34651546
34651666
34651712
34651764
34651780
34651799
34651815
34651835
34651876
34651897
34875930
34875982
34876034
34876086
34876138
34876190
34876242
34876291
34876343
34876395
34876447
34876473
34876525
34876577
34876600
34876638
34876690
34876740
34876795
34876812
34876830
34877000
34877064
34877309
34877366
34877427
34880761
34880827
34882076
34882875
34883389
34883723
34883952
34884016
34884126
34884447
34884514
34884699
34884750
34885056
34885123
34885190
34885256
34885322
34885733
34889250
34889564
34889786
34890390
34890994
34891658
34892382
34892447
34892499
34892549
34892647
34892790
34892807
34892922
34893095
34893145
34895279
34895326
34895393
34895440
34896278
34896921
34896967
34897091
34897182
34897200
34897296
34897471
34898104
34898322
34898555
34898773
34899561
34900454
34901272
34901460
34901662
34901894
34901961
34901980
34901999
34902029
34902082
34902239
34902438
34902505
34902572
34902714
34902743
34902799
34902817
34902861
34902877
34903224
34904137
34904201
34904224
34904839
34905634
34906549
34907423
34907757
34908091
34908440
34908822
34909297
34909363
34909847
34909872
34911258
34912944
34914150
34915236
34915557
34915773
34915819
34916889
34919738
34923238
34926634
34927693
34928767
34929901
34930870
34931340
34931379
34931410
34931444
34931475
34931565
34931598
34931645
34931678
34931722
34931766
34931801
34931823
34931846
34931879
34931920
34931953
34932010
34932032
34932061
34932094
34932121
34932169
34932218
34932266
34932453
34932594
34932649
34932704
34932759
34932814
34932845
34932948
34933007
34933066
34933171
34933318
34933465
34933522
34933554
34933875
34933908
